genome,locus_tag,prot_seq,len,product,function,note,Orthogroup,Classification_of,Gene,Classification_panaroo,Classification_ognc,Results_column
GCF_000010105.1,RER_RS02425,MGLLRGAAVAVAAGGTAEQVAKAEAILAEARRALFEMLAEKPADVQQAHAESTDTLPAE,59,hypothetical protein, ,Derived by automated computational analysis using gene prediction method: Protein Homology.,OG0000228,Shell,group_2177,Shell,Shell,Shell
GCF_000010105.1,RER_RS02495,MSNISFDSVSNSAPANALQGVGTNALVDNPFTFEPVAEATSAHALQGVGTNALVDNPFSFQS,62,streptamidine-related ripp repeat protein, ,Derived by automated computational analysis using gene prediction method: Protein Homology.,OG0000093,Soft core,group_2291,Soft core,Soft core,Soft core
GCF_000010105.1,RER_RS33590,MFNDVFNNVIHPMVTNFQQLGPQQFIPQQFIPQGLFQQAPQAAEQAVTIFGS,52,hypothetical protein, ,Derived by automated computational analysis using gene prediction method: Protein Homology.,OG0000075,Soft core,group_2178,Soft core,Soft core,Soft core
GCF_000010105.1,RER_RS33360,MHRTLLLDAAVQVVGFTWNHQDVVVFLWDAVGEVVVIGDQGKWMATLEGEDV,52,hypothetical protein, ,Derived by automated computational analysis using gene prediction method: GeneMarkS-2+.,OG0000309,Cloud,group_1174,Cloud,Cloud,Cloud
GCF_000010105.1,RER_RS03615,MGIADKAQNKAEDLGGKAKEAAGSATGDRDLENEGKGDQVKSAVKDAGEKVKDAASSIKDKLT,63,csbd family protein, ,Derived by automated computational analysis using gene prediction method: Protein Homology.,OG0000011,Conserved,group_2411,Conserved,Soft core,Soft core
GCF_000010105.1,RER_RS33595,MADLTLLTDDELRERRIALSRSLTTAADLIPTPPPSFFEKLKQDIDAAAAEWIARRS,57,hypothetical protein, ,Derived by automated computational analysis using gene prediction method: Protein Homology.,OG0000076,Soft core,group_2322,Soft core,Soft core,Soft core
GCF_000010105.1,RER_RS33600,MSEITSWEYTVTPLLVHNPKAILDNWGVDGWELVAVLPSASGEQHVAYMKRPKG,54,hypothetical protein, ,Derived by automated computational analysis using gene prediction method: Protein Homology.,OG0000012,Conserved,group_2273,Conserved,Soft core,Soft core
GCF_000010105.1,RER_RS04500,MISKTFRTMSARFALLVTEDDGMSTAEYAIGTIAAAAFGAVLYTVVTGDSIVSALTGIIDKALKTAV,67,duf4244 domain-containing protein, ,Derived by automated computational analysis using gene prediction method: Protein Homology.,OG0000094,Soft core,group_2136,Soft core,Soft core,Soft core
GCF_000010105.1,RER_RS04520,MAQGTVKWFNAEKGFGFIAPEDGSADVFVHYSEIQGNGFRTLEENQRVEFEVGQGTKGPQATGVRAV,67,cold-shock protein, ,Derived by automated computational analysis using gene prediction method: Protein Homology.,OG0000013,Conserved,group_128,Conserved,Soft core,Soft core
GCF_000010105.1,RER_RS04555,MADSLKARVKEKLLRQLAEDGRHPIQEAEGDDPRLVSINDDLEALEQAEEGDPIVEELAERYWVP,65,hypothetical protein, ,Derived by automated computational analysis using gene prediction method: Protein Homology.,OG0000014,Conserved,group_2342,Conserved,Soft core,Soft core
GCF_000010105.1,RER_RS33605,MGSADVMAWLAEGYLAGDPIRYPLYVGSMFLAMPFQLIGVILGHPF,46,hypothetical protein, ,Derived by automated computational analysis using gene prediction method: Protein Homology.,OG0000061,Soft core,group_1542,Soft core,Soft core,Soft core
GCF_000010105.1,RER_RS33150,MATTAAVQNPTRSRARTMSLSEYVAEHPAQRVFPPTSERAARMAMLIMFALMAVTLVVLVLDEAGIFG,68,hypothetical protein, ,Derived by automated computational analysis using gene prediction method: GeneMarkS-2+.,OG0000095,Soft core,group_53,Soft core,Soft core,Soft core
GCF_000010105.1,RER_RS33375,MADLDDTIAQQADVPESSARLSARLDQLAHRIIDGDPSGAADAVAESSPARPDE,54,hypothetical protein, ,Derived by automated computational analysis using gene prediction method: GeneMarkS-2+.,OG0000687,Cloud,group_2127,Cloud,Cloud,Cloud
GCF_000010105.1,RER_RS05310,MALAYSPDTSIDSTRLAFLAAAVVLFAMLALYLVGFDQGAISRTGMYMHELMHDGRHLMGLPCH,64,cbtb domain-containing protein, ,Derived by automated computational analysis using gene prediction method: Protein Homology.,OG0000008,Conserved,group_2468,Conserved,Core,Conserved
GCF_000010105.1,RER_RS05730,MNAYICPICDYTYTESTGAAREGFPPGTAWSSIPDDWCCPDCGVREKVDFTLVAQS,56,rubredoxin, ,Derived by automated computational analysis using gene prediction method: Protein Homology.,OG0000096,Soft core,group_2166,Soft core,Soft core,Soft core
GCF_000010105.1,RER_RS05735,MSETATAYKLFRCLQCGFEYDEAIGWPDDGIEPGTRWDEIPEDWSCPDCGAAKVDFEMVEVDR,63,rubredoxin, ,Derived by automated computational analysis using gene prediction method: Protein Homology.,OG0000097,Soft core,group_421,Soft core,Soft core,Soft core
GCF_000010105.1,RER_RS05950,MRIELNRTKCTGLGICESIAPEVFEVNDDGDLVLLTEDITDEQLAEVEQAVEGCPTAALRLHR,63,ferredoxin, ,Derived by automated computational analysis using gene prediction method: Protein Homology.,OG0000001,Conserved,group_422,Cloud,Cloud,Cloud
GCF_000010105.1,RER_RS06040,MPTRGAQSRFLEGVLGRQGCAGLKLPTVCEAVSATAESFSPGRGVVIRIRWRAMVLRFIIKI,62,hypothetical protein, ,Derived by automated computational analysis using gene prediction method: GeneMarkS-2+.,OG0000981,,group_497,Cloud,,Probably not conserved
GCF_000010105.1,RER_RS33615,MKNPNLTPSRVLAVVLAAALVIFVIARRRDDGALSRGEWLSDSVGPDDLAG,51,hypothetical protein, ,Derived by automated computational analysis using gene prediction method: Protein Homology.,OG0000077,Soft core,group_2167,Soft core,Soft core,Soft core
GCF_000010105.1,RER_RS06740,MEVRVDLDRCEANGVCVGIAPDIFDLDDNEELVISSVRPPEDRWEDVRSAIAQCPRAALTEHP,63,ferredoxin, ,Derived by automated computational analysis using gene prediction method: Protein Homology.,OG0000005,Conserved,group_423,Soft core,Soft core,Soft core
GCF_000010105.1,RER_RS33535,MMAENTTVETEIADEEIETVAEETARMAQHVVAAYAEDADECRMLLSMLGISPAAKLD,58,hypothetical protein, ,Derived by automated computational analysis using gene prediction method: GeneMarkS-2+.,OG0000015,Conserved,group_2168,Soft core,Soft core,Soft core
GCF_000010105.1,RER_RS32725,MTKFLVPGVASAVIGAVLGAGVIFGVTAAASDNTRPEIDRSGNADSSVLNQVEYGSR,57,duf2613 domain-containing protein, ,Derived by automated computational analysis using gene prediction method: Protein Homology.,OG0000016,Conserved,group_855,Soft core,Soft core,Soft core
GCF_000010105.1,RER_RS33540,MVGLIVLAALVLASVLVGFVFRRPIAEAKSAVLAFDDASSQPQRD,45,hypothetical protein, ,Derived by automated computational analysis using gene prediction method: GeneMarkS-2+.,OG0000098,Soft core,group_2198,Soft core,Soft core,Soft core
GCF_000010105.1,RER_RS33385,MAFTTGSTAEDLKTITDAGKIIGGIGGILGGIAAAAAFVGLLGGGTLS,48,hypothetical protein, ,Derived by automated computational analysis using gene prediction method: GeneMarkS-2+.,OG0000688,Cloud,group_1413,Cloud,Shell,Cloud
GCF_000010105.1,RER_RS33620,MPERGQSRVDAGIIAVVAVITGVFVALTGHGLVAALATVLGLALGMAIVRYLIKGR,56,hypothetical protein, ,Derived by automated computational analysis using gene prediction method: Protein Homology.,OG0000078,Soft core,group_2220,Soft core,Soft core,Soft core
GCF_000010105.1,RER_RS33390,MADKQTKSWLGPLIFYRLNDYAPYGATTDRESYFGAVRSDGTVKPSGAYVKSVLCP,56,hypothetical protein, ,Derived by automated computational analysis using gene prediction method: GeneMarkS-2+.,OG0000412,Cloud,group_2137,Cloud,Cloud,Cloud
GCF_000010105.1,RER_RS07795,MMRIVTLIVLIWLIVGAVAAGQRGYYSSSPTNCAGVGTIALTVIAGPLNYFGVNPKVTDCTLPQPTE,67,hypothetical protein, ,Derived by automated computational analysis using gene prediction method: Protein Homology.,OG0000017,Conserved,group_129,Soft core,Soft core,Soft core
GCF_000010105.1,RER_RS33625,MIILGVILLIIGFVVNIPILWTIGVVLLVIGIILYALGAAGHAIGGRRHYY,51,duf6131 family protein, ,Derived by automated computational analysis using gene prediction method: Protein Homology.,OG0000000,Conserved,group_1229,Soft core,Soft core,Soft core
GCF_000010105.1,RER_RS33630,MTEKDNNDQSPKGGHPGPVDKGGDGGMATREQAPELVEETSEKKSDGK,48,hypothetical protein, ,Derived by automated computational analysis using gene prediction method: Protein Homology.,OG0000018,Core,group_2221,Soft core,Soft core,Soft core
GCF_000010105.1,RER_RS33635,MIVLGIILALIGFFTGLSILTTVGIILVVVGAVLSILGATGRAVGGRKVWY,51,duf6131 family protein, ,Derived by automated computational analysis using gene prediction method: Protein Homology.,OG0000000,Conserved,group_1230,Soft core,Soft core,Soft core
GCF_000010105.1,RER_RS08130,MLPRLRHVVDQHQALHRLAVEAIVNEFSEEAPSRGEVIDALRDLVLESVEVFPDNCDPRLGLSADVPRHR,70,hypothetical protein, ,Derived by automated computational analysis using gene prediction method: GeneMarkS-2+.,OG0000267,Shell,,,Shell,Shell
GCF_000010105.1,RER_RS33640,MPAPIMAPAAALAEPVVWNEDPQRQRWWTRILAAGSPENSSNDEFQP,47,hypothetical protein, ,Derived by automated computational analysis using gene prediction method: Protein Homology.,OG0000118,Soft core,group_2222,Soft core,Soft core,Soft core
GCF_000010105.1,RER_RS08215,MWWIVGGVLLVWVVCSIPIAILVGRGIARRDRAEFDGRNQQWADEVVRSIEKQSDQDNADRRKPPLIS,68,hypothetical protein, ,Derived by automated computational analysis using gene prediction method: Protein Homology.,OG0000079,Soft core,group_2275,Shell,Shell,Shell
GCF_000010105.1,RER_RS08245,MGALSPTHWAIVAVVLVVLFGSKKLPDAARGLGRSMRILKTEVGELQSDTDLALEKRD,58,sec-independent protein translocase subunit tata, ,Derived by automated computational analysis using gene prediction method: Protein Homology.,OG0000019,Conserved,tatA,Soft core,Soft core,Soft core
GCF_000010105.1,RER_RS08290,MAQGSVKWFNGEKGFGFIEQEGGGPDVFVHYSEIQGSGYKSLDEGQKVEFEIGQGQKGPQAQNVRAI,67,cold-shock protein, ,Derived by automated computational analysis using gene prediction method: Protein Homology.,OG0000069,Soft core,group_130,Soft core,Soft core,Soft core
GCF_000010105.1,RER_RS33960,MSADSRGTSAQTRREYQMFVLQQRLLFGSIVAGTALGVLAINYF,44,hypothetical protein, ,Derived by automated computational analysis using gene prediction method: GeneMarkS-2+.,OG0000122,Soft core,group_2138,Soft core,Soft core,Soft core
GCF_000010105.1,RER_RS33645,MTTIDIPPTQGESTTGIGITVASATLTTEEVKRRIAMMYGDPVTEEPVALAH,52,hypothetical protein, ,Derived by automated computational analysis using gene prediction method: Protein Homology.,OG0000002,Conserved,group_2274,Soft core,Soft core,Soft core
GCF_000010105.1,RER_RS08365,MSERNSTDRTDQTDEPQTTGTGTGTGTGTDHGPGTGADAAHKDVQTDPSGERTWADEGGASSTGPATDTD,70,pi-type proteinase, ,Derived by automated computational analysis using gene prediction method: Protein Homology.,OG0000020,Core,,,Soft core,Soft core
GCF_000010105.1,RER_RS08395,MGGSADALNRALERVDRDFASPIGVVVRTSLRGTMRQIAKPVRAQYTRVRARFPGAKTYTEI,62,hypothetical protein, ,Derived by automated computational analysis using gene prediction method: GeneMarkS-2+.,OG0000115,Soft core,group_2190,Soft core,Soft core,Soft core
GCF_000010105.1,RER_RS08400,MTTSTVGLLAGLLLGVAAAAGGFTGFLIALVLGVIGYLVGGQRDGEFDLGVMLKGRGRG,59,hypothetical protein, ,Derived by automated computational analysis using gene prediction method: Protein Homology.,OG0000099,Soft core,group_732,Soft core,Soft core,Soft core
GCF_000010105.1,RER_RS08425,MSDFIDKAKHRAEDLIGEAKEKIGNATGNDDLAAEGVADQSEAKVKKAGDTVSDKVSDIKDKFTS,65,csbd family protein, ,Derived by automated computational analysis using gene prediction method: Protein Homology.,OG0000074,Soft core,group_2191,Soft core,Soft core,Soft core
GCF_000010105.1,RER_RS08790,MSKEVSAGLAVGAMVLVAGLIWTGFPLDAYSVVAVIFAICGGFITWIYLRENVDGVRHTATKEGSR,66,hypothetical protein, ,Derived by automated computational analysis using gene prediction method: Protein Homology.,OG0000144,Shell,group_2282,Shell,Shell,Shell
GCF_000010105.1,RER_RS33970,MGSLGNLLKANGMGWGILQLLPLVNMLKTLQGLDTASSNS,40,hypothetical protein, ,Derived by automated computational analysis using gene prediction method: GeneMarkS-2+.,OG0000080,Soft core,group_2512,Soft core,Soft core,Soft core
GCF_000010105.1,RER_RS33975,MGSFEDFSGVVKTFIPVLKDLFTALGGGSLTPGTGSAADK,40,hypothetical protein, ,Derived by automated computational analysis using gene prediction method: GeneMarkS-2+.,OG0000108,Soft core,group_2511,Soft core,Soft core,Soft core
GCF_000010105.1,RER_RS09115,MFGSLSTLGPLLTALGAFLKSVPTESLSGEGEGSSTGSLSGLSSGSAE,48,hypothetical protein, ,Derived by automated computational analysis using gene prediction method: Protein Homology.,OG0000081,Soft core,group_2510,Soft core,Soft core,Soft core
GCF_000010105.1,RER_RS34290,MKAVEGGFDTAWSRRHVDLCRTAGSFCTN,29,putative leader peptide, ,Derived by automated computational analysis using gene prediction method: Protein Homology.,OG0000132,Shell,group_1947,Shell,Shell,Shell
GCF_000010105.1,RER_RS33980,MGSLDTGSLSTESLEDLNLGKISELLKLGITAVSFITALNSLS,43,hypothetical protein, ,Derived by automated computational analysis using gene prediction method: GeneMarkS-2+.,OG0000067,Soft core,group_2503,Soft core,Soft core,Soft core
GCF_000010105.1,RER_RS09570,MDTASLIDVIGSFDVASLTAPLASVQELISTAFSVVSAFIDVGVSGSAASAGSIQTALGSIAAQ,64,hypothetical protein, ,Derived by automated computational analysis using gene prediction method: Protein Homology.,OG0000206,Shell,group_338,Cloud,Shell,Shell
GCF_000010105.1,RER_RS09585,MGSLMDILGGPNGDGAPMQALLTMLLGLDNVGANLFGSLADTAGGIFGSLDTLSFTPPVVP,61,hypothetical protein, ,Derived by automated computational analysis using gene prediction method: GeneMarkS-2+.,OG0000188,Shell,group_2425,Shell,Shell,Shell
GCF_000010105.1,RER_RS33655,MLEGSVMDAAGSVGAIIGQGLGSVSGLAVKGLEALAALSGGELKAAK,47,hypothetical protein, ,Derived by automated computational analysis using gene prediction method: Protein Homology.,OG0000138,Shell,group_2381,Shell,Shell,Shell
GCF_000010105.1,RER_RS09590,MTFESNTPRPFTRSNDKKMFAGVCGGIADYFGADVNLVRLLAVIAAICTGGTAALVYLAAWMLMPLG,67,pspc domain-containing protein, ,Derived by automated computational analysis using gene prediction method: Protein Homology.,OG0000021,Conserved,group_2380,Conserved,Soft core,Soft core
GCF_000010105.1,RER_RS10105,MGSSHDGKPAVAGTQFLTVAEVATLMRVSKMTVYRLVHSGELPAVRVGRSFRVHAKAVHDYLETSYFDAG,70,helix-turn-helix domain-containing protein, ,Derived by automated computational analysis using gene prediction method: Protein Homology.,OG0000071,Soft core,,,Soft core,Soft core
GCF_000010105.1,RER_RS32775,MGSVIKKRRKRMSKKKHRKLLRRTRVQRRKLGK,33,aurkaip1/cox24 domain-containing protein, ,Derived by automated computational analysis using gene prediction method: Protein Homology.,OG0000022,Conserved,group_1939,Conserved,Conserved,Conserved
GCF_000010105.1,RER_RS33660,MSSQEALRTESTHDAPLRQRGSRTEVILFAILGASVLVTLLVLMIPGIVSG,51,hypothetical protein, ,Derived by automated computational analysis using gene prediction method: Protein Homology.,OG0000100,Soft core,group_1231,Soft core,Soft core,Soft core
GCF_000010105.1,RER_RS10285,MLYLLALVGLVTLIVLMWKAFGPDPSTRTPVSGVRGPDDDPEFLWNVNQQTRRKRTEGPDVPPTDTST,68,hypothetical protein, ,Derived by automated computational analysis using gene prediction method: Protein Homology.,OG0000023,Conserved,group_2362,Soft core,Conserved,Soft core
GCF_000010105.1,RER_RS10290,MSAPTFNTAADALMTPGQVAALFHVDPKTVTRWAHAGRLGSLRTPGGHRRFRETEVMQLLRSLTTEADNN,70,bldc family transcriptional regulator, ,Derived by automated computational analysis using gene prediction method: Protein Homology.,OG0000068,Soft core,,,Soft core,Soft core
GCF_000010105.1,RER_RS10495,MASSTDVRPKITLACEVCKHRNYITKKNRRNDPDRLELKKFCPNCGTHQSHRESK,55,50s ribosomal protein l33, ,Derived by automated computational analysis using gene prediction method: Protein Homology.,OG0000024,Conserved,rpmG,Conserved,Soft core,Soft core
GCF_000010105.1,RER_RS10630,MAGKKLDRTNARTALEVVRESPTIAFITVAPAVVVFGVVWWLFGFWAAILLALVFGVAAVATQKLR,66,hypothetical protein, ,Derived by automated computational analysis using gene prediction method: Protein Homology.,OG0000025,Conserved,group_2209,Conserved,Soft core,Soft core
GCF_000010105.1,RER_RS10775,MNSTTVGLLVGLLLALAGIMGGFSGFVFAVLLGAAGMAIGAHRDGHLDLGAILRSRGRG,59,hypothetical protein, ,Derived by automated computational analysis using gene prediction method: Protein Homology.,OG0000026,Conserved,group_2303,Conserved,Soft core,Soft core
GCF_000010105.1,RER_RS10905,MRLSTRNQLTGTITEVNLGTVMATVKVKLDGGNQIVTSSITRDAALDLDLEPGQAATVFVKSTEVTIGVE,70,tobe domain-containing protein, ,Derived by automated computational analysis using gene prediction method: Protein Homology.,OG0000064,Soft core,,,Soft core,Soft core
GCF_000010105.1,RER_RS10910,MTEPVKGPASYFPSIEKKYGRPIGEWQELIRSSDLTKHMELVNWLKSEHGMGHGHANALVAHTLKEG,67,duf4287 domain-containing protein, ,Derived by automated computational analysis using gene prediction method: Protein Homology.,OG0000027,Conserved,group_2329,Soft core,Soft core,Soft core
GCF_000010105.1,RER_RS32785,MSDRDNKALENDLVEESLVEEVSIDGMCGVY,31,mycofactocin precursor mfta, ,"Mycofactocin is a small molecule electron carrier derived from the final two amino acids, Val-Tyr, of MftA, the mycofactocin precursor. It plays a role in redox homeostasis and the metabolism of alcohols and aldehydes in Actinobacteria, including Mycobacterium tuberculosis; Derived by automated computational analysis using gene prediction method: Protein Homology.",OG0000009,Conserved,group_2326,Conserved,Soft core,Soft core
GCF_000010105.1,RER_RS11260,MAKKALVNKANKKPKFAVRAYTRCQRCGRPHSVFRKFGLCRICVREMAHAGELPGVRKSSW,61,type z 30s ribosomal protein s14, ,Derived by automated computational analysis using gene prediction method: Protein Homology.,OG0000028,Conserved,group_2294,Conserved,Soft core,Soft core
GCF_000010105.1,RER_RS11290,MADLKVTQIKSIIGTKQNQKDSLRTLGLKGIRQTVVREDNAQNRGLINVVRHLVTVEEV,59,50s ribosomal protein l30, ,Derived by automated computational analysis using gene prediction method: Protein Homology.,OG0000029,Conserved,rpmD,Conserved,Soft core,Soft core
GCF_000010105.1,RER_RS32790,MKVQPSVKKICEKCKVIRRNGRVMVICENLRHKQRQG,37,50s ribosomal protein l36, ,Derived by automated computational analysis using gene prediction method: Protein Homology.,OG0000030,Conserved,rpmJ,Conserved,Soft core,Soft core
GCF_000010105.1,RER_RS33990,MNRSTSLRDARECAAVLAILGTAYAVTNGVLRLAIALGLYV,41,hypothetical protein, ,Derived by automated computational analysis using gene prediction method: GeneMarkS-2+.,OG0000528,Cloud,group_1823,Cloud,Cloud,Cloud
GCF_000010105.1,RER_RS33995,MTIFEWILAIPALALAVAFLFSGIITAGIDFDTEDGVTTH,40,hypothetical protein, ,Derived by automated computational analysis using gene prediction method: GeneMarkS-2+.,OG0000082,Soft core,group_2186,Soft core,Soft core,Soft core
GCF_000010105.1,RER_RS33185,MAEVRSTRRVNAPWTVERRIGGDNKPLAVLQLGTRSGVSISLYADEVAQLATALTDYLDSLD,62,hypothetical protein, ,Derived by automated computational analysis using gene prediction method: GeneMarkS-2+.,OG0000689,Cloud,group_498,Cloud,Cloud,Cloud
GCF_000010105.1,RER_RS12205,MSRIRVNDTDRVEAAKAVQALKTNNHQNFRTTVDEAFQRYGGVERLIYALSEQLANHNETETKE,64,hypothetical protein, ,Derived by automated computational analysis using gene prediction method: GeneMarkS-2+.,OG0000690,Cloud,group_2180,Cloud,Cloud,Cloud
GCF_000010105.1,RER_RS33190,MLELHTPYEAAAIAKCHPNFVYQALQSGELKGIQRKFKGRWLIENSELEKWLLCL,55,helix-turn-helix domain-containing protein, ,Derived by automated computational analysis using gene prediction method: Protein Homology.,OG0000207,Shell,group_2292,Cloud,Cloud,Cloud
GCF_000010105.1,RER_RS12265,MESIKTTQWITPLEAAEIARCNRTHIYAALAAGELTGYQHKRKGAVKGPWLIDPADLDRWIRGQ,64,helix-turn-helix domain-containing protein, ,Derived by automated computational analysis using gene prediction method: Protein Homology.,OG0000207,Shell,group_339,Cloud,,Cloud
GCF_000010105.1,RER_RS12745,MSSYRCPVCEYVYDESKGAPREGFPAGTPWDAVPDDWCCPDCGVREKLDFEPMPATAGSES,61,rubredoxin, ,Derived by automated computational analysis using gene prediction method: Protein Homology.,OG0000053,Core,group_2279,Soft core,Cloud,Cloud
GCF_000010105.1,RER_RS12750,MNDYKLYQCAQCGFEYDEAVGWPEDGIEPGTRWDDIPEDWSCPDCGAAKSDFFMVEVERR,60,rubredoxin, ,Derived by automated computational analysis using gene prediction method: Protein Homology.,OG0000007,Conserved,group_2155,Soft core,Cloud,Cloud
GCF_000010105.1,RER_RS33415,MTRAEGLGILAVVLMAIALVIGIVNGRSGVELGIYVALLVLFIGLNGRLAWKRRHGAA,58,hypothetical protein, ,Derived by automated computational analysis using gene prediction method: GeneMarkS-2+.,OG0000413,Cloud,group_2469,Cloud,,Cloud
GCF_000010105.1,RER_RS33420,MSEHIDGVNKCRMNVEGTRIRIDCYRDGEHVYGGLHPIELLSTTLAGVKK,50,hypothetical protein, ,Derived by automated computational analysis using gene prediction method: GeneMarkS-2+.,OG0000529,Cloud,group_1294,Cloud,,Cloud
GCF_000010105.1,RER_RS13380,MKLLAAKAKPGARVIYTHPSTGKKESGVILGIVTVGIKLVNVRYGNRTEPTHPTNLEFDRSKT,63,hypothetical protein, ,Derived by automated computational analysis using gene prediction method: GeneMarkS-2+.,OG0000289,Cloud,group_424,Cloud,,Cloud
GCF_000010105.1,RER_RS33425,MSEIPTLREMALILDDQAIESALKGEHKEALDAVTLAMALESRHRQTLDVGWPKS,55,hypothetical protein, ,Derived by automated computational analysis using gene prediction method: GeneMarkS-2+.,OG0000530,Cloud,group_1000,Cloud,,Cloud
GCF_000010105.1,RER_RS13405,MLNATATLSYDGIPIATVERVKPAMKSDRNYGGYFRFEYIGGGTDSAYGDELHILRPAIQH,61,hypothetical protein, ,Derived by automated computational analysis using gene prediction method: GeneMarkS-2+.,OG0000531,Cloud,group_591,Cloud,,Cloud
GCF_000010105.1,RER_RS13955,MSDLDSNTPSEPESQSEETKRKFREALERKNHQNAKSTDHRDGQSKVHNTHGPADHKREFRRKSG,65,duf5302 domain-containing protein, ,Derived by automated computational analysis using gene prediction method: Protein Homology.,OG0000031,Conserved,group_2470,Core,Cloud,Cloud
GCF_000010105.1,RER_RS32840,MAAVCDVCAKGPGFGKSVSHSHRRTNRRWNPNIQSVRTEVAPGNTRKVNVCTSCLKAGKVARG,63,50s ribosomal protein l28, ,Derived by automated computational analysis using gene prediction method: Protein Homology.,OG0000032,Conserved,rpmB,Conserved,Cloud,Cloud
GCF_000010105.1,RER_RS32845,MAVPKRKMSRSNTRSRRSQWKTTVPTLVTCPNRGCGEQTLPHIACPSCGTYKGRQVTAAV,60,50s ribosomal protein l32, ,Derived by automated computational analysis using gene prediction method: Protein Homology.,OG0000033,Conserved,group_2479,Conserved,Cloud,Cloud
GCF_000010105.1,RER_RS33430,MAERVQDLSVQHGLSLNITVNMLLGYAFNKVDEEGKEFTPVTVFETKEGGE,51,hypothetical protein, ,Derived by automated computational analysis using gene prediction method: GeneMarkS-2+.,OG0000982,,group_1232,Cloud,,Probably not conserved
GCF_000010105.1,RER_RS33435,MNLLPYLIPALKLAGRWIAMFLVIAVIIVGTLYLSLFIVPVLIWHT,46,hypothetical protein, ,Derived by automated computational analysis using gene prediction method: GeneMarkS-2+.,OG0000310,Cloud,group_2354,Cloud,Cloud,Cloud
GCF_000010105.1,RER_RS33440,MSRQQMYTLIALNKERPSDGLVNDIYKLVNGSVAAGEMTQDEALEIMQSL,50,hypothetical protein, ,Derived by automated computational analysis using gene prediction method: GeneMarkS-2+.,OG0000983,,group_1295,Cloud,,Probably not conserved
GCF_000010105.1,RER_RS14515,MTVVTFVDDVYPHCIGDMVDLSAEELKAIDAAVSKRGIKGYETAKGESVENAAKPEVKTETKTEKK,66,hypothetical protein, ,Derived by automated computational analysis using gene prediction method: GeneMarkS-2+.,OG0000355,Cloud,group_206,Cloud,,Cloud
GCF_000010105.1,RER_RS33445,MSESIKKKSKEEVIEQLSHEARLYFVPNFGTVEADTLEEAVEKVKKKKEEDGDAN,55,hypothetical protein, ,Derived by automated computational analysis using gene prediction method: GeneMarkS-2+.,OG0000414,Cloud,group_1001,Cloud,Cloud,Cloud
GCF_000010105.1,RER_RS14585,MNHTYDQPTSAPTSKVAAAGIGGSVAIVLIWLAGQFGVELSAEVASAITAIVAFAAGYFKRSSTK,65,hypothetical protein, ,Derived by automated computational analysis using gene prediction method: GeneMarkS-2+.,OG0000532,Cloud,group_2428,Cloud,Cloud,Cloud
GCF_000010105.1,RER_RS14605,MTLQAEAVTTIEKLVEDAHEMASAVDDLREENPALAMIMIVSLSAYLEHIQFRISQAVQHSP,62,hypothetical protein, ,Derived by automated computational analysis using gene prediction method: GeneMarkS-2+.,OG0000533,Cloud,group_2427,Cloud,Cloud,Cloud
GCF_000010105.1,RER_RS33450,MIKRLPSVAWSMIGIAIALSIVVPIIQAAAPLIIAVVIVITVSVIAWRVAKFYMRL,56,hypothetical protein, ,Derived by automated computational analysis using gene prediction method: GeneMarkS-2+.,OG0000534,Cloud,group_2389,Cloud,Cloud,Cloud
GCF_000010105.1,RER_RS14615,MQTFTDTIAVLLFFSPLWFPLLLAIIFNKQLKQYAYNREVKRVQREMEMGELDARIIRDARRRRYGS,67,hypothetical protein, ,Derived by automated computational analysis using gene prediction method: GeneMarkS-2+.,OG0000984,,group_131,Cloud,Cloud,Cloud
GCF_000010105.1,RER_RS33455,MADRKKRPTSALDQLAYEIGFNEAIRQPSREIVGRRVQHTDEFGRTWIEEEVTIREY,57,hypothetical protein, ,Derived by automated computational analysis using gene prediction method: GeneMarkS-2+.,OG0000985,,group_856,Cloud,,Probably not conserved
GCF_000010105.1,RER_RS33460,MQLLDSEVVRRCAVTAAAAAAVCRSNGPGVVDGDAVTGKSFFLQDGGWPGT,51,hypothetical protein, ,Derived by automated computational analysis using gene prediction method: GeneMarkS-2+.,OG0000147,Shell,group_2063,Shell,Cloud,Shell
GCF_000010105.1,RER_RS33465,MTTEVDMKVPAFHSTVPSDLDVYHDNESCILAARIAVPHRAPGVDGRPWCTACASLD,57,hypothetical protein, ,Derived by automated computational analysis using gene prediction method: Protein Homology.,OG0000083,Soft core,group_2187,Soft core,Cloud,Cloud
GCF_000010105.1,RER_RS33665,MFWKIVLAVVLVWVALAVVGALIKGLFWVLVVGAVGFGIYFLVKAMSGSDDNSPASRF,58,hypothetical protein, ,Derived by automated computational analysis using gene prediction method: Protein Homology.,OG0000034,Conserved,group_2296,Soft core,Cloud,Cloud
GCF_000010105.1,RER_RS15715,MRLTEFHEMVREEFGQVRGDSMLIDHVLQSLDGMTAAEAVEAGWEPREVWRALCVEFDVPPARR,64,duf3046 domain-containing protein, ,Derived by automated computational analysis using gene prediction method: Protein Homology.,OG0000035,Conserved,group_2481,Conserved,Cloud,Cloud
GCF_000010105.1,RER_RS16005,MPGTLTSPQLTAADRCDRCGAGARVRAVLPTGGELLFCGHHATEHADRLREMNAVVSESEPAI,63,hypothetical protein, ,Derived by automated computational analysis using gene prediction method: Protein Homology.,OG0000036,Conserved,group_2483,Conserved,Cloud,Cloud
GCF_000010105.1,RER_RS33470,MKQPRPAGRIIDSFVKAIARWDVENDARGCQPLLGLVVGCGSAARWW,47,hypothetical protein, ,Derived by automated computational analysis using gene prediction method: GeneMarkS-2+.,OG0000691,Cloud,group_1478,Cloud,Cloud,Cloud
GCF_000010105.1,RER_RS16300,MRRGEPYSVDLLTAKAAKEAAEKAISAAHTTCTDANSQRRAEVERCLAESGTGGIAQNDLTDLV,64,hypothetical protein, ,Derived by automated computational analysis using gene prediction method: GeneMarkS-2+.,OG0000692,Cloud,group_2458,Cloud,Cloud,Cloud
GCF_000010105.1,RER_RS16320,MASQREVPVPVTRENNIAAAAAPDLTDTMTAKIMQSMSASHSDGTLKTYASAWRRFESWCQTNQHAALPA,70,hypothetical protein, ,Derived by automated computational analysis using gene prediction method: GeneMarkS-2+.,OG0000986,,,,,Probably not conserved
GCF_000010105.1,RER_RS33480,MTTAEARKTWTPKERRNVAAAAARASIALRERSGREVPQWIRDAAEGRPTTPPAEKP,57,hypothetical protein, ,Derived by automated computational analysis using gene prediction method: GeneMarkS-2+.,OG0000693,Cloud,group_2216,Cloud,Cloud,Cloud
GCF_000010105.1,RER_RS33485,MATKKRTDATAPASPEQLRARLELRRSSAASKHVPAPRKGTRRKQRARAIAAGW,54,hypothetical protein, ,Derived by automated computational analysis using gene prediction method: GeneMarkS-2+.,OG0000694,Cloud,group_1061,Cloud,Cloud,Cloud
GCF_000010105.1,RER_RS34025,MTDARINAARTTLIIDKKLKRTSKPEIEKLAALKTTSERRLIAG,44,hypothetical protein, ,Derived by automated computational analysis using gene prediction method: Protein Homology.,OG0000229,Shell,group_2366,Cloud,Cloud,Cloud
GCF_000010105.1,RER_RS16455,MAEPWLSADDIAAHLGITKDTVYVWIAEKAMPAHKLGRLWKFQASEVDNWVRSGGAATSSEDEKIG,66,helix-turn-helix domain-containing protein, ,Derived by automated computational analysis using gene prediction method: Protein Homology.,OG0000200,Shell,group_207,Cloud,Cloud,Cloud
GCF_000010105.1,RER_RS16545,MKIRFELMIGILLVVGGGCLWLFARDAEFFWFRGGPLGVILAIIGAFDIVNAVRTRETAIPERRND,66,hypothetical protein, ,Derived by automated computational analysis using gene prediction method: Protein Homology.,OG0000101,Soft core,group_2126,Soft core,Cloud,Cloud
GCF_000010105.1,RER_RS17035,MAGIDSKFDKAYAGKSVEELADAPVAALNGVSDSDAEHLKAAFNIKTVRDLGTNKFFLWAQATAKLAE,68,hypothetical protein, ,Derived by automated computational analysis using gene prediction method: Protein Homology.,OG0000070,Soft core,group_2484,Soft core,Soft core,Soft core
GCF_000010105.1,RER_RS17835,MAQEQTQRAGGGEDDETTGGDGSAGQERREKLAAETDDLLDEIDDVLEENAEDFVRAYVQKGGQ,64,ubiquitin-like protein pup, ,Derived by automated computational analysis using gene prediction method: Protein Homology.,OG0000037,Conserved,group_340,Soft core,Soft core,Soft core
GCF_000010105.1,RER_RS18375,MAIDSTLLSILACPQDKGPLLLVGDELLYNPRLRRAYPIENGIPVLLIDEARDVADDEHEKLLARAEG,68,trm112 family protein, ,Derived by automated computational analysis using gene prediction method: Protein Homology.,OG0000038,Conserved,group_54,Soft core,Soft core,Soft core
GCF_000010105.1,RER_RS18470,MPKMKSHSGASKRFKVSGSGKLMRQKAGRRHLLEHKSSRVTRRLDGVAVVSPDDAPRIKRMLGI,64,50s ribosomal protein l35, ,Derived by automated computational analysis using gene prediction method: Protein Homology.,OG0000039,Conserved,group_2130,Soft core,Soft core,Soft core
GCF_000010105.1,RER_RS18660,MTPTEIPRLLSAKEAAEVLLTSEGALAALRYRGAGPKFRKLGHRVAYAVQDLRDYIDSDIRTGTAADATA,70,dna-binding protein, ,Derived by automated computational analysis using gene prediction method: Protein Homology.,OG0000311,Cloud,,,Cloud,Cloud
GCF_000010105.1,RER_RS18695,MKINVNIDTALSDDDVLDLIDETRCAGIGPQAQVASRMAVAQALLGLTQEVRALREEIAAKR,62,hypothetical protein, ,Derived by automated computational analysis using gene prediction method: GeneMarkS-2+.,OG0000535,Cloud,group_499,Cloud,Cloud,Cloud
GCF_000010105.1,RER_RS18715,MRSPRTNSRGVSAGGVISAIAGARLGYIRGARRSETYSVMPEYGSGDAALSDGIDRDMANRWDD,64,hypothetical protein, ,Derived by automated computational analysis using gene prediction method: GeneMarkS-2+.,OG0000987,,group_341,Cloud,,Probably not conserved
GCF_000010105.1,RER_RS18895,MHVEVDLDLCQGHAACELEAPEIFVVPKRGKVSLLDSDPPESLRGEAEMAVRYCPTGALRIVD,63,ferredoxin, ,Derived by automated computational analysis using gene prediction method: Protein Homology.,OG0000001,Conserved,group_2270,Soft core,Soft core,Soft core
GCF_000010105.1,RER_RS32420,MMLTCLRLALKIAVHSIHPDRTRRLDSVARYLQDLGFDNLEANGAAQTHPPVGGMSTGH,59,hypothetical protein, ,Derived by automated computational analysis using gene prediction method: GeneMarkS-2+.,OG0000695,Cloud,group_2057,Cloud,Cloud,Cloud
GCF_000010105.1,RER_RS33670,MSVLFTYLLFIGAGIAVGGAYSMFKVNKLASGILLALAVLAAVAGALRL,49,hypothetical protein, ,Derived by automated computational analysis using gene prediction method: Protein Homology.,OG0000040,Conserved,group_2410,Soft core,Conserved,Soft core
GCF_000010105.1,RER_RS33675,MNESSNGLFSDLSASEPVVDAKSAEQLAAERETAAAERSNTDTAEQRQSQLFSG,54,hypothetical protein, ,Derived by automated computational analysis using gene prediction method: Protein Homology.,OG0000084,Soft core,group_2262,Soft core,Soft core,Soft core
GCF_000010105.1,RER_RS34050,MLGIALGLGSAAVGIGLGLLGAGAGILLSDKTVKTARRDLTA,42,hypothetical protein, ,Derived by automated computational analysis using gene prediction method: GeneMarkS-2+.,OG0000102,Soft core,group_2160,Soft core,Soft core,Soft core
GCF_000010105.1,RER_RS19605,MHAEVGDRLHVQGRVVGQAEVTAEVLEVHGEDGGPPYLVRYDNGHEALVFPGSDGWIDHPGKGS,64,duf1918 domain-containing protein, ,Derived by automated computational analysis using gene prediction method: Protein Homology.,OG0000041,Conserved,group_2499,Soft core,Soft core,Soft core
GCF_000010105.1,RER_RS34055,MTTYRYLDADRNLLEEKDFETEQDAQEYRLSVLGAEHIEPADE,43,hypothetical protein, ,Derived by automated computational analysis using gene prediction method: Protein Homology.,OG0000054,Core,group_2400,Soft core,Core,Core
GCF_000010105.1,RER_RS19755,MSTFERRPVSADAAFGPIAGRYKTDSMRAGSGIAAVCLFWTHRRSQAE,48,hypothetical protein, ,Derived by automated computational analysis using gene prediction method: GeneMarkS-2+.,OG0000536,Cloud,group_2352,Cloud,Cloud,Cloud
GCF_000010105.1,RER_RS20295,MTDEDRLWYFDVSDGSVTQGKGASSLTRMGPYPDRDSAEHALKIAAERNKAADRADEDWNN,61,hypothetical protein, ,Derived by automated computational analysis using gene prediction method: Protein Homology.,OG0000042,Conserved,group_592,Soft core,Core,Soft core
GCF_000010105.1,RER_RS34065,MKLALTEFKNSKATIRIIMSDGAKLNGTVTDFTEDTLVLNSPNGVYYINPSHIIRLFEPSDRAAK,65,hypothetical protein, ,Derived by automated computational analysis using gene prediction method: GeneMarkS-2+.,OG0000085,Soft core,group_2248,Soft core,Soft core,Soft core
GCF_000010105.1,RER_RS20680,MTVAGVVSVVLIAVAAALVIYLLVALVDPERF,32,k(+)-transporting atpase subunit f, ,Derived by automated computational analysis using gene prediction method: Protein Homology.,OG0000055,Core,kdpF,Soft core,Soft core,Soft core
GCF_000010105.1,RER_RS34305,MSEATAPVIRHQLALIAVGMLDVADVACC,29,ms4533a family cys-rich leader peptide, ,Derived by automated computational analysis using gene prediction method: Protein Homology.,OG0000133,Shell,group_1948,Soft core,Shell,Shell
GCF_000010105.1,RER_RS20825,MDRIADWWDSFELWMAGLPFIPQVALVLIVVVPLCRLVAIGLDCALAAVLALPLFGWLRRNSREVEES,68,hypothetical protein, ,Derived by automated computational analysis using gene prediction method: Protein Homology.,OG0000056,Core,group_2078,Soft core,Soft core,Soft core
GCF_000010105.1,RER_RS33680,MKKALPKTLKSLARTVGILAFAIVVVSVVERFTGAHQPTTGPASLTGPDQSL,52,hypothetical protein, ,Derived by automated computational analysis using gene prediction method: Protein Homology.,OG0000111,Soft core,group_2264,Soft core,Soft core,Soft core
GCF_000010105.1,RER_RS33550,MRENDLNLRGLEIFEEASDVAFSEIHSHPRQCLIRAHKSVAKSRCGA,47,hypothetical protein, ,Derived by automated computational analysis using gene prediction method: GeneMarkS-2+.,OG0000241,Shell,group_2309,Shell,Shell,Shell
GCF_000010105.1,RER_RS33685,MSFLPFPIVIEGIETTGSAAIDGLGRLSVLLYDLLGGTGSATINAGS,47,hypothetical protein, ,Derived by automated computational analysis using gene prediction method: Protein Homology.,OG0000125,Shell,group_2228,Shell,Shell,Shell
GCF_000010105.1,RER_RS33690,MIAAPTTGALAVVMNTVLQMFNAGSSFLYTNNSPIGGGGGETPTTPAP,48,hypothetical protein, ,Derived by automated computational analysis using gene prediction method: Protein Homology.,OG0000086,Soft core,group_2210,Soft core,Soft core,Soft core
GCF_000010105.1,RER_RS33695,MPTIPLTGDPIVINIIVQLLSAGSSNALALGGVGSSGLGSTGLGSFDSASLGSAA,55,hypothetical protein, ,Derived by automated computational analysis using gene prediction method: Protein Homology.,OG0000087,Soft core,group_1002,Soft core,Soft core,Soft core
GCF_000010105.1,RER_RS34080,MYIQTCTYDTEDRNMGSINTLSAVIDIIKVVQPLIAKLNLS,41,hypothetical protein, ,Derived by automated computational analysis using gene prediction method: GeneMarkS-2+.,OG0000109,Soft core,group_2041,Soft core,Soft core,Soft core
GCF_000010105.1,RER_RS34085,MSVSTPVAMPGWTKVDLGPDPVYRVRNGRRVRLVDEWILGDN,42,hypothetical protein, ,Derived by automated computational analysis using gene prediction method: GeneMarkS-2+.,OG0000988,,group_1759,Cloud,,Probably not conserved
GCF_000010105.1,RER_RS21945,MNTFEGIPDPLDFPEFDHRGKFKSAKKWSEQHAMKRARLAEHNELRALAGLPPETYAQFYYDSKE,65,hypothetical protein, ,Derived by automated computational analysis using gene prediction method: GeneMarkS-2+.,OG0000415,Cloud,group_276,Cloud,,Cloud
GCF_000010105.1,RER_RS32955,MTRRIITVERVYEPASECNAVRLLVDRLWPRGVKRENLQYASHRHRILDPLFY,53,duf488 family protein, ,Derived by automated computational analysis using gene prediction method: Protein Homology.,OG0000312,Cloud,group_2363,Cloud,Cloud,Cloud
GCF_000010105.1,RER_RS32960,MAGKFAQKATGGADSLEKSLLSHALVITEMRDFFQQCVDRYGEVDDSNASGLARVDTPR,59,hypothetical protein, ,Derived by automated computational analysis using gene prediction method: GeneMarkS-2+.,OG0000123,Soft core,group_2307,Soft core,Soft core,Soft core
GCF_000010105.1,RER_RS33770,MSTALLTIYVLIWPALVLVVLGVISKGFFKDWATARRNGEDLV,43,putative transporter small subunit, ,Derived by automated computational analysis using gene prediction method: Protein Homology.,OG0000088,Soft core,group_2364,Soft core,Soft core,Soft core
GCF_000010105.1,RER_RS32970,MAAMKPRTGDGPLEATKEGRGIVMRVPLEGGGRLVVELTPDEAAALGVELTNVTS,55,duf3117 domain-containing protein, ,Derived by automated computational analysis using gene prediction method: Protein Homology.,OG0000043,Conserved,group_1003,Soft core,Soft core,Soft core
GCF_000010105.1,RER_RS23010,MTEQDATFDPEAPESDALEQSTPVDPNAPEEPDLTDIPLDAPVADVVDQRVEVAVDDDYRPS,62,hypothetical protein, ,Derived by automated computational analysis using gene prediction method: Protein Homology.,OG0000057,Core,group_2211,Soft core,Soft core,Soft core
GCF_000010105.1,RER_RS33700,MYNWDLQNQIVAFVDSLRPMAGYYHDMYYGSLYAFADQQSHLLTLLGFPPVP,52,hypothetical protein, ,Derived by automated computational analysis using gene prediction method: Protein Homology.,OG0000058,Core,group_1175,Soft core,Soft core,Soft core
GCF_000010105.1,RER_RS33705,MGKIKASKVSKLKPKKKCCRKKTRCIKCPVVIMRMKKLENEGASKKELKAGLKKARAA,58,hypothetical protein, ,Derived by automated computational analysis using gene prediction method: Protein Homology.,OG0000044,Conserved,group_2365,Soft core,Soft core,Soft core
GCF_000010105.1,RER_RS34100,MGSMEGILGAVVQGLGSLFSADGLLKTFMGSVETISKDPTP,41,hypothetical protein, ,Derived by automated computational analysis using gene prediction method: GeneMarkS-2+.,OG0000103,Soft core,group_2051,Soft core,Soft core,Soft core
GCF_000010105.1,RER_RS23215,MTMTAKLTTAFRGTLWWVRSVMGDLDYQRYVEHTRRHHADSPVISEREFWRRRHAAADANPGARCC,66,ybdd/yjix family protein, ,Derived by automated computational analysis using gene prediction method: Protein Homology.,OG0000045,Conserved,group_2343,Soft core,Conserved,Soft core
GCF_000010105.1,RER_RS23465,MSTNSDRRPRLPVKIAYLTAGVLFVAAMLLLASVVNPDRDRDFSMNHVPAGTSVTSVVATTDLG,64,hypothetical protein, ,Derived by automated computational analysis using gene prediction method: Protein Homology.,OG0000104,Soft core,group_2149,Soft core,Soft core,Soft core
GCF_000010105.1,RER_RS33710,MTAFLLAKGSLMFDFFGAISGFFGLLFGTGSSSGSSGGSSDAPVAPPT,48,hypothetical protein, ,Derived by automated computational analysis using gene prediction method: Protein Homology.,OG0000268,Shell,,,Shell,Shell
GCF_000010105.1,RER_RS23875,MAEGIVKWFNSEKGFGFIAPEDGSADVFVHYSEIQSGGFRTLEENQRVAFEIGQGNKGPQATGVTIV,67,cold-shock protein, ,Derived by automated computational analysis using gene prediction method: Protein Homology.,OG0000046,Conserved,group_132,Soft core,Soft core,Soft core
GCF_000010105.1,RER_RS23880,MTTAEYTVSGMTCGHCVGSVKEEIGNIAGVTAVDVELASGRVVVTSDAPVSAADVVAAVDEAGYAVVPS,69,heavy-metal-associated domain-containing protein, ,Derived by automated computational analysis using gene prediction method: Protein Homology.,OG0000006,Conserved,group_2139,Soft core,Soft core,Soft core
GCF_000010105.1,RER_RS33555,MSDDELRRAIREIQDRAHDARKRGDDVAAEELDRTVRGYQEQMAQRL,47,hypothetical protein, ,Derived by automated computational analysis using gene prediction method: Protein Homology.,OG0000059,Core,group_2336,Soft core,Soft core,Soft core
GCF_000010105.1,RER_RS33720,MSEQPDTPKKPPVDKKRLAHIFGDVFPETTSDERGPEGSSRSSDDDWLRSQRPPHHGG,58,hypothetical protein, ,Derived by automated computational analysis using gene prediction method: Protein Homology.,OG0000089,Soft core,group_2328,Soft core,Soft core,Soft core
GCF_000010105.1,RER_RS24095,MAVPKRKMSRSNTRSRRAQWKATAPDLVEVTAFGQTHRVPRRLVKAVRLGVIDPSRI,57,50s ribosomal protein l32, ,Derived by automated computational analysis using gene prediction method: Protein Homology.,OG0000060,Soft core,group_2302,Soft core,Soft core,Soft core
GCF_000010105.1,RER_RS24115,MARNEIRPIVKLKSTAGTGYTYVTRKNRRNDPDRLVLKKYDPVVRKHVDFREEK,54,50s ribosomal protein l33, ,Derived by automated computational analysis using gene prediction method: Protein Homology.,OG0000047,Conserved,group_2199,Soft core,Soft core,Soft core
GCF_000010105.1,RER_RS24605,MSRKHGKHKPRPLMRNADGELLSRFAGRCWYCGDPFSAGTPIRFIQRETLHVDCHKAATLDQ,62,hypothetical protein, ,Derived by automated computational analysis using gene prediction method: GeneMarkS-2+.,OG0000696,Cloud,group_500,Cloud,Cloud,Cloud
GCF_000010105.1,RER_RS34105,MHTALIHILITGDYLGYAATGFEEDSPIVISLLALHALLF,40,hypothetical protein, ,Derived by automated computational analysis using gene prediction method: GeneMarkS-2+.,OG0000537,Cloud,group_2181,Cloud,Cloud,Cloud
GCF_000010105.1,RER_RS33505,MNAYRLAERDGLIPTERGNVAARAITKELRLMTQRYSGLTPIVREGLTCT,50,hypothetical protein, ,Derived by automated computational analysis using gene prediction method: GeneMarkS-2+.,OG0000989,,group_1296,Cloud,,Probably not conserved
GCF_000010105.1,RER_RS33515,MKSDFIDQLGSEMGGISRAEVIECLDQLREAGLVIEMGEKWSIGAWLVPQGAAVMFR,57,hypothetical protein, ,Derived by automated computational analysis using gene prediction method: GeneMarkS-2+.,OG0000697,Cloud,group_857,Cloud,Cloud,Cloud
GCF_000010105.1,RER_RS24645,MPALNLISIAEAAAEVSVSTRTIRRYIADGKIEGVRIGSRLIRVNRKSLDALVTPMGVTA,60,helix-turn-helix domain-containing protein, ,Derived by automated computational analysis using gene prediction method: Protein Homology.,OG0000200,Shell,group_2170,Cloud,Cloud,Cloud
GCF_000010105.1,RER_RS24785,MGFLDNVKGLVEKGQELAAENSDKVHDAIDKVADIADDKTGNKYGDQIDKAAEAAKKAVPEKQ,63,antitoxin, ,Derived by automated computational analysis using gene prediction method: Protein Homology.,OG0000010,Conserved,group_425,Soft core,Soft core,Soft core
GCF_000010105.1,RER_RS25305,MANNSKQHYVDPGWPETADGDHAVTELSSTRAGGLSPFGEDTTFPVPVESLPYVHPHTVINR,62,hypothetical protein, ,Derived by automated computational analysis using gene prediction method: Protein Homology.,OG0000048,Conserved,group_501,Soft core,Soft core,Soft core
GCF_000010105.1,RER_RS34110,MADKAPGKNMKKPAQSIKERRAEKRAKTTESSEFIRKRKRS,41,hypothetical protein, ,Derived by automated computational analysis using gene prediction method: Protein Homology.,OG0000004,Core,group_2142,Soft core,Soft core,Soft core
GCF_000010105.1,RER_RS34120,MNSEAFMCTCVSMNPVTSPFGPISPGTPFAPTFASGKSAQPSRGISVNADSGTSPGSDIVSIKSREIS,68,hypothetical protein, ,Derived by automated computational analysis using gene prediction method: GeneMarkS-2+.,OG0000990,,group_2521,Cloud,,Probably not conserved
GCF_000010105.1,RER_RS33005,MGRGRAKAKQTKVARELKYSVPTTDFDSLQRELAGGSTNSHRSSVRSDQTSDREGHAREDDYDDWRR,67,duf3073 domain-containing protein, ,Derived by automated computational analysis using gene prediction method: Protein Homology.,OG0000049,Conserved,group_133,Soft core,Soft core,Soft core
GCF_000010105.1,RER_RS26410,MRNNLQELRTAAGLSQQACADALGITRQTVISIEKGHFDPRLSLAFRIAEYFDKRVDDVFSS,62,helix-turn-helix transcriptional regulator, ,Derived by automated computational analysis using gene prediction method: Protein Homology.,OG0000105,Soft core,group_502,Soft core,Soft core,Soft core
GCF_000010105.1,RER_RS26545,MTSPMKTRKLTRARSGAMFGGVCAGIARYFGWKSSTVRLLFVLSCLLPGPQFLIYIVMWIFIPREQI,67,pspc domain-containing protein, ,Derived by automated computational analysis using gene prediction method: Protein Homology.,OG0000106,Soft core,group_134,Soft core,Soft core,Soft core
GCF_000010105.1,RER_RS34140,MSAPVAIVTGAAAGLGAAIAERLAEDFGTLLLLDIEEAALADTAARLESLGVDRCPLGR,59,sdr family nad(p)-dependent oxidoreductase, ,Derived by automated computational analysis using gene prediction method: Protein Homology.,OG0000356,Cloud,group_733,Cloud,Cloud,Cloud
GCF_000010105.1,RER_RS27595,MSDWEKKFEAEAKGLLAEVEEELTVLEGVDTIDPFGEDDPDPVAGDDPSAGDDDTKPASD,60,hypothetical protein, ,Derived by automated computational analysis using gene prediction method: Protein Homology.,OG0000090,Soft core,group_2192,Soft core,Soft core,Soft core
GCF_000010105.1,RER_RS28595,MAQGIVKWFNGEKGFGFIAPDDGTPDVFVHYSEISGNGYKSLDENQRVEFEVGQGQKGPQATNVRAV,67,cold-shock protein, ,Derived by automated computational analysis using gene prediction method: Protein Homology.,OG0000003,Conserved,group_1991,Soft core,Soft core,Soft core
GCF_000010105.1,RER_RS33280,MKKTEITPIGCIHRWEVESRHRTSEGTVTYLRCHCGSWQTLLAEWMSGGAASAVAAPIKVRSR,63,hypothetical protein, ,Derived by automated computational analysis using gene prediction method: Protein Homology.,OG0000116,Soft core,group_2290,Soft core,Soft core,Soft core
GCF_000010105.1,RER_RS33520,MPTVIRTVHDLVRHARGPTHHHHHQSVHEARRMRAHHILVTHSLA,45,hypothetical protein, ,Derived by automated computational analysis using gene prediction method: GeneMarkS-2+.,OG0000112,Soft core,group_2176,Soft core,Soft core,Soft core
GCF_000010105.1,RER_RS29030,MVGTPVIVTIVSVCVGFVIFMLAASGARGKWDRRLVIALFVGAVVCLTVVPVSVALSAGV,60,hypothetical protein, ,Derived by automated computational analysis using gene prediction method: Protein Homology.,OG0000091,Soft core,group_2382,Soft core,Soft core,Soft core
GCF_000010105.1,RER_RS29620,MTEPDPGTVETDFPKTGAPAQRALIGAGYTHLAQLTSVSEKELGALHGMGPKALRILREALAERGLSFAD,70,hypothetical protein, ,Derived by automated computational analysis using gene prediction method: Protein Homology.,OG0000050,Conserved,,,Soft core,Soft core
GCF_000010105.1,RER_RS30325,MNAPTRYQFLIDGEVSDRVKAAFPELSVASAAGGFTSLYGPVADHTAMRSIMARLDSLGLTVAELRRLPD,70,hypothetical protein, ,Derived by automated computational analysis using gene prediction method: Protein Homology.,OG0000092,Soft core,,,Soft core,Soft core
GCF_000010105.1,RER_RS34200,MSVVLISLLVAAGLTVLATSDGAGLDFGSRQLNRQLKTRTHR,42,hypothetical protein, ,Derived by automated computational analysis using gene prediction method: GeneMarkS-2+.,OG0000107,Soft core,group_1760,Soft core,Soft core,Soft core
GCF_000010105.1,RER_RS33725,MKIVVLSFLMALTLMTVGIIAARNCSTRPAVTGAVTAASTVLAAAWTLFAVAFVLT,56,hypothetical protein, ,Derived by automated computational analysis using gene prediction method: Protein Homology.,OG0000110,Soft core,group_2239,Soft core,Soft core,Soft core
GCF_000010105.1,RER_RS30820,MDRYKITMPDGSSTEEPFDSDKEAIACAVDANRGVSKHLVVEKYTADGRLIPTAQAPAKHKGHHKNRSNS,70,hypothetical protein, ,Derived by automated computational analysis using gene prediction method: Protein Homology.,OG0000113,Soft core,,,Cloud,Cloud
GCF_000010105.1,RER_RS34205,MSEDAGIYAAEHHVYVADLDHDNPARQFRRGFDRNGRLLELVVLRFDSGNELPIHAMKARSQDVDLL,67,toxin, ,Derived by automated computational analysis using gene prediction method: Protein Homology.,OG0000991,,group_135,Cloud,,Probably not conserved
GCF_000010105.1,RER_RS31580,MRRASRAQRMELIAGFISVFALMALIGAVVAIVKGDPGVMPSLVLLGCVVALGLAFRGYRNAVRAERRE,69,hypothetical protein, ,Derived by automated computational analysis using gene prediction method: Protein Homology.,OG0000051,Conserved,group_2375,Soft core,Shell,Shell
GCF_000010105.1,RER_RS33305,MNTGIDLVCACPPPITMSGGTLVLLVTFSVMGGCVDRGGGDSAALVDQPQAGLDGARYTRCSG,63,hypothetical protein, ,Derived by automated computational analysis using gene prediction method: GeneMarkS-2+.,OG0000992,,group_426,Cloud,,Probably not conserved
GCF_000010105.1,RER_RS33040,MAKGKRTFQPNNRRRARVHGFRLRMRTRAGRAIVSARRRKGRDSLTA,47,50s ribosomal protein l34, ,Derived by automated computational analysis using gene prediction method: Protein Homology.,OG0000052,Conserved,rpmH,Conserved,Shell,Shell
GCF_000010105.1,RER_RS33335,MNTPDDERDAWQMHSDGASWDQIGIEMGCSGATAQTLAAEYERRTDAAAHGAQDTLF,57,hypothetical protein, ,Derived by automated computational analysis using gene prediction method: GeneMarkS-2+.,OG0000063,Soft core,,,Cloud,Cloud
GCF_000010105.1,RER_RS01440,MDGNSFAIGVFIAFNVLSVAGGLFCARRSYVRHRRPLRAFMAGVGGLFIAPAVLMVFVALARPQVRG,67,membrane protein, ,Derived by automated computational analysis using gene prediction method: Protein Homology.,OG0000698,Cloud,,,Cloud,Cloud
GCF_000010105.1,RER_RS33575,MPDSQPSRAPHVTDAQINAARTKLIIDEKLKRAPKPGILKLAALKTAAERRQIGN,55,hypothetical protein, ,Derived by automated computational analysis using gene prediction method: Protein Homology.,OG0000229,Shell,,,Cloud,Cloud
GCF_000010105.1,RER_RS01700,MNTRRAYASALDRMVRDFGADGDVGLLNPDRVSGWFDYVWGDKAPKTYNLRLTAVSAACAY,61,hypothetical protein, ,Derived by automated computational analysis using gene prediction method: GeneMarkS-2+.,OG0000357,Cloud,,,Cloud,Cloud
GCF_000010105.1,RER_RS33340,MNWYAVLLVVVGVAVAAFSVVVERNEGAGRAGNVLLAGGSIAAVGLVWVFW,51,hypothetical protein, ,Derived by automated computational analysis using gene prediction method: GeneMarkS-2+.,OG0000699,Cloud,group_2522,Cloud,,Cloud
GCF_000010105.1,RER_RS33110,MTETATATRFVVVPRTAEHGGSENECFTHFVEDNAGRYCLRGPMVQSDAEWLANNMNSKWG,61,hypothetical protein, ,Derived by automated computational analysis using gene prediction method: GeneMarkS-2+.,OG0000189,Shell,group_2471,Shell,,Shell
GCF_000010105.1,RER_RS33580,MTESAEPNEVQGWSPAPDEGQAGTVMTNDGQWAYRYKDGAELILMKMPERPATT,54,hypothetical protein, ,Derived by automated computational analysis using gene prediction method: Protein Homology.,OG0000119,Shell,group_2472,Shell,,Shell
GCF_000010105.1,RER_RS33350,MNDDDRALLIQLGEDPEDPKIIESYAYMESALAIYAEHYRRTRHQSTN,48,hypothetical protein, ,Derived by automated computational analysis using gene prediction method: GeneMarkS-2+.,OG0000700,Cloud,group_2524,Cloud,,Cloud
GCF_000010105.1,RER_RS33585,MNGYDFEQGKDHDAATIHYAGLACGCGDYSCPRMHDSAARCVNWE,45,hypothetical protein, ,Derived by automated computational analysis using gene prediction method: Protein Homology.,OG0000216,Shell,group_2501,Shell,Cloud,Shell
GCF_000010105.1,RER_RS33780,MNPTSSAIEARVSAVLSEFLIDEQAGASPAGATDVSWPAENIPS,44,hypothetical protein, ,Derived by automated computational analysis using gene prediction method: GeneMarkS-2+.,OG0000235,Shell,group_2407,Cloud,,Cloud
GCF_000010105.1,RER_RS33785,MTYRLFHADFDVIDHLVAELGAKSRSHLIAAALTGYFFKDDEPAT,45,hypothetical protein, ,Derived by automated computational analysis using gene prediction method: GeneMarkS-2+.,OG0000701,Cloud,group_1606,Cloud,,Cloud
GCF_000010105.1,RER_RS33310,MSKDQTARRRRPDLTFHPDILGIPAQFRVVDTRRAEEAGPDKAGDAVRDIGAQEN,55,hypothetical protein, ,Derived by automated computational analysis using gene prediction method: GeneMarkS-2+.,OG0000217,Shell,group_2236,Cloud,Cloud,Cloud
GCF_000010105.1,RER_RS33315,MEPSTGEIRLGSFIPVLVSAVALGIIIYLVFSGRLSEILTFTTGPIA,47,hypothetical protein, ,Derived by automated computational analysis using gene prediction method: GeneMarkS-2+.,OG0000993,,group_1479,Cloud,,Probably not conserved
GCF_000010105.1,RER_RS33560,MATVKDSTTWAIRALHYSELSDNAIEKDVDRANVFATHALVYATLAASGVEVHYN,55,hypothetical protein, ,Derived by automated computational analysis using gene prediction method: Protein Homology.,OG0000994,,group_1004,Cloud,,Probably not conserved
GCF_000010105.1,RER_RS33565,MSETAEPDQTQGWSPAPDEGQAGTVMTKDGQWAYRYKDGAELIMMKMPERPAST,54,hypothetical protein, ,Derived by automated computational analysis using gene prediction method: Protein Homology.,OG0000119,Shell,group_2399,Cloud,Cloud,Cloud
GCF_000010105.1,RER_RS33325,MTITSDASTRLHALSEWINDHPTATFVVLFVLAVLLVVLAVWAIFR,46,hypothetical protein, ,Derived by automated computational analysis using gene prediction method: GeneMarkS-2+.,OG0000416,Cloud,group_1543,Cloud,,Cloud
GCF_000010105.1,RER_RS33530,MAVASATVLGVTVGVLLAEVVAGVVVGAGTAVVFRFVLRSIITRK,45,hypothetical protein, ,Derived by automated computational analysis using gene prediction method: GeneMarkS-2+.,OG0000124,Shell,group_2500,Shell,Cloud,Shell
GCF_000010105.1,RER_RS00615,MKLTGAAKALVDKGMEAASKNADKIENAIDKTAAAAETKTGGKLTSQIQRAAFAAKRAIPPKK,63,antitoxin, ,Derived by automated computational analysis using gene prediction method: Protein Homology.,OG0000218,Shell,group_2424,Shell,Cloud,Shell
GCF_000010105.1,RER_RS00845,MNSVSGDLLRYAQQVLTGTSHAPDQVASVVAGTGEDAAARALRAGWECAANPVVGACEQAEDVS,64,hypothetical protein, ,Derived by automated computational analysis using gene prediction method: Protein Homology.,OG0000134,Shell,group_2356,Shell,Cloud,Shell
GCF_000010105.1,RER_RS33810,MIAYARRCGTGTEELPTVFADFLSDAHHLADALGVDWAEATRNGEGHYTAELYGTE,56,hypothetical protein, ,Derived by automated computational analysis using gene prediction method: GeneMarkS-2+.,OG0000269,Shell,group_2323,Cloud,,Cloud
GCF_000010105.1,RER_RS33330,MDTDAAQELKELREQQGKLKRLLADAELEKDALREVAKDAPIDVKGSVRGSHVGAR,56,hypothetical protein, ,Derived by automated computational analysis using gene prediction method: GeneMarkS-2+.,OG0000358,Cloud,group_2103,Cloud,Cloud,Cloud
GCF_000010105.1,RER_RS33060,MPTDRADAPNVVWATNFQFDSTVDGKAVKIASMLDEHTRLSLTKQHGAVMIDPSHQAQLGVSN,63,hypothetical protein, ,Derived by automated computational analysis using gene prediction method: GeneMarkS-2+.,OG0000995,,group_2525,Cloud,,Probably not conserved
GCF_000010105.1,RER_RS33820,MGESTSSSIRRRMGGSSLVASMVDEHTRQSVLNIVERSIPAEDLVAALEKAFALWG,56,hypothetical protein, ,Derived by automated computational analysis using gene prediction method: GeneMarkS-2+.,OG0000996,,group_2526,Cloud,,Probably not conserved
GCF_000010105.1,RER_RS33895,MSKKRPRAGQSPEQARIAELEKQIGKLRGDAARKDEVIADRDAALEVMGKGVAFLEALSRKNKE,64,hypothetical protein, ,Derived by automated computational analysis using gene prediction method: GeneMarkS-2+.,OG0000417,Cloud,group_342,Cloud,Cloud,Cloud
GCF_000010105.1,RER_RS01930,MNTQKRRQLSWRAALGIGVLYILVGLFFLSNGTTTAAVIFVILGVITALVPWVQKWWTARSAVKH,65,hypothetical protein, ,Derived by automated computational analysis using gene prediction method: GeneMarkS-2+.,OG0000997,,,,,Probably not conserved
GCF_000010105.1,RER_RS01935,MLPDRLTALASAAHNAGARENLHNLGGVHHDAHHATLTLDRYTPEKLPASSWAAILDHHARTPH,64,hypothetical protein, ,Derived by automated computational analysis using gene prediction method: GeneMarkS-2+.,OG0000538,Cloud,,,Cloud,Cloud
GCF_000010805.1,ROP_RS44750,MEILAIIVALTTAILIIPGAYLLLCAVILVEQRQLEADHDQ,41,hypothetical protein, ,Derived by automated computational analysis using gene prediction method: GeneMarkS-2+.,OG0000539,Cloud,,,,Probably not conserved
GCF_000010805.1,ROP_RS00245,MSTRQIKAHLEVMFAPETDHGTPPENAGSVFAHQLSEAEENTALPLADIA,50,hypothetical protein, ,Derived by automated computational analysis using gene prediction method: Protein Homology.,OG0000313,Cloud,,,,Probably not conserved
GCF_000010805.1,ROP_RS44760,MADKSAVKSSKQSARALKERRAEKREKALESTQLTRKRKS,40,hypothetical protein, ,Derived by automated computational analysis using gene prediction method: Protein Homology.,OG0000004,Core,,,Cloud,Cloud
GCF_000010805.1,ROP_RS43120,MTNNHDDRASGPPDGSEVALTGIAVAVLAVSATRSPSTTGSARLQSRDANS,51,hypothetical protein, ,Derived by automated computational analysis using gene prediction method: GeneMarkS-2+.,OG0000998,,,,,Probably not conserved
GCF_000010805.1,ROP_RS00715,MTDETLVALKNYEYLILEHGCENVSLVWHTDSVVFGDDGWADIDMLTQPGFTPATECFAHRD,62,hypothetical protein, ,Derived by automated computational analysis using gene prediction method: Protein Homology.,OG0000270,Cloud,,,,Probably not conserved
GCF_000010805.1,ROP_RS43125,MTSIQPAGSGGGGVSGGPRSGSLADVIDKVAVAGICHFRRSLRDLDTVASADAGLSRSPSQHRLARRAS,69,hypothetical protein, ,Derived by automated computational analysis using gene prediction method: GeneMarkS-2+.,OG0000999,,,,,Probably not conserved
GCF_000010805.1,ROP_RS00810,MRTTDHERRRHTGGLALVEGREAGIAIPLGLALLVILVWAAVLGSSPLVLVILVAVAGIAALTAAAL,67,hypothetical protein, ,Derived by automated computational analysis using gene prediction method: Protein Homology.,OG0001000,,,,,Probably not conserved
GCF_000010805.1,ROP_RS43135,MCSVGVALDQDVTARGGPPRRMPVVVSSRNHSRWDVARPGVMGADQVAALRVAVLAYL,58,hypothetical protein, ,Derived by automated computational analysis using gene prediction method: GeneMarkS-2+.,OG0001001,,,,,Probably not conserved
GCF_000010805.1,ROP_RS45025,MTACAEGLILHRIAREDTTDPRPAFELVVRAALS,34,hypothetical protein, ,Derived by automated computational analysis using gene prediction method: Protein Homology.,OG0001002,,,,,Probably not conserved
GCF_000010805.1,ROP_RS00990,MRTGTVRWFNADQGFGFLAPADGSDDVFVHVSEIAGDGHRILVEGQRVSFTVCRTDTGNQARDVRIA,67,cold shock domain-containing protein, ,Derived by automated computational analysis using gene prediction method: Protein Homology.,OG0000157,Shell,group_2444,Cloud,Shell,Shell
GCF_000010805.1,ROP_RS43395,MSESTRDEKDEPKGGRPGPADHGKDGGMATRENAPELTEDSADAEND,47,hypothetical protein, ,Derived by automated computational analysis using gene prediction method: GeneMarkS-2+.,OG0000018,Core,group_2443,Cloud,Shell,Cloud
GCF_000010805.1,ROP_RS43140,MNTFTPTSARNRGFAPSRGSMSTVEIKNRIEAMFREDDERESIAVRAE,48,hypothetical protein, ,Derived by automated computational analysis using gene prediction method: GeneMarkS-2+.,OG0000190,Shell,group_2430,Cloud,Shell,Shell
GCF_000010805.1,ROP_RS01120,MNSAEEARQILQVTTRLITKFPAVPRESVEAAVQDAVVQFEGGRIRDFVPLLIERTATANLVSSVNA,67,hypothetical protein, ,Derived by automated computational analysis using gene prediction method: Protein Homology.,OG0000062,Soft core,group_136,Cloud,,Cloud
GCF_000010805.1,ROP_RS01305,MHSDTRIRETLHGHTKVTGRFALADVALTTFVCLVCATGIGIITGSVLAAATGGLIVVLATALMVAAV,68,hypothetical protein, ,Derived by automated computational analysis using gene prediction method: Protein Homology.,OG0000158,Shell,group_2398,Cloud,Shell,Shell
GCF_000010805.1,ROP_RS01560,MSEMVPTEDTRRIALVDLLDRVLGGGVVITGEITLSLADVDMVRISLRTLIASVSALVPDPAEQDSADG,69,gas vesicle protein, ,Derived by automated computational analysis using gene prediction method: Protein Homology.,OG0000145,Shell,group_2283,Cloud,Shell,Shell
GCF_000010805.1,ROP_RS01570,MNMGKKIRHRVETAEGAAKKAVGRATGNAHLEAEGSKEQARGNAKQMGDKVKDAGKKIKNALKH,64,csbd family protein, ,Derived by automated computational analysis using gene prediction method: Protein Homology.,OG0000073,Shell,group_2161,Cloud,Shell,Shell
GCF_000010805.1,ROP_RS01875,MSTNTYPTIETIRIGQYGHECRYCGHAVAKDGPGYRHTTTGQFRCDPTSRALQEARLSDSLVRS,64,hypothetical protein, ,Derived by automated computational analysis using gene prediction method: Protein Homology.,OG0000148,Shell,group_2235,Cloud,Cloud,Cloud
GCF_000010805.1,ROP_RS01915,MRTALCNALFAAFDHRICCGRIPEWTAHVGQTWDTYDIAPWNLYNVIWRIQNWIRCGIRD,60,hypothetical protein, ,Derived by automated computational analysis using gene prediction method: Protein Homology.,OG0000219,Shell,group_666,Cloud,Cloud,Cloud
GCF_000010805.1,ROP_RS43460,MARISKKSGADLLDALRVSVIGTVVCAGLVMGVIVVTMWNFPVPGV,46,hypothetical protein, ,Derived by automated computational analysis using gene prediction method: Protein Homology.,OG0000126,Shell,group_2515,Shell,Cloud,Shell
GCF_000010805.1,ROP_RS43465,MATVSITPATPTVSRTPRHGGSMSTAEIKSRIEAMFADDRTPARRAGSAVSS,52,hypothetical protein, ,Derived by automated computational analysis using gene prediction method: Protein Homology.,OG0000002,Conserved,group_2516,Shell,Cloud,Cloud
GCF_000010805.1,ROP_RS02225,MAVPKRRMSRANTRSRRAQWKAPVPALVTVTVGGITHRVPRRLVKAVQSGLIDSRDL,57,50s ribosomal protein l32, ,Derived by automated computational analysis using gene prediction method: Protein Homology.,OG0000060,Soft core,rpmF,Cloud,,Cloud
GCF_000010805.1,ROP_RS40935,MKVRASLKSLKNQPGSQVVRRRGRVYVINKQNPRFKARQG,40,type b 50s ribosomal protein l36, ,Derived by automated computational analysis using gene prediction method: Protein Homology.,OG0001003,,ykgO,Cloud,,Probably not conserved
GCF_000010805.1,ROP_RS02245,MTQQGAVGGIQADPDDIAGTEPVGLRETASSLTADAIVWPDPSPLDSWWKRVVIDHATALAEGEPSARPE,70,hypothetical protein, ,Derived by automated computational analysis using gene prediction method: GeneMarkS-2+.,OG0000191,Shell,,,Cloud,Cloud
GCF_000010805.1,ROP_RS02295,MNRTDLPQTLRRSSKEVQAAFATAHETAVRRYGEGEEAQRAAYGELKQSYELVTDHWVPKQD,62,chab family protein, ,Derived by automated computational analysis using gene prediction method: Protein Homology.,OG0000159,Shell,group_503,Cloud,Cloud,Cloud
GCF_000010805.1,ROP_RS02305,MNDDQRRALEHVRDTCAMLHCFLTTHSSDRPPERVRTATFEQLTDDLLDAVTSAQNVGVPEQRIFDSM,68,hypothetical protein, ,Derived by automated computational analysis using gene prediction method: Protein Homology.,OG0000135,Shell,group_2182,Cloud,Cloud,Cloud
GCF_000010805.1,ROP_RS02760,MAQEQTKRTGGGDEDDTPGGDGAAGQERREKLAEDTDDLLDEIDDVLEENAEDFVRAYVQKGGQ,64,ubiquitin-like protein pup, ,Derived by automated computational analysis using gene prediction method: Protein Homology.,OG0000037,Conserved,group_343,Shell,Shell,Shell
GCF_000010805.1,ROP_RS02875,MSSSDTAGETEFPASMGKVSRRELASHGYTRFDQLTMVTAKELLKIHGVGPKAIRILEEELAKRGLGFAG,70,hypothetical protein, ,Derived by automated computational analysis using gene prediction method: Protein Homology.,OG0000050,Conserved,,,Shell,Shell
GCF_000010805.1,ROP_RS44790,MENGPRRADDDLAEHSPSAKLLECVQYDHATPRVMARTSTLG,42,hypothetical protein, ,Derived by automated computational analysis using gene prediction method: GeneMarkS-2+.,OG0001004,,group_2527,Cloud,,Probably not conserved
GCF_000010805.1,ROP_RS03260,MVIDPTLLGILACPQDKGPLLLVGDELLYNPRLRRAYPIENGIPVLLIDEARDVDADEHETLLARASGAA,70,trm112 family protein, ,Derived by automated computational analysis using gene prediction method: Protein Homology.,OG0000038,Conserved,,,Soft core,Soft core
GCF_000010805.1,ROP_RS03335,MPKSKTHSGTAKRFKVSGSGKILRQKAGRRHLLEHKATKVTRRLDGVAVVSKADTPRIKRLLDI,64,50s ribosomal protein l35, ,Derived by automated computational analysis using gene prediction method: Protein Homology.,OG0000039,Conserved,rpmI,Shell,Soft core,Shell
GCF_000010805.1,ROP_RS03605,MPLIQISQTPGLSAEQKRATIEAVTKAYADATGKDPAAVWVTITEVPRDSWGVGGTPLG,59,2-hydroxymuconate tautomerase family protein, ,Derived by automated computational analysis using gene prediction method: Protein Homology.,OG0000160,Shell,group_2162,Shell,Shell,Shell
GCF_000010805.1,ROP_RS43470,MSVVLVYVLFIAAGIAAGGAYSMWKFNKLASGVLLALAVLAAVAGVLRLM,50,hypothetical protein, ,Derived by automated computational analysis using gene prediction method: Protein Homology.,OG0000040,Conserved,group_1297,Shell,Core,Shell
GCF_000010805.1,ROP_RS03815,MHVAVGDRLHVQGRVVGVHETTAEVVEVHGENGEPPYLVRYDDGHEALVFPGSDAWVEHPKS,62,duf1918 domain-containing protein, ,Derived by automated computational analysis using gene prediction method: Protein Homology.,OG0000041,Conserved,group_504,Shell,Soft core,Shell
GCF_000010805.1,ROP_RS43475,MATYRYLDKDRNVLEEQDFGTVQDAEEHRLSVLGAEIIEEVEDAGTPES,49,hypothetical protein, ,Derived by automated computational analysis using gene prediction method: Protein Homology.,OG0000054,Core,group_2183,Shell,Soft core,Shell
GCF_000010805.1,ROP_RS04365,MTDEDHLWYYNVEDGTVTQGKAASSMSRMGPYPDRASAEKALQIAAERNKAADRADEEWNN,61,hypothetical protein, ,Derived by automated computational analysis using gene prediction method: Protein Homology.,OG0000042,Conserved,group_2293,Shell,Soft core,Shell
GCF_000010805.1,ROP_RS04450,MSSDVSKLGDDELLALLGEHRALLGESIANDYGCGTVRTVTSRIAELEAELDRRGSAASRDGT,63,hypothetical protein, ,Derived by automated computational analysis using gene prediction method: Protein Homology.,OG0000192,Shell,group_2325,Shell,Shell,Shell
GCF_000010805.1,ROP_RS04630,MTVPDPRTSRNEAAGEVGGTIDGHPFNATLMPSGEGRHWLPLKIALCKLIGKDGAGAEVTVHLEQRFS,68,duf1905 domain-containing protein, ,Derived by automated computational analysis using gene prediction method: Protein Homology.,OG0001005,,group_55,Cloud,,Probably not conserved
GCF_000010805.1,ROP_RS04670,MTGAGILAVALVAIAAALVVYLLIALIDPERF,32,potassium-transporting atpase subunit f, ,Derived by automated computational analysis using gene prediction method: Protein Homology.,OG0000055,Core,group_2327,Shell,Soft core,Shell
GCF_000010805.1,ROP_RS04860,MDRMASWWDGFELWIAGLPFVPQVALVLLVMVPVCRGLAWLLDRGLAAVFVLLRRDVSKVEEP,63,hypothetical protein, ,Derived by automated computational analysis using gene prediction method: Protein Homology.,OG0000056,Core,group_427,Shell,Shell,Shell
GCF_000010805.1,ROP_RS43480,MSESERTDLDVDDELDAGQVWRAQRVVAAQSLDAADCRMLLSMLGIAGTPDSPESD,56,hypothetical protein, ,Derived by automated computational analysis using gene prediction method: Protein Homology.,OG0000161,Shell,group_2171,Shell,Shell,Shell
GCF_000010805.1,ROP_RS44000,MNDHHVQLFSELHSTAGSQASGEDAGEALRPVDPEHRTATEVHRALFSDQ,50,hypothetical protein, ,Derived by automated computational analysis using gene prediction method: GeneMarkS-2+.,OG0000162,Shell,group_2285,Shell,Shell,Shell
GCF_000010805.1,ROP_RS43170,MRALPTSHAARLQRSRTGAASFFPAGRQGERGIMPAPKTHRSARHA,46,hypothetical protein, ,Derived by automated computational analysis using gene prediction method: GeneMarkS-2+.,OG0000208,Shell,group_2409,Shell,Shell,Shell
GCF_000010805.1,ROP_RS05500,MVGKFERRKDTVQELTESAATHVGQIATIIAGAVRDVTREIGDWVSDGIEMREASKKAREDEAEDKPVD,69,hypothetical protein, ,Derived by automated computational analysis using gene prediction method: Protein Homology.,OG0000149,Shell,group_2446,Shell,Shell,Shell
GCF_000010805.1,ROP_RS43485,MTSSGDQAVPIAGPEDDLGGDPVCWLDRVCPDCGLFLTDHTASTCPRCGSARDR,54,hypothetical protein, ,Derived by automated computational analysis using gene prediction method: Protein Homology.,OG0000163,Shell,group_2435,Shell,Shell,Shell
GCF_000010805.1,ROP_RS43490,MTDERPGKKKSPPEKASRSTPKEATPDVSKTDLAAVVDALTATNEKNFDF,50,hypothetical protein, ,Derived by automated computational analysis using gene prediction method: Protein Homology.,OG0000164,Shell,group_2447,Shell,Shell,Shell
GCF_000010805.1,ROP_RS44015,MGDGDYRGPVGTFEVSASLRAEMRERHDVGDRFRAGDAYARFASTWLEDVESGFVLLAHERSGRR,65,hypothetical protein, ,Derived by automated computational analysis using gene prediction method: GeneMarkS-2+.,OG0001006,,group_277,Cloud,,Probably not conserved
GCF_000010805.1,ROP_RS06935,MPTHHPSRTYRGCALCSPRKRRGIGVAARETIPTLRKLGKVRRLVRGDLGDYADELWERGEW,62,hypothetical protein, ,Derived by automated computational analysis using gene prediction method: Protein Homology.,OG0000418,Cloud,group_2454,Cloud,Cloud,Cloud
GCF_000010805.1,ROP_RS44795,MGLIIGYAPRTVFWIRVGKSGFVAAIAIAFVLARTTAVARA,41,hypothetical protein, ,Derived by automated computational analysis using gene prediction method: GeneMarkS-2+.,OG0001007,,group_1824,Cloud,,Probably not conserved
GCF_000010805.1,ROP_RS07870,MGSGPVKAIMWSLLVVGLVGAGVGISELHVPWTVASLIVASVSGLVLLRIRADAHPELHSERRMAAG,67,hypothetical protein, ,Derived by automated computational analysis using gene prediction method: Protein Homology.,OG0000165,Shell,group_2193,Shell,Shell,Shell
GCF_000010805.1,ROP_RS07925,MNSTITGLIVGLLLAIAGILGGFSGFVFAVLLGALGMAVGAHRDGHLDLGAILRSRGRG,59,hypothetical protein, ,Derived by automated computational analysis using gene prediction method: Protein Homology.,OG0000026,Conserved,group_2303,Conserved,Shell,Shell
GCF_000010805.1,ROP_RS08110,MSEKKIDRVKAESALEVVRESPTIALITVAPALVVFGVVWWLFGFWSALVLVLILGVVAVVGRKLF,66,hypothetical protein, ,Derived by automated computational analysis using gene prediction method: Protein Homology.,OG0000025,Conserved,group_2209,Conserved,Soft core,Soft core
GCF_000010805.1,ROP_RS08240,MASSTDVRPKITLACEVCKHRNYITKKNRRNDPDRLEIKKFCPNCGTHQSHRESK,55,50s ribosomal protein l33, ,Derived by automated computational analysis using gene prediction method: Protein Homology.,OG0000024,Conserved,rpmG,Conserved,Conserved,Conserved
GCF_000010805.1,ROP_RS08390,MGALSPSHWAIIAVVLVVLFGSKKLPDAARGLGRSMRILKTEVGELQADAPEPEK,55,sec-independent protein translocase subunit tata, ,Derived by automated computational analysis using gene prediction method: Protein Homology.,OG0000019,Conserved,group_2146,Shell,Shell,Shell
GCF_000010805.1,ROP_RS08465,MIYLLALIGLVTVAVLMWKAFGPNTRPVLSTRVQGPDDDPDFLWKVDRETRRKKSGEPDAGPADPAG,67,hypothetical protein, ,Derived by automated computational analysis using gene prediction method: Protein Homology.,OG0000023,Conserved,group_2246,Shell,Conserved,Shell
GCF_000010805.1,ROP_RS41025,MGSVIKKRRKRMSKKKHRKLLRRTRVQRRKLGK,33,aurkaip1/cox24 domain-containing protein, ,Derived by automated computational analysis using gene prediction method: Protein Homology.,OG0000022,Conserved,group_1939,Conserved,Conserved,Conserved
GCF_000010805.1,ROP_RS43405,MIVLGLILLLIGWLTGLNWLWTIGIILVVIGVVLWILGATGRAVGGRRRWY,51,duf6131 family protein, ,Derived by automated computational analysis using gene prediction method: Protein Homology.,OG0000000,Conserved,group_2247,Shell,Shell,Shell
GCF_000010805.1,ROP_RS09260,MTFDSNTPRQFTRSDSQKMLAGVCGGVAEYFSVDVNLVRLLTVVATLVTGGTAALVYLAAWMLMPAGH,68,pspc domain-containing protein, ,Derived by automated computational analysis using gene prediction method: Protein Homology.,OG0000021,Conserved,group_2380,Conserved,Shell,Shell
GCF_000010805.1,ROP_RS10155,MATIEEFEQTVTDKVIAGLHDKFADYERRGVGLAELGDPDRFVERILAAVPAPHPWYEQFGTAWSTPA,68,hypothetical protein, ,Derived by automated computational analysis using gene prediction method: Protein Homology.,OG0000166,Shell,group_2132,Shell,Shell,Shell
GCF_000010805.1,ROP_RS10640,MNPVHDPDVVYLADHSVLLAIPAFVPAFLVAGLVIYLAVRDRKAEAAENAENAQHGPSEKDEEN,64,hypothetical protein, ,Derived by automated computational analysis using gene prediction method: Protein Homology.,OG0000167,Shell,group_2396,Shell,Shell,Shell
GCF_000010805.1,ROP_RS11235,MAAYQCPVCDYVYDEASGAPREGFPAGTPWADVPEDWPCPDCGVREKIDFETKVA,55,rubredoxin, ,Derived by automated computational analysis using gene prediction method: Protein Homology.,OG0000053,Core,group_2321,Shell,Shell,Shell
GCF_000010805.1,ROP_RS11240,MSTDFKLFRCAQCGFEYDEAEGWPEDGIEPGTRWDDIPDDWSCPDCGAAKADFDMVEVSRA,61,rubredoxin, ,Derived by automated computational analysis using gene prediction method: Protein Homology.,OG0000007,Conserved,group_2335,Shell,Shell,Shell
GCF_000010805.1,ROP_RS40355,MFVGVVVVIFSMTGVEVVTIAAAESAPVTDRSDQLGVDQAQAVLAGVGSVDTESDGNLADPARAVIV,67,hypothetical protein, ,Derived by automated computational analysis using gene prediction method: GeneMarkS-2+.,OG0001008,,group_137,Cloud,,Probably not conserved
GCF_000010805.1,ROP_RS43495,MARPQTPSISVSTPRMPRRPGGMSTAEIKARIEAMYADDRRRDTPTAR,48,hypothetical protein, ,Derived by automated computational analysis using gene prediction method: Protein Homology.,OG0000002,Conserved,group_1414,Cloud,,Cloud
GCF_000010805.1,ROP_RS44040,MISCSRCGDGPLITGTDPGTDEVPVPVRDWLAHHDWSVDSDLLCPNHS,48,hypothetical protein, ,Derived by automated computational analysis using gene prediction method: GeneMarkS-2+.,OG0000702,Cloud,group_1415,Cloud,,Cloud
GCF_000010805.1,ROP_RS43180,MLTTDPSCTIHPALTVNSDDSVSLQSTIGLVLVERMLAYYNATLASTV,48,hypothetical protein, ,Derived by automated computational analysis using gene prediction method: GeneMarkS-2+.,OG0000703,Cloud,group_1416,Cloud,,Cloud
GCF_000010805.1,ROP_RS44800,MPYVFLLAAIGAAFLGEPLTATKVFGLGLVVSGVVVLNLDGAH,43,hypothetical protein, ,Derived by automated computational analysis using gene prediction method: GeneMarkS-2+.,OG0001009,,group_1709,Cloud,,Probably not conserved
GCF_000010805.1,ROP_RS12970,MSVDEERRQIELVVDRLAVEHTTVSHDMVEQIVHEVHATFDGGVVRDFVPLLVERSAKRKIAALISF,67,hypothetical protein, ,Derived by automated computational analysis using gene prediction method: Protein Homology.,OG0000062,Soft core,group_138,Cloud,,Cloud
GCF_000010805.1,ROP_RS44080,MTSIPITTTSPSSGGDGTQDSCDAAALGDPVGESLRSHHAHFASRHGRAATYPPEVATFSAVAAGPGPQG,70,hypothetical protein, ,Derived by automated computational analysis using gene prediction method: GeneMarkS-2+.,OG0001010,,,,,Probably not conserved
GCF_000010805.1,ROP_RS43185,MTARYIARGVIALSAYPATMGERIAPARPIPIIAPYPLARASTGYTAVEVEV,52,hypothetical protein, ,Derived by automated computational analysis using gene prediction method: GeneMarkS-2+.,OG0001011,,group_1176,Cloud,,Probably not conserved
GCF_000010805.1,ROP_RS43500,MLDRLYAAVLAVAGLGYGGYILLDELTGGSDTPGEDEHHLDEVTPERVSTV,51,hypothetical protein, ,Derived by automated computational analysis using gene prediction method: Protein Homology.,OG0000168,Shell,group_2371,Cloud,,Cloud
GCF_000010805.1,ROP_RS44090,MGPEPAGILLDRKLCVFIQNASRSVWTLTAHVVGVGHVAGAHEARGLFP,49,hypothetical protein, ,Derived by automated computational analysis using gene prediction method: GeneMarkS-2+.,OG0001012,,group_1358,Cloud,,Probably not conserved
GCF_000010805.1,ROP_RS43505,MQFSVVLQLAGLIALSAFGTMLLAVGAFGSGGLCLAGATWWFWRLYRTSD,50,hypothetical protein, ,Derived by automated computational analysis using gene prediction method: Protein Homology.,OG0000271,Cloud,group_1298,Cloud,,Cloud
GCF_000010805.1,ROP_RS43190,MGDLLITVLLLGSFIGAALMIRYINTRTARPATARQRTRVTAADEKCSRESRSARL,56,hypothetical protein, ,Derived by automated computational analysis using gene prediction method: GeneMarkS-2+.,OG0000242,Shell,group_2082,Cloud,,Cloud
GCF_000010805.1,ROP_RS43195,MFEQFDKFADGELNGAEQGITVLRGASDGLSDAGGEFFDQWVGGHD,46,hypothetical protein, ,Derived by automated computational analysis using gene prediction method: GeneMarkS-2+.,OG0000704,Cloud,group_1544,Cloud,,Cloud
GCF_000010805.1,ROP_RS44810,MFVTYTFDLSTLKVVREVTFTDEPAVAEKFAAVGRLSPARNPVA,44,hypothetical protein, ,Derived by automated computational analysis using gene prediction method: GeneMarkS-2+.,OG0001013,,group_1655,Cloud,,Probably not conserved
GCF_000010805.1,ROP_RS43200,MNAPLGTLAAGPAAHIVEQGDSNALIRPLSEYTVVAQRSVVTQRPVVA,48,hypothetical protein, ,Derived by automated computational analysis using gene prediction method: GeneMarkS-2+.,OG0000705,Cloud,group_1417,Cloud,,Cloud
GCF_000010805.1,ROP_RS43415,MFVATAEGLPASGAPPQTSPAFSSSIATTDAIAQQNRTVADDLMFAHIGVGHVAFARGFGDEPEASA,67,hypothetical protein, ,Derived by automated computational analysis using gene prediction method: GeneMarkS-2+.,OG0001014,,group_139,Cloud,,Probably not conserved
GCF_000010805.1,ROP_RS43715,MATCRPGGDAPRFEGGGEFSPRGLGVLVVADGVEQLGIETFAAGDDRAVALAP,53,hypothetical protein, ,Derived by automated computational analysis using gene prediction method: GeneMarkS-2+.,OG0001015,,group_1115,Cloud,,Probably not conserved
GCF_000010805.1,ROP_RS40710,MKTRLTCPCGVAITGTDEDDLVARTQAHLTESHPGMEYSRDEILFIAY,48,duf1059 domain-containing protein, ,Derived by automated computational analysis using gene prediction method: Protein Homology.,OG0000249,Shell,group_1418,Cloud,,Cloud
GCF_000010805.1,ROP_RS43205,MRNDNRHQHESSGPTTDDPLVVGEPVRWPDPSPLANWWQQIVFGNRRAA,49,hypothetical protein, ,Derived by automated computational analysis using gene prediction method: GeneMarkS-2+.,OG0000191,Shell,group_1359,Cloud,,Cloud
GCF_000010805.1,ROP_RS44825,MTIPISAVRDWARAHGLAVSDHGRLSAEVWASYHAASHPES,41,histone-like nucleoid-structuring protein lsr2, ,Derived by automated computational analysis using gene prediction method: Protein Homology.,OG0000314,Cloud,group_1825,Cloud,,Cloud
GCF_000010805.1,ROP_RS15865,MATYRVLDPTGTVVETKDIESAEDAHAWFVDVRADNSELGWRMEVQHTDGWSFFDDTEGAR,61,hypothetical protein, ,Derived by automated computational analysis using gene prediction method: Protein Homology.,OG0000066,Soft core,group_1992,Cloud,,Cloud
GCF_000010805.1,ROP_RS16000,MHPVAKRQRLEVLIGILGFFTVMAFVAAVVEVFRGDPGVTPALVLLGCLVLSGLAITARNRVR,63,hypothetical protein, ,Derived by automated computational analysis using gene prediction method: Protein Homology.,OG0000051,Conserved,group_2423,Shell,Cloud,Cloud
GCF_000010805.1,ROP_RS16430,MSTSSVTVTGMTCDHCVSSVTEEISALPGVTSVNVDLATGKVVIDSTTDLDPGAVADAVEEAGYSLAG,68,heavy metal-associated domain-containing protein, ,Derived by automated computational analysis using gene prediction method: Protein Homology.,OG0000006,Conserved,group_2406,Shell,,Shell
GCF_000010805.1,ROP_RS44165,MLFTTVRINTLRLVDELPPPALRGEYCTPDFDAALVLLADPAHHSGGVLSAPAPVARFAAAH,62,hypothetical protein, ,Derived by automated computational analysis using gene prediction method: GeneMarkS-2+.,OG0001016,,group_505,Cloud,,Probably not conserved
GCF_000010805.1,ROP_RS41240,MSGTVHTEPDGTIDLWFGPSAPAGKEANWIRTVPAKSWFPMLRLYGPLQPWFDKQWQPGELHEVSPEA,68,duf1214 domain-containing protein, ,Derived by automated computational analysis using gene prediction method: Protein Homology.,OG0000359,Cloud,group_56,Cloud,,Cloud
GCF_000010805.1,ROP_RS16710,MRAAAAELPRGIRINAVSPSVVTEALDVYGDFFPGFAPVPAAEVARAFVKSVAGIHTGRVYELG,64,hypothetical protein, ,Derived by automated computational analysis using gene prediction method: GeneMarkS-2+.,OG0000706,Cloud,group_344,Cloud,,Cloud
GCF_000010805.1,ROP_RS44170,MGDRIPHVRAACGERFFALFTAWAEGRPKVSTRADAEVFTAHLESIGELPAPTRRRLFSLRRN,63,hypothetical protein, ,Derived by automated computational analysis using gene prediction method: GeneMarkS-2+.,OG0001017,,group_428,Cloud,,Probably not conserved
GCF_000010805.1,ROP_RS17030,MIDICHGTLIVHTLYGAECTDESCVELSEVRHALIIDCDEFGDCVCSAEFAEQWRHAS,58,hypothetical protein, ,Derived by automated computational analysis using gene prediction method: Protein Homology.,OG0000169,Shell,group_2231,Shell,,Shell
GCF_000010805.1,ROP_RS41275,MAKGKRTFQPNNRRRARVHGFRLRMRTRAGRAIVSARRRKGRESLTA,47,50s ribosomal protein l34, ,Derived by automated computational analysis using gene prediction method: Protein Homology.,OG0000052,Conserved,rpmH,Conserved,,Conserved
GCF_000010805.1,ROP_RS44830,MEASETAPFLIGMVVGGAVLGGLVGAAGAAFGWRLGRHRQV,41,hypothetical protein, ,Derived by automated computational analysis using gene prediction method: GeneMarkS-2+.,OG0000707,Cloud,group_1826,Cloud,,Cloud
GCF_000010805.1,ROP_RS44835,METSETAPFLIGMVVGGAVLGGLVGAAGAAFGWRLGRHRQV,41,hypothetical protein, ,Derived by automated computational analysis using gene prediction method: GeneMarkS-2+.,OG0000707,Cloud,group_1827,Cloud,,Cloud
GCF_000010805.1,ROP_RS43525,MAQPTDAQIAAARGMVKIDRKLGRSSKPEVVELARRRTSRETDPRQPNHPARAS,54,hypothetical protein, ,Derived by automated computational analysis using gene prediction method: Protein Homology.,OG0000229,Shell,group_1062,Cloud,,Cloud
GCF_000010805.1,ROP_RS17775,MLELGLKRTLPGRRAVGRHQHRRGTAVTIVAANVHHPKAVPAPVVAAAIIESTFTPPSHHNR,62,hypothetical protein, ,Derived by automated computational analysis using gene prediction method: GeneMarkS-2+.,OG0001018,,group_506,Cloud,,Probably not conserved
GCF_000010805.1,ROP_RS43210,MPAVVHFAGIAFLAAVGTMLMLVGAIGSGGACVAASVVWFWRLYRADGR,49,hypothetical protein, ,Derived by automated computational analysis using gene prediction method: Protein Homology.,OG0000271,Cloud,group_1360,Cloud,,Cloud
GCF_000010805.1,ROP_RS17800,MTYTELFNFCCEIFGEPRQRGTSHAVFKMPWAGDPRVNIQKGSGGKAKPYQVGQVVIAYDKLTKEADNG,69,hypothetical protein, ,Derived by automated computational analysis using gene prediction method: Protein Homology.,OG0000708,Cloud,group_0,Cloud,,Cloud
GCF_000010805.1,ROP_RS44840,MFGGSARLISTWLINRTDNPASPWSFYVATCMLSLVALML,40,hypothetical protein, ,Derived by automated computational analysis using gene prediction method: GeneMarkS-2+.,OG0000540,Cloud,group_1876,Cloud,,Cloud
GCF_000010805.1,ROP_RS44230,MTLWVRDLADVNRFEALLEKVLAGARIADRAVVIRPAVHAGRLLDARGFVTGLSALHDDPA,61,hypothetical protein, ,Derived by automated computational analysis using gene prediction method: GeneMarkS-2+.,OG0001019,,group_593,Cloud,,Probably not conserved
GCF_000010805.1,ROP_RS18625,MSDRDASIFESERELDEDSVRKAQRTVAHHSIDADDCRMLLAALGIPLVRDADNAAGAEAL,61,hypothetical protein, ,Derived by automated computational analysis using gene prediction method: Protein Homology.,OG0000170,Shell,group_2353,Shell,,Shell
GCF_000010805.1,ROP_RS19080,MSLYLQPRQSGAAPTPYERKLAGAIEEVFGTGVHHLEGLVKGLNALGIHSPGGEAWTTDTFTDEIRRMGA,70,recombinase-like helix-turn-helix domain-containing protein, ,Derived by automated computational analysis using gene prediction method: Protein Homology.,OG0000171,Shell,,,,Probably not conserved
GCF_000010805.1,ROP_RS19375,MFVCICKAVTEDEVHEHCAAGADSADAIGERCGAGWGCGTCVDRLKEILGERTVVGSTAA,60,(2fe-2s)-binding protein, ,Derived by automated computational analysis using gene prediction method: Protein Homology.,OG0000150,Shell,group_2172,Shell,,Shell
GCF_000010805.1,ROP_RS19725,MTDSQARDFDAEDFLASRREWLEVSVVEVEKDCFDVVLKIDGTYFDRETADRVAESFARDVRALLPEVDQ,70,hypothetical protein, ,Derived by automated computational analysis using gene prediction method: GeneMarkS-2+.,OG0001020,,,,,Probably not conserved
GCF_000010805.1,ROP_RS44235,MISEQVFWRDTEEVGYLPEVLDAELDSAEHSARCRLLGDVEGLCQIALREASPG,54,hypothetical protein, ,Derived by automated computational analysis using gene prediction method: GeneMarkS-2+.,OG0001021,,group_1063,Cloud,,Probably not conserved
GCF_000010805.1,ROP_RS19830,MPTNPTRTTWAQYIAAEAHADATEHQYRQSPTNFNAKRWSAAVERLAAIRTILIMTGQMSHD,62,hypothetical protein, ,Derived by automated computational analysis using gene prediction method: GeneMarkS-2+.,OG0001022,,group_507,Cloud,,Probably not conserved
GCF_000010805.1,ROP_RS43215,MVTPLVKQFSQHVCEFVDLGHNLPVLVVGVRVNDDFDLAAAAHQSAA,47,hypothetical protein, ,Derived by automated computational analysis using gene prediction method: GeneMarkS-2+.,OG0001023,,group_1480,Cloud,,Probably not conserved
GCF_000010805.1,ROP_RS43220,MHHKVSIERIPAADQYGMEFDIERPHPDAILADSTRTSKGITLTWLIPDTDAQEN,55,hypothetical protein, ,Derived by automated computational analysis using gene prediction method: GeneMarkS-2+.,OG0001024,,group_1005,Cloud,,Probably not conserved
GCF_000010805.1,ROP_RS19875,MNSWEAMTYDEQRALLGLPDVRWYVATQSLKRGMTEIKAAFERVAEAIAPAVRAFNEAVEGLEIK,65,hypothetical protein, ,Derived by automated computational analysis using gene prediction method: GeneMarkS-2+.,OG0001025,,group_278,Cloud,,Probably not conserved
GCF_000010805.1,ROP_RS19900,MPEHQKRPAKWGEVRDRLIAVCEDAQQQRATATTHTPCCSSHRVDMNCETYRRTHFVEVGPCCAAWTDD,69,hypothetical protein, ,Derived by automated computational analysis using gene prediction method: GeneMarkS-2+.,OG0001026,,group_1,Cloud,,Probably not conserved
GCF_000010805.1,ROP_RS19920,MNETQQEADDEQAYELIYDQGKAAFWDGKGVWCHDHHDGSFEQRLWLDGWTEAKRQHDTRAQRTRN,66,hypothetical protein, ,Derived by automated computational analysis using gene prediction method: GeneMarkS-2+.,OG0001027,,group_208,Cloud,,Probably not conserved
GCF_000010805.1,ROP_RS43230,MIAITYADRDAAIEAWRTLTDDQQQFAVGVLSHANPEALLAAIAFTRDHPDAPRASA,57,hypothetical protein, ,Derived by automated computational analysis using gene prediction method: GeneMarkS-2+.,OG0001028,,group_858,Cloud,,Probably not conserved
GCF_000010805.1,ROP_RS20215,MGIADKASNKAEDLKGQAKEATGKATGDPDLRDEGKADQASSAVKDAGEKVKDAAKNLKDKLT,63,csbd family protein, ,Derived by automated computational analysis using gene prediction method: Protein Homology.,OG0000011,Conserved,group_2411,Conserved,Shell,Shell
GCF_000010805.1,ROP_RS42710,MSELTTWEYATVPLLTHATKQILDQWGTDGWELVTVLPGPTGEQHVAYLKRPKG,54,duf4177 domain-containing protein, ,Derived by automated computational analysis using gene prediction method: Protein Homology.,OG0000012,Conserved,group_2273,Conserved,Shell,Shell
GCF_000010805.1,ROP_RS21100,MAQGTVKWFNAEKGFGFIAPEDGSADVFVHYSEIQGSGFRTLEENQRVEFEVGQGTKGPQATGVRAV,67,cold-shock protein, ,Derived by automated computational analysis using gene prediction method: Protein Homology.,OG0000013,Conserved,group_128,Conserved,Shell,Shell
GCF_000010805.1,ROP_RS44855,MAMQVFSLIAILGALIVLIPTALRVFGKSDNVKAPDETEE,40,hypothetical protein, ,Derived by automated computational analysis using gene prediction method: Protein Homology.,OG0000172,Shell,group_2042,Shell,Shell,Shell
GCF_000010805.1,ROP_RS21135,MSDSLKDRVREKLLRQLAEDGGHPVQEAEGDDPRLVSIDSDLAALEQASEGDLVIEELAAKYWVP,65,hypothetical protein, ,Derived by automated computational analysis using gene prediction method: Protein Homology.,OG0000014,Conserved,group_2342,Conserved,Soft core,Soft core
GCF_000010805.1,ROP_RS21545,MVYVSSPSKSVESLAVVLIAVGVVLLALLTLYLVGFDQGAISRSGMYLHELMHDGRHLLGVPCH,64,cbtb domain-containing protein, ,Derived by automated computational analysis using gene prediction method: Protein Homology.,OG0000173,Shell,group_2252,Shell,Shell,Shell
GCF_000010805.1,ROP_RS21565,MALAYAPGSSVDTTRLAVISFAIVLFAMLALYLVGFDQGAISRSGMYMHELMHDGRHLLGLPCH,64,cbtb domain-containing protein, ,Derived by automated computational analysis using gene prediction method: Protein Homology.,OG0000008,Conserved,group_2468,Conserved,Soft core,Soft core
GCF_000010805.1,ROP_RS41395,MWCPCRLCSGRPRIPPNKKIFDKIVSQAQLGLTEPEDLADTILFLASPLSRRITGQVISVNGGISVA,67,sdr family oxidoreductase, ,Derived by automated computational analysis using gene prediction method: Protein Homology.,OG0000419,Cloud,group_140,Cloud,,Cloud
GCF_000010805.1,ROP_RS23475,MAQGVVKWFNSEKGFGFIAPDDGSADVFVHYSEISGSGYKSLEENQRVEFEVGQGQKGPQAQNVRAV,67,cold-shock protein, ,Derived by automated computational analysis using gene prediction method: Protein Homology.,OG0000003,Conserved,group_141,Shell,Shell,Shell
GCF_000010805.1,ROP_RS23765,MEVRVDFDRCEANGVCVGIAPDIFELDDDDQLHITTAVPPADREEDVRTAIAQCPRAALTEHP,63,ferredoxin, ,Derived by automated computational analysis using gene prediction method: Protein Homology.,OG0000005,Conserved,group_2144,Shell,Shell,Shell
GCF_000010805.1,ROP_RS43535,MAAKTTAENDIADEDLEPLADETARQAQRVVAAYAEDADECRMLLSMLGIGPTTKLD,57,hypothetical protein, ,Derived by automated computational analysis using gene prediction method: Protein Homology.,OG0000015,Conserved,group_859,Shell,Shell,Shell
GCF_000010805.1,ROP_RS23890,MQVDSCRSAVLEAVEALPALERETLALVFYRGMSCDEVAATMKTTVDVVRDRLHVGARTLLAGVGGRL,68,sigma factor-like helix-turn-helix dna-binding protein, ,Derived by automated computational analysis using gene prediction method: GeneMarkS-2+.,OG0000174,Shell,group_2332,Shell,Shell,Shell
GCF_000010805.1,ROP_RS43545,MPAHSASHASVSSTAARGGATMSTEEIKARIEAMFADEATDASPALVE,48,hypothetical protein, ,Derived by automated computational analysis using gene prediction method: Protein Homology.,OG0000002,Conserved,group_2311,Shell,Shell,Shell
GCF_000010805.1,ROP_RS43550,MTTHNAENTPHDGEVLVLGAGSGGAIAGGLIATLALSALTLLSSLPT,47,hypothetical protein, ,Derived by automated computational analysis using gene prediction method: Protein Homology.,OG0000146,Shell,group_2277,Shell,Shell,Shell
GCF_000010805.1,ROP_RS41415,MSSRIATTLAAIALTLSLGTLAAPAAVAAPAAPSPTPAVGSIAVCLNLPLGSASISFCI,59,hypothetical protein, ,Derived by automated computational analysis using gene prediction method: Protein Homology.,OG0000175,Shell,group_2150,Shell,Shell,Shell
GCF_000010805.1,ROP_RS24435,MGRGRAKAKQTKVARELKYSVPTTDFDSLQRELSGGSSNSHRDEVFADQRADREGHSREDDDDWRR,66,duf3073 domain-containing protein, ,Derived by automated computational analysis using gene prediction method: Protein Homology.,OG0000049,Conserved,group_209,Shell,Shell,Shell
GCF_000010805.1,ROP_RS24725,MTPKDDSGPKTTPTDSGAPGADKDVMSDPAEDDKGSGADWSGEGGATPEGPATDSDSDSAD,61,hypothetical protein, ,Derived by automated computational analysis using gene prediction method: Protein Homology.,OG0000020,Core,group_2276,Shell,Shell,Shell
GCF_000010805.1,ROP_RS24970,MANNSKKQYVDPGWPETADGDHAVTELSSTRAGGLSPFGEDTEFPLPAESLPYAHPHTVINR,62,hypothetical protein, ,Derived by automated computational analysis using gene prediction method: Protein Homology.,OG0000048,Conserved,group_2147,Shell,Shell,Shell
GCF_000010805.1,ROP_RS44880,MLGIMLGLGGAAIGLGIGVMALGVGLLLSDATIKHDVGELPD,42,hypothetical protein, ,Derived by automated computational analysis using gene prediction method: GeneMarkS-2+.,OG0000176,Shell,group_1761,Shell,Shell,Shell
GCF_000010805.1,ROP_RS25330,MSFVDTLKGLLGKGKEAASQNADKVHGAIDKAADVADSKTGGKYSDKIDKAADAAKKAVPPKE,63,antitoxin, ,Derived by automated computational analysis using gene prediction method: Protein Homology.,OG0000010,Conserved,group_2241,Shell,Shell,Shell
GCF_000010805.1,ROP_RS43560,MKANPDRHDQLPEHQRIADLVDDMEDRLAAEREAKGIAGNASERKQAEQVEPDDQAPE,58,hypothetical protein, ,Derived by automated computational analysis using gene prediction method: Protein Homology.,OG0000177,Shell,group_2271,Shell,Shell,Shell
GCF_000010805.1,ROP_RS43565,MIVLGIILLVIGLVAGISILTTIGIILLVIGLVLLLLGTTGRAVGGRKYWY,51,duf6131 family protein, ,Derived by automated computational analysis using gene prediction method: Protein Homology.,OG0000193,Shell,group_2133,Shell,Shell,Shell
GCF_000010805.1,ROP_RS25785,MRIGRLLSLIVIIWLIIGAIAVWQRGYFKDAQADCASAGTIAVTVIAGPLNYAGVNPKIDCEVPQPSQ,68,hypothetical protein, ,Derived by automated computational analysis using gene prediction method: Protein Homology.,OG0000017,Conserved,group_2272,Shell,Shell,Shell
GCF_000010805.1,ROP_RS41455,MGKFLVPGVVSAVVGVALGTVATLGITAAAQDNTRPEIDRSGNADSSLLNQVEYGSR,57,duf2613 domain-containing protein, ,Derived by automated computational analysis using gene prediction method: Protein Homology.,OG0000016,Conserved,group_860,Shell,Shell,Shell
GCF_000010805.1,ROP_RS43570,MIAIGVVLLVVGLVVKISSLWIAGLIVGAVGLLLLLLGLLGRKVGGRKYWY,51,hypothetical protein, ,Derived by automated computational analysis using gene prediction method: Protein Homology.,OG0000000,Conserved,group_2200,Cloud,Cloud,Cloud
GCF_000010805.1,ROP_RS43575,MSSHSALRRWVAEQMGIDVEIADPAVLAYVDEVTAVAEAGYVRSLLALASYHPLVG,56,hypothetical protein, ,Derived by automated computational analysis using gene prediction method: Protein Homology.,OG0000120,Shell,group_922,Cloud,,Cloud
GCF_000010805.1,ROP_RS26595,MATYRVLDPTGTVVETKDIESAQDAHAWFVDVRADNSELGWRMEVQHTDGWSFFDDTEGAR,61,hypothetical protein, ,Derived by automated computational analysis using gene prediction method: Protein Homology.,OG0000066,Soft core,group_1958,Cloud,,Cloud
GCF_000010805.1,ROP_RS26755,MDIHVDYDRCEGHGECVIAAPEIFDLNDDGDEVIVLDDSPAEALRPKAEAAVKLCPVAALRIDH,64,ferredoxin, ,Derived by automated computational analysis using gene prediction method: Protein Homology.,OG0000001,Conserved,group_2281,Cloud,Cloud,Cloud
GCF_000010805.1,ROP_RS26835,MKIQIEYGMCDGHGECVIAAPEVFDLNDDGDEVILLDETPAEELRDKVNAAIKLCPVAAIRIEG,64,ferredoxin, ,Derived by automated computational analysis using gene prediction method: Protein Homology.,OG0000001,Conserved,group_2157,Cloud,Cloud,Cloud
GCF_000010805.1,ROP_RS26865,MPFIDVTIGLGRSPEQIRSLIHELTEAAHRAIEAPKENIRVVVREVPETHWAAGDVTIAERRAAR,65,tautomerase family protein, ,Derived by automated computational analysis using gene prediction method: Protein Homology.,OG0000315,Cloud,group_279,Cloud,Cloud,Cloud
GCF_000010805.1,ROP_RS44885,MPTALEESRRHAIDLTNEKIQAVKDFFINIFRLDTTHRTEA,41,hypothetical protein, ,Derived by automated computational analysis using gene prediction method: GeneMarkS-2+.,OG0000178,Shell,group_2433,Shell,Shell,Shell
GCF_000010805.1,ROP_RS43580,MWWIAWVALAWIALSVPLAILIGKAIRQKDLHELPATENATSKHDPPDRTVA,52,hypothetical protein, ,Derived by automated computational analysis using gene prediction method: Protein Homology.,OG0000079,Soft core,group_2417,Shell,Shell,Shell
GCF_000010805.1,ROP_RS43585,MFTNVTDTPTPTVSKALWSTAEIKARLEQMDIPRSHTRRGPRWGSRDR,48,hypothetical protein, ,Derived by automated computational analysis using gene prediction method: Protein Homology.,OG0000179,Shell,group_2404,Shell,Shell,Shell
GCF_000010805.1,ROP_RS27890,MTTFITLLCMALLAAAVAHYGPKEGGKGAFRLEQFRIGAPLGGIFPDQPSSPEDPDWTSPR,61,hypothetical protein, ,Derived by automated computational analysis using gene prediction method: Protein Homology.,OG0000194,Shell,group_2330,Cloud,Shell,Shell
GCF_000010805.1,ROP_RS28170,MAGRNEIRPIVKLKSTAGTGYTYVTRKNRRNDPDRLVMKKYDPVARKHVDFREEK,55,50s ribosomal protein l33, ,Derived by automated computational analysis using gene prediction method: Protein Homology.,OG0000047,Conserved,group_2305,Shell,Shell,Shell
GCF_000010805.1,ROP_RS43595,MSDAELRKAIRVLRERADDARHRGNDDDANGIERTIRTYQEEMTQRL,47,hypothetical protein, ,Derived by automated computational analysis using gene prediction method: Protein Homology.,OG0000059,Core,group_1481,Shell,Shell,Shell
GCF_000010805.1,ROP_RS28445,MAEGIVKWFNSEKGFGFIAPEDGSADVFVHYSEIQSGGFRTLEENQRVSFEIGQGNKGPQATGVSVI,67,cold-shock protein, ,Derived by automated computational analysis using gene prediction method: Protein Homology.,OG0000046,Conserved,group_2233,Shell,Shell,Shell
GCF_000010805.1,ROP_RS43600,MDDAFEQELERRLLLLESPDGGGMILPDLPWRDVAVAIAGIVFTITVLLWWGY,53,hypothetical protein, ,Derived by automated computational analysis using gene prediction method: Protein Homology.,OG0000272,Shell,group_2312,Shell,Shell,Shell
GCF_000010805.1,ROP_RS43245,MGESNSECRCGHPFAAHEHYRAGTSCAICDCPRFRRSFSGLIRKLLGR,48,hypothetical protein, ,Derived by automated computational analysis using gene prediction method: GeneMarkS-2+.,OG0000709,Cloud,group_2288,Cloud,Cloud,Cloud
GCF_000010805.1,ROP_RS29340,MSEDRRNSRLLPVRRVLAAAGIAGLVAGGGMAGAADPATPDSTVAAPLVSAGFGAPDAVSSGS,63,hypothetical protein, ,Derived by automated computational analysis using gene prediction method: Protein Homology.,OG0000180,Shell,group_2175,Shell,Shell,Shell
GCF_000010805.1,ROP_RS29480,MNRVVGAVRTAWWWTGALMGDHDYSRYVEHLRRHHPDAEVPSEREYWRARYADADANPGARCC,63,ybdd/yjix family protein, ,Derived by automated computational analysis using gene prediction method: Protein Homology.,OG0000045,Conserved,group_2289,Shell,Core,Shell
GCF_000010805.1,ROP_RS29560,MAEPVKGPASYFPSIEAKYGRPISEWQTLIRSSELTKHMELVSWLKSEHGLGHGHANALVAHTLKEDAAG,70,duf4287 domain-containing protein, ,Derived by automated computational analysis using gene prediction method: Protein Homology.,OG0000027,Conserved,,,Shell,Shell
GCF_000010805.1,ROP_RS43620,MDLAFLSEFFSAFSDLAGALDFFSGSADAVGGGADAATAAAATLG,45,hypothetical protein, ,Derived by automated computational analysis using gene prediction method: Protein Homology.,OG0000181,Shell,group_2197,Shell,Shell,Shell
GCF_000010805.1,ROP_RS43425,MKASKVSGLKPKKKCCRSKTRCIKCPVVIMRMKKLENEGASKKELKKGLKKARAA,55,hypothetical protein, ,Derived by automated computational analysis using gene prediction method: GeneMarkS-2+.,OG0000044,Conserved,group_2219,Shell,Soft core,Shell
GCF_000010805.1,ROP_RS43625,MYNWDVQNAIVAFVDTLRPSWPAQHDLYYSVLYGFADMQSHLLTLLGYPPVA,52,hypothetical protein, ,Derived by automated computational analysis using gene prediction method: Protein Homology.,OG0000058,Core,group_1177,Shell,Shell,Shell
GCF_000010805.1,ROP_RS29810,MTSFDAADSPEVPEADRLEQEIAVDDDNSDEVEEVSSLEVNEADAAEQSRAVPVDEDYPRG,61,hypothetical protein, ,Derived by automated computational analysis using gene prediction method: Protein Homology.,OG0000057,Core,group_2212,Shell,Shell,Shell
GCF_000010805.1,ROP_RS29945,MAAMKPRTGDGPLEATKEGRGIVMRVPLEGGGRLVVELTPEEAAALGEELKGVTS,55,duf3117 domain-containing protein, ,Derived by automated computational analysis using gene prediction method: Protein Homology.,OG0000043,Conserved,group_1006,Shell,Shell,Shell
GCF_000010805.1,ROP_RS40760,MSDRDNNVLENDLVEESLVEEVSIDGMCGVY,31,mycofactocin precursor mfta, ,"Mycofactocin is a small molecule electron carrier derived from the final two amino acids, Val-Tyr, of MftA, the mycofactocin precursor. It plays a role in redox homeostasis and the metabolism of alcohols and aldehydes in Actinobacteria, including Mycobacterium tuberculosis; Derived by automated computational analysis using gene prediction method: Protein Homology.",OG0000009,Conserved,group_2326,Conserved,Shell,Shell
GCF_000010805.1,ROP_RS30780,MAKKALVNKANKKPKFAVRAYTRCQRCGRPHSVFRKFGLCRICVREMAHAGELPGVHKSSW,61,type z 30s ribosomal protein s14, ,Derived by automated computational analysis using gene prediction method: Protein Homology.,OG0000028,Conserved,group_2294,Conserved,Soft core,Soft core
GCF_000010805.1,ROP_RS30805,MAELKVTQIKSTIGTKQNQRNSLRTLGLKGIRQTVVREDNAQNRGLINVVRHLVTVEEV,59,50s ribosomal protein l30, ,Derived by automated computational analysis using gene prediction method: Protein Homology.,OG0000029,Conserved,rpmD,Conserved,Soft core,Soft core
GCF_000010805.1,ROP_RS30840,MKVQPSVKKICEKCKVIRRNGRVMVICENLRHKQRQG,37,50s ribosomal protein l36, ,Derived by automated computational analysis using gene prediction method: Protein Homology.,OG0000030,Conserved,rpmJ,Conserved,Soft core,Soft core
GCF_000010805.1,ROP_RS43630,MIGAVALALLAAGAYVVVSGHEPATVELPTPSFVPAAVPAADLATV,46,hypothetical protein, ,Derived by automated computational analysis using gene prediction method: GeneMarkS-2+.,OG0000220,Shell,group_2379,Shell,Shell,Shell
GCF_000010805.1,ROP_RS42780,MTRPAIREGLTGTVAQAVHEAEARVRGAVPAARRIYIEPGLFRATEGIG,49,hypothetical protein, ,Derived by automated computational analysis using gene prediction method: GeneMarkS-2+.,OG0001029,,group_1361,Cloud,,Probably not conserved
GCF_000010805.1,ROP_RS44900,MLVIGIILALSLASVAWLCVSTAQGGRSGLAGPPRSHLHSD,41,hypothetical protein, ,Derived by automated computational analysis using gene prediction method: GeneMarkS-2+.,OG0000182,Shell,group_2124,Shell,Shell,Shell
GCF_000010805.1,ROP_RS32155,MTFTVTHRSFDQLAEFAVTDFGDDDSYSIHESGALVIVRAARELIYAPGSWFLVEREDGQEDGSPGNYM,69,hypothetical protein, ,Derived by automated computational analysis using gene prediction method: Protein Homology.,OG0000151,Shell,group_2,Shell,Shell,Shell
GCF_000010805.1,ROP_RS43250,MTDADNEDTKKKFREALERKNHQAGLSADHKDAHSKVHEAHGPADHKREFRRKTG,55,duf5302 domain-containing protein, ,Derived by automated computational analysis using gene prediction method: Protein Homology.,OG0000031,Conserved,group_2470,Core,Soft core,Soft core
GCF_000010805.1,ROP_RS41625,MAAVCDVCAKGPGFGKSVSHSHRRTNRRWNPNIQTVRAEVAPGNTRKVNVCTSCLKAGKVARG,63,50s ribosomal protein l28, ,Derived by automated computational analysis using gene prediction method: Protein Homology.,OG0000032,Conserved,rpmB,Conserved,Soft core,Soft core
GCF_000010805.1,ROP_RS41630,MAVPKRRMSRSNTRSRRSQWKTTVPTLVTCPNRGCGEKTLPHVACPSCGTYKGRQVTAAV,60,50s ribosomal protein l32, ,Derived by automated computational analysis using gene prediction method: Protein Homology.,OG0000033,Conserved,group_2479,Conserved,Soft core,Soft core
GCF_000010805.1,ROP_RS43635,MTDVFLLGAVLSGGVGVLGLAVALFGGAESNPLCACTFDGRTEVCDDRRS,50,hypothetical protein, ,Derived by automated computational analysis using gene prediction method: Protein Homology.,OG0000360,Cloud,group_2300,Cloud,Cloud,Cloud
GCF_000010805.1,ROP_RS40770,MRLLRGLLDVVLGILTAVLGTVLGIVAAVVWLVGGILCVTILLIPLGLPVMRLARRLFTLAGKLMHLP,68,hypothetical protein, ,Derived by automated computational analysis using gene prediction method: Protein Homology.,OG0000152,Shell,group_2196,Shell,Shell,Shell
GCF_000010805.1,ROP_RS33485,MFWKIVLAVAAIWIALAVVGALVKGLFWILVVSAVVFGVYLLIKAMSGSGEKSDITRS,58,hypothetical protein, ,Derived by automated computational analysis using gene prediction method: Protein Homology.,OG0000034,Conserved,group_808,Shell,Soft core,Shell
GCF_000010805.1,ROP_RS33510,MRLTEFHELVREEFGQMRGDALLVDHVLLSLGGKTAAEAIEDGREPREVWRELCAEFDVPPQRR,64,duf3046 domain-containing protein, ,Derived by automated computational analysis using gene prediction method: Protein Homology.,OG0000035,Conserved,group_2481,Conserved,Soft core,Soft core
GCF_000010805.1,ROP_RS33785,MPGTLTSPPLTAADRCDRCGAGARVRAVLPTGGELLFCGHHANEHADRLREMNATIVSEAEAAI,64,hypothetical protein, ,Derived by automated computational analysis using gene prediction method: Protein Homology.,OG0000036,Conserved,group_2483,Conserved,Soft core,Soft core
GCF_000010805.1,ROP_RS43255,MRLDDATRHKVTCLPDRVRTVAAIGRLRDSTGMTPPTAKDAVDQL,45,hypothetical protein, ,Derived by automated computational analysis using gene prediction method: GeneMarkS-2+.,OG0000361,Cloud,group_1607,Cloud,Cloud,Cloud
GCF_000010805.1,ROP_RS34505,MAGIESKFDKAYETKPVEELAGAPVAALQGVSDSDAEHLAAAFNIKTVKDLGTNKYFLWAQAVAKLAE,68,hypothetical protein, ,Derived by automated computational analysis using gene prediction method: Protein Homology.,OG0000070,Soft core,group_2484,Soft core,Shell,Soft core
GCF_000010805.1,ROP_RS42805,MIEVIVAVVAGVFAILLELLRRSSNKREKQQQQLLDEIKELKTQVNDLQDSLDEWKSKYYLLLMEMTNNA,70,hypothetical protein, ,Derived by automated computational analysis using gene prediction method: GeneMarkS-2+.,OG0001030,,,,,Probably not conserved
GCF_000010805.1,ROP_RS43260,MKQPKNMSIEELTAHIVFCKDLRAQRIAESLKAASEEKEISVESEE,46,hypothetical protein, ,Derived by automated computational analysis using gene prediction method: GeneMarkS-2+.,OG0000710,Cloud,group_1545,Cloud,,Cloud
GCF_000010805.1,ROP_RS35030,MDLTAIGVGIGYVVVVLTILVVVVGVTALFVFSIKSDFIPPDSPGTPQARKRIGRAE,57,hypothetical protein, ,Derived by automated computational analysis using gene prediction method: Protein Homology.,OG0000195,Shell,group_2339,Cloud,Cloud,Cloud
GCF_000010805.1,ROP_RS44910,MAALGRPGQPDEVGELVAFLLSPRAGYMTGALVNIDGGTDF,41,sdr family oxidoreductase, ,Derived by automated computational analysis using gene prediction method: GeneMarkS-2+.,OG0000419,Cloud,group_1828,Cloud,,Cloud
GCF_000010805.1,ROP_RS35565,MKVHIELEQCEGHGMCAATEPDLYELDDDGFAASTDFDVAESQIGQAESGASACPMSAIKLLRS,64,ferredoxin, ,Derived by automated computational analysis using gene prediction method: Protein Homology.,OG0000001,Conserved,group_345,Cloud,,Cloud
GCF_000010805.1,ROP_RS44470,MREHLRHELAQQPTPGPAHRIPIRLSDDEYTRAHTAAHTAGQNLET,46,hypothetical protein, ,Derived by automated computational analysis using gene prediction method: GeneMarkS-2+.,OG0000290,Cloud,,,,Probably not conserved
GCF_000010805.1,ROP_RS43345,MVFEELERRRMAAGVNMSQFLADLLAAATGHTQLVQETNQEVLKLSA,47,hypothetical protein, ,Derived by automated computational analysis using gene prediction method: GeneMarkS-2+.,OG0000139,Shell,group_2528,Cloud,,Cloud
GCF_000010805.1,ROP_RS43350,MTSEIARIQLGKIADVCELDRAGVLPPVEAFRAADPGSCDVDHAPTLLPPTGGDHR,56,hypothetical protein, ,Derived by automated computational analysis using gene prediction method: GeneMarkS-2+.,OG0000420,Cloud,group_2529,Cloud,,Cloud
GCF_000010805.1,ROP_RS39990,MTEDAVRIIREQGFTAGVLASCGESDDEPLHVLAERAGIEFGYMAAELDTFNDGFATGWQIVDRLCG,67,hypothetical protein, ,Derived by automated computational analysis using gene prediction method: GeneMarkS-2+.,OG0001031,,group_2533,Cloud,,Probably not conserved
GCF_000010805.1,ROP_RS43360,MTTDIHRTHQTVRPDGAPVALNHAETGILETFVRALALQTITDTNDGGEEDRRDTRR,57,hypothetical protein, ,Derived by automated computational analysis using gene prediction method: GeneMarkS-2+.,OG0000291,Cloud,group_2531,Cloud,Cloud,Cloud
GCF_000010805.1,ROP_RS40040,MTIHANGIHTDDERDAWNLHEAGLSWTQVGREIGCTESAARAFASAYQQRTDAAASENQGALF,63,hypothetical protein, ,Derived by automated computational analysis using gene prediction method: Protein Homology.,OG0000063,Soft core,group_2532,Cloud,Cloud,Cloud
GCF_000010805.1,ROP_RS40075,MRVKSSAVYLSGLRPALQTHWFKIHDGQWLAAITVYVTDAAGMNSLELDMVVTADAISEPPSA,63,hypothetical protein, ,Derived by automated computational analysis using gene prediction method: Protein Homology.,OG0000316,Cloud,,,,Probably not conserved
GCF_000010805.1,ROP_RS43370,MHAVDRPPEQEKLLEATDFAGNNGWSDDYGKRDLRKLLAEAKQSGWSAA,49,hypothetical protein, ,Derived by automated computational analysis using gene prediction method: GeneMarkS-2+.,OG0001032,,,,,Probably not conserved
GCF_000010805.1,ROP_RS43375,MALNIDGTKYHPADPMGKMFIGFLAMPSSNQTSNLKLARNKRAGASPQPELAEDELPE,58,hypothetical protein, ,Derived by automated computational analysis using gene prediction method: GeneMarkS-2+.,OG0001033,,,,,Probably not conserved
GCF_000010805.1,ROP_RS40305,MMDLDAQVAVLRDQLNALGRQVREVTEAAGEQDKPDVVDALADVRMHLNDAAAVLGDVIV,60,hypothetical protein, ,Derived by automated computational analysis using gene prediction method: GeneMarkS-2+.,OG0000541,Cloud,,,,Probably not conserved
GCF_000010805.1,ROP_RS43275,MTNEKEMNMDNEASSVEKRAKALLSEFVLDDNAEGAHRRKVDLSWSSSGRSLP,53,hypothetical protein, ,Derived by automated computational analysis using gene prediction method: GeneMarkS-2+.,OG0000235,Shell,group_2534,Cloud,,Cloud
GCF_000010805.1,ROP_RS44925,MALLVRSTLPPKTKDIAHCPDRTELVGFGAAKAQELGVEID,41,hypothetical protein, ,Derived by automated computational analysis using gene prediction method: GeneMarkS-2+.,OG0001034,,group_1829,Cloud,,Probably not conserved
GCF_000010805.1,ROP_RS42910,MTADKPRHRRPDLTFHPDIFAAPAQFRVVKAAPHDDADPTTDTTQGKEGSGADAHTGRRDGKGL,64,hypothetical protein, ,Derived by automated computational analysis using gene prediction method: GeneMarkS-2+.,OG0000217,Shell,group_346,Cloud,Cloud,Cloud
GCF_000010805.1,ROP_RS44485,MLEDLAEGRHQFLYRDRRQGNKQVIALIAAQERATKVGIPDELAVYRLADQIIRERDKQAHAR,63,hypothetical protein, ,Derived by automated computational analysis using gene prediction method: GeneMarkS-2+.,OG0000711,Cloud,group_409,Cloud,Cloud,Cloud
GCF_000010805.1,ROP_RS43650,MTDEEINQWVKTVGPAPDDVFAKIVLRFAKAAREGNLKFDEIDPQSGDK,49,hypothetical protein, ,Derived by automated computational analysis using gene prediction method: Protein Homology.,OG0000712,Cloud,group_1362,Cloud,Cloud,Cloud
GCF_000010805.1,ROP_RS36430,MAEADLVVAGELRRSERAEEVDIARQSAFWTKVRGIAALVAVATLCGLPPLLSAPASCV,59,hypothetical protein, ,Derived by automated computational analysis using gene prediction method: Protein Homology.,OG0001035,,group_734,Cloud,,Probably not conserved
GCF_000010805.1,ROP_RS36455,MSAAGNGDLVRYADRVLAGTGITANQVAAVVAGAATDAAATALRAGWRCAANPVQGSDEERGAA,64,hypothetical protein, ,Derived by automated computational analysis using gene prediction method: Protein Homology.,OG0000134,Shell,group_347,Cloud,Cloud,Cloud
GCF_000010805.1,ROP_RS45125,MQLNTRVLASTEARLNWLVKNRNFSVTSVVDVALQELFDRHHVPPADIEGRIVEQ,55,hypothetical protein, ,Derived by automated computational analysis using gene prediction method: GeneMarkS-2+.,OG0000362,Cloud,group_1007,Cloud,,Cloud
GCF_000010805.1,ROP_RS43280,MIGRSETYWQQRIHADRCSGGADLPPGGIPDDPVDLLENYRPTARCSAAARRPQHPDL,58,hypothetical protein, ,Derived by automated computational analysis using gene prediction method: GeneMarkS-2+.,OG0000713,Cloud,group_809,Cloud,Cloud,Cloud
GCF_000010805.1,ROP_RS44495,MIITEESVVIERPIEEVFAFFHDPANVTRYAKKRGVLPARVGRLR,45,hypothetical protein, ,Derived by automated computational analysis using gene prediction method: GeneMarkS-2+.,OG0000714,Cloud,group_1608,Cloud,Cloud,Cloud
GCF_000010805.1,ROP_RS43755,MEPLLGVNITARHNDALRILAAISPEVRDCCAGMSTVIEIRRKCPIRL,48,hypothetical protein, ,Derived by automated computational analysis using gene prediction method: GeneMarkS-2+.,OG0000715,Cloud,group_1419,Cloud,Cloud,Cloud
GCF_000010805.1,ROP_RS44525,MELLDVERLGLARQYIRDEHRIPGGPAMHHGAAKVMSGWSERAASISPSSIRRPRIFT,58,hypothetical protein, ,Derived by automated computational analysis using gene prediction method: GeneMarkS-2+.,OG0001036,,group_810,Cloud,,Probably not conserved
GCF_000010805.1,ROP_RS44965,MPSLVAAFNSGFKLKDIRGGFHWNGILVRPLVDGQASVVIDD,42,hypothetical protein, ,Derived by automated computational analysis using gene prediction method: GeneMarkS-2+.,OG0000716,Cloud,group_1762,Cloud,Cloud,Cloud
GCF_000010805.1,ROP_RS36860,MKALIAVKHAMLVVWNILATATSAPIPGPSTSSGVAPPRPGARAVGELEALGYRVTPHPSSPAVVT,66,hypothetical protein, ,Derived by automated computational analysis using gene prediction method: Protein Homology.,OG0001037,,group_210,Cloud,,Probably not conserved
GCF_000010805.1,ROP_RS43430,MTGVGTKLAPKIVSEVARLEASSRIHLMSSKKVNERQAATSRWPPQFAIWLKRR,54,hypothetical protein, ,Derived by automated computational analysis using gene prediction method: GeneMarkS-2+.,OG0000717,Cloud,group_1064,Cloud,Cloud,Cloud
GCF_000010805.1,ROP_RS44565,MIDVEDSIVIDCPIGEVFDFVADQTNAPRWQNGLEQVRRITDGPPGWEPNMLSSASFWVGDWT,63,srpbcc family protein, ,Derived by automated computational analysis using gene prediction method: GeneMarkS-2+.,OG0000718,Cloud,group_429,Cloud,Cloud,Cloud
GCF_000010805.1,ROP_RS37060,MSTTTATVTGMTCGHCVSSVREEIGSIPGVTGVDVDLASDRVDIDSDTPIEQEALAQAVDEAGYQLAG,68,heavy metal-associated domain-containing protein, ,Derived by automated computational analysis using gene prediction method: Protein Homology.,OG0000006,Conserved,group_57,Cloud,Cloud,Cloud
GCF_000010805.1,ROP_RS41940,MTNPHEFENPATDRTDATPQAAAPTCCSTERQAICCDQSEKSTCCGPAATAGGGCGCQ,58,hypothetical protein, ,Derived by automated computational analysis using gene prediction method: GeneMarkS-2+.,OG0000243,Shell,group_811,Cloud,Cloud,Cloud
GCF_000010805.1,ROP_RS37185,MDTGVRVTVPSESAAELAGLVVAEQHCCAFLDFILAFDRGTVALTITAPSDGRALIDDLITPTAP,65,hypothetical protein, ,Derived by automated computational analysis using gene prediction method: Protein Homology.,OG0000719,Cloud,group_280,Cloud,Cloud,Cloud
GCF_000010805.1,ROP_RS44970,MTMSTRPQDEIDRDPHIADRSTTDRTRLRSNDFEGSNVAVR,41,hypothetical protein, ,Derived by automated computational analysis using gene prediction method: GeneMarkS-2+.,OG0001038,,group_1830,Cloud,,Probably not conserved
GCF_000010805.1,ROP_RS44590,MIILGLILLVIGFVAGISILWTIGIILLVIGVILALLGATGRAVGGRRHWF,51,duf6131 family protein, ,Derived by automated computational analysis using gene prediction method: Protein Homology.,OG0000000,Conserved,group_1233,Cloud,Cloud,Cloud
GCF_000010805.1,ROP_RS37620,MADPPIYLSTIGAVIAALIMHGAGSPETTPSPGNPLFDRLTLWSIYVRGVSVSH,54,hypothetical protein, ,Derived by automated computational analysis using gene prediction method: Protein Homology.,OG0000720,Cloud,group_1065,Cloud,Cloud,Cloud
GCF_000010805.1,ROP_RS44605,MELAQRRHDSGEHTVAQIAGG,21,hypothetical protein, ,Derived by automated computational analysis using gene prediction method: Protein Homology.,OG0000721,Cloud,group_1955,Cloud,Cloud,Cloud
GCF_000010805.1,ROP_RS37665,MGDPQLHWRPESNTVTAPATQGIADLVRTARRAVRTYARIGSSASHRTDGLTTGRPDSRAPSYDTGKR,68,hypothetical protein, ,Derived by automated computational analysis using gene prediction method: GeneMarkS-2+.,OG0000722,Cloud,group_58,Cloud,Cloud,Cloud
GCF_000010805.1,ROP_RS37685,MYENEIHERRLCGDRRQWHGTTVLCTADKWHPGRHRAMAIDAAGHLTTLCTWTDLNAPGHDLAA,64,hypothetical protein, ,Derived by automated computational analysis using gene prediction method: Protein Homology.,OG0000723,Cloud,group_348,Cloud,Cloud,Cloud
GCF_000010805.1,ROP_RS43300,MLRLKWMVPGAGFATLVAGCIAIRSALAATPIVGARLGGDGRPALT,46,hypothetical protein, ,Derived by automated computational analysis using gene prediction method: GeneMarkS-2+.,OG0000724,Cloud,group_1546,Cloud,Cloud,Cloud
GCF_000010805.1,ROP_RS42020,MPIVQPPWAEELTRRAIMVGRAPAQDVRVAAQVPYRRASPQRNRGGVDGTEYLGLVASPPWW,62,hypothetical protein, ,Derived by automated computational analysis using gene prediction method: GeneMarkS-2+.,OG0000725,Cloud,group_508,Cloud,Cloud,Cloud
GCF_000010805.1,ROP_RS37885,MRIVLDENRCSSTGMCEATAPEFFEVGDDGALHILDANPADCHRALIEEAVGVCPTDALSIED,63,ferredoxin, ,Derived by automated computational analysis using gene prediction method: Protein Homology.,OG0000001,Conserved,group_430,Cloud,Cloud,Cloud
GCF_000010805.1,ROP_RS37900,MRTLAIKLGDRTVVFEAGVTDDAAITAAADVTAERFGGIDVTIGVAFVGVAFVGPCSPHLSNTSNAPS,68,hypothetical protein, ,Derived by automated computational analysis using gene prediction method: Protein Homology.,OG0000726,Cloud,group_59,Cloud,Cloud,Cloud
GCF_000010805.1,ROP_RS42065,MARYRCPVCDYVYDERTGAPREGFPAATRWSAIPESWCCPDCGVREKVDFAPVDTDTTTRS,61,rubredoxin, ,Derived by automated computational analysis using gene prediction method: Protein Homology.,OG0000727,Cloud,group_594,Cloud,Cloud,Cloud
GCF_000010805.1,ROP_RS37960,MNSDFKLYRCIQCGFEYDEAEGWPEDGIAQGTRWDDIPEDWSCPDCGAAKADFEMIEVARS,61,rubredoxin, ,Derived by automated computational analysis using gene prediction method: Protein Homology.,OG0000007,Conserved,group_595,Cloud,Cloud,Cloud
GCF_000010805.1,ROP_RS37980,MNSAEEARQISQVTTRLLTKFPTASREAVGTAVEEAAAHFTSGRIRDFVPLLIERAATAKLAALIET,67,hypothetical protein, ,Derived by automated computational analysis using gene prediction method: Protein Homology.,OG0000062,Soft core,group_142,Cloud,Cloud,Cloud
GCF_000010805.1,ROP_RS43305,MTDGPAEYTPPRSARPHTTEWIKAHLERMDRTDPQAATMTGGRATEPT,48,hypothetical protein, ,Derived by automated computational analysis using gene prediction method: GeneMarkS-2+.,OG0000201,Shell,group_1420,Cloud,Cloud,Cloud
GCF_000010805.1,ROP_RS44635,MIIEDFTGSGGLSPKAYARDWAFSRRWAIALDDGNLIFRDSEDLDDEDPDTEAT,54,hypothetical protein, ,Derived by automated computational analysis using gene prediction method: GeneMarkS-2+.,OG0000236,Shell,group_1066,Cloud,,Cloud
GCF_000010805.1,ROP_RS38015,MTNDEELLHIERVIDRLDTRYPDIARESIEEVVRSAHAHFVNGKVRDFVPLLVERAARERIQGLVSS,67,hypothetical protein, ,Derived by automated computational analysis using gene prediction method: Protein Homology.,OG0000062,Soft core,group_143,Cloud,Cloud,Cloud
GCF_000010805.1,ROP_RS38025,MTDSSAWRCMGGHRGEHRDSVVADIPRDSVPAPGRTPGENGFTFGLRYGLELQAARQARVDAAPLAD,67,hypothetical protein, ,Derived by automated computational analysis using gene prediction method: GeneMarkS-2+.,OG0000728,Cloud,group_144,Cloud,Cloud,Cloud
GCF_000010805.1,ROP_RS44650,MDDYDELNVGIPLSGRRTSSTPPATPTGRAADLLRRNDSPHSQCRRTTHPPDRRPQAPLERFAGT,65,hypothetical protein, ,Derived by automated computational analysis using gene prediction method: Protein Homology.,OG0000729,Cloud,group_281,Cloud,Cloud,Cloud
GCF_000010805.1,ROP_RS44985,MPIDWADRATTPFFIVAVAFGGLVAIAVWLDLLLRVTLLP,40,hypothetical protein, ,Derived by automated computational analysis using gene prediction method: GeneMarkS-2+.,OG0000542,Cloud,group_1877,Cloud,Cloud,Cloud
GCF_000010805.1,ROP_RS38380,MSHALAEAITPDHPRDRIVGVHGYHRDEAGSRFATVRLADDSKTEIDLLDIFISHPIREVAAAA,64,hypothetical protein, ,Derived by automated computational analysis using gene prediction method: Protein Homology.,OG0000543,Cloud,group_2378,Cloud,Cloud,Cloud
GCF_000010805.1,ROP_RS38465,MSSNPAADQITRLLVERDQLLLDVRELEGRLEKEKRRLDDVTAKITSLRRVEDELLRRHPELEQD,65,hypothetical protein, ,Derived by automated computational analysis using gene prediction method: GeneMarkS-2+.,OG0000250,Shell,group_282,Cloud,,Cloud
GCF_000010805.1,ROP_RS43450,MPRTASASTNGTEEHGVVFRMDLDQFGTIGGVPVSQYAPPPPPPYTPLNLS,51,hypothetical protein, ,Derived by automated computational analysis using gene prediction method: GeneMarkS-2+.,OG0001039,,group_1234,Cloud,,Probably not conserved
GCF_000010805.1,ROP_RS44690,MSPQWRERRRPYMLAAADRADLIIVDPIPRQRATLWWKLVHGDEPPPLL,49,hypothetical protein, ,Derived by automated computational analysis using gene prediction method: GeneMarkS-2+.,OG0000730,Cloud,group_1363,Cloud,,Cloud
GCF_000010805.1,ROP_RS43660,MNVGDRVKVHTDATSEFVIVSIDGEDAVIESVRDDVPGRFPFHARLDRLVPVGS,54,hypothetical protein, ,Derived by automated computational analysis using gene prediction method: Protein Homology.,OG0000072,Soft core,group_1067,Cloud,,Cloud
GCF_000010805.1,ROP_RS38555,MGLFTDDKGRPELVVHPDIVLGRATFRPVDDEPEPEETPKQRGRRELKKRMTEERLAKQKTEGTNPEKG,69,hypothetical protein, ,Derived by automated computational analysis using gene prediction method: Protein Homology.,OG0000273,Cloud,group_3,Cloud,,Cloud
GCF_000010805.1,ROP_RS43665,MAQIGTTASTGEKCPESGVWAVVGTPSTTAPIAKGNTMPPYAGKAVTWRLTQLA,54,hypothetical protein, ,Derived by automated computational analysis using gene prediction method: Protein Homology.,OG0001040,,,,,Probably not conserved
GCF_000010805.1,ROP_RS43385,MSDSVQPRIVRAIEISYRRAAPILMIVYRALQAALLVSRVWELFQ,45,hypothetical protein, ,Derived by automated computational analysis using gene prediction method: GeneMarkS-2+.,OG0001041,,,,,Probably not conserved
GCF_000010805.1,ROP_RS43390,MIEAPLAEQLHGAPEESPVEPPVAPATSTEQAPTLFGLLGRLLNR,45,hypothetical protein, ,Derived by automated computational analysis using gene prediction method: GeneMarkS-2+.,OG0001042,,,,,Probably not conserved
GCF_000010805.1,ROP_RS38760,MRTLNDWIPALAAKYGTPDVVMHMTAQRQAGDLGIAWAKDMPASDVQAVIEAVDALYSK,59,hypothetical protein, ,Derived by automated computational analysis using gene prediction method: GeneMarkS-2+.,OG0001043,,,,,Probably not conserved
GCF_000010805.1,ROP_RS43330,MVTESFTDGEVDSPVALLVGRLGGRGAAAVVAAFTAQRPRRTPEHRLTQS,50,hypothetical protein, ,Derived by automated computational analysis using gene prediction method: GeneMarkS-2+.,OG0001044,,,,,Probably not conserved
GCF_000010805.1,ROP_RS43670,MFEPKELTAMNHEPMTQERREAFWRKYRWTPDLLPEQRKAIEQVWTDEKIEEAEALGF,58,hypothetical protein, ,Derived by automated computational analysis using gene prediction method: Protein Homology.,OG0000153,Shell,,,,Probably not conserved
GCF_000010805.1,ROP_RS43675,MGGVTYGISQTRFEATRELLARFAEGHTLGVAMSLTHDGARHHLFITPGVPITLVD,56,hypothetical protein, ,Derived by automated computational analysis using gene prediction method: Protein Homology.,OG0000130,Shell,group_923,Cloud,,Cloud
GCF_000010805.1,ROP_RS39210,MKVVVDRAKCTALGNCEAIAPTYFEVGDEGDLLLLREDVPEDERELVEKAVAACPTAALILEQD,64,ferredoxin, ,Derived by automated computational analysis using gene prediction method: Protein Homology.,OG0000001,Conserved,group_349,Cloud,,Cloud
GCF_000010805.1,ROP_RS42255,MGSCAAESALRALARKALERRHRYTLVDLANLIRPTTWL,39,tetratricopeptide repeat protein, ,Derived by automated computational analysis using gene prediction method: Protein Homology.,OG0000544,Cloud,group_1925,Cloud,,Cloud
GCF_000010805.1,ROP_RS43680,MLVTGELTVNIALVTKQISVKGKMGPLLKDIPQFKYIIVKLSELGPRALDQEAT,54,hypothetical protein, ,Derived by automated computational analysis using gene prediction method: Protein Homology.,OG0000421,Cloud,group_2073,Cloud,,Cloud
GCF_000010805.1,ROP_RS43335,MLDRIFTTLLTLAGVAADGRYISLVDNDIAGTADLDETPTGRLAQAGPQSTLSDR,55,hypothetical protein, ,Derived by automated computational analysis using gene prediction method: GeneMarkS-2+.,OG0000363,Cloud,group_1008,Cloud,,Cloud
GCF_000010805.1,ROP_RS44990,MKNSSIPIMNHATIAAVGAKGLPHRIHMRPLGAQHLTELS,40,hypothetical protein, ,Derived by automated computational analysis using gene prediction method: GeneMarkS-2+.,OG0001045,,,,,Probably not conserved
GCF_000014565.1,RHA1_RS53155,MVESLLAAPDALTPAQPEELVAQARRVQREWQIRLRNLGYFMADDGVFFGSTILDTVCSTLFSAAP,66,hypothetical protein, ,Derived by automated computational analysis using gene prediction method: GeneMarkS-2+.,OG0000731,Cloud,,,,Probably not conserved
GCF_000014565.1,RHA1_RS51370,MVDWHATGLALAGVVLAAGGVWLRWRSPLRSTDRTSWAGATAPPRCL,47,hypothetical protein, ,Derived by automated computational analysis using gene prediction method: GeneMarkS-2+.,OG0000545,Cloud,group_2538,Cloud,,Cloud
GCF_000014565.1,RHA1_RS51395,MNTNNLEDWIGDNVFAGDLPRWLPARSHSEPATSNFSKVPTVGGPICRRDHLLRARR,57,hypothetical protein, ,Derived by automated computational analysis using gene prediction method: GeneMarkS-2+.,OG0000732,Cloud,group_2537,Cloud,,Cloud
GCF_000014565.1,RHA1_RS51405,MLAGNVRWLARYRHPRCAGRAEIGQRLREVFASPAPLLATAERAGDRIAVLPALF,55,hypothetical protein, ,Derived by automated computational analysis using gene prediction method: GeneMarkS-2+.,OG0001046,,,,,Probably not conserved
GCF_000014565.1,RHA1_RS50230,MIGSLLWLIRSAAINTVLDGTEKITTKSLDAVDADITSESSAPPVG,46,hypothetical protein, ,Derived by automated computational analysis using gene prediction method: GeneMarkS-2+.,OG0000317,Cloud,"group_2536, group_1993",Cloud,Cloud,Cloud
GCF_000014565.1,RHA1_RS50235,MDMLTDQRADSAGVDMAYASAKPTIPPIPDRLRRVHDGGAAICHLPIADRPNTIGAPNLSN,61,hypothetical protein, ,Derived by automated computational analysis using gene prediction method: GeneMarkS-2+.,OG0001047,,group_2535,Cloud,,Probably not conserved
GCF_000014565.1,RHA1_RS00125,MSDSNTGAAGGGAIYALGIFGAWVWFWQQADAFWEYVLAIIQGLFWPAWMVYDVFETLAG,60,hypothetical protein, ,Derived by automated computational analysis using gene prediction method: Protein Homology.,OG0000202,Shell,group_2473,Shell,Cloud,Shell
GCF_000014565.1,RHA1_RS52820,MLLGAIQDLVGRLLDFFGELVLEEKRGFAVVISRTPSTPTTMA,43,hypothetical protein, ,Derived by automated computational analysis using gene prediction method: GeneMarkS-2+.,OG0000422,Cloud,group_1710,Cloud,Cloud,Cloud
GCF_000014565.1,RHA1_RS51425,MLIGAEDPIVRPEFLGGCEERTDDFGVEFVDGASHFIVDERPEAVLERALAFFAPPGPDHEAATGT,66,hypothetical protein, ,Derived by automated computational analysis using gene prediction method: GeneMarkS-2+.,OG0000423,Cloud,group_211,Cloud,Cloud,Cloud
GCF_000014565.1,RHA1_RS00530,MRTGTVRWFNAEQGFGFLAPADGSDDIFVHVSEIAGDGHRILEEGQRVSFAVCRTETGDQARDVRIA,67,cold shock domain-containing protein, ,Derived by automated computational analysis using gene prediction method: Protein Homology.,OG0000157,Shell,group_2429,Shell,Shell,Shell
GCF_000014565.1,RHA1_RS50240,MTKDTHGETDEPRSGRPGPVDHGKNGGMATRENAPELAEDSADTETETD,49,hypothetical protein, ,Derived by automated computational analysis using gene prediction method: Protein Homology.,OG0000018,Core,group_2420,Shell,Shell,Shell
GCF_000014565.1,RHA1_RS50245,MNTFSRPTSARNRGFAAPSRGSMSTVEIKNRIEAMFREDDERESKAVRAE,50,hypothetical protein, ,Derived by automated computational analysis using gene prediction method: GeneMarkS-2+.,OG0000190,Shell,group_2397,Shell,Shell,Shell
GCF_000014565.1,RHA1_RS00855,MHSDTTTRDLLHGHTKVTRRFALADVALTTFVCLVCATGIGIITGSVLAAATGGLIVVLATALMVAAV,68,hypothetical protein, ,Derived by automated computational analysis using gene prediction method: Protein Homology.,OG0000158,Shell,group_2345,Shell,Shell,Shell
GCF_000014565.1,RHA1_RS00875,MNIPRRDAHAVVIAGLLASRVLADYFGTVTIHEKDHLADNAVHSIRKRGDLIASRTFDDGVVWLRYRPA,69,hypothetical protein, ,Derived by automated computational analysis using gene prediction method: GeneMarkS-2+.,OG0000424,Cloud,group_4,Cloud,Cloud,Cloud
GCF_000014565.1,RHA1_RS52825,MADKSAVKSSKQSARALKERRAEKRAKAQESTAIIRKRKG,40,hypothetical protein, ,Derived by automated computational analysis using gene prediction method: Protein Homology.,OG0000004,Core,group_2338,Shell,Shell,Shell
GCF_000014565.1,RHA1_RS49185,MTYALSGHLNGRLGPYGPKGRSVHLAGVQMLEVKGNRIITSTDYGDGGALHRQLSTS,57,hypothetical protein, ,Derived by automated computational analysis using gene prediction method: Protein Homology.,OG0000733,Cloud,,,Cloud,Cloud
GCF_000014565.1,RHA1_RS00935,METGTDETKTCSFCRGPIGYEIKDAHAGFASLPPGKRYRVFHCMNRCPRSAPDGLECGHRHEYL,64,hypothetical protein, ,Derived by automated computational analysis using gene prediction method: Protein Homology.,OG0000203,Shell,group_350,Shell,Shell,Shell
GCF_000014565.1,RHA1_RS50250,MAAIKALVSGLSGKAKVALVLILTLEVLLAPVLVVLLLALVVAAVRATAQ,50,hypothetical protein, ,Derived by automated computational analysis using gene prediction method: Protein Homology.,OG0000425,Cloud,group_1299,Cloud,Cloud,Cloud
GCF_000014565.1,RHA1_RS01080,MSEMVPADDTRRIALVDLLDRVLGGGVVITGEITLSLADVDMVRISLRTLIASVSALVPDPVGPEPTDD,69,gas vesicle protein, ,Derived by automated computational analysis using gene prediction method: Protein Homology.,OG0000145,Shell,group_2318,Shell,Shell,Shell
GCF_000014565.1,RHA1_RS01090,MNMGKKIRHKVETAEGAAKKAVGRATGNAHLEAEGSKEQAKGNAKQMGDKVKDAGKKIKNALKH,64,csbd family protein, ,Derived by automated computational analysis using gene prediction method: Protein Homology.,OG0000073,Shell,group_2267,Shell,Shell,Shell
GCF_000014565.1,RHA1_RS49190,METVVLWVGWTNLSNGTSGVASVTKDKPGVAHTGTGVVTASAMGNLVEYVGARGIFYVP,59,hypothetical protein, ,Derived by automated computational analysis using gene prediction method: GeneMarkS-2+.,OG0000274,Shell,group_2317,Shell,Shell,Shell
GCF_000014565.1,RHA1_RS01350,MSTNTYPTIETIRIGQSGHECRYCGHAVVKDGPGYRHTTTGQYRCDPASRAVNEARLSNSLVRS,64,hypothetical protein, ,Derived by automated computational analysis using gene prediction method: Protein Homology.,OG0000148,Shell,group_2334,Shell,Shell,Shell
GCF_000014565.1,RHA1_RS01415,MRTAFCNALYSVFDHRICCGRIPEWTAHVGQPWDTYDVAPWNLYNVIWRIQHWIRGGVDADR,62,hypothetical protein, ,Derived by automated computational analysis using gene prediction method: Protein Homology.,OG0000219,Shell,group_2337,Shell,Shell,Shell
GCF_000014565.1,RHA1_RS01445,MSTRNQLAGTITGVTLGSVMATVKVKLDGGEQIVTASITKEAVEELGLKAGVGATVLVKSTEVMLGVE,68,tobe domain-containing protein, ,Derived by automated computational analysis using gene prediction method: Protein Homology.,OG0000064,Soft core,group_60,Cloud,Cloud,Cloud
GCF_000014565.1,RHA1_RS45515,MSQIEIPQNADRLSSNPEFEAMPIGIVDDSGLLGFGALRTPVDAPATAPLMGAAIYPVDCLVGVLSHRET,70,hypothetical protein, ,Derived by automated computational analysis using gene prediction method: GeneMarkS-2+.,OG0000426,Cloud,,,Cloud,Cloud
GCF_000014565.1,RHA1_RS50255,MAASITRRIVCAGAIAGFSALALIANPAIGSAAVTGSSTGTSIELRAGTYAVITQ,55,hypothetical protein, ,Derived by automated computational analysis using gene prediction method: GeneMarkS-2+.,OG0000427,Cloud,group_1009,Cloud,Cloud,Cloud
GCF_000014565.1,RHA1_RS50260,MRQESSHPRESTGPLPADAIVWPEPSPLDSWWKHVVNDHAAAVPEREPVTDAGT,54,hypothetical protein, ,Derived by automated computational analysis using gene prediction method: Protein Homology.,OG0000191,Shell,group_2419,Cloud,Cloud,Cloud
GCF_000014565.1,RHA1_RS50265,MTIDPPPGDTLTLGFDAYIQPSSQLGHSGSVSVSEKGVDVVTLEFTTWLVP,51,hypothetical protein, ,Derived by automated computational analysis using gene prediction method: Protein Homology.,OG0000428,Cloud,group_2076,Cloud,Cloud,Cloud
GCF_000014565.1,RHA1_RS51470,MSCTRVVASVLNSIVEQHEMLDSTAVSRVLGKAATSRNTASRDAALLETTASSPLR,56,hypothetical protein, ,Derived by automated computational analysis using gene prediction method: GeneMarkS-2+.,OG0000429,Cloud,group_2096,Cloud,Cloud,Cloud
GCF_000014565.1,RHA1_RS01805,MAAVICGAVATSRSAVADDEAASLRALLGVVAGAAGITVSAIALFPMLAHL,51,hypothetical protein, ,Derived by automated computational analysis using gene prediction method: GeneMarkS-2+.,OG0001048,,,,,Probably not conserved
GCF_000014565.1,RHA1_RS45330,MKTRLSCPCGAAITGSDEDDLVVKTQEHLSESHPGMEYSREEILFIAY,48,duf1059 domain-containing protein, ,Derived by automated computational analysis using gene prediction method: Protein Homology.,OG0000249,Shell,group_1421,Cloud,Cloud,Cloud
GCF_000014565.1,RHA1_RS02395,MNRTELPQTLRRSSKEVQAAFAAAHEMAVRRYGEGEEAQRAAYGELKQSYELATDHWVPKQD,62,chab family protein, ,Derived by automated computational analysis using gene prediction method: Protein Homology.,OG0000159,Shell,group_509,Cloud,Cloud,Cloud
GCF_000014565.1,RHA1_RS02405,MNDDQRRALEHVRDTCAMLHSFLTTHPSDRPPERVRWATFEQLTDELLDAVTAAQNAGVPEQRIFDSM,68,hypothetical protein, ,Derived by automated computational analysis using gene prediction method: Protein Homology.,OG0000135,Shell,group_2184,Cloud,Cloud,Cloud
GCF_000014565.1,RHA1_RS50270,MNRETIQGWVAEQIHLDPATATPALLAKLDDLTARAEAMCVRQLLDLPEFRRLVW,55,hypothetical protein, ,Derived by automated computational analysis using gene prediction method: Protein Homology.,OG0000120,Shell,group_1010,Cloud,Cloud,Cloud
GCF_000014565.1,RHA1_RS53175,MASHCGKDLRSPTGVSVRGNRVVDSVRLTDGDIVRIGDHEFAFQIAVDQCPCRPTVGR,58,fha domain-containing protein, ,Derived by automated computational analysis using gene prediction method: Protein Homology.,OG0000430,Cloud,group_812,Cloud,Cloud,Cloud
GCF_000014565.1,RHA1_RS50275,MDWKVAADPEPIDQDIHERPSSATRLQGGTLRGKNQHVYPPRTVTIN,47,hypothetical protein, ,Derived by automated computational analysis using gene prediction method: GeneMarkS-2+.,OG0000431,Cloud,group_2069,Cloud,Cloud,Cloud
GCF_000014565.1,RHA1_RS51515,MNITGAVPWEWCRADADNTPFYVEDLVDESGNLVLILRTPPGQQTVTVVCDSSGAVAQTVTVS,63,hypothetical protein, ,Derived by automated computational analysis using gene prediction method: GeneMarkS-2+.,OG0001049,,,,,Probably not conserved
GCF_000014565.1,RHA1_RS50280,MPILRLHAVSAGISVVSGWPSAPLQRPVAALAHSYTVMRWTVLIAIEDDAEHR,53,hypothetical protein, ,Derived by automated computational analysis using gene prediction method: Protein Homology.,OG0000251,Shell,group_1116,Cloud,,Cloud
GCF_000014565.1,RHA1_RS51530,MVRGTTAPAQLQLRSIAAADALDITAETTVDRTVYPMLGPWAGVSRRANLGITLVARPTGNA,62,hypothetical protein, ,Derived by automated computational analysis using gene prediction method: GeneMarkS-2+.,OG0000734,Cloud,group_510,Cloud,,Cloud
GCF_000014565.1,RHA1_RS50290,MTTASMIPASSITSRPLVLCRGGMSTAEIKARIEAMFADDRRPVSQTGPL,50,hypothetical protein, ,Derived by automated computational analysis using gene prediction method: Protein Homology.,OG0000002,Conserved,group_2090,Cloud,Cloud,Cloud
GCF_000014565.1,RHA1_RS02700,MNTIEPPATEAVTTTATTFGSTADLTSALIRAATAHGQHETRTGAADPNWPDWYAAYMVAEQAGTEPPL,69,hypothetical protein, ,Derived by automated computational analysis using gene prediction method: Protein Homology.,OG0000221,Shell,"group_1994, group_1995",Cloud,Cloud,Cloud
GCF_000014565.1,RHA1_RS50305,MTIDHDKSELPLFSAQRTLTHSTPEPVSDAPRTGDSPTQTSAEIHRSLFSDE,52,hypothetical protein, ,Derived by automated computational analysis using gene prediction method: Protein Homology.,OG0000222,Shell,group_2253,Shell,Cloud,Shell
GCF_000014565.1,RHA1_RS02860,MAQGIVKWFNGEKGFGFIAPDDGTPDVFVHYSEISGSGFKSLDENQRVEFEVGQGQKGPQATNVRSV,67,cold-shock protein, ,Derived by automated computational analysis using gene prediction method: Protein Homology.,OG0000003,Conserved,"group_1996, group_1997",Shell,Cloud,Cloud
GCF_000014565.1,RHA1_RS50310,MATTSIAPTTPTGRQTPRRSGTMSTAEIKSRIEAMFADDRRPTRPAVTN,49,hypothetical protein, ,Derived by automated computational analysis using gene prediction method: Protein Homology.,OG0000002,Conserved,group_2516,Shell,Cloud,Cloud
GCF_000014565.1,RHA1_RS50315,MTDQLHADLTERLGRAVARAARDGDPLFGTVEVTIAELAELLERRVPPGE,50,hypothetical protein, ,Derived by automated computational analysis using gene prediction method: Protein Homology.,OG0000136,Shell,group_2495,Shell,Cloud,Shell
GCF_000014565.1,RHA1_RS51560,MREHLQHELAQQPTLGPPTASPSGSDDEYTRAHPAGQNLETWIHDRIMDALNQSD,55,hypothetical protein, ,Derived by automated computational analysis using gene prediction method: Protein Homology.,OG0000290,Cloud,group_1011,Cloud,Cloud,Cloud
GCF_000014565.1,RHA1_RS53190,MLGFAVPLELGSADGDLRLITTLTSFATAADVTLAELHLEAFLPADHGTAEVLRRRWG,58,hypothetical protein, ,Derived by automated computational analysis using gene prediction method: GeneMarkS-2+.,OG0001050,,group_813,Cloud,,Probably not conserved
GCF_000014565.1,RHA1_RS51565,MTDTAAVIDQYNAAFLERAPDKLIDLIAPDCGMEGTGPEPDGNRGTG,47,hypothetical protein, ,Derived by automated computational analysis using gene prediction method: GeneMarkS-2+.,OG0001051,,group_1482,Cloud,,Probably not conserved
GCF_000014565.1,RHA1_RS03065,MNTIEPPATEAVTTTATTFGSTADLTSALIRAATAHGQHETRTGAADPNWPDWYAAYMVAEQAGTEPPL,69,hypothetical protein, ,Derived by automated computational analysis using gene prediction method: Protein Homology.,OG0000221,Shell,"group_1994, group_1995",Cloud,Cloud,Cloud
GCF_000014565.1,RHA1_RS50320,MARISKKLGADLLDALRVSVVGTVVCAGLVMGVIVLAMWKFPIPGV,46,hypothetical protein, ,Derived by automated computational analysis using gene prediction method: Protein Homology.,OG0000126,Shell,group_2515,Shell,Cloud,Shell
GCF_000014565.1,RHA1_RS03125,MFAAHRDVFRALFSMAQLDADAVGGAIARIEENRAGGMAHLAQRLAERTRFCGRRSPSTRPRSLCR,66,hypothetical protein, ,Derived by automated computational analysis using gene prediction method: GeneMarkS-2+.,OG0001052,,group_212,Cloud,,Probably not conserved
GCF_000014565.1,RHA1_RS03210,MTENPGTRTLLTTGDTVMFHPEGVSKFKILNIDEDGHALIESLAEQPR,48,hypothetical protein, ,Derived by automated computational analysis using gene prediction method: GeneMarkS-2+.,OG0000072,Soft core,group_1422,Cloud,,Cloud
GCF_000014565.1,RHA1_RS50325,MKKPGEETSRESGAVVPNDHLSSDDLAGVVEALTGERVTPRSATGNLAGATRRAAKN,57,hypothetical protein, ,Derived by automated computational analysis using gene prediction method: Protein Homology.,OG0000252,Cloud,group_861,Cloud,Cloud,Cloud
GCF_000014565.1,RHA1_RS51585,MPDKENWTCFGFDSGFNFKTGAFAPGVGRLGGFAKGSNVTVVCFGNQAPFFFTGSVTVK,59,hypothetical protein, ,Derived by automated computational analysis using gene prediction method: Protein Homology.,OG0000364,Cloud,group_735,Cloud,Cloud,Cloud
GCF_000014565.1,RHA1_RS50340,MIILGLILLVIGFVAHISILWTIGIILLVIGVILALLGGTGRAVGGRRHWF,51,duf6131 family protein, ,Derived by automated computational analysis using gene prediction method: Protein Homology.,OG0000000,Conserved,group_1235,Cloud,Cloud,Cloud
GCF_000014565.1,RHA1_RS52855,MRVVSEDQTLVDNNALGYSQVSAQVTANTRNACGRLAVVTR,41,hypothetical protein, ,Derived by automated computational analysis using gene prediction method: GeneMarkS-2+.,OG0000230,Shell,group_1831,Cloud,Cloud,Cloud
GCF_000014565.1,RHA1_RS50345,MNVPYDQAGAAYLRESATTRLLSVNRRNAIDALAHAAEAFYRIVDR,46,hypothetical protein, ,Derived by automated computational analysis using gene prediction method: GeneMarkS-2+.,OG0001053,,group_1547,Cloud,,Probably not conserved
GCF_000014565.1,RHA1_RS49295,MSSTFRTVAVVDWFRTGASWRMSSSGTAYGDSVEPWTLTATLPLAAGISWAQIAERSPVTAPTTY,65,hypothetical protein, ,Derived by automated computational analysis using gene prediction method: GeneMarkS-2+.,OG0000432,Cloud,group_2112,Cloud,Cloud,Cloud
GCF_000014565.1,RHA1_RS44445,MVQPEVLIALLIAACFIFFVSACLVTVIVIVIVTGSTAGLRDFAKVLAAFGRVIRLRFRFGN,62,hypothetical protein, ,Derived by automated computational analysis using gene prediction method: Protein Homology.,OG0000318,Cloud,group_2261,Cloud,Cloud,Cloud
GCF_000014565.1,RHA1_RS49300,MLNVLGAESCARFVDGSELVQRWFPRAERLTVPGAGHLLMVQNPTASARGLKDFFSHHLIGHLGPLEVS,69,hypothetical protein, ,Derived by automated computational analysis using gene prediction method: GeneMarkS-2+.,OG0000546,Cloud,group_2055,Cloud,Cloud,Cloud
GCF_000014565.1,RHA1_RS49305,MMRPGLPCPETPLLHGRHLSSAEQVSLVELLVEGVGNHPVQHGTVAIAAHMAQEPVHRGGLVA,63,hypothetical protein, ,Derived by automated computational analysis using gene prediction method: GeneMarkS-2+.,OG0000547,Cloud,group_431,Cloud,Cloud,Cloud
GCF_000014565.1,RHA1_RS04030,MAQEQTKRTGGGDEDDTPGADGAAGQERREKLAEDTDDLLDEIDDVLEENAEDFVRAYVQKGGQ,64,ubiquitin-like protein pup, ,Derived by automated computational analysis using gene prediction method: Protein Homology.,OG0000037,Conserved,group_343,Shell,Shell,Shell
GCF_000014565.1,RHA1_RS04145,MSTSDTTGQTEFPASMGKVSRRELASHGYTRFDQLTTVTAKELLKIHGVGPKAIRILEEELAERGLGFAK,70,hypothetical protein, ,Derived by automated computational analysis using gene prediction method: Protein Homology.,OG0000050,Conserved,,,Shell,Shell
GCF_000014565.1,RHA1_RS04540,MVIDPTLLGILACPQDKGPLLLVGDELLYNPRLRRAYPIENGIPVLLIDEARDVGADEHETLLARAAGEA,70,trm112 family protein, ,Derived by automated computational analysis using gene prediction method: Protein Homology.,OG0000038,Conserved,,,Soft core,Soft core
GCF_000014565.1,RHA1_RS04615,MPKSKTHSGTAKRFKVSGSGKILRQKAGRRHLLEHKATKVTRRLDGVAVVSKADTPRIKRLLDI,64,50s ribosomal protein l35, ,Derived by automated computational analysis using gene prediction method: Protein Homology.,OG0000039,Conserved,rpmI,Shell,Soft core,Shell
GCF_000014565.1,RHA1_RS04900,MPLIQISQTPGLTAEQKRATIEAVTQAYADATGKDPAKVWVTITEVPRDSWGVGGTPLG,59,2-hydroxymuconate tautomerase family protein, ,Derived by automated computational analysis using gene prediction method: Protein Homology.,OG0000160,Shell,group_2162,Shell,Shell,Shell
GCF_000014565.1,RHA1_RS50350,MSVVLVYVLFIAAGIAAGGAYSMWKFNKLASGVLLALAVLAAVAGVLRLM,50,hypothetical protein, ,Derived by automated computational analysis using gene prediction method: Protein Homology.,OG0000040,Conserved,group_1297,Shell,Core,Shell
GCF_000014565.1,RHA1_RS05110,MHVAVGDRLHVQGRVVGVHETTAEVVEVHGENGAPPYLVRYDDGHEALVFPGSDAWVEHPKS,62,duf1918 domain-containing protein, ,Derived by automated computational analysis using gene prediction method: Protein Homology.,OG0000041,Conserved,group_504,Shell,Soft core,Shell
GCF_000014565.1,RHA1_RS50365,MATYRYLDKDRNVLEEQDFGTVQDAEEHRLSVLGAEIIEEVEDSGTPES,49,hypothetical protein, ,Derived by automated computational analysis using gene prediction method: Protein Homology.,OG0000054,Core,group_2183,Shell,Soft core,Shell
GCF_000014565.1,RHA1_RS05670,MTDEDHLWYYNVDDGTVTQGKAASSMSRMGPYPDRASAEKALQIAAERNKAADRADEEWNN,61,hypothetical protein, ,Derived by automated computational analysis using gene prediction method: Protein Homology.,OG0000042,Conserved,group_2293,Shell,Soft core,Shell
GCF_000014565.1,RHA1_RS05755,MCSDLTKLGDDELLAQLDEHRALLGESIANDYGCETVRGVTIRITAFEAELGRRGSATSRDAT,63,hypothetical protein, ,Derived by automated computational analysis using gene prediction method: Protein Homology.,OG0000192,Shell,group_2325,Shell,Shell,Shell
GCF_000014565.1,RHA1_RS05760,MPRYKVTLRNGTSSDKTFESDFQAVNETHRPTETGAGIVKIDRYEDDGEVTGVWSAPTTSRR,62,hypothetical protein, ,Derived by automated computational analysis using gene prediction method: Protein Homology.,OG0000113,Soft core,group_2295,Shell,Shell,Shell
GCF_000014565.1,RHA1_RS05975,MTGAGILAVALVTIAAALVVYLLIALIDPERF,32,potassium-transporting atpase subunit f, ,Derived by automated computational analysis using gene prediction method: Protein Homology.,OG0000055,Core,group_2327,Shell,Soft core,Shell
GCF_000014565.1,RHA1_RS06170,MDRMASWWDGFELWIAGLPFVPQVALVLLVMVPVCRGLAWLLDRGLAAVFVLLRRDVSKVEEP,63,hypothetical protein, ,Derived by automated computational analysis using gene prediction method: Protein Homology.,OG0000056,Core,group_427,Shell,Shell,Shell
GCF_000014565.1,RHA1_RS50370,MSESEQTDLDVDDELDAGQVWRAQRVVAAQSLDAEDCRMLLSMLGIAGNPDAPEAD,56,hypothetical protein, ,Derived by automated computational analysis using gene prediction method: Protein Homology.,OG0000161,Shell,group_2171,Shell,Shell,Shell
GCF_000014565.1,RHA1_RS51625,MNDHHVQLFSELHSTAGSQAGGEDAGEALRPVDPEHRTATEVHRALFSDQ,50,hypothetical protein, ,Derived by automated computational analysis using gene prediction method: GeneMarkS-2+.,OG0000162,Shell,group_2285,Shell,Shell,Shell
GCF_000014565.1,RHA1_RS50375,MIPVLLYYGVPTAVIAVTLWVGFLGWRFYVKEVLRGDSGDTTAGERDHG,49,hypothetical protein, ,Derived by automated computational analysis using gene prediction method: Protein Homology.,OG0000223,Shell,group_2268,Shell,Shell,Shell
GCF_000014565.1,RHA1_RS50380,MRALPAAHATRLRPSRTGAASFPAGRQGERGIMPAPKTCRTARHA,45,hypothetical protein, ,Derived by automated computational analysis using gene prediction method: GeneMarkS-2+.,OG0000208,Shell,group_2409,Shell,Shell,Shell
GCF_000014565.1,RHA1_RS06710,MSEDGNGATVFVWIADILPASLADRTAQMMELGIGAVRRTLDRADRVIDIR,51,hypothetical protein, ,Derived by automated computational analysis using gene prediction method: GeneMarkS-2+.,OG0000433,Cloud,group_1236,Cloud,Cloud,Cloud
GCF_000014565.1,RHA1_RS06820,MVGKFERRKDTVQELTESAATHVGQIATIIAGAVRDVTREIGDWVSDGIEMREAAKKARDDEGEAEPVD,69,hypothetical protein, ,Derived by automated computational analysis using gene prediction method: Protein Homology.,OG0000149,Shell,group_2446,Shell,Shell,Shell
GCF_000014565.1,RHA1_RS51650,MILRPNPVLAAREVYESKAARWQKEWPRLTVVPWPE,36,nucleotidyltransferase family protein, ,Derived by automated computational analysis using gene prediction method: Protein Homology.,OG0000434,Cloud,group_2032,Cloud,Cloud,Cloud
GCF_000014565.1,RHA1_RS50385,MTAYRDDAAPVTEPDDDLGGDPVCWLDRVCPDCGLFLTDHTAGTCPRCGAARGR,54,hypothetical protein, ,Derived by automated computational analysis using gene prediction method: Protein Homology.,OG0000163,Shell,group_2435,Shell,Shell,Shell
GCF_000014565.1,RHA1_RS52865,MADKSPRNSMSKKSGKSLKEKRADKKMKTNGQSDPEIVSHVKKR,44,hypothetical protein, ,Derived by automated computational analysis using gene prediction method: Protein Homology.,OG0000004,Core,group_2437,Shell,Shell,Shell
GCF_000014565.1,RHA1_RS50390,MTDERPGKNQTPPDKATRPTPKEATPDVSKTDLAAVVDALTATNEKNFDF,50,hypothetical protein, ,Derived by automated computational analysis using gene prediction method: Protein Homology.,OG0000164,Shell,group_2447,Shell,Shell,Shell
GCF_000014565.1,RHA1_RS08000,MSTPRRRPLKTVTGVSGAVSTYAAAIDPQQSTVASSIEIAKIAEANKFDAPRDHHVPPPFTLSVV,65,hypothetical protein, ,Derived by automated computational analysis using gene prediction method: GeneMarkS-2+.,OG0000435,Cloud,group_283,Cloud,Cloud,Cloud
GCF_000014565.1,RHA1_RS08205,MNLQTAQNTIQAAGVFFSRSADATGAGRKQVLDSNWVVVGQQPSPGALVGEGDAVLSVVKIGEPNNC,67,hypothetical protein, ,Derived by automated computational analysis using gene prediction method: Protein Homology.,OG0000253,Shell,group_2453,Shell,Cloud,Shell
GCF_000014565.1,RHA1_RS09290,MGSGPVKAIMWSLLFVGLVGAGVGISELHVPWTVASLIVASVSGLVLLRIRADAHPELHSDRRMAAG,67,hypothetical protein, ,Derived by automated computational analysis using gene prediction method: Protein Homology.,OG0000165,Shell,group_2193,Shell,Shell,Shell
GCF_000014565.1,RHA1_RS09330,MNSTITGLIVGLLLAIAGILGGFSGFVFAVLLGALGMAVGAHRDGHLDLGAILRSRGRG,59,hypothetical protein, ,Derived by automated computational analysis using gene prediction method: Protein Homology.,OG0000026,Conserved,group_2303,Conserved,Shell,Shell
GCF_000014565.1,RHA1_RS09530,MSEKKIDRVKTESALEVLRESPTIALITVAPALVVFGVVWWLFGFWSALVLVLILGVVAVVGRKLF,66,hypothetical protein, ,Derived by automated computational analysis using gene prediction method: Protein Homology.,OG0000025,Conserved,group_2209,Conserved,Shell,Shell
GCF_000014565.1,RHA1_RS51685,MKPWAELLTTLSADGARLPASPDVSAQLLAAVATAFVDLWDGDDDAGIAALTRFVERGLLG,61,hypothetical protein, ,Derived by automated computational analysis using gene prediction method: GeneMarkS-2+.,OG0001054,,,,,Probably not conserved
GCF_000014565.1,RHA1_RS09665,MASSTDVRPKITLACEVCKHRNYITKKNRRNDPDRLELKKFCPNCGTHQSHRESK,55,50s ribosomal protein l33, ,Derived by automated computational analysis using gene prediction method: Protein Homology.,OG0000024,Conserved,rpmG,Conserved,Shell,Shell
GCF_000014565.1,RHA1_RS09815,MGALSPSHWAIIAIVLVVLFGSKKLPDAARGLGRSMRILKTEVGELQADAPELEK,55,sec-independent protein translocase subunit tata, ,Derived by automated computational analysis using gene prediction method: Protein Homology.,OG0000019,Conserved,group_2146,Shell,Shell,Shell
GCF_000014565.1,RHA1_RS09890,MIYLLALIGLVTVAVLLWKAFGPNTRPVLSNRVQGPDDDPDFLWKVDRETRRKKSDEPEAGPADPAG,67,hypothetical protein, ,Derived by automated computational analysis using gene prediction method: Protein Homology.,OG0000023,Conserved,group_2246,Shell,Conserved,Shell
GCF_000014565.1,RHA1_RS52870,MGSADLAAGIGHWLQAGLLSGDPLAIAAGFVVMVVGGLFMGLPF,44,hypothetical protein, ,Derived by automated computational analysis using gene prediction method: GeneMarkS-2+.,OG0000061,Soft core,group_2043,Cloud,Cloud,Cloud
GCF_000014565.1,RHA1_RS45885,MGSVIKKRRKRMSKKKHRKLLRRTRVQRRKLGK,33,aurkaip1/cox24 domain-containing protein, ,Derived by automated computational analysis using gene prediction method: Protein Homology.,OG0000022,Conserved,group_1939,Conserved,Conserved,Conserved
GCF_000014565.1,RHA1_RS51690,MDLRPMRSPKWPTTTPPIGRAMKPTENVANAASVPAMEEKDGKNNGPNTIAAAMP,55,hypothetical protein, ,Derived by automated computational analysis using gene prediction method: GeneMarkS-2+.,OG0000292,Cloud,group_1012,Cloud,Cloud,Cloud
GCF_000014565.1,RHA1_RS52875,MADRHPRRVDAVGPVYLTAVTLLSLLCVVAITRKVRGPLRSG,42,hypothetical protein, ,Derived by automated computational analysis using gene prediction method: GeneMarkS-2+.,OG0000436,Cloud,group_1763,Cloud,Cloud,Cloud
GCF_000014565.1,RHA1_RS50395,MIVLGLILLLIGWLTGLTWLWTIGIILLVIGAILWILGATGRAVGGRRRWY,51,duf6131 family protein, ,Derived by automated computational analysis using gene prediction method: Protein Homology.,OG0000000,Conserved,group_2247,Shell,Shell,Shell
GCF_000014565.1,RHA1_RS10470,MTFDSNTPRQFTRSDNQKMLAGVCGGIAEYFSVDVNLVRLLTVVATLVTGGTAALVYLAAWMLMPAGH,68,pspc domain-containing protein, ,Derived by automated computational analysis using gene prediction method: Protein Homology.,OG0000021,Conserved,group_2380,Conserved,Shell,Shell
GCF_000014565.1,RHA1_RS52880,MTVVLDRVEESVRSLNPGYFAIVMASGIISVGMKLGGFDLISG,43,hypothetical protein, ,Derived by automated computational analysis using gene prediction method: GeneMarkS-2+.,OG0000437,Cloud,group_1711,Cloud,Cloud,Cloud
GCF_000014565.1,RHA1_RS50400,MDVPAGFSLGTAPRQEVVDTTDDLVAGMVDRFLKGAPAPELDDAASRFPPVFEVR,55,hypothetical protein, ,Derived by automated computational analysis using gene prediction method: Protein Homology.,OG0000438,Cloud,group_2033,Cloud,Cloud,Cloud
GCF_000014565.1,RHA1_RS11345,MATIEEFEQTVTDKVIAGLHDKFADYERRGVGLAELGDPDRFVERILAAVPAPHPWYEQFGTAWSSTPA,69,hypothetical protein, ,Derived by automated computational analysis using gene prediction method: Protein Homology.,OG0000166,Shell,group_2132,Shell,Shell,Shell
GCF_000014565.1,RHA1_RS11785,MNPVTDPDVVYLADHSVLLAIPAFVPAFLVAGLVIYLAVRDRKAEAAENAESAKHGPSEKDEEN,64,hypothetical protein, ,Derived by automated computational analysis using gene prediction method: Protein Homology.,OG0000167,Shell,group_2396,Shell,Shell,Shell
GCF_000014565.1,RHA1_RS52885,MNVFQAADSFQLFTGVAPDFERMYAHVLELVERQSRRAA,39,hypothetical protein, ,Derived by automated computational analysis using gene prediction method: Protein Homology.,OG0000439,Cloud,group_1926,Cloud,Cloud,Cloud
GCF_000014565.1,RHA1_RS12395,MAAYQCPVCDYVYDEASGAPREGFPAGTAWADVPDDWCCPDCGVREKIDFDPKVA,55,rubredoxin, ,Derived by automated computational analysis using gene prediction method: Protein Homology.,OG0000053,Core,group_2321,Shell,Shell,Shell
GCF_000014565.1,RHA1_RS12400,MSTDFKLYRCAQCGFEYDEAEGWPEDGIEPGTRWDDIPEDWSCPDCGAAKADFDMVEVSRA,61,rubredoxin, ,Derived by automated computational analysis using gene prediction method: Protein Homology.,OG0000007,Conserved,group_2335,Shell,Cloud,Cloud
GCF_000014565.1,RHA1_RS44535,MHGRLAAPLAEWYAALDRLDPGRVIDRFPLELDTAMLPPSRSNRHDRDLLDSLIDELPAL,60,hypothetical protein, ,Derived by automated computational analysis using gene prediction method: GeneMarkS-2+.,OG0001055,,group_667,Cloud,,Probably not conserved
GCF_000014565.1,RHA1_RS51725,MTKSRATQHLGVSPSPDTLRGRFPVCTVPASTTTYRTHGAKFAPWWFGTSLGGRFDLPGPD,61,hypothetical protein, ,Derived by automated computational analysis using gene prediction method: GeneMarkS-2+.,OG0000365,Cloud,group_596,Cloud,,Cloud
GCF_000014565.1,RHA1_RS12955,MKICVDRTKCTGLGICESLAPDIFEIDDAGGLLLLREDADDSVIDDVRAAIEGCPTEALTLIED,64,ferredoxin, ,Derived by automated computational analysis using gene prediction method: Protein Homology.,OG0000001,Conserved,group_351,Cloud,Cloud,Cloud
GCF_000014565.1,RHA1_RS13010,MNAKTLAEEKLAPFIKERGYDWEIYIDETPMDLWRTQGLVPPPPESDMEKLWAKENRPIPYDVAAS,66,tautomerase family protein, ,Derived by automated computational analysis using gene prediction method: Protein Homology.,OG0000440,Cloud,group_2049,Cloud,Cloud,Cloud
GCF_000014565.1,RHA1_RS13015,MKEVRKIDSTTTQHCRAEQGIQRHDMSKVKEFIEGGEDDLAPGRAGPEEVGSIIRPRSTRDG,62,hypothetical protein, ,Derived by automated computational analysis using gene prediction method: Protein Homology.,OG0000441,Cloud,group_511,Cloud,Cloud,Cloud
GCF_000014565.1,RHA1_RS50425,MSVDDRVGREEGVRSGGSVSDRHTLDTEGIARARSLMGLNGHVINLPVSADEST,54,hypothetical protein, ,Derived by automated computational analysis using gene prediction method: GeneMarkS-2+.,OG0001056,,,,,Probably not conserved
GCF_000014565.1,RHA1_RS50430,MAVGEPHTAAISAMVAGSLADFPAAASGSRAINAMLYGLPSPMHAA,46,hypothetical protein, ,Derived by automated computational analysis using gene prediction method: GeneMarkS-2+.,OG0000293,Cloud,group_1998,Cloud,Cloud,Cloud
GCF_000014565.1,RHA1_RS50435,MVLLTLHTDRLDRLTPSQVSDGYYLAGHWLLQKAVDAEMITWDCGVGAPDARGRTRE,57,hypothetical protein, ,Derived by automated computational analysis using gene prediction method: GeneMarkS-2+.,OG0001057,,group_862,Cloud,,Probably not conserved
GCF_000014565.1,RHA1_RS51755,MIRCHDEGADSLAGFEQSFLGDTLLRGAHGIQAADPVLLLQFADTTTVLAAMDSATKSY,59,hypothetical protein, ,Derived by automated computational analysis using gene prediction method: GeneMarkS-2+.,OG0000442,Cloud,group_736,Cloud,Cloud,Cloud
GCF_000014565.1,RHA1_RS50450,MSTATETPSGITGTPTVTDNRSGLAGTAACAPRPRSGYDGCHAEQKSWAIVRIVIGY,57,hypothetical protein, ,Derived by automated computational analysis using gene prediction method: GeneMarkS-2+.,OG0000366,Cloud,group_2064,Cloud,Cloud,Cloud
GCF_000014565.1,RHA1_RS13255,MGFQELEHRLTWEHPTHLYLKKAKADQVAFGTAGAHRAALAGLVDLTVGETR,52,hypothetical protein, ,Derived by automated computational analysis using gene prediction method: Protein Homology.,OG0000367,Cloud,group_2263,Cloud,Cloud,Cloud
GCF_000014565.1,RHA1_RS13405,MGDPPYTYPEDLPENGADGPAQCYSYGAGNPPPGHTPFDVGTRVYDPVQTPGDLLGNPFASLIYGLTR,68,hypothetical protein, ,Derived by automated computational analysis using gene prediction method: GeneMarkS-2+.,OG0001058,,group_61,Cloud,,Probably not conserved
GCF_000014565.1,RHA1_RS51770,MKLAGAGIATLAVLAASACSSSAAPVSPVANLASGDLSHGADNFYTSD,48,hypothetical protein, ,Derived by automated computational analysis using gene prediction method: GeneMarkS-2+.,OG0001059,,group_1423,Cloud,,Probably not conserved
GCF_000014565.1,RHA1_RS13460,MGWSRFEVRWCALGGGPAETIMADFGMDAAAFFRHLAEYLELSPPTPLRPDLLERMKAVARRRLWLAT,68,hypothetical protein, ,Derived by automated computational analysis using gene prediction method: Protein Homology.,OG0000196,Shell,group_62,Cloud,,Cloud
GCF_000014565.1,RHA1_RS51775,MLAYGLSPERVFGILTWRHGRPTANRVLADRFVDTLTAEATSPRRLVPGSTTCS,54,hypothetical protein, ,Derived by automated computational analysis using gene prediction method: GeneMarkS-2+.,OG0000244,Shell,group_1068,Cloud,Cloud,Cloud
GCF_000014565.1,RHA1_RS52895,MTCDVDPHFASIGASPDAIDRLVADSRVDVVVDDPDTEPPYYS,43,hypothetical protein, ,Derived by automated computational analysis using gene prediction method: Protein Homology.,OG0000443,Cloud,group_1712,Cloud,Cloud,Cloud
GCF_000014565.1,RHA1_RS49390,MKQGVATGNHKAYFDDVNQCGAAENMQISTVIDVQSAYEWRDLVMHQQRCCNTIDIVELFHNEQQRFMR,69,hypothetical protein, ,Derived by automated computational analysis using gene prediction method: GeneMarkS-2+.,OG0001060,,group_5,Cloud,,Probably not conserved
GCF_000014565.1,RHA1_RS50465,MIAIGVVLILVGFIVKISAMWIVGLVIAAIGLGLLLLGVSGRSIGGRRYWY,51,hypothetical protein, ,Derived by automated computational analysis using gene prediction method: Protein Homology.,OG0000000,Conserved,group_1237,Cloud,Cloud,Cloud
GCF_000014565.1,RHA1_RS45980,MATALAVPYQRVRRLEIGQRLDPDLSAHYSRWLTDREQQSISLSLVDTA,49,hypothetical protein, ,Derived by automated computational analysis using gene prediction method: GeneMarkS-2+.,OG0000368,Cloud,group_1364,Cloud,Cloud,Cloud
GCF_000014565.1,RHA1_RS50475,MLGRLEVAVGVRFQQHMLLRETNLPEPVDSQKSRRRPPLPQRLGVVAQCGGAVEATT,57,hypothetical protein, ,Derived by automated computational analysis using gene prediction method: GeneMarkS-2+.,OG0000294,Cloud,group_2151,Shell,,Cloud
GCF_000014565.1,RHA1_RS14930,MPLLHVTQTPGQSAEAKRELLKKLTAAYVDATGAKPASVWVTIEEVSKDDWAIGGETLTERASKPA,66,4-oxalocrotonate tautomerase family protein, ,Derived by automated computational analysis using gene prediction method: Protein Homology.,OG0000224,Shell,group_213,Shell,,Shell
GCF_000014565.1,RHA1_RS51825,MPASNADGTRSLSRACARSVAPLGLGSHRDDVFGVAQRGGGVFGKVPYSSAKAAILGFTKSLARNWKTPA,70,hypothetical protein, ,Derived by automated computational analysis using gene prediction method: GeneMarkS-2+.,OG0000444,Cloud,,,,Probably not conserved
GCF_000014565.1,RHA1_RS15125,MSEKATPVHRSHVEATLYHLTKHSWEVSDADLEAVVAGEPVTRGPSNDVRVDFAFPDPHALKDFL,65,hypothetical protein, ,Derived by automated computational analysis using gene prediction method: Protein Homology.,OG0000121,Shell,group_284,Cloud,,Cloud
GCF_000014565.1,RHA1_RS52915,MTSGPVADQLILDRAADVGLLAREVTERSLGEPGEIPRLARASR,44,hypothetical protein, ,Derived by automated computational analysis using gene prediction method: GeneMarkS-2+.,OG0001061,,group_1656,Cloud,,Probably not conserved
GCF_000014565.1,RHA1_RS15170,MTDTAVDAVASVQVTEYWVVEVDRHDGACCSFGPFSAEAAWARMEHRTAPTRFAAVVGKR,60,hypothetical protein, ,Derived by automated computational analysis using gene prediction method: Protein Homology.,OG0000254,Cloud,group_668,Cloud,,Cloud
GCF_000014565.1,RHA1_RS51845,MANSVVDVGGDPVVSVVARVFTPPLRELYALLARVGVVEIID,42,rv1535 domain-containing protein, ,Derived by automated computational analysis using gene prediction method: Protein Homology.,OG0000231,Shell,group_1764,Cloud,,Cloud
GCF_000014565.1,RHA1_RS50495,MKKFSEEASDEGGGVVSNGDLSSDDMAGVVEALTGERVTPRRASRRPAGSTRRAGTN,57,hypothetical protein, ,Derived by automated computational analysis using gene prediction method: Protein Homology.,OG0000252,Cloud,group_863,Cloud,,Cloud
GCF_000014565.1,RHA1_RS50500,MPDNRRVTGLDKWTTERLEEFLEDLEREAVPHAEPGKPFLTYDAVRAELARRRSEHP,57,hypothetical protein, ,Derived by automated computational analysis using gene prediction method: GeneMarkS-2+.,OG0000319,Cloud,group_864,Cloud,,Cloud
GCF_000014565.1,RHA1_RS15380,MNIHAAHLTTDDEHDAWQLRESGLSWAQVGHEIGCTESTARAFAAAYQQRTDAAANKAQISLF,63,hypothetical protein, ,Derived by automated computational analysis using gene prediction method: Protein Homology.,OG0000063,Soft core,group_432,Cloud,,Cloud
GCF_000014565.1,RHA1_RS15450,MTIHAAHPTTDDERDAWQLHESGLSWSQVGREIGCTESAARAFAAAYQQRTDTDAARNQIGLF,63,hypothetical protein, ,Derived by automated computational analysis using gene prediction method: Protein Homology.,OG0000063,Soft core,group_433,Cloud,,Cloud
GCF_000014565.1,RHA1_RS15625,MSIPSVVTEMATGGADVDRLYEDIVGAEYSIDRTSALRNDIDDVRAALEAQVAYLDSLIGPHRHA,65,hypothetical protein, ,Derived by automated computational analysis using gene prediction method: Protein Homology.,OG0000445,Cloud,group_2075,Cloud,Cloud,Cloud
GCF_000014565.1,RHA1_RS50510,MTPDSSRSPITVAAAAVRGCGYELALVSPIASPDDLAGPTAVFCSLNTSSSVGRRRS,57,hypothetical protein, ,Derived by automated computational analysis using gene prediction method: GeneMarkS-2+.,OG0001062,,group_865,Cloud,,Probably not conserved
GCF_000014565.1,RHA1_RS50515,MRDRTAHAPRFTATVRLAGHTATADATTKTAAKTASAAALIDTLFTQH,48,hypothetical protein, ,Derived by automated computational analysis using gene prediction method: GeneMarkS-2+.,OG0000446,Cloud,group_2110,Cloud,Cloud,Cloud
GCF_000014565.1,RHA1_RS51870,MLATAGTLPDNTDRPWSFEMKYDGCRMLASVGSCEPVLWTRAMNVVTPQIPRSPKL,56,hypothetical protein, ,Derived by automated computational analysis using gene prediction method: GeneMarkS-2+.,OG0000295,Cloud,,,,Probably not conserved
GCF_000014565.1,RHA1_RS51875,MTFLPFGVLAFDDLDLMSAPHLDRRAELVELDSVIQDVGGLPITVVRTGKIRAAESV,57,hypothetical protein, ,Derived by automated computational analysis using gene prediction method: GeneMarkS-2+.,OG0000447,Cloud,group_866,Cloud,Cloud,Cloud
GCF_000014565.1,RHA1_RS50520,MYRTEPHYWIPISPPTPFLTITAEWAQIGLESVVTTLNLTTQPRS,45,hypothetical protein, ,Derived by automated computational analysis using gene prediction method: Protein Homology.,OG0000448,Cloud,group_2203,Cloud,Cloud,Cloud
GCF_000014565.1,RHA1_RS50525,MRMILASSITSRPPVLCRGGMSTAEIKARIEAMFADDRRPVSQTGPL,47,hypothetical protein, ,Derived by automated computational analysis using gene prediction method: Protein Homology.,OG0000002,Conserved,group_1483,Cloud,Cloud,Cloud
GCF_000014565.1,RHA1_RS50530,MFDRLYAAVLAVAGLGYGGYILLDELTGSSDTPGEDDHHLRRESSEQVFTA,51,hypothetical protein, ,Derived by automated computational analysis using gene prediction method: Protein Homology.,OG0000168,Shell,group_2489,Shell,Cloud,Shell
GCF_000014565.1,RHA1_RS16210,MSIGKKLRHKAETAEGSAKKTVGKALGNERMEAEGRAQEAKGKAKQAGDQIKQAGQKIKKIFTR,64,csbd family protein, ,Derived by automated computational analysis using gene prediction method: Protein Homology.,OG0000073,Shell,group_2502,Shell,Cloud,Shell
GCF_000014565.1,RHA1_RS50535,MIILGIILAIVGLVLSVPVLLYIGIALIIIGVVLEVMGMAGHAVAGRRHYY,51,duf6131 family protein, ,Derived by automated computational analysis using gene prediction method: Protein Homology.,OG0000000,Conserved,group_1238,Cloud,Cloud,Cloud
GCF_000014565.1,RHA1_RS50540,MELPGVRRVLDLAAITMLSVAVAATTSFTVATLGLLSVIGARAALRRSLTAR,52,hypothetical protein, ,Derived by automated computational analysis using gene prediction method: Protein Homology.,OG0000449,Cloud,group_1178,Cloud,Cloud,Cloud
GCF_000014565.1,RHA1_RS16745,MHPVAKRQRLEVLIGILGFFTVMAFIAAVVEVVRGDPGVTPALVLLGCLVLSGLAIVARNRVR,63,hypothetical protein, ,Derived by automated computational analysis using gene prediction method: Protein Homology.,OG0000051,Conserved,group_2423,Shell,Shell,Shell
GCF_000014565.1,RHA1_RS17160,MSTSSVTVSGMTCNHCVSSVTEEISALPGVTNVNVDLATGKVVIDSTTDLDPSAVAGAVEEAGYSVAG,68,heavy metal-associated domain-containing protein, ,Derived by automated computational analysis using gene prediction method: Protein Homology.,OG0000006,Conserved,group_2406,Shell,Cloud,Cloud
GCF_000014565.1,RHA1_RS51910,MTDEQCWAALDTVNLRDRIDTETAALHAQIGEHGIRLSGGERQRFGAQHVP,51,hypothetical protein, ,Derived by automated computational analysis using gene prediction method: GeneMarkS-2+.,OG0001063,,,,,Probably not conserved
GCF_000014565.1,RHA1_RS50545,MAQRATDVRAERAEEYGRLNAGEGMLLVRITPEKVISENNITGEQQRAMIMTTGRR,56,hypothetical protein, ,Derived by automated computational analysis using gene prediction method: Protein Homology.,OG0000369,Cloud,group_2385,Cloud,Cloud,Cloud
GCF_000014565.1,RHA1_RS49475,MRRTAHVIDTCHGTLIVHALYGAECTDESCVELSADRHALIIDCDEFGDCVCSAEFAEQLRHAS,64,hypothetical protein, ,Derived by automated computational analysis using gene prediction method: Protein Homology.,OG0000169,Shell,group_2231,Shell,Shell,Shell
GCF_000014565.1,RHA1_RS51315,MLKAVGPAARTLANFCSCELVVVDDIGMLPAGQNAAVIVAMDNSHRLADTSLACACSRSTDDGG,64,hypothetical protein, ,Derived by automated computational analysis using gene prediction method: GeneMarkS-2+.,OG0000450,Cloud,group_352,Cloud,Cloud,Cloud
GCF_000014565.1,RHA1_RS46205,MAKGKRTFQPNNRRRARVHGFRLRMRTRAGRAIVSARRRKGRESLTA,47,50s ribosomal protein l34, ,Derived by automated computational analysis using gene prediction method: Protein Homology.,OG0000052,Conserved,rpmH,Conserved,Shell,Shell
GCF_000014565.1,RHA1_RS51925,MHFAPEKPDGVADGNWIQSDPGKGWFVILRFFSPLQSFFDKTWRPSEVDRVR,52,duf1214 domain-containing protein, ,Derived by automated computational analysis using gene prediction method: Protein Homology.,OG0000359,Cloud,group_1179,Cloud,Cloud,Cloud
GCF_000014565.1,RHA1_RS51930,MSDLNRVTVLGAGVLGGQIAWHSAFKGKDVVVYDLHQKAIDNCRAAHEMYADIYRVDVAATRTSRRPGNG,70,3-hydroxyacyl-coa dehydrogenase nad-binding domain-containing protein, ,Derived by automated computational analysis using gene prediction method: Protein Homology.,OG0000548,Cloud,,,,Probably not conserved
GCF_000014565.1,RHA1_RS49490,MTNPNEFETSATERTDATPQAAAPTCCSTERQATCCDLSEKSTCCGPAATAGGEGCGCQ,59,hypothetical protein, ,Derived by automated computational analysis using gene prediction method: GeneMarkS-2+.,OG0000243,Shell,group_2376,Cloud,Cloud,Cloud
GCF_000014565.1,RHA1_RS50555,MDFRRTPLARSENYWEQLGSVEARHLDGAERDRLPAPDEQVSLVDHCRGATPDPA,55,hypothetical protein, ,Derived by automated computational analysis using gene prediction method: Protein Homology.,OG0000275,Shell,group_2324,Cloud,Cloud,Cloud
GCF_000014565.1,RHA1_RS18990,MSDRDASIFESERELDEESVRKAQRTVAHHSIDAEDCRMLLAALGIPLVRDLENESLSGTAGAESL,66,hypothetical protein, ,Derived by automated computational analysis using gene prediction method: Protein Homology.,OG0000170,Shell,group_2353,Shell,Shell,Shell
GCF_000014565.1,RHA1_RS19350,MSLYLQPRQSGTAPTPYERKLAGAIEEVFGTGVHHLEGLVKGLNALGIHSPGGDAWTTDTFTDEIRRMGA,70,recombinase-like helix-turn-helix domain-containing protein, ,Derived by automated computational analysis using gene prediction method: Protein Homology.,OG0000171,Shell,,,Shell,Shell
GCF_000014565.1,RHA1_RS19645,MFVCICKAVTEDEVHEHCAAGADSADAIGERCGAGWGCGTCVDRLKEILERSAANSVAA,59,(2fe-2s)-binding protein, ,Derived by automated computational analysis using gene prediction method: Protein Homology.,OG0000150,Shell,group_2172,Shell,Shell,Shell
GCF_000014565.1,RHA1_RS50565,MLFTPEQVAAVLDAEEWDILVSAAPSREARDPEGQSVTVHDTVLHAVRRA,50,hypothetical protein, ,Derived by automated computational analysis using gene prediction method: Protein Homology.,OG0000451,Cloud,group_1300,Cloud,Cloud,Cloud
GCF_000014565.1,RHA1_RS20205,MGIADKASNKAEDLKGQAKEATGKATGDQDLRDEGKADQASSAVKDAGEKVKDTAKNLKDKLT,63,csbd family protein, ,Derived by automated computational analysis using gene prediction method: Protein Homology.,OG0000011,Conserved,group_2411,Conserved,Shell,Shell
GCF_000014565.1,RHA1_RS20605,MAKYRVIDPQGSVVETKEIPSAGDAHAWFVDVRADNSELGWRMEVDEDGTWAFFDDTEGATEK,63,hypothetical protein, ,Derived by automated computational analysis using gene prediction method: Protein Homology.,OG0000066,Soft core,group_2173,Shell,Shell,Shell
GCF_000014565.1,RHA1_RS20860,MGDALMQAIDCVGTLLSRIGHRPAMGELRVVLLLPDWDDYVSAASYDVRTQISPITCAP,59,duf2254 domain-containing protein, ,Derived by automated computational analysis using gene prediction method: GeneMarkS-2+.,OG0001064,,group_737,Cloud,,Probably not conserved
GCF_000014565.1,RHA1_RS48970,MSELTSWEYATVPLLTHATKQILDQWGTDGWELVTVLPGPTGEQHVAYLKRPKG,54,duf4177 domain-containing protein, ,Derived by automated computational analysis using gene prediction method: Protein Homology.,OG0000012,Conserved,group_2273,Conserved,Shell,Shell
GCF_000014565.1,RHA1_RS21170,MAQGTVKWFNAEKGFGFIAPEDGSADVFVHYSEIQGSGFRTLEENQRVEFEVGQGTKGPQATGVRAV,67,cold-shock protein, ,Derived by automated computational analysis using gene prediction method: Protein Homology.,OG0000013,Conserved,group_128,Conserved,Shell,Shell
GCF_000014565.1,RHA1_RS52920,MAMQVFSLIAILGALIVLIPTALRVFGKSDNVKAPDETEE,40,hypothetical protein, ,Derived by automated computational analysis using gene prediction method: Protein Homology.,OG0000172,Shell,group_2042,Shell,Shell,Shell
GCF_000014565.1,RHA1_RS21205,MSDSLKDRVREKLLRQLAEDGGHPVQEAEGDDPRLVSIDSDLAALEQATDGDVVIEELAAKYWVP,65,hypothetical protein, ,Derived by automated computational analysis using gene prediction method: Protein Homology.,OG0000014,Conserved,group_2342,Conserved,Soft core,Soft core
GCF_000014565.1,RHA1_RS21570,MVYVSSPSKPVESLGIVLIAVGVVLLALLTLYLVGFDQGAISRSGMYLHELMHDGRHLLGVPCH,64,cbtb domain-containing protein, ,Derived by automated computational analysis using gene prediction method: Protein Homology.,OG0000173,Shell,group_2252,Shell,Shell,Shell
GCF_000014565.1,RHA1_RS21600,MALAYAPGSSVDTTRLAVISFAIVLFAMLALYLVGFDQGAISRSGMYMHELMHDGRHLLGLPCH,64,cbtb domain-containing protein, ,Derived by automated computational analysis using gene prediction method: Protein Homology.,OG0000008,Conserved,group_2468,Conserved,Soft core,Soft core
GCF_000014565.1,RHA1_RS21880,MTLHLAQPSDLLGLVGQTVGTTGPLGTTVTAAQRKPAGIEVAFGFTYDIEGAQRPPCIAGGAVLYR,66,hypothetical protein, ,Derived by automated computational analysis using gene prediction method: Protein Homology.,OG0000452,Cloud,group_214,Cloud,Cloud,Cloud
GCF_000014565.1,RHA1_RS50570,MSPNTLTPPGFRSLPDLAGRTLGGKIVPDSGTARLRLWGSVTEAGRAGLAS,51,hypothetical protein, ,Derived by automated computational analysis using gene prediction method: Protein Homology.,OG0000225,Shell,group_1239,Cloud,Shell,Shell
GCF_000014565.1,RHA1_RS51970,MGTRRPVFMDAMEELIILDLPGWDQSSGIRREIEFFESRDRRVSLWSEASAEFVAPESSPVR,62,duf1937 family protein, ,Derived by automated computational analysis using gene prediction method: Protein Homology.,OG0001065,,group_512,Cloud,,Probably not conserved
GCF_000014565.1,RHA1_RS22630,MAQGVVKWFNSEKGFGFIAPDDGSADVFVHYSEISGSGYKSLEENQRVEFEVGQGQKGPQAQNVRAV,67,cold-shock protein, ,Derived by automated computational analysis using gene prediction method: Protein Homology.,OG0000003,Conserved,group_141,Shell,Shell,Shell
GCF_000014565.1,RHA1_RS22910,MEVRVDFDRCEANGVCVGIAPDIFELDDDDQLHISSAVPPADREEDVRTAIAQCPRAALTEHP,63,ferredoxin, ,Derived by automated computational analysis using gene prediction method: Protein Homology.,OG0000005,Conserved,group_2144,Shell,Shell,Shell
GCF_000014565.1,RHA1_RS50575,MAAKTTAENDIADEDLEPLADETARQAQRVVAAYAEDADECRMLLSMLGIGPTSKLD,57,hypothetical protein, ,Derived by automated computational analysis using gene prediction method: Protein Homology.,OG0000015,Conserved,group_859,Shell,Shell,Shell
GCF_000014565.1,RHA1_RS23040,MQVNSCRSAVLDAMEALPALEREALALVYYRGMSCDEVADTMQISVATVRDRLHEGARRLLAGVGAV,67,sigma-70 family rna polymerase sigma factor, ,Derived by automated computational analysis using gene prediction method: Protein Homology.,OG0000174,Shell,group_2332,Shell,Shell,Shell
GCF_000014565.1,RHA1_RS50580,MPASSTFHASATTTATRGGATMSTEEIKARIEAMFADEVTDTSPALVE,48,hypothetical protein, ,Derived by automated computational analysis using gene prediction method: Protein Homology.,OG0000002,Conserved,group_2311,Shell,Shell,Shell
GCF_000014565.1,RHA1_RS50585,MTTHNPQNAPHDGEVLVLGAGSGGAIAGGLIATLALSALTLLSSLPT,47,hypothetical protein, ,Derived by automated computational analysis using gene prediction method: Protein Homology.,OG0000146,Shell,group_2277,Shell,Shell,Shell
GCF_000014565.1,RHA1_RS50590,MFSATRTDSAQPPLPGATMEVMMLGLLGALNSGVTLGLANTILTFGGVVLNLNIVVN,57,hypothetical protein, ,Derived by automated computational analysis using gene prediction method: Protein Homology.,OG0000453,Cloud,group_867,Cloud,Cloud,Cloud
GCF_000014565.1,RHA1_RS46305,MSSRIATTLAAIAMTLSLGALAAPAAVAAPAAPSPTPAVGSIAVCLNLPLGSASISFCI,59,hypothetical protein, ,Derived by automated computational analysis using gene prediction method: Protein Homology.,OG0000175,Shell,group_2150,Shell,Shell,Shell
GCF_000014565.1,RHA1_RS23650,MGRGRAKAKQTKVARELKYSVPTTDFDSLQRELSGGSSNSHRDEVFADQRADREGHSREDDDDWRR,66,duf3073 domain-containing protein, ,Derived by automated computational analysis using gene prediction method: Protein Homology.,OG0000049,Conserved,group_209,Shell,Shell,Shell
GCF_000014565.1,RHA1_RS24250,MANNSKKQYVDPGWPETADGDSAVTELSSSRAGGLSPFGEDTEFPLPADSLPYAHPHTVINR,62,hypothetical protein, ,Derived by automated computational analysis using gene prediction method: Protein Homology.,OG0000048,Conserved,group_2147,Shell,Shell,Shell
GCF_000014565.1,RHA1_RS52945,MLGIMLGLGGAAIGLGIGVMALGVGLLLSDATIKHDVGELPD,42,hypothetical protein, ,Derived by automated computational analysis using gene prediction method: GeneMarkS-2+.,OG0000176,Shell,group_1761,Shell,Shell,Shell
GCF_000014565.1,RHA1_RS24635,MSFVDTLKGLLGKGREAASQNADKVHGAIDKAADVADSKTGGKYSDKIDKAADAAKKAVPPKE,63,antitoxin, ,Derived by automated computational analysis using gene prediction method: Protein Homology.,OG0000010,Conserved,group_2241,Shell,Shell,Shell
GCF_000014565.1,RHA1_RS24730,MARGDHPQRTPFYGVVLIVVALAAAMIVNRTAPVWVQVPVYVLAVLAAMAGFVMTFRDRS,60,hypothetical protein, ,Derived by automated computational analysis using gene prediction method: Protein Homology.,OG0000209,Shell,group_2174,Shell,Shell,Shell
GCF_000014565.1,RHA1_RS25060,MKANSDRHDQHLPEHQRIADLVDDMEDRLVAEREAKGIAGNASERKQAEQVEPDDQAPE,59,hypothetical protein, ,Derived by automated computational analysis using gene prediction method: Protein Homology.,OG0000177,Shell,group_2271,Shell,Shell,Shell
GCF_000014565.1,RHA1_RS50595,MIVLGIILLVIGLVAGISILTTIGIILLVIGLVLLVLGTTGRAVGGRKYWY,51,duf6131 family protein, ,Derived by automated computational analysis using gene prediction method: Protein Homology.,OG0000193,Shell,group_2133,Shell,Shell,Shell
GCF_000014565.1,RHA1_RS25120,MRIGRLVTLIVIIWLIIGAVAVWQRGYFKDTAADCASAGTIAVTVIAGPLNYAGVNPKIDCEVPQPSQ,68,hypothetical protein, ,Derived by automated computational analysis using gene prediction method: Protein Homology.,OG0000017,Conserved,group_2272,Shell,Shell,Shell
GCF_000014565.1,RHA1_RS46325,MGKFLVPGVVSAVVGVALGTVATLGITAAAQDNTRPEIDRSGNADSSLLNQVEYGSR,57,duf2613 domain-containing protein, ,Derived by automated computational analysis using gene prediction method: Protein Homology.,OG0000016,Conserved,group_860,Shell,Shell,Shell
GCF_000014565.1,RHA1_RS51325,MAKAARTNRDAKTSGPLARRLRDLVMPIAFGHFYERATTWLYTHDLGTLPAQAEQPRPAEH,61,hypothetical protein, ,Derived by automated computational analysis using gene prediction method: Protein Homology.,OG0001066,,group_597,Cloud,,Probably not conserved
GCF_000014565.1,RHA1_RS50615,MPVFDEWLAAGIVPRDFYRTVGEEMARVDGGTSEVMRSIIATDIGL,46,hypothetical protein, ,Derived by automated computational analysis using gene prediction method: GeneMarkS-2+.,OG0001067,,group_1548,Cloud,,Probably not conserved
GCF_000014565.1,RHA1_RS52950,MSTALEESRRHAIELTNEKIQAVKDFFTNIFRLDTTHRTEA,41,hypothetical protein, ,Derived by automated computational analysis using gene prediction method: GeneMarkS-2+.,OG0000178,Shell,group_2433,Shell,Shell,Shell
GCF_000014565.1,RHA1_RS26175,MAWIVRYLSVVGVKVEILREHGDTSLVEELMDDFMAVLASFSGRFTDCGRSGVNVGFFGDAPARWERG,68,hypothetical protein, ,Derived by automated computational analysis using gene prediction method: Protein Homology.,OG0000454,Cloud,group_63,Cloud,,Cloud
GCF_000014565.1,RHA1_RS50620,MWWIAWVALVWVALSVPLAILIGKAIRQKDLHELPAKEDATSKNDPPDRTVA,52,hypothetical protein, ,Derived by automated computational analysis using gene prediction method: Protein Homology.,OG0000079,Soft core,group_2417,Shell,Shell,Shell
GCF_000014565.1,RHA1_RS50625,MQSIPDRLYDLAALLKHAYGKGDLIGVMQLEAQLKPLLTNLTATPDRE,48,hypothetical protein, ,Derived by automated computational analysis using gene prediction method: Protein Homology.,OG0000296,Cloud,group_1424,Cloud,,Cloud
GCF_000014565.1,RHA1_RS50630,MHVTETPTPTVSRTMWTTEEIKARLEEMNIPRSRTRRGPRWGNRDR,46,hypothetical protein, ,Derived by automated computational analysis using gene prediction method: Protein Homology.,OG0000179,Shell,group_2404,Shell,Shell,Shell
GCF_000014565.1,RHA1_RS27100,MTTLITLACMALLAAAVAHYDPKEGGTGLFRLEQFRIGAPLGGIFPDQSSSPEDPHWPSSDDQRTGGGSS,70,hypothetical protein, ,Derived by automated computational analysis using gene prediction method: Protein Homology.,OG0000194,Shell,,,Shell,Shell
GCF_000014565.1,RHA1_RS27265,MSTATTPVTPESGTARTNWRVEKPLFSTVLFAVYVGTAVWAGLYLRDRTVRELLPLRREG,60,hypothetical protein, ,Derived by automated computational analysis using gene prediction method: GeneMarkS-2+.,OG0000455,Cloud,group_669,Cloud,Cloud,Cloud
GCF_000014565.1,RHA1_RS27405,MAARNEIRPIVKLKSTAGTGYTYVTRKNRRNDPDRLVMKKYDPVGRKHVDFREEK,55,50s ribosomal protein l33, ,Derived by automated computational analysis using gene prediction method: Protein Homology.,OG0000047,Conserved,group_2305,Shell,Shell,Shell
GCF_000014565.1,RHA1_RS27425,MAVPKRRMSRSNTRSRRSQWKAQAPDLVGVTVGGATHRVPRRLVKAVKLGLVDPAGK,57,50s ribosomal protein l32, ,Derived by automated computational analysis using gene prediction method: Protein Homology.,OG0000060,Soft core,group_2234,Shell,Shell,Shell
GCF_000014565.1,RHA1_RS50635,MSDAELRKAIRVLRERADDARHRGNDDDANGIERTIRTYQEEMTQRL,47,hypothetical protein, ,Derived by automated computational analysis using gene prediction method: Protein Homology.,OG0000059,Core,group_1481,Shell,Shell,Shell
GCF_000014565.1,RHA1_RS27680,MAEGIVKWFNSEKGFGFIAPEDGSADVFVHYSEIQSGGFRTLEENQRVSFEIGQGNKGPQATGVTLI,67,cold-shock protein, ,Derived by automated computational analysis using gene prediction method: Protein Homology.,OG0000046,Conserved,group_2233,Shell,Shell,Shell
GCF_000014565.1,RHA1_RS27770,MGLEREQGTVGVVCIATVVPYRIPATDTLSVSMPAEVASYPGELERIAGVLTKHASAWARELRAEGVR,68,hypothetical protein, ,Derived by automated computational analysis using gene prediction method: Protein Homology.,OG0000456,Cloud,group_2044,Cloud,Cloud,Cloud
GCF_000014565.1,RHA1_RS50640,MDDAFEQELERRLLLLESPDGGGMILPDLPWRDVAAAIAGIVVTITVMSWWAY,53,hypothetical protein, ,Derived by automated computational analysis using gene prediction method: Protein Homology.,OG0000272,Shell,group_2312,Shell,Shell,Shell
GCF_000014565.1,RHA1_RS44705,MSEDRRISRLLPVRRVLAAAGIAGLVAGGGMAAAADPATPDSTVAAPLVSAGFGAPDAVSSGS,63,hypothetical protein, ,Derived by automated computational analysis using gene prediction method: Protein Homology.,OG0000180,Shell,group_2175,Shell,Shell,Shell
GCF_000014565.1,RHA1_RS28695,MNRVVGAVRTAWWWTGSLMGDHDYSRYVEHLRRNHPEAEVPTEREYWKARYADADANPGARCC,63,ybdd/yjix family protein, ,Derived by automated computational analysis using gene prediction method: Protein Homology.,OG0000045,Conserved,group_2289,Shell,Core,Shell
GCF_000014565.1,RHA1_RS28765,MAMTLRLTEEQERALTLLADAQGVSKQEATVRAIVEAAARHTHDERVRALSRGGRERYATLLDRLAQ,67,hypothetical protein, ,Derived by automated computational analysis using gene prediction method: Protein Homology.,OG0000320,Cloud,group_2301,Cloud,Cloud,Cloud
GCF_000014565.1,RHA1_RS28775,MAEPVKGPASYFPSIEEKYGRPISEWQTLIRASELTKHMELVSWLKSEHGLGHGHANALVAHTLKEDAAA,70,duf4287 domain-containing protein, ,Derived by automated computational analysis using gene prediction method: Protein Homology.,OG0000027,Conserved,,,Shell,Shell
GCF_000014565.1,RHA1_RS50645,MDLAFLSEFFSAFSDLAGALDFFSGSADALGGGADAATAAAATIG,45,hypothetical protein, ,Derived by automated computational analysis using gene prediction method: Protein Homology.,OG0000181,Shell,group_2197,Shell,Shell,Shell
GCF_000014565.1,RHA1_RS50650,MGKVKASKVSGLKPKKKCCRSKTRCIKCPVVIMRMKKLENEGASKKELKKGLKKARAA,58,hypothetical protein, ,Derived by automated computational analysis using gene prediction method: Protein Homology.,OG0000044,Conserved,group_2219,Shell,Shell,Shell
GCF_000014565.1,RHA1_RS50655,MYNWDVQNAIVAFVDTLRPSWPAQHDLYYSVLYGFADMQSHLLTLLGYPPVA,52,hypothetical protein, ,Derived by automated computational analysis using gene prediction method: Protein Homology.,OG0000058,Core,group_1177,Shell,Shell,Shell
GCF_000014565.1,RHA1_RS29040,MTSFDAADSPEVPEADRLEQELAVDDDSSDEVEEVSSLEVNEADVAEQSRAVPVDEDYPRG,61,hypothetical protein, ,Derived by automated computational analysis using gene prediction method: Protein Homology.,OG0000057,Core,group_2212,Shell,Shell,Shell
GCF_000014565.1,RHA1_RS46455,MAAMKPRTGDGPLEATKEGRGIVMRVPLEGGGRLVVELTPEEAAALGEELKGVTS,55,duf3117 domain-containing protein, ,Derived by automated computational analysis using gene prediction method: Protein Homology.,OG0000043,Conserved,group_1006,Shell,Shell,Shell
GCF_000014565.1,RHA1_RS50660,MYFGPGRVFATAPLIASTPDQSFTLARSDTIASMLDDHADILREQILADRIP,52,hypothetical protein, ,Derived by automated computational analysis using gene prediction method: Protein Homology.,OG0000457,Cloud,group_1180,Cloud,Cloud,Cloud
GCF_000014565.1,RHA1_RS45350,MSDRDNNVLENDLVEESLVEEVSIDGMCGVY,31,mycofactocin precursor mfta, ,"Mycofactocin is a small molecule electron carrier derived from the final two amino acids, Val-Tyr, of MftA, the mycofactocin precursor. It plays a role in redox homeostasis and the metabolism of alcohols and aldehydes in Actinobacteria, including Mycobacterium tuberculosis; Derived by automated computational analysis using gene prediction method: Protein Homology.",OG0000009,Conserved,group_2326,Conserved,Shell,Shell
GCF_000014565.1,RHA1_RS30035,MAKKALVNKANKKPKFAVRAYTRCQRCGRPHSVFRKFGLCRICVREMAHAGELPGVHKSSW,61,type z 30s ribosomal protein s14, ,Derived by automated computational analysis using gene prediction method: Protein Homology.,OG0000028,Conserved,group_2294,Conserved,Shell,Shell
GCF_000014565.1,RHA1_RS30060,MAELKVTQIKSTIGTKQNQRNSLRTLGLKGIRQTVVREDNAQNRGLINVVRHLVTVEEV,59,50s ribosomal protein l30, ,Derived by automated computational analysis using gene prediction method: Protein Homology.,OG0000029,Conserved,rpmD,Conserved,Soft core,Soft core
GCF_000014565.1,RHA1_RS30095,MKVQPSVKKICEKCKVIRRNGRVMVICENLRHKQRQG,37,50s ribosomal protein l36, ,Derived by automated computational analysis using gene prediction method: Protein Homology.,OG0000030,Conserved,rpmJ,Conserved,Soft core,Soft core
GCF_000014565.1,RHA1_RS52960,MIRAVALALLAVGAYAVVSEHEPATVELPPPSFVPATADLTPA,43,hypothetical protein, ,Derived by automated computational analysis using gene prediction method: GeneMarkS-2+.,OG0000220,Shell,group_2379,Shell,Shell,Shell
GCF_000014565.1,RHA1_RS52095,MCRVCGHVDQADHNAALNIAYLGYAKYMTTTHGYWAA,37,hypothetical protein, ,Derived by automated computational analysis using gene prediction method: Protein Homology.,OG0000458,Cloud,group_1930,Cloud,Cloud,Cloud
GCF_000014565.1,RHA1_RS52965,MLVIGILLTLSLASVAWLCVSTARGGRSGLAGPPRSHLHSD,41,hypothetical protein, ,Derived by automated computational analysis using gene prediction method: GeneMarkS-2+.,OG0000182,Shell,group_2124,Shell,Shell,Shell
GCF_000014565.1,RHA1_RS49570,MTFTVTHRSFDQLAEFAVTDFGDDDSYSIHESGALVIVRAARELIYAPGSWFLVEREDGQEDGSPGNYM,69,hypothetical protein, ,Derived by automated computational analysis using gene prediction method: GeneMarkS-2+.,OG0000151,Shell,group_2,Shell,Shell,Shell
GCF_000014565.1,RHA1_RS50675,MTDASNEDTKKKFREALERKNHQAGLSTDHKDGHSKAHEAHGPADHKREFRRKTG,55,duf5302 domain-containing protein, ,Derived by automated computational analysis using gene prediction method: Protein Homology.,OG0000031,Conserved,group_2470,Core,Soft core,Soft core
GCF_000014565.1,RHA1_RS46505,MAAVCDVCAKGPGFGKSVSHSHRRTNRRWNPNIQTVRAEVAPGNTRKVNVCTSCLKAGKVARG,63,50s ribosomal protein l28, ,Derived by automated computational analysis using gene prediction method: Protein Homology.,OG0000032,Conserved,rpmB,Conserved,Shell,Shell
GCF_000014565.1,RHA1_RS46510,MAVPKRRMSRSNTRSRRSQWKTTVPTLVTCPNRGCGEKTLPHVACPSCGTYKGRQVTAAV,60,50s ribosomal protein l32, ,Derived by automated computational analysis using gene prediction method: Protein Homology.,OG0000033,Conserved,group_2479,Conserved,Shell,Shell
GCF_000014565.1,RHA1_RS50680,MKDTFDRLPASWRREIRILRTDCKMYRLRLRAAEQRIAELEASRNV,46,hypothetical protein, ,Derived by automated computational analysis using gene prediction method: GeneMarkS-2+.,OG0000549,Cloud,group_1549,Cloud,Cloud,Cloud
GCF_000014565.1,RHA1_RS50685,MDALTEAVVRAAEHRGPERVWNVGPEAVVDLSPGRGHPFDGLTVTHWTED,50,hypothetical protein, ,Derived by automated computational analysis using gene prediction method: GeneMarkS-2+.,OG0000550,Cloud,group_1301,Cloud,,Cloud
GCF_000014565.1,RHA1_RS50690,MLGTTSAPVEFIQERIDGVARISGDPVTEVWTDEDGSTVARFESGTHRIYRVS,53,hypothetical protein, ,Derived by automated computational analysis using gene prediction method: GeneMarkS-2+.,OG0001068,,group_1117,Cloud,,Probably not conserved
GCF_000014565.1,RHA1_RS49580,MQFINPKGRYLPNQDEPRLLDNRGPACYDVTGVPDQVPGYGAQITPASYAGSKMQAPRP,59,hypothetical protein, ,Derived by automated computational analysis using gene prediction method: GeneMarkS-2+.,OG0000459,Cloud,group_738,Cloud,Cloud,Cloud
GCF_000014565.1,RHA1_RS50695,MIAYTLPEIRRLLVQLILRHAHPDEHIWSWSNWRRRRQHQARTSHYRRRGHLP,53,hypothetical protein, ,Derived by automated computational analysis using gene prediction method: Protein Homology.,OG0000197,Cloud,"group_1999, group_2000",Cloud,,Cloud
GCF_000014565.1,RHA1_RS50700,MTDMFMLGAVLAGGAGVLGLAVALFGGAEPRCLCAFDGDTEARDAPRP,48,hypothetical protein, ,Derived by automated computational analysis using gene prediction method: GeneMarkS-2+.,OG0000360,Cloud,group_2300,Cloud,Cloud,Cloud
GCF_000014565.1,RHA1_RS52150,MRLLRGLLDVVLGILPAVLGTVLGIVAAVVWIVGGVLCVTVILLPLGLPVVRLARRLFALARKLMHFP,68,hypothetical protein, ,Derived by automated computational analysis using gene prediction method: Protein Homology.,OG0000152,Shell,group_2196,Shell,Shell,Shell
GCF_000014565.1,RHA1_RS50705,MFWKIVLAVAAIWIALAVVGALVKGLFWILVVSAVVFGVYLLIKAMSGSGEKSDITRS,58,hypothetical protein, ,Derived by automated computational analysis using gene prediction method: Protein Homology.,OG0000034,Conserved,group_808,Shell,Cloud,Cloud
GCF_000014565.1,RHA1_RS33055,MRLTEFHQLVREEFGQMRGDALLVDHVLLSLGGKTAAEAIEDGREPREVWRELCVEFDVPPQRR,64,duf3046 domain-containing protein, ,Derived by automated computational analysis using gene prediction method: Protein Homology.,OG0000035,Conserved,group_2481,Conserved,Cloud,Cloud
GCF_000014565.1,RHA1_RS33325,MPGTLTSPPLTAADRCDRCGAGARVRAVLPTGGELLFCGHHANEHADRLREMNATIVSEAEAAI,64,hypothetical protein, ,Derived by automated computational analysis using gene prediction method: Protein Homology.,OG0000036,Conserved,group_2483,Conserved,Cloud,Cloud
GCF_000014565.1,RHA1_RS33575,MFYLGYADSGIVRDRRGDRLRRGAGLVTVRSWRLAHPGTIESIKTVAAITRLRDSTGMTLREAKDAVDQL,70,hypothetical protein, ,Derived by automated computational analysis using gene prediction method: Protein Homology.,OG0000361,Cloud,,,Cloud,Cloud
GCF_000014565.1,RHA1_RS33770,MGGAGMAGAGRGGDDQLSGRSTPSYLVNAGENNACVGDLPMVVPAVIGGEDLDDSPFGDRS,61,hypothetical protein, ,Derived by automated computational analysis using gene prediction method: Protein Homology.,OG0000321,Cloud,group_598,Cloud,Cloud,Cloud
GCF_000014565.1,RHA1_RS33905,MHPSLPMKQRIPGGAERLSQPVIGAGAALSVAMPAWMVTHSPCATAAIVAATFAGLIAAAVMLRPSP,67,hypothetical protein, ,Derived by automated computational analysis using gene prediction method: Protein Homology.,OG0000460,Cloud,group_145,Cloud,Cloud,Cloud
GCF_000014565.1,RHA1_RS50710,MIHQEIREWVAELMQLDIATASPGELAKLDAMTALAEGQYVQQLLNLHEFRPLVG,55,hypothetical protein, ,Derived by automated computational analysis using gene prediction method: Protein Homology.,OG0000120,Shell,group_1013,Cloud,Cloud,Cloud
GCF_000014565.1,RHA1_RS52180,MTTTVGDLMQVTRVLDPASDAASFTLLDENGVVAPAERYLRYLADVERSPNTGARPRPRGLVHLPERSRM,70,hypothetical protein, ,Derived by automated computational analysis using gene prediction method: GeneMarkS-2+.,OG0000735,Cloud,,,Cloud,Cloud
GCF_000014565.1,RHA1_RS34030,MTENPGTHTLLNVGDKVKVHAEGTSVFTIVSIDGDEALIESVLGAPGTYPFHCTLERLVPFES,63,hypothetical protein, ,Derived by automated computational analysis using gene prediction method: Protein Homology.,OG0000072,Soft core,group_434,Cloud,Cloud,Cloud
GCF_000014565.1,RHA1_RS49610,MTRLHPSASAPHHAIPTHRVLSTPEILQRIQAMYTDRDENGGPAGTLVDLLTIQSNGPTPVHLIGGGGE,69,hypothetical protein, ,Derived by automated computational analysis using gene prediction method: GeneMarkS-2+.,OG0000322,Cloud,group_6,Cloud,Cloud,Cloud
GCF_000014565.1,RHA1_RS34045,MYSYKVVEIREKMIGGKMSGDKLERLLNQHAQQGWRLKTITSTDVKGRLGPGGVEGLLITFEREN,65,duf4177 domain-containing protein, ,Derived by automated computational analysis using gene prediction method: Protein Homology.,OG0000370,Cloud,group_2034,Cloud,Cloud,Cloud
GCF_000014565.1,RHA1_RS52975,MAGVELTTGLTVTAVTERGTHAIVTTSSDIHDSEGRPVGVPYCPVRRSRGPRVRGVRVRT,60,hypothetical protein, ,Derived by automated computational analysis using gene prediction method: Protein Homology.,OG0000461,Cloud,group_670,Cloud,Cloud,Cloud
GCF_000014565.1,RHA1_RS50730,MPCREDVVVGNDHPLDAHTASGSGYPTRTLPAARRLSAGGETLDR,45,hypothetical protein, ,Derived by automated computational analysis using gene prediction method: GeneMarkS-2+.,OG0000462,Cloud,group_1609,Cloud,Cloud,Cloud
GCF_000014565.1,RHA1_RS50735,MKMKSYQRTVADWLAERDELVVEILELEGRLERATRRLEEVSAEIAWPGGAR,52,hypothetical protein, ,Derived by automated computational analysis using gene prediction method: GeneMarkS-2+.,OG0000250,Shell,group_1181,Cloud,Cloud,Cloud
GCF_000014565.1,RHA1_RS52235,MSNADKFENPTMDRTDANPRTAAPTCCSTERQASCCDLSEKSTCCGPAATAGREGCGCQ,59,hypothetical protein, ,Derived by automated computational analysis using gene prediction method: GeneMarkS-2+.,OG0000243,Shell,group_739,Cloud,,Cloud
GCF_000014565.1,RHA1_RS52255,MVVVAGDLLTAGTFVATIFFAAVFVGAVPAAAPSTGASFSTTFFAAVFFAGAFPATIFFAAAFFAGAAFA,70,hypothetical protein, ,Derived by automated computational analysis using gene prediction method: Protein Homology.,OG0001069,,,,,Probably not conserved
GCF_000014565.1,RHA1_RS34470,MVFFLFGYGTKRQHLGPGQTRTCPHCHNTTQWARMREFKQFALFFVPVARWKRRQLEECGICGTAVEV,68,zinc-ribbon domain-containing protein, ,Derived by automated computational analysis using gene prediction method: Protein Homology.,OG0000463,Cloud,group_64,Cloud,Cloud,Cloud
GCF_000014565.1,RHA1_RS50740,MPTDRCRAAGEADGITATQHVPHPVGTFVAVTHIRVIPALDPTQGANVADRECLRI,56,hypothetical protein, ,Derived by automated computational analysis using gene prediction method: GeneMarkS-2+.,OG0001070,,,,,Probably not conserved
GCF_000014565.1,RHA1_RS34640,MVTIRSKHLGALVNEVDAIETLPAWSFGIRQLFEYLHTHTVPPLPVTTGVGGGLLESRV,59,hypothetical protein, ,Derived by automated computational analysis using gene prediction method: Protein Homology.,OG0000464,Cloud,group_740,Cloud,Cloud,Cloud
GCF_000014565.1,RHA1_RS35260,MSGHPAVVSAVQDAVARDGSSRSASRLLSGENPVHRELKAELAGLLGTEDGSPS,54,polyketide synthase, ,Derived by automated computational analysis using gene prediction method: Protein Homology.,OG0000276,Shell,group_2204,Shell,Cloud,Shell
GCF_000014565.1,RHA1_RS35420,MDLTAIGVGFGYVVVVLTILVVVVGVSALFVFSIKSDFIPPESPGTPTGRKRIGRAE,57,hypothetical protein, ,Derived by automated computational analysis using gene prediction method: Protein Homology.,OG0000195,Shell,group_868,Shell,Cloud,Shell
GCF_000014565.1,RHA1_RS50750,MIGSLLWLIRSAAINTVLDGTEKITTKSLDAVDADITSESSAPPVG,46,hypothetical protein, ,Derived by automated computational analysis using gene prediction method: GeneMarkS-2+.,OG0000317,Cloud,"group_2536, group_1993",Cloud,Cloud,Cloud
GCF_000014565.1,RHA1_RS52310,MNTNNLEDWIGDNVFAGDLPRWLPARSHSEPATSNFSKVPTVGGPICRRDHLLRARR,57,hypothetical protein, ,Derived by automated computational analysis using gene prediction method: GeneMarkS-2+.,OG0000732,Cloud,group_2537,Cloud,,Cloud
GCF_000014565.1,RHA1_RS52335,MVDWHATGLALAGVVLAAGGVWLRWRSPLRSTDRTSWAGATAPPRCL,47,hypothetical protein, ,Derived by automated computational analysis using gene prediction method: GeneMarkS-2+.,OG0000545,Cloud,group_2538,Cloud,Cloud,Cloud
GCF_000014565.1,RHA1_RS53315,MVESLLAAPDALTPAQPEELVAQARRVQREWQIRLRNLGYFMADDGVFFGSTILDTVCSTLFSAAP,66,hypothetical protein, ,Derived by automated computational analysis using gene prediction method: GeneMarkS-2+.,OG0000731,Cloud,,,,Probably not conserved
GCF_000014565.1,RHA1_RS50770,MLDRIFTTLLTLAGVAADGRYISLVDNDIAGTADLDETPTGRLAQAGPQSTLSDR,55,hypothetical protein, ,Derived by automated computational analysis using gene prediction method: GeneMarkS-2+.,OG0000363,Cloud,group_1008,Cloud,,Cloud
GCF_000014565.1,RHA1_RS49725,MLVTGELTVNIALVTKQISVKGKMGPLLKNIPQFNYIIVKLSELGPRALDQEAT,54,hypothetical protein, ,Derived by automated computational analysis using gene prediction method: Protein Homology.,OG0000421,Cloud,group_2073,Cloud,,Cloud
GCF_000014565.1,RHA1_RS52985,MRRQFSLFTGEHEFAGWRVVRVGMFDDVGHDAPAEVHADDEG,42,hypothetical protein, ,Derived by automated computational analysis using gene prediction method: GeneMarkS-2+.,OG0000736,Cloud,group_1765,Cloud,,Cloud
GCF_000014565.1,RHA1_RS50775,MTTLFRICGGPFLALANYLLAARTTYALFDMYNAEIEVDPHSEVGAAAKHPER,53,hypothetical protein, ,Derived by automated computational analysis using gene prediction method: GeneMarkS-2+.,OG0001071,,group_1118,Cloud,,Probably not conserved
GCF_000014565.1,RHA1_RS51230,MPRTAAPQSWQVREHHRHRPVSGLKTRSIPQRGHGDFAAAATALRQHR,48,hypothetical protein, ,Derived by automated computational analysis using gene prediction method: GeneMarkS-2+.,OG0001072,,group_1425,Cloud,,Probably not conserved
GCF_000014565.1,RHA1_RS50785,MVGSRILRFHHNIENRMLDEMFRAPTSRKHLLAKHARRERIRRMDRGSGT,50,hypothetical protein, ,Derived by automated computational analysis using gene prediction method: GeneMarkS-2+.,OG0001073,,group_1302,Cloud,,Probably not conserved
GCF_000014565.1,RHA1_RS52990,MGVGSVHETLVDDDGMDYRRVSGAQVTTDARQGFGRPAVVTR,42,hypothetical protein, ,Derived by automated computational analysis using gene prediction method: GeneMarkS-2+.,OG0000230,Shell,group_1766,Cloud,,Cloud
GCF_000014565.1,RHA1_RS52995,MPAEREPDSEVRVTALIEALTWPNSLVDAPTPEFPDPRPE,40,hypothetical protein, ,Derived by automated computational analysis using gene prediction method: GeneMarkS-2+.,OG0000371,Cloud,group_1878,Cloud,,Cloud
GCF_000014565.1,RHA1_RS50795,MVTSVRDGRQLDYRVVAFGDNPQNLPERTGSASVRHPAEAAAILVDPPLPTHGRDDAA,58,hypothetical protein, ,Derived by automated computational analysis using gene prediction method: GeneMarkS-2+.,OG0000323,Cloud,group_2003,Cloud,,Cloud
GCF_000014565.1,RHA1_RS36395,MAVVKANLGACQGYANCVVAADDYFDIDDDGVVELLSVEVPESERGRVDSAARSCPVSALWIED,64,ferredoxin, ,Derived by automated computational analysis using gene prediction method: Protein Homology.,OG0000001,Conserved,"group_2004, group_2005",Cloud,,Cloud
GCF_000014565.1,RHA1_RS36485,MYRWFPDASLTVVQALLKTRSGKILRKTMRQIADHEEYRALHHRGRRRPRRAEATVTCAPATGIGRR,67,hypothetical protein, ,Derived by automated computational analysis using gene prediction method: Protein Homology.,OG0000277,Cloud,"group_2006, group_2007",Cloud,,Cloud
GCF_000014565.1,RHA1_RS53000,MIPTSPPAALPPVPKSTVSYGSCDEVRAAGAAPIYKGEPGYSTKLDRDKDGIACDK,56,excalibur calcium-binding domain-containing protein, ,Derived by automated computational analysis using gene prediction method: Protein Homology.,OG0000255,Shell,group_924,Cloud,,Cloud
GCF_000014565.1,RHA1_RS44885,MNAEEKARQISQFTVRLLNKFPAGSREAVGTAVAEAVAHFVGCPIRDFVRCFSSVRRPRSSLLEA,65,hypothetical protein, ,Derived by automated computational analysis using gene prediction method: Protein Homology.,OG0000062,Soft core,group_285,Cloud,,Cloud
GCF_000014565.1,RHA1_RS36680,MGSSAVEQLWQTLSENELALVCVRGPECEWADLMTAADDGVGELTWLARETSEIAEQYPHGAVTSVS,67,hypothetical protein, ,Derived by automated computational analysis using gene prediction method: Protein Homology.,OG0000143,Shell,group_146,Cloud,,Cloud
GCF_000014565.1,RHA1_RS50815,MGDRAAADLERELAMLAQVRRRLRASEGEDFRIPTTTVDEVLDELNSVERSPWDPT,56,hypothetical protein, ,Derived by automated computational analysis using gene prediction method: Protein Homology.,OG0000117,Shell,group_925,Cloud,,Cloud
GCF_000014565.1,RHA1_RS50820,MTDPLYADLIERLGRAVARAAMEGDPMFGTVEVTIEELAELLERQVPPRDADAAPH,56,hypothetical protein, ,Derived by automated computational analysis using gene prediction method: Protein Homology.,OG0000136,Shell,group_926,Cloud,,Cloud
GCF_000014565.1,RHA1_RS53005,MFRHQILAAAPDFDGVMCGCRNHPAELVLMLPAAEPWARLH,41,hypothetical protein, ,Derived by automated computational analysis using gene prediction method: GeneMarkS-2+.,OG0001074,,group_1832,Cloud,,Probably not conserved
GCF_000014565.1,RHA1_RS36765,MSTRQIKAHLEVMFAPETDHGAPGGNAGSVLAHRLSEVEENTVPLLAGSA,50,hypothetical protein, ,Derived by automated computational analysis using gene prediction method: Protein Homology.,OG0000313,Cloud,group_1303,Cloud,,Cloud
GCF_000014565.1,RHA1_RS53010,MSTELTDGHDPPPRRQHNRDNIGLDDHTKDPDTDLRKRQEQP,42,hypothetical protein, ,Derived by automated computational analysis using gene prediction method: GeneMarkS-2+.,OG0000465,Cloud,group_1767,Cloud,,Cloud
GCF_000014565.1,RHA1_RS53015,MNLNVALLLLVLAGGIGGTAAVQAALRRGADRGRRAVFHVNG,42,hypothetical protein, ,Derived by automated computational analysis using gene prediction method: Protein Homology.,OG0000127,Shell,group_1768,Cloud,,Cloud
GCF_000014565.1,RHA1_RS53020,MADKSAVKSSKQSARALKERRAEKREKAIASILLTRKRKS,40,hypothetical protein, ,Derived by automated computational analysis using gene prediction method: Protein Homology.,OG0000004,Core,group_1879,Cloud,,Cloud
GCF_000014565.1,RHA1_RS51360,MASNATNVSSLERALESTPYCTACPHSPDSHDALGIRFCAATSDRNLGRKCICAGEPATGQHYSRY,66,rgcvc family protein, ,Derived by automated computational analysis using gene prediction method: Protein Homology.,OG0000210,Shell,group_215,Cloud,,Cloud
GCF_000014565.1,RHA1_RS36970,MTGSCEKVTRAIRWRIERDYRELETGLGLDHYGEPTWLDRHHHATLVTAAAHLLPPCD,58,transposase, ,Derived by automated computational analysis using gene prediction method: GeneMarkS-2+.,OG0001075,,group_814,Cloud,,Probably not conserved
GCF_000014565.1,RHA1_RS50840,MNRNVRYAVATFLGVDLATATEEQVRRVDFYTTLMEAQVVRMLLRFEDFRPSWG,54,hypothetical protein, ,Derived by automated computational analysis using gene prediction method: GeneMarkS-2+.,OG0000120,Shell,group_2393,Cloud,Cloud,Cloud
GCF_000014565.1,RHA1_RS53025,MTNIALLILVIVPGLAASRALQHHLEHTTAPPGTPPPRFR,40,hypothetical protein, ,Derived by automated computational analysis using gene prediction method: GeneMarkS-2+.,OG0000372,Cloud,group_2449,Cloud,Cloud,Cloud
GCF_000014565.1,RHA1_RS52485,MWFPATAFSFDLNRPTPAPPALSPPAGVGILGTLVAALRTSGRPPAATERPRPGTGTTGP,60,hypothetical protein, ,Derived by automated computational analysis using gene prediction method: GeneMarkS-2+.,OG0000551,Cloud,group_2448,Cloud,Cloud,Cloud
GCF_000014565.1,RHA1_RS37305,MTDETLVALKNYEYLILAHGCENVSLVWHTDSVVFGDDGWADIDMLTRPGFTPATECFARRDED,64,hypothetical protein, ,Derived by automated computational analysis using gene prediction method: Protein Homology.,OG0000270,Cloud,group_2440,Cloud,Cloud,Cloud
GCF_000014565.1,RHA1_RS37345,MHPTTTLTGPRTADVDRMRPAGRLRAGAVIGAVAAACVTGPAWIVTGSAGAGAVIAAATLAAVTAAALMI,70,hypothetical protein, ,Derived by automated computational analysis using gene prediction method: Protein Homology.,OG0000466,Cloud,,,Cloud,Cloud
GCF_000014565.1,RHA1_RS50850,MSVTAHRTSTTGARTAALSTAEIKARLAAMFADEPTDDPDPGSPTMRGTPN,51,hypothetical protein, ,Derived by automated computational analysis using gene prediction method: Protein Homology.,OG0000002,Conserved,group_2422,Cloud,Cloud,Cloud
GCF_000014565.1,RHA1_RS50855,MNTNVALLLLVLAGGIGGTPALQAALTRPAGRRRGRGRAVPFHPGG,46,hypothetical protein, ,Derived by automated computational analysis using gene prediction method: Protein Homology.,OG0000127,Shell,group_2358,Cloud,Cloud,Cloud
GCF_000014565.1,RHA1_RS47155,MDTESLFPDLVGGLAVTPARTFTVTAPGLPRTGPAHWEAVRILTTDLHL,49,duf1931 family protein, ,Derived by automated computational analysis using gene prediction method: GeneMarkS-2+.,OG0001076,,group_1365,Cloud,,Probably not conserved
GCF_000014565.1,RHA1_RS50860,MGGEWIQIDQDCVTCGQAAFRHYVYASLGGVLIETDLYECATPGCPGPVAIGEPING,57,hypothetical protein, ,Derived by automated computational analysis using gene prediction method: GeneMarkS-2+.,OG0000467,Cloud,group_869,Cloud,Cloud,Cloud
GCF_000014565.1,RHA1_RS50865,MSTPSAGAAVEGDNGELGAGEAMVELGALRWFGQRVRARCQRPRWS,46,hypothetical protein, ,Derived by automated computational analysis using gene prediction method: GeneMarkS-2+.,OG0001077,,group_1550,Cloud,,Probably not conserved
GCF_000014565.1,RHA1_RS37445,MNQNQPFVLELAMRVAQLHRAGESSKALWLRKQRQAMAIDDDQLKRALAVLYGLPDQSPERPTLTTAT,68,hypothetical protein, ,Derived by automated computational analysis using gene prediction method: GeneMarkS-2+.,OG0001078,,group_65,Cloud,,Probably not conserved
GCF_000014565.1,RHA1_RS50870,MSTPEDDEAAEYRKDLSEVVDDIEERVAEKHRPESAPDTAAERTDTIPDDAGDEAPD,57,hypothetical protein, ,Derived by automated computational analysis using gene prediction method: GeneMarkS-2+.,OG0001079,,group_870,Cloud,,Probably not conserved
GCF_000014565.1,RHA1_RS50875,MNDRNTEPSESEKPYDPATDPDADPENLTSTTHQPNQAEGADEEEDQNQR,50,hypothetical protein, ,Derived by automated computational analysis using gene prediction method: Protein Homology.,OG0000737,Cloud,group_1304,Cloud,,Cloud
GCF_000014565.1,RHA1_RS50880,MTDTSADPAAFTPASTEWIKSHLDRMDHRAPGDRDRSADVEPAALTVAVRRPW,53,hypothetical protein, ,Derived by automated computational analysis using gene prediction method: GeneMarkS-2+.,OG0000201,Shell,group_1119,Cloud,,Cloud
GCF_000014565.1,RHA1_RS50885,MKQVLKAVLVCVVVGAAVLVVWVVVVRRLVFSSGWGGAGVGRLGALPRCGP,51,hypothetical protein, ,Derived by automated computational analysis using gene prediction method: GeneMarkS-2+.,OG0001080,,group_1240,Cloud,,Probably not conserved
GCF_000014565.1,RHA1_RS50890,MTENPGTRAGLNVGDRVKVHTDAISEFVIVSIDGEDAVIESARDDVPGRFPFHGRLDRLVPVES,64,hypothetical protein, ,Derived by automated computational analysis using gene prediction method: Protein Homology.,OG0000072,Soft core,group_353,Cloud,,Cloud
GCF_000014565.1,RHA1_RS52520,MSKSPPSTRSALAQLPEDFRAAIVLAEFASPPYADIAEHQGVTVATVKTRIHRARKQLATLLAPAIDP,68,sigma factor-like helix-turn-helix dna-binding protein, ,Derived by automated computational analysis using gene prediction method: Protein Homology.,OG0000738,Cloud,group_66,Cloud,,Cloud
GCF_000014565.1,RHA1_RS52525,MLIESGCGVFEQDAVFAVGVVEAVGVLAASDDVEGGVGGDAVQLQ,45,hypothetical protein, ,Derived by automated computational analysis using gene prediction method: GeneMarkS-2+.,OG0001081,,group_1610,Cloud,,Probably not conserved
GCF_000014565.1,RHA1_RS53030,MTATGRKRDEHGNTVVQSAHVDLPDTSRLRVPQLLSLLPLGGT,43,hypothetical protein, ,Derived by automated computational analysis using gene prediction method: GeneMarkS-2+.,OG0001082,,group_1713,Cloud,,Probably not conserved
GCF_000014565.1,RHA1_RS38250,MTDTAVAVAALQVTEYWVVEVDRHDGACCTFGPFTAEAAWARMEHRSAPTRFAAVVGKR,59,hypothetical protein, ,Derived by automated computational analysis using gene prediction method: Protein Homology.,OG0000254,Cloud,group_741,Cloud,,Cloud
GCF_000014565.1,RHA1_RS47320,MVDVELDQGYYDRGIAARRNAHTHLEDVTDILTGIEDEADKLLADLLANLVRTERG,56,hypothetical protein, ,Derived by automated computational analysis using gene prediction method: GeneMarkS-2+.,OG0000468,Cloud,group_927,Cloud,,Cloud
GCF_000014565.1,RHA1_RS52545,MPRLSADVRRTQLLEAALAVAEDRGIGDVSLRRVAGAAGVSLGLLHYRFADKASSSRRWPMP,62,tetr family transcriptional regulator, ,Derived by automated computational analysis using gene prediction method: GeneMarkS-2+.,OG0001083,,group_513,Cloud,,Probably not conserved
GCF_000014565.1,RHA1_RS38295,MIILGLILLVIGFVAGISILWTIGIILLVIGVILALLGATGRAVGGRRHWF,51,duf6131 family protein, ,Derived by automated computational analysis using gene prediction method: Protein Homology.,OG0000000,Conserved,group_1233,Cloud,,Cloud
GCF_000014565.1,RHA1_RS47325,MDSDSHADVSGGDQTDDLLARAVAEALTAGMSWAQIAAQLGVPPPSRPRPRRRDRSRLAGSNSRP,65,hypothetical protein, ,Derived by automated computational analysis using gene prediction method: GeneMarkS-2+.,OG0001084,,group_286,Cloud,,Probably not conserved
GCF_000014565.1,RHA1_RS50910,MAAKKLPQQGVGGVAQVGRIGGCIKGKRVIDLMTFAGTDGSWCSVAAEF,49,hypothetical protein, ,Derived by automated computational analysis using gene prediction method: GeneMarkS-2+.,OG0001085,,group_1366,Cloud,,Probably not conserved
GCF_000014565.1,RHA1_RS38490,MAQGIVKWFNGEKGFGFIAPDDGTPDVFVHYSEISGSGFKSLDENQRVEFEVGQGQKGPQATNVRSV,67,cold-shock protein, ,Derived by automated computational analysis using gene prediction method: Protein Homology.,OG0000003,Conserved,"group_1996, group_1997",Shell,,Shell
GCF_000014565.1,RHA1_RS38585,MVKLSVDLHRCQGYANCVVASPDVFDLSDEGKAEILQTHIPDDDVPVVEEAVRSCPASALSMEGTH,66,ferredoxin, ,Derived by automated computational analysis using gene prediction method: Protein Homology.,OG0000001,Conserved,group_2255,Cloud,,Cloud
GCF_000014565.1,RHA1_RS38605,MTDTVVDAVAALHVTEYWVVEVDRHDGTCCTFGPFTADAAWARLEHRTAPTRFAAVVGKR,60,hypothetical protein, ,Derived by automated computational analysis using gene prediction method: Protein Homology.,OG0000254,Cloud,group_671,Cloud,Cloud,Cloud
GCF_000014565.1,RHA1_RS53035,MYESYRGADAHAILDALDKENHLDTPWFTPARWLEGHGVDF,41,hypothetical protein, ,Derived by automated computational analysis using gene prediction method: GeneMarkS-2+.,OG0000278,Shell,group_2313,Shell,,Shell
GCF_000014565.1,RHA1_RS53040,MNTHKALLMLLLGGTAALEVLLRRPTPRRRGQGAPFHANG,40,hypothetical protein, ,Derived by automated computational analysis using gene prediction method: GeneMarkS-2+.,OG0000127,Shell,group_2457,Shell,Cloud,Shell
GCF_000014565.1,RHA1_RS50920,MSNEPMLTQEQRESFWRLHGWRPNLPDSKRREIEQYWTDPEIVEAEALGF,50,hypothetical protein, ,Derived by automated computational analysis using gene prediction method: Protein Homology.,OG0000153,Shell,group_1305,Cloud,,Cloud
GCF_000014565.1,RHA1_RS50925,MARITENLGASLLNTLRVGVVGTVLYAGLIMGVVVVAVWKFPMPGV,46,hypothetical protein, ,Derived by automated computational analysis using gene prediction method: Protein Homology.,OG0000126,Shell,group_2480,Cloud,Cloud,Cloud
GCF_000014565.1,RHA1_RS38930,MGDMASSAGEQLWQTLSDSGLALVCVRGPQRRWADLLLPGNESVGELTWLARDTDEVAEQYRDHR,65,hypothetical protein, ,Derived by automated computational analysis using gene prediction method: Protein Homology.,OG0000143,Shell,group_2488,Shell,Cloud,Shell
GCF_000014565.1,RHA1_RS53045,MSPGVVGVKMADAGQRPGVVPARRLLRRGDGVESVSMSAPPRLA,44,hypothetical protein, ,Derived by automated computational analysis using gene prediction method: GeneMarkS-2+.,OG0000469,Cloud,group_1657,Cloud,Cloud,Cloud
GCF_000014565.1,RHA1_RS49900,MTGRPNVVLWNPAADSFPADLEFARPLDHPRVRPILRTAARTIGYASTV,49,hypothetical protein, ,Derived by automated computational analysis using gene prediction method: GeneMarkS-2+.,OG0000470,Cloud,group_2065,Cloud,Cloud,Cloud
GCF_000014565.1,RHA1_RS52565,MTGRRQVTRGHRVSNGPWWFSSSGGGRFDLSAPRGTCYVAFDEATAIRETVGRRWPRSG,59,res domain-containing protein, ,Derived by automated computational analysis using gene prediction method: Protein Homology.,OG0000365,Cloud,group_742,Cloud,Cloud,Cloud
GCF_000014565.1,RHA1_RS53050,MTWLVNDRQSTVTNVVDVALQEFFDRYSVPPADHDGRIAEPES,43,hypothetical protein, ,Derived by automated computational analysis using gene prediction method: GeneMarkS-2+.,OG0000362,Cloud,group_1714,Cloud,,Cloud
GCF_000014565.1,RHA1_RS50930,MAALNDEQLDEIRRHLDEGMTPDAIADYLGRVADLDLMDIVTIRSAAVALSRGGTP,56,hypothetical protein, ,Derived by automated computational analysis using gene prediction method: Protein Homology.,OG0000256,Shell,group_2367,Cloud,,Cloud
GCF_000014565.1,RHA1_RS39070,MTAKFELFKDTAGQFRFHLKAANGEIIAASQGYTSKAAAQNGIESIKSNAATAPTDDLT,59,yegp family protein, ,Derived by automated computational analysis using gene prediction method: Protein Homology.,OG0000183,Shell,group_2207,Cloud,,Cloud
GCF_000014565.1,RHA1_RS49920,MRSTGRRGWTVRCDLCEHTFAAAVASRAQAVAFAESTGWIVGERTWCPMCAAAHTARRTA,60,hypothetical protein, ,Derived by automated computational analysis using gene prediction method: Protein Homology.,OG0000154,Shell,group_2467,Cloud,,Cloud
GCF_000014565.1,RHA1_RS50935,MRCDLCEHRFEAAVAGHTSAVAFARINGWVVGETTRCPMGATAHIG,46,hypothetical protein, ,Derived by automated computational analysis using gene prediction method: Protein Homology.,OG0000154,Shell,,,,Probably not conserved
GCF_000014565.1,RHA1_RS50940,MTTASMITASSITTRPPMRRSSGAMSTVEIKARIEAMFADDRRPDRQTGPR,51,hypothetical protein, ,Derived by automated computational analysis using gene prediction method: Protein Homology.,OG0000002,Conserved,,,,Probably not conserved
GCF_000014565.1,RHA1_RS49940,MPRKFFAQWFPATLTAVRALRLTCGAGALEQDVPLVVGEQTPPIRPRRTSSQLPVAYTSTDWSPSVGT,68,hypothetical protein, ,Derived by automated computational analysis using gene prediction method: GeneMarkS-2+.,OG0001086,,,,,Probably not conserved
GCF_000014565.1,RHA1_RS39210,MRTPILIGSALGLGTGLVCTSLFAWWLSCPVHFYVGSYEPLGAEGSHWTMESVNPIPFSRLA,62,hypothetical protein, ,Derived by automated computational analysis using gene prediction method: GeneMarkS-2+.,OG0000739,Cloud,,,,Probably not conserved
GCF_000014565.1,RHA1_RS50955,MDIMTAELALWMAHRGLANAAAAREPDVRASRADAAPSERSAAWVTRDDRG,51,hypothetical protein, ,Derived by automated computational analysis using gene prediction method: GeneMarkS-2+.,OG0001087,,,,,Probably not conserved
GCF_000014565.1,RHA1_RS53365,MTTTELHTLRDAVAATSQQLAARKLVLGTAGNVSARSGDIVAVTATGTTLATRQPPT,57,class ii aldolase/adducin family protein, ,Derived by automated computational analysis using gene prediction method: Protein Homology.,OG0001088,,,,,Probably not conserved
GCF_000014565.1,RHA1_RS50010,MSGLTGKVVIVTGGAQGMAAATASPSGVNVWCRVTQAEANHERLAKHAQEINAERQQNRQCPPGPKS,67,hypothetical protein, ,Derived by automated computational analysis using gene prediction method: GeneMarkS-2+.,OG0000740,Cloud,,,,Probably not conserved
GCF_000014565.1,RHA1_RS50975,MVPLDRSAWNITLVLRAFMSTDNNGVPAIIWHDTYRQLTGDLWTP,45,hypothetical protein, ,Derived by automated computational analysis using gene prediction method: GeneMarkS-2+.,OG0001089,,,,,Probably not conserved
GCF_000014565.1,RHA1_RS50980,MRERFTKDASGSVGALGALGALDALATLESFTLQIEQGGAFRIDTLVSARSRRWS,55,hypothetical protein, ,Derived by automated computational analysis using gene prediction method: GeneMarkS-2+.,OG0001090,,,,,Probably not conserved
GCF_000014565.1,RHA1_RS52620,MLTLAETAAAHGVCNDTIKAWRRAGIVGGQRYNDKGEYLYTPPDTDEPPDRPTIGRPPKRS,61,merr family transcriptional regulator, ,Derived by automated computational analysis using gene prediction method: Protein Homology.,OG0001091,,,,,Probably not conserved
GCF_000014565.1,RHA1_RS50995,MARIAEILGTNLLNTLRVGIVGTVLYAGLIMGVVVVAVWKFPMPGV,46,hypothetical protein, ,Derived by automated computational analysis using gene prediction method: Protein Homology.,OG0000126,Shell,,,,Probably not conserved
GCF_000014565.1,RHA1_RS40430,MGSSAGERLWQTMWDSGWALVCVRGPQCRWADLLPWDDEAGELTWLARDATEIAEQYRRDRR,62,hypothetical protein, ,Derived by automated computational analysis using gene prediction method: Protein Homology.,OG0000143,Shell,,,,Probably not conserved
GCF_000014565.1,RHA1_RS51000,MTSHDAIRRWIPEQMCLDLEAADPAVLTYLDEVTAVAEAGYVRSLLKLESYRPLIG,56,hypothetical protein, ,Derived by automated computational analysis using gene prediction method: Protein Homology.,OG0000120,Shell,,,,Probably not conserved
GCF_000014565.1,RHA1_RS51005,MDLPVVWGGDVNGEFVSAPVAASGDLIGAGRGDLGIGVVLPQPMMMMLPRSVLASATTWPLGRG,64,hypothetical protein, ,Derived by automated computational analysis using gene prediction method: GeneMarkS-2+.,OG0001092,,,,,Probably not conserved
GCF_000014565.1,RHA1_RS51010,MTNEKGMNMDNEASSVEKRAKALLSEIVLDDNAEGAHRRKVDLSWSSSGRSLP,53,hypothetical protein, ,Derived by automated computational analysis using gene prediction method: GeneMarkS-2+.,OG0000235,Shell,group_1120,Cloud,Cloud,Cloud
GCF_000014565.1,RHA1_RS40925,MVVDGGRVLLPWAHEQFSGPDEGDVVTSSWEYDFARLVDHFEGVSEFDEAFATAGFKIVD,60,hypothetical protein, ,Derived by automated computational analysis using gene prediction method: GeneMarkS-2+.,OG0000471,Cloud,group_672,Cloud,Cloud,Cloud
GCF_000014565.1,RHA1_RS41060,MTADKLRHRRPDLTFHPDIFAAPAQFRVVKAAPHDDAVPAADTTQGKEGSGADAYTGRRDGKGL,64,hypothetical protein, ,Derived by automated computational analysis using gene prediction method: GeneMarkS-2+.,OG0000217,Shell,group_354,Cloud,Cloud,Cloud
GCF_000014565.1,RHA1_RS41180,MSAAGSGDLVRYADRVLAGTGITAGQVAAVVAGTATDAAASALRAGWRCAANPVQGSDEGRGAA,64,hypothetical protein, ,Derived by automated computational analysis using gene prediction method: Protein Homology.,OG0000134,Shell,group_355,Cloud,Cloud,Cloud
GCF_000014565.1,RHA1_RS53065,MTVFGDFLGDLHHLADVMGVDWDEAQRRGAVHYTAELYGAD,41,hypothetical protein, ,Derived by automated computational analysis using gene prediction method: GeneMarkS-2+.,OG0000269,Shell,group_1833,Cloud,Cloud,Cloud
GCF_000014565.1,RHA1_RS50045,MSVEKDVVLTDTLLSAFTSAQDVHEVNLAIKAAFADNEDADDDEGEGVL,49,hypothetical protein, ,Derived by automated computational analysis using gene prediction method: GeneMarkS-2+.,OG0000741,Cloud,,,,Probably not conserved
GCF_000014565.1,RHA1_RS51015,MADKLLAAYENRAPIARLVEQHLKLTIHDSYLTQQLQVRHGQTQGATIRGH,51,hypothetical protein, ,Derived by automated computational analysis using gene prediction method: GeneMarkS-2+.,OG0000552,Cloud,group_1241,Cloud,Cloud,Cloud
GCF_000014565.1,RHA1_RS51020,MIAYTLPEIRRLLVQLILRHAHPDEHIWSWSNWRRRRQHQARTSHYRRRGHLP,53,hypothetical protein, ,Derived by automated computational analysis using gene prediction method: Protein Homology.,OG0000197,Cloud,"group_1999, group_2000",Cloud,,Cloud
GCF_000014565.1,RHA1_RS50050,MAAPRTAPRAHIDADLLPTLLNTHAGIPAPQQLACGAALCAFAANLSAPVLASLLGLSVVMTTW,64,hypothetical protein, ,Derived by automated computational analysis using gene prediction method: GeneMarkS-2+.,OG0000297,Cloud,group_356,Cloud,Cloud,Cloud
GCF_000014565.1,RHA1_RS50065,MYRWFPDASLTVVQALLKTRSGKILRKTMRQIADHEEYRALHHRGRRRPRRAEATVTCAPATGIGRR,67,hypothetical protein, ,Derived by automated computational analysis using gene prediction method: GeneMarkS-2+.,OG0000277,Cloud,"group_2006, group_2007",Cloud,Cloud,Cloud
GCF_000014565.1,RHA1_RS41735,MAVVKANLGACQGYANCVVAADDYFDIDDDGVVELLSVEVPESERGRVDSAARSCPVSALWIED,64,ferredoxin, ,Derived by automated computational analysis using gene prediction method: Protein Homology.,OG0000001,Conserved,"group_2004, group_2005",Cloud,Cloud,Cloud
GCF_000014565.1,RHA1_RS45165,MRAARLIENTADLVHQGCPLPPDVAEDVRPHLHKTLREDAARLRALIPDTGRRSGSGLWAVPDDPS,66,hypothetical protein, ,Derived by automated computational analysis using gene prediction method: Protein Homology.,OG0001093,,,,,Probably not conserved
GCF_000014565.1,RHA1_RS53080,MGVGSVHETLVDDDGMDYGRMSRAQVTTDARQGFGRPEEVTR,42,hypothetical protein, ,Derived by automated computational analysis using gene prediction method: GeneMarkS-2+.,OG0000230,Shell,,,,Probably not conserved
GCF_000014565.1,RHA1_RS41855,MSIERVSLELPTDSAPQDVEAQAVAQLRSQGIHTWSDLSLQTILTTDEPGVNRYTFTYWIDDDDRH,66,hypothetical protein, ,Derived by automated computational analysis using gene prediction method: Protein Homology.,OG0000279,Cloud,,,,Probably not conserved
GCF_000014565.1,RHA1_RS51035,MARITENLVADLRNALRVSVVGTVLYAGLVMGVVVVAVWNFPMPGV,46,hypothetical protein, ,Derived by automated computational analysis using gene prediction method: Protein Homology.,OG0000126,Shell,,,,Probably not conserved
GCF_000014565.1,RHA1_RS45190,MTANTYPTVETIRFGPHGGECRYCGHTVRKDDAGYRHTTTGQYRCDPSSRAENETRLSDSLIRS,64,hypothetical protein, ,Derived by automated computational analysis using gene prediction method: Protein Homology.,OG0000148,Shell,,,,Probably not conserved
GCF_000014565.1,RHA1_RS53405,MADRGPIRWGADESEVAIPDAHVLADMMRTDSRQQRPVAGDSPEAEAIRSLPGRT,55,hypothetical protein, ,Derived by automated computational analysis using gene prediction method: GeneMarkS-2+.,OG0001094,,,,,Probably not conserved
GCF_000014565.1,RHA1_RS51045,MDLTHLGEVSGVRIIVIFLERLPEPFDESFSLHAKPDEDLVVWWSAEGDPGGGEVDESFGLLSSAWLSLP,70,hypothetical protein, ,Derived by automated computational analysis using gene prediction method: GeneMarkS-2+.,OG0001095,,,,,Probably not conserved
GCF_000014565.1,RHA1_RS51255,MHTARRYGPRDLRLSDIAVLAVADGTVKVEIAWAGICGSDLSAFATNPNPPDVPGGQAAEVKVLVRPDAR,70,zn-binding dehydrogenase, ,Derived by automated computational analysis using gene prediction method: GeneMarkS-2+.,OG0001096,,,,,Probably not conserved
GCF_000014565.1,RHA1_RS42135,MKITLDRDRCAGHALRVAAAPDVYDFDDGGYCVLPSEIVPPAMAAQAKAGAVACPERALRVDED,64,ferredoxin, ,Derived by automated computational analysis using gene prediction method: Protein Homology.,OG0000245,Shell,,,,Probably not conserved
GCF_000014565.1,RHA1_RS51050,MAGYQLVQLPDAGRPLGEPPRCQPSPTLVHQMDIVMVTFATKKTEADSGMALNRDDLRFWH,61,hypothetical protein, ,Derived by automated computational analysis using gene prediction method: GeneMarkS-2+.,OG0001097,,,,,Probably not conserved
GCF_000014565.1,RHA1_RS50100,MRIWLGGGAFEYQAPEAADKSLIRDWQRKRRCALELVRSAIGRSLPDVRLPNERLFLDP,59,hypothetical protein, ,Derived by automated computational analysis using gene prediction method: GeneMarkS-2+.,OG0001098,,,,,Probably not conserved
GCF_000014565.1,RHA1_RS51055,MSQQSLAGGSGVLQRLGADGTKSTAVANVSSPGGIVVRGNTAYFNTCNSFTVGITGQ,57,hypothetical protein, ,Derived by automated computational analysis using gene prediction method: GeneMarkS-2+.,OG0001099,,,,,Probably not conserved
GCF_000014565.1,RHA1_RS53095,MRELTDRPSRRGANVVAIDSGCGLANATIQQRLVSVRLFYD,41,hypothetical protein, ,Derived by automated computational analysis using gene prediction method: GeneMarkS-2+.,OG0001100,,,,,Probably not conserved
GCF_000014565.1,RHA1_RS51060,MILAPALSATCAGARSFIAIAEWAHDAPAEALGGLGVSAVVPSESTSRRFLAGVDATALDQVLGM,65,transposase family protein, ,Derived by automated computational analysis using gene prediction method: Protein Homology.,OG0001101,,,,,Probably not conserved
GCF_000014565.1,RHA1_RS48390,MSETIEVADRLALHELATHYSDLIDAKDWPGLAEVFTEDAVFDIASGHTRS,51,nuclear transport factor 2 family protein, ,Derived by automated computational analysis using gene prediction method: Protein Homology.,OG0001102,,,,,Probably not conserved
GCF_000014565.1,RHA1_RS53100,MEHATLVAAWNMLRSGDFYPDASAGDFIARKSAKVKARAVGQL,43,hypothetical protein, ,Derived by automated computational analysis using gene prediction method: GeneMarkS-2+.,OG0001103,,,,,Probably not conserved
GCF_000014565.1,RHA1_RS53105,MAPLSDLSTPEVIDVVASELAARPEMHLVRIQVTALLAMDPR,42,hypothetical protein, ,Derived by automated computational analysis using gene prediction method: GeneMarkS-2+.,OG0001104,,,,,Probably not conserved
GCF_000014565.1,RHA1_RS51070,MSDRTAADLERELAMLADVRDRLRASEGNDFRIPTTAVDQVLDEFNTLERSPRDPT,56,hypothetical protein, ,Derived by automated computational analysis using gene prediction method: Protein Homology.,OG0000117,Shell,,,,Probably not conserved
GCF_000014565.1,RHA1_RS53115,MRATLSGIRRNDAAGGNSVPRDALLTADIVGIVAATRTAVTG,42,hypothetical protein, ,Derived by automated computational analysis using gene prediction method: GeneMarkS-2+.,OG0001105,,,,,Probably not conserved
GCF_000014565.1,RHA1_RS51085,MSDRTAADLEREFAMLAYVRDRLRASEGEDFRVPTTAVDQVFDELNSLERSPWDPA,56,hypothetical protein, ,Derived by automated computational analysis using gene prediction method: Protein Homology.,OG0000117,Shell,,,,Probably not conserved
GCF_000014565.1,RHA1_RS53120,MAICTIIAVIVYSPAPAVGAAALATLVTGWGGLIAVGRRSP,41,hypothetical protein, ,Derived by automated computational analysis using gene prediction method: GeneMarkS-2+.,OG0001106,,,,,Probably not conserved
GCF_000014565.1,RHA1_RS42775,MGLFTDDKGRPELVVHPDIKLGRATFRPVDDEPEPEETPKQRARRELKLRLGAELRAKEETGDTNPEKG,69,hypothetical protein, ,Derived by automated computational analysis using gene prediction method: Protein Homology.,OG0000273,Cloud,,,,Probably not conserved
GCF_000014565.1,RHA1_RS50110,MIDTLIEAIHVRLGVVPDAISAIPASELRAARREAIAAGLVASAKVPYGLVPCNRAIRTLVFSRWWR,67,hypothetical protein, ,Derived by automated computational analysis using gene prediction method: GeneMarkS-2+.,OG0001107,,,,,Probably not conserved
GCF_000014565.1,RHA1_RS53125,MAVALTAHAPIVQVTYRPVSLLSGVEDHARVEKLAGIAATKAKD,44,hypothetical protein, ,Derived by automated computational analysis using gene prediction method: GeneMarkS-2+.,OG0001108,,,,,Probably not conserved
GCF_000014565.1,RHA1_RS43165,MGLFTDDKGRPELVVHPDIKLGRATFRPVDDEPEPEETPKQRARRELKLRLGAELRAKKETGDTNPE,67,hypothetical protein, ,Derived by automated computational analysis using gene prediction method: Protein Homology.,OG0000273,Cloud,,,,Probably not conserved
GCF_000014565.1,RHA1_RS51095,MGRVTARVVAAIVIGMVSPHLPTIGSTAPPDETPRHGVAVVCIMDDGS,48,hypothetical protein, ,Derived by automated computational analysis using gene prediction method: GeneMarkS-2+.,OG0001109,,,,,Probably not conserved
GCF_000014565.1,RHA1_RS51100,MSDRTTADLERELAMLAYVRDRLRASEGEGFRIPTTAVDQVLDERNSLERSPWDPT,56,hypothetical protein, ,Derived by automated computational analysis using gene prediction method: Protein Homology.,OG0000117,Shell,,,,Probably not conserved
GCF_000014565.1,RHA1_RS52785,MLTAGTSVATNFSADVDFAPAVLAGDFPADAFFGPVVFAGDFFAAVFFAGAFPATIFSSAAFFAGAAFA,69,hypothetical protein, ,Derived by automated computational analysis using gene prediction method: Protein Homology.,OG0000472,Cloud,,,,Probably not conserved
GCF_000014565.1,RHA1_RS51110,MSDRTVADLERELAVLAYVRERIRVSEGDTFCIPTTAVDQVLDQLNSLERPPCDPT,56,hypothetical protein, ,Derived by automated computational analysis using gene prediction method: Protein Homology.,OG0000117,Shell,,,,Probably not conserved
GCF_000014565.1,RHA1_RS53430,MRPEPRAPVPTPIRWWRLCPWNRNHLMRSSDRVEALLVLVAAILVLLAIPFAAAY,55,hypothetical protein, ,Derived by automated computational analysis using gene prediction method: Protein Homology.,OG0000742,Cloud,,,,Probably not conserved
GCF_000014565.1,RHA1_RS50150,MFTPHIRRFARSSMLLSVIGLSVLGGVGAANAASAGAPRHTDDVYICWYDDGYSTTYWYC,60,hypothetical protein, ,Derived by automated computational analysis using gene prediction method: GeneMarkS-2+.,OG0000553,Cloud,,,,Probably not conserved
GCF_000014565.1,RHA1_RS51270,MTSRLAKSGARKKTDQLEEALRGFFTDHHATILKMMLDNSDRIGAQIPHSTR,52,hypothetical protein, ,Derived by automated computational analysis using gene prediction method: GeneMarkS-2+.,OG0001110,,,,,Probably not conserved
GCF_000014565.1,RHA1_RS50160,MTDGAGVDVEDTGADPGTYTAPDPVGTSGSTYTDPGSTGGGTSGSTYIDPSYGSDGTGDAL,61,hypothetical protein, ,Derived by automated computational analysis using gene prediction method: GeneMarkS-2+.,OG0001111,,,,,Probably not conserved
GCF_000014565.1,RHA1_RS53435,MSRLIAPMIATAGPPPGDDRPWSFEMKYDGCRLLASVGGGREPVLWTRNLNVVTAS,56,hypothetical protein, ,Derived by automated computational analysis using gene prediction method: GeneMarkS-2+.,OG0000295,Cloud,,,,Probably not conserved
GCF_000014565.1,RHA1_RS45280,MSEDRIAVQRSAVESALYQATKHIWAVTDTDLEAIVAGERVGPLGHADTTGVDVAFPNPDSLRDLI,66,hypothetical protein, ,Derived by automated computational analysis using gene prediction method: Protein Homology.,OG0000121,Shell,,,,Probably not conserved
GCF_000014565.1,RHA1_RS51135,MTTGDTVMLHPQGVSKFKILSIDEDGHALIESLLDSPGKYAFSVAVKFLVPATS,54,hypothetical protein, ,Derived by automated computational analysis using gene prediction method: Protein Homology.,OG0000072,Soft core,,,,Probably not conserved
GCF_000014565.1,RHA1_RS53140,MPEEEIVVIFYETLLVLVSVLITWFSLYVLYRLITDDSRHRYR,43,hypothetical protein, ,Derived by automated computational analysis using gene prediction method: GeneMarkS-2+.,OG0001112,,,,,Probably not conserved
GCF_000014565.1,RHA1_RS43820,METGIAIMIHGGPATVDGSRLRDHCGEMRQWIADPEKTPNAAETLEALTSLGTLAALGTPGV,62,hypothetical protein, ,Derived by automated computational analysis using gene prediction method: GeneMarkS-2+.,OG0001113,,,,,Probably not conserved
GCF_000014565.1,RHA1_RS51140,MCYPVTCPDCGKTTWGGCGAHIDGVMKAVPESQQCTCKGNAAPPATPGFFDRLFGR,56,hypothetical protein, ,Derived by automated computational analysis using gene prediction method: Protein Homology.,OG0000473,Cloud,,,,Probably not conserved
GCF_000014565.1,RHA1_RS53145,MPDSVNLMRGSLVAVDALVRRDSGHVQPVGRHANKFHAHQIQ,42,hypothetical protein, ,Derived by automated computational analysis using gene prediction method: GeneMarkS-2+.,OG0001114,,,,,Probably not conserved
GCF_000014565.1,RHA1_RS53445,MYWRDRNLRFHAHDRLAPSPHLEPLLTELDQDPTSIFWG,39,duf3024 domain-containing protein, ,Derived by automated computational analysis using gene prediction method: Protein Homology.,OG0001115,,,,,Probably not conserved
GCF_000014565.1,RHA1_RS43975,MPGLIFRAGVTYDISHTRFEATRELLVRFAEGRTTGVAMSLTHDGGAQHHLFITPGAPITLVE,63,hypothetical protein, ,Derived by automated computational analysis using gene prediction method: Protein Homology.,OG0000130,Shell,,,,Probably not conserved
GCF_000014565.1,RHA1_RS51145,MNHEQMTQERREAFWRKYRWTPELPPEQRKAIEQVWTDEKIEEAEALGF,49,hypothetical protein, ,Derived by automated computational analysis using gene prediction method: Protein Homology.,OG0000153,Shell,,,,Probably not conserved
GCF_000454045.1,O5Y_RS30265,MNIEDNSTSISADYVNAGKGLTLGLSGETTAENVLNVLRTIGLL,44,hypothetical protein, ,Derived by automated computational analysis using gene prediction method: GeneMarkS-2+.,OG0001116,,,,,Probably not conserved
GCF_000454045.1,O5Y_RS00565,MSNISFDSVSNSAPANALQGVGTNALVDNPFTFEPVAEATSAHALQGVGTNALVDNPFSFQS,62,streptamidine-related ripp repeat protein, ,Derived by automated computational analysis using gene prediction method: Protein Homology.,OG0000093,Soft core,group_2291,Soft core,Shell,Soft core
GCF_000454045.1,O5Y_RS00620,MCVDVDVNVKNCGILAAVLVGSVAKMGEKKIVSRITRVAGDMVGPVIVVVVIGAAAVFE,59,hypothetical protein, ,Derived by automated computational analysis using gene prediction method: GeneMarkS-2+.,OG0000324,Cloud,group_2179,Cloud,Cloud,Cloud
GCF_000454045.1,O5Y_RS29930,MFNDVFNNVIHPMVTNFQQLGPQQFIPQQFIPQGVFQQAPQAAEQAVTIFGS,52,hypothetical protein, ,Derived by automated computational analysis using gene prediction method: Protein Homology.,OG0000075,Soft core,group_2178,Soft core,Soft core,Soft core
GCF_000454045.1,O5Y_RS29935,MHRTLLLDAAVQVVGFTWNHQDVVVFLWDAVGEVVVIGDQGKWMATLEGEDV,52,hypothetical protein, ,Derived by automated computational analysis using gene prediction method: GeneMarkS-2+.,OG0000309,Cloud,group_1174,Cloud,Cloud,Cloud
GCF_000454045.1,O5Y_RS29945,MMACLERSALPQAAVIEELPTDTLIRLGDKPMHVDAADIVAVRAVSGYGDQVGLERTGR,59,hypothetical protein, ,Derived by automated computational analysis using gene prediction method: GeneMarkS-2+.,OG0000280,Shell,group_2056,Cloud,Cloud,Cloud
GCF_000454045.1,O5Y_RS01600,MGIADKAQNKAEDLGGKAKEAAGSATGDRDLENEGKGDQVKSAVKDAGEKVKDAASSIKDKLT,63,csbd family protein, ,Derived by automated computational analysis using gene prediction method: Protein Homology.,OG0000011,Conserved,group_2411,Conserved,Soft core,Soft core
GCF_000454045.1,O5Y_RS29950,MADLTLLTDDELRERRIALSRSLTTAADLIPTPPPSFFEKLKQDIDAAAAEWIARRS,57,hypothetical protein, ,Derived by automated computational analysis using gene prediction method: Protein Homology.,OG0000076,Soft core,group_2322,Soft core,Soft core,Soft core
GCF_000454045.1,O5Y_RS29955,MSEITSWEYTVTPLLVHNPKAILDNWGVDGWELVAVLPSASGEQHVAYMKRPKG,54,hypothetical protein, ,Derived by automated computational analysis using gene prediction method: Protein Homology.,OG0000012,Conserved,group_2273,Conserved,Soft core,Soft core
GCF_000454045.1,O5Y_RS02435,MISKTFRTMSARFALLVTEDDGMSTAEYAIGTIAAAAFGAVLYTVVTGDSIVSALTGIIDKALKTAV,67,duf4244 domain-containing protein, ,Derived by automated computational analysis using gene prediction method: Protein Homology.,OG0000094,Soft core,group_2136,Soft core,Soft core,Soft core
GCF_000454045.1,O5Y_RS02455,MAQGTVKWFNAEKGFGFIAPEDGSADVFVHYSEIQGNGFRTLEENQRVEFEVGQGTKGPQATGVRAV,67,cold-shock protein, ,Derived by automated computational analysis using gene prediction method: Protein Homology.,OG0000013,Conserved,group_128,Conserved,Soft core,Soft core
GCF_000454045.1,O5Y_RS02490,MADSLKARVKEKLLRQLAEDGRHPIQEAEGDDPRLVSINDDLEALEQAEEGDPIVEELAERYWVP,65,hypothetical protein, ,Derived by automated computational analysis using gene prediction method: Protein Homology.,OG0000014,Conserved,group_2342,Conserved,Soft core,Soft core
GCF_000454045.1,O5Y_RS29965,MGSADVMAWLAEGYLAGDPIRYPLYVGSMFLAMPFQLIGVILGHPF,46,hypothetical protein, ,Derived by automated computational analysis using gene prediction method: Protein Homology.,OG0000061,Soft core,group_1542,Soft core,Soft core,Soft core
GCF_000454045.1,O5Y_RS30485,MPGSVIEKARAEAEGLFRDYEGNRYWFCCKGCGPRFDANPRKYADVS,47,yhs domain-containing protein, ,Derived by automated computational analysis using gene prediction method: Protein Homology.,OG0000257,Shell,group_1484,Shell,Shell,Shell
GCF_000454045.1,O5Y_RS02890,MSAPTSILREPAAPAYWFDHLRVPLLQSRGQRTVHDEELTAEVSRAYRELFGLRRAQGVAGNAW,64,hypothetical protein, ,Derived by automated computational analysis using gene prediction method: GeneMarkS-2+.,OG0001117,,group_357,Cloud,,Probably not conserved
GCF_000454045.1,O5Y_RS29835,MATTAAVQNPTRSRARTMSLSEYVAEHPAQRVFPPTSERAARMAMLIMFALMAVTLVVLVLDEAGIFG,68,hypothetical protein, ,Derived by automated computational analysis using gene prediction method: GeneMarkS-2+.,OG0000095,Soft core,group_53,Soft core,Soft core,Soft core
GCF_000454045.1,O5Y_RS29970,MTTPGYSTAEVMVFLVQSDQGLPDALNQGTIDQIIATIRKPETQATAHG,49,hypothetical protein, ,Derived by automated computational analysis using gene prediction method: GeneMarkS-2+.,OG0000743,Cloud,group_1367,Cloud,Cloud,Cloud
GCF_000454045.1,O5Y_RS03205,MALAYSPDTSIDSTRLAFLAAAVVLFAMLALYLVGFDQGAISRTGMYMHELMHDGRHLMGLPCH,64,cbtb domain-containing protein, ,Derived by automated computational analysis using gene prediction method: Protein Homology.,OG0000008,Conserved,group_2468,Conserved,Soft core,Soft core
GCF_000454045.1,O5Y_RS03635,MNAYICPICDYTYTESTGAAREGFPPGTAWSSIPDDWCCPDCGVREKVDFTLVAQS,56,rubredoxin, ,Derived by automated computational analysis using gene prediction method: Protein Homology.,OG0000096,Soft core,group_2166,Soft core,Soft core,Soft core
GCF_000454045.1,O5Y_RS03640,MSETATAYKLFRCLQCGFEYDEAIGWPDDGIEPGTRWDEIPEDWSCPDCGAAKVDFEMVEVDR,63,rubredoxin, ,Derived by automated computational analysis using gene prediction method: Protein Homology.,OG0000097,Soft core,group_421,Soft core,Soft core,Soft core
GCF_000454045.1,O5Y_RS29975,MKNPNLTPSRVLAVVLAAALVIFVIARRRDDGALSRGEWLSDSVGPDDLAG,51,hypothetical protein, ,Derived by automated computational analysis using gene prediction method: Protein Homology.,OG0000077,Soft core,group_2167,Soft core,Soft core,Soft core
GCF_000454045.1,O5Y_RS04270,MEVRVDLDRCEANGVCVGIAPDIFDLDDNEELVISSVRPPEDRWEDVRSAIAQCPRAALTEHP,63,ferredoxin, ,Derived by automated computational analysis using gene prediction method: Protein Homology.,OG0000005,Conserved,group_423,Soft core,Soft core,Soft core
GCF_000454045.1,O5Y_RS29980,MAENTTVETEIADEEIETVAEETARMAQHVVAAYAEDADECRMLLSMLGISPAAKLD,57,hypothetical protein, ,Derived by automated computational analysis using gene prediction method: Protein Homology.,OG0000015,Conserved,group_2168,Soft core,Soft core,Soft core
GCF_000454045.1,O5Y_RS29520,MTKFLVPGVASAVIGAVLGAGVIFGVTAAASDNTRPEIDRSGNADSSVLNQVEYGSR,57,duf2613 domain-containing protein, ,Derived by automated computational analysis using gene prediction method: Protein Homology.,OG0000016,Conserved,group_855,Soft core,Soft core,Soft core
GCF_000454045.1,O5Y_RS05155,MSPLSDSRGARPAEVGSGILKTMWWMVGLIVLAALVLASVLVGFVFRRPIAEAKSAVLAFDDASSQPQRD,70,hypothetical protein, ,Derived by automated computational analysis using gene prediction method: Protein Homology.,OG0000098,Soft core,,,Soft core,Soft core
GCF_000454045.1,O5Y_RS30295,MGSTEADLKLYGEIAKGIGGLAGLFTGVAAIIGLGTTLAPLS,42,hypothetical protein, ,Derived by automated computational analysis using gene prediction method: Protein Homology.,OG0000065,Soft core,group_2071,Cloud,Shell,Cloud
GCF_000454045.1,O5Y_RS29985,MPERGQSRVDAGIIAVVAVITGVFVALTGHGLVAALATVLGLALGMAIVRYLIKGR,56,hypothetical protein, ,Derived by automated computational analysis using gene prediction method: Protein Homology.,OG0000078,Soft core,group_2220,Soft core,Soft core,Soft core
GCF_000454045.1,O5Y_RS05310,MMRIVTLIVLIWLIVGAVAAGQRGYYSSSPTNCAGVGTIALTVIAGPLNYFGVNPKVTDCTLPQPTE,67,hypothetical protein, ,Derived by automated computational analysis using gene prediction method: Protein Homology.,OG0000017,Conserved,group_129,Soft core,Soft core,Soft core
GCF_000454045.1,O5Y_RS29995,MIILGVILLIIGFVVNIPILWTIGVVLLVIGIILYALGAAGHAIGGRRHYY,51,duf6131 family protein, ,Derived by automated computational analysis using gene prediction method: Protein Homology.,OG0000000,Conserved,group_1229,Soft core,Soft core,Soft core
GCF_000454045.1,O5Y_RS30000,MTEKDNNDQSPKGGHPGPVDKGGDGGMATREQAPELVEETSEKKSDDK,48,hypothetical protein, ,Derived by automated computational analysis using gene prediction method: Protein Homology.,OG0000018,Core,group_2221,Soft core,Soft core,Soft core
GCF_000454045.1,O5Y_RS30005,MIVLGIILALIGFFTGLSILTTVGIILVVVGAVLSILGATGRAVGGRKVWY,51,duf6131 family protein, ,Derived by automated computational analysis using gene prediction method: Protein Homology.,OG0000000,Conserved,group_1230,Soft core,Soft core,Soft core
GCF_000454045.1,O5Y_RS05800,MWWIVGGVLLVWVVCSIPIAILVGRGIARRDRAEFDGRNQQWADEVVRSIEKQSDQDNADRRKPPLIS,68,hypothetical protein, ,Derived by automated computational analysis using gene prediction method: Protein Homology.,OG0000079,Soft core,group_2275,Shell,Shell,Shell
GCF_000454045.1,O5Y_RS05830,MGALSPTHWAIVAVVLVVLFGSKKLPDAARGLGRSMRILKTEVGELHSDTDLALEKRD,58,sec-independent protein translocase subunit tata, ,Derived by automated computational analysis using gene prediction method: Protein Homology.,OG0000019,Conserved,tatA,Soft core,Soft core,Soft core
GCF_000454045.1,O5Y_RS05875,MAQGSVKWFNGEKGFGFIEQEGGGPDVFVHYSEIQGSGYKSLDEGQKVEFEIGQGQKGPQAQNVRAI,67,cold-shock protein, ,Derived by automated computational analysis using gene prediction method: Protein Homology.,OG0000069,Soft core,group_130,Soft core,Soft core,Soft core
GCF_000454045.1,O5Y_RS30305,MSADSRGTSAQTRREYQMFVLQQRLLFGSIVAGTALGVLAINYF,44,hypothetical protein, ,Derived by automated computational analysis using gene prediction method: GeneMarkS-2+.,OG0000122,Soft core,group_2138,Soft core,Soft core,Soft core
GCF_000454045.1,O5Y_RS30010,MTTIDIPPTQGESTTGIGITVASATLTTEEVKRRIAMMYGDPVTEEPVALAH,52,hypothetical protein, ,Derived by automated computational analysis using gene prediction method: Protein Homology.,OG0000002,Conserved,group_2274,Soft core,Soft core,Soft core
GCF_000454045.1,O5Y_RS05950,MSERNSTDRTDQTDEPQTTGTDHGPGTGADAAHKDVQTDPSGERTWADEGGASSTGPATDTD,62,pi-type proteinase, ,Derived by automated computational analysis using gene prediction method: Protein Homology.,OG0000020,Core,group_2297,Soft core,Soft core,Soft core
GCF_000454045.1,O5Y_RS05980,MGGSADALNRALKRVDRDFASPIGVVVRTSLRGTMRQIAKPVRAQYTRVRARFPGAKTYTEI,62,hypothetical protein, ,Derived by automated computational analysis using gene prediction method: GeneMarkS-2+.,OG0000115,Soft core,group_2190,Soft core,Soft core,Soft core
GCF_000454045.1,O5Y_RS05985,MTTSTVGLLAGLLLGVAAAAGGFTGFLIALVLGVIGYLVGGQRDGEFDLGVMLKGRGRG,59,hypothetical protein, ,Derived by automated computational analysis using gene prediction method: Protein Homology.,OG0000099,Soft core,group_732,Soft core,Soft core,Soft core
GCF_000454045.1,O5Y_RS06010,MSDFIDKAKHRAEDLIGEAKEKIGNATGNDDLAAEGVADQGEAKVKKAGDTVSDKVSDIKDKFTS,65,csbd family protein, ,Derived by automated computational analysis using gene prediction method: Protein Homology.,OG0000074,Soft core,group_2191,Soft core,Soft core,Soft core
GCF_000454045.1,O5Y_RS06400,MSKEVSAGLAVGAMVLVAGLIWTGLPLDAYSVVAVIFAICGGFITWIYLRENVDGVPHTATKEGSR,66,hypothetical protein, ,Derived by automated computational analysis using gene prediction method: Protein Homology.,OG0000144,Shell,group_2282,Shell,Shell,Shell
GCF_000454045.1,O5Y_RS30325,MGSLGNLLKANGMGWGILQLLPLVNMLKTLQGLDTASSNS,40,hypothetical protein, ,Derived by automated computational analysis using gene prediction method: GeneMarkS-2+.,OG0000080,Soft core,group_2512,Soft core,Soft core,Soft core
GCF_000454045.1,O5Y_RS30330,MGSFEDFSGVVKTFIPVLKDLFTALGGGSLTPGTGSAADK,40,hypothetical protein, ,Derived by automated computational analysis using gene prediction method: GeneMarkS-2+.,OG0000108,Soft core,group_2511,Soft core,Soft core,Soft core
GCF_000454045.1,O5Y_RS06725,MFGSLSTLGPLLTALGAFLKSVPTESLSGEGEGSSTGSLSGLSSGSAE,48,hypothetical protein, ,Derived by automated computational analysis using gene prediction method: Protein Homology.,OG0000081,Soft core,group_2510,Soft core,Soft core,Soft core
GCF_000454045.1,O5Y_RS30335,MGSLDTGSLSTESLEDLNLGKISELLKLGITAVSFITALNSLS,43,hypothetical protein, ,Derived by automated computational analysis using gene prediction method: GeneMarkS-2+.,OG0000067,Soft core,group_2503,Soft core,Soft core,Soft core
GCF_000454045.1,O5Y_RS30340,MIVMFLQATAQLFTDLLANTWSGSMLPGVEAGTGSLVSAIELS,43,hypothetical protein, ,Derived by automated computational analysis using gene prediction method: Protein Homology.,OG0000184,Shell,group_2237,Shell,Shell,Shell
GCF_000454045.1,O5Y_RS30015,MLEGSVMDAAGSVGAIIGQGLGSVSGLAVKGLEALAALSGGELKAAK,47,hypothetical protein, ,Derived by automated computational analysis using gene prediction method: Protein Homology.,OG0000138,Shell,group_2381,Shell,Shell,Shell
GCF_000454045.1,O5Y_RS07195,MTFESNTPRPFTRSNDKKMFAGVCGGIADYFGADVNLVRLLAVIAAICTGGTAALVYLAAWMLMPLG,67,pspc domain-containing protein, ,Derived by automated computational analysis using gene prediction method: Protein Homology.,OG0000021,Conserved,group_2380,Conserved,Soft core,Soft core
GCF_000454045.1,O5Y_RS07725,MGSSHDGKPAVAGTQFLTVAEVATLMRVSKMTVYRLVHSGELPAVRVGRSFRVHAKAVHDYLETSYFDAG,70,helix-turn-helix domain-containing protein, ,Derived by automated computational analysis using gene prediction method: Protein Homology.,OG0000071,Soft core,,,Soft core,Soft core
GCF_000454045.1,O5Y_RS29565,MGSVIKKRRKRMSKKKHRKLLRRTRVQRRKLGK,33,aurkaip1/cox24 domain-containing protein, ,Derived by automated computational analysis using gene prediction method: Protein Homology.,OG0000022,Conserved,group_1939,Conserved,Conserved,Conserved
GCF_000454045.1,O5Y_RS30020,MSSQEALRTESTHDAPLRQRGSRTEVILFAILGASVLVTLLVLMIPGIVSG,51,hypothetical protein, ,Derived by automated computational analysis using gene prediction method: Protein Homology.,OG0000100,Soft core,group_1231,Soft core,Soft core,Soft core
GCF_000454045.1,O5Y_RS07905,MLYLLALVGLVTLIVLMWKAFGPDPSTRTPVSGVRGPDDDPEFLWNVNQQTRRKRTEGPDVPPTDTST,68,hypothetical protein, ,Derived by automated computational analysis using gene prediction method: Protein Homology.,OG0000023,Conserved,group_2362,Soft core,Conserved,Soft core
GCF_000454045.1,O5Y_RS07910,MSAPTFNTAADALMTPGQVAALFHVDPKTVTRWAHAGRLGSLRTPGGHRRFRETEVMQLLRSLTTEADNN,70,bldc family transcriptional regulator, ,Derived by automated computational analysis using gene prediction method: Protein Homology.,OG0000068,Soft core,,,Soft core,Soft core
GCF_000454045.1,O5Y_RS08115,MASSTDVRPKITLACEVCKHRNYITKKNRRNDPDRLELKKFCPNCGTHQSHRESK,55,50s ribosomal protein l33, ,Derived by automated computational analysis using gene prediction method: Protein Homology.,OG0000024,Conserved,rpmG,Conserved,Soft core,Soft core
GCF_000454045.1,O5Y_RS08250,MAGKKLDRTNARTALEVVRESPTIAFITVAPAVVVFGVVWWLFGFWAAILLALVFGVAAVATQKLR,66,hypothetical protein, ,Derived by automated computational analysis using gene prediction method: Protein Homology.,OG0000025,Conserved,group_2209,Conserved,Soft core,Soft core
GCF_000454045.1,O5Y_RS08395,MNSTTVGLLVGLLLALAGIMGGFSGFVFAVLLGAAGMAIGAHRDGHLDLGAILRSRGRG,59,hypothetical protein, ,Derived by automated computational analysis using gene prediction method: Protein Homology.,OG0000026,Conserved,group_2303,Conserved,Soft core,Soft core
GCF_000454045.1,O5Y_RS08525,MRLSTRNQLTGTITEVNLGTVMATVKVKLDGGNQIVTSSITRDAALDLDLEPGQAATVFVKSTEVTIGVE,70,tobe domain-containing protein, ,Derived by automated computational analysis using gene prediction method: Protein Homology.,OG0000064,Soft core,,,Soft core,Soft core
GCF_000454045.1,O5Y_RS08530,MTEPVKGPASYFPSIEKKYGRPIGEWQELIKSSDLTKHMELVNWLKSEHGMGHGHANALVAHTLKEG,67,duf4287 domain-containing protein, ,Derived by automated computational analysis using gene prediction method: Protein Homology.,OG0000027,Conserved,group_2329,Soft core,Soft core,Soft core
GCF_000454045.1,O5Y_RS29575,MSDRDNKALENDLVEESLVEEVSIDGMCGVY,31,mycofactocin precursor mfta, ,"Mycofactocin is a small molecule electron carrier derived from the final two amino acids, Val-Tyr, of MftA, the mycofactocin precursor. It plays a role in redox homeostasis and the metabolism of alcohols and aldehydes in Actinobacteria, including Mycobacterium tuberculosis; Derived by automated computational analysis using gene prediction method: Protein Homology.",OG0000009,Conserved,group_2326,Conserved,Soft core,Soft core
GCF_000454045.1,O5Y_RS08880,MAKKALVNKANKKPKFAVRAYTRCQRCGRPHSVFRKFGLCRICVREMAHAGELPGVRKSSW,61,type z 30s ribosomal protein s14, ,Derived by automated computational analysis using gene prediction method: Protein Homology.,OG0000028,Conserved,group_2294,Conserved,Soft core,Soft core
GCF_000454045.1,O5Y_RS08910,MADLKVTQIKSIIGTKQNQKDSLRTLGLKGIRQTVVREDNAQNRGLINVVRHLVTVEEV,59,50s ribosomal protein l30, ,Derived by automated computational analysis using gene prediction method: Protein Homology.,OG0000029,Conserved,rpmD,Conserved,Soft core,Soft core
GCF_000454045.1,O5Y_RS29580,MKVQPSVKKICEKCKVIRRNGRVMVICENLRHKQRQG,37,50s ribosomal protein l36, ,Derived by automated computational analysis using gene prediction method: Protein Homology.,OG0000030,Conserved,rpmJ,Conserved,Soft core,Soft core
GCF_000454045.1,O5Y_RS30345,MTIFEWILAIPALALAVAFLFSGIITAGIDFDTEDGVMTH,40,hypothetical protein, ,Derived by automated computational analysis using gene prediction method: GeneMarkS-2+.,OG0000082,Soft core,group_2186,Soft core,Soft core,Soft core
GCF_000454045.1,O5Y_RS29590,MSSYRCPVCEYVYDESKGAPREGFPAGTPWDAVPDDWCCPDCGVREKLDFEPMPATAGSES,61,rubredoxin, ,Derived by automated computational analysis using gene prediction method: Protein Homology.,OG0000053,Core,group_2279,Soft core,Soft core,Soft core
GCF_000454045.1,O5Y_RS10260,MNDYKLYQCAQCGFEYDEAVGWPEDGIEPGTRWDDIPEDWSCPDCGAAKSDFFMVEVERR,60,rubredoxin, ,Derived by automated computational analysis using gene prediction method: Protein Homology.,OG0000007,Conserved,group_2155,Soft core,Soft core,Soft core
GCF_000454045.1,O5Y_RS30225,MTNLPVELDRVTAMAFDVPLPTDSRTVVAGQRAAAALLMNRPEMVLRFTFPVIASAS,57,hypothetical protein, ,Derived by automated computational analysis using gene prediction method: GeneMarkS-2+.,OG0001118,,group_871,Cloud,,Probably not conserved
GCF_000454045.1,O5Y_RS10920,MATDPAPRSERKKILLRLDPAVHDALARWAADDLRSTNAQIEFLLRRALTEHGRMPKNAGKMHGPGRPPS,70,hypothetical protein, ,Derived by automated computational analysis using gene prediction method: Protein Homology.,OG0000114,Soft core,,,Soft core,Soft core
GCF_000454045.1,O5Y_RS11200,MSDLDSNTPSEPESQSEETKRKFREALERKNHQNAKSTDHRDGQSKVHNTHGPADHKREFRRKSG,65,duf5302 domain-containing protein, ,Derived by automated computational analysis using gene prediction method: Protein Homology.,OG0000031,Conserved,group_2470,Core,Soft core,Soft core
GCF_000454045.1,O5Y_RS29615,MAAVCDVCAKGPGFGKSVSHSHRRTNRRWNPNIQSVRTEVAPGNTRKVNVCTSCLKAGKVARG,63,50s ribosomal protein l28, ,Derived by automated computational analysis using gene prediction method: Protein Homology.,OG0000032,Conserved,rpmB,Conserved,Soft core,Soft core
GCF_000454045.1,O5Y_RS29620,MAVPKRKMSRSNTRSRRSQWKTTVPTLVTCPNRGCGEQTLPHIACPSCGTYKGRQVTAAV,60,50s ribosomal protein l32, ,Derived by automated computational analysis using gene prediction method: Protein Homology.,OG0000033,Conserved,group_2479,Conserved,Soft core,Soft core
GCF_000454045.1,O5Y_RS30035,MTTEVDMKVPAFHSTVPSDLDVYHDNESCILAARIAVPHRAPGVDGRPWCTACASLD,57,hypothetical protein, ,Derived by automated computational analysis using gene prediction method: Protein Homology.,OG0000083,Soft core,group_2187,Soft core,Soft core,Soft core
GCF_000454045.1,O5Y_RS30040,MFWKIVLAVVLVWVALAVVGALIKGLFWVLVVGAVGFGIYFLVKAMSGSDDNSPASRF,58,hypothetical protein, ,Derived by automated computational analysis using gene prediction method: Protein Homology.,OG0000034,Conserved,group_2296,Soft core,Soft core,Soft core
GCF_000454045.1,O5Y_RS12540,MRLTEFHEMVREEFGQVRGDSMLIDHVLQSLDGMTAAEAVEAGWEPREVWRALCVEFDVPPARR,64,duf3046 domain-containing protein, ,Derived by automated computational analysis using gene prediction method: Protein Homology.,OG0000035,Conserved,group_2481,Conserved,Soft core,Soft core
GCF_000454045.1,O5Y_RS12830,MPGTLTSPQLTAADRCDRCGAGARVRAVLPTGGELLFCGHHATEHADRLREMNAVVSESEPAI,63,hypothetical protein, ,Derived by automated computational analysis using gene prediction method: Protein Homology.,OG0000036,Conserved,group_2483,Conserved,Soft core,Soft core
GCF_000454045.1,O5Y_RS12965,MNYTSGFTLKPDATGTILEMYFSGESESTSRISKIFTAVFGRLGARVTRKFMAKDLEDIAAKAESLAGK,69,hypothetical protein, ,Derived by automated computational analysis using gene prediction method: GeneMarkS-2+.,OG0000474,Cloud,group_2169,Cloud,Cloud,Cloud
GCF_000454045.1,O5Y_RS13205,MKIRFELMIGILLVVGGGCLWLFARDAEFFWFHGGPLGVILAIIGAFDIVNAVRTRETAIPERRND,66,hypothetical protein, ,Derived by automated computational analysis using gene prediction method: Protein Homology.,OG0000101,Soft core,group_2126,Soft core,Soft core,Soft core
GCF_000454045.1,O5Y_RS13690,MAGIDSKFDKAYAGKSVEELADAPVAALNGVSDSDAEHLKAAFNIKTVRDLGTNKFFLWAQATAKLAE,68,hypothetical protein, ,Derived by automated computational analysis using gene prediction method: Protein Homology.,OG0000070,Soft core,group_2484,Soft core,Soft core,Soft core
GCF_000454045.1,O5Y_RS30365,MKNLEPWEFAGMLTHVHAYLTNARRFLRGWSYREVDGSSEDR,42,hypothetical protein, ,Derived by automated computational analysis using gene prediction method: GeneMarkS-2+.,OG0000258,Shell,group_2129,Shell,Shell,Shell
GCF_000454045.1,O5Y_RS14490,MAQEQTQRAGGGEDDETTGGDGSAGQERREKLAAETDDLLDEIDDVLEENAEDFVRAYVQKGGQ,64,ubiquitin-like protein pup, ,Derived by automated computational analysis using gene prediction method: Protein Homology.,OG0000037,Conserved,group_340,Soft core,Soft core,Soft core
GCF_000454045.1,O5Y_RS30230,MTVLSPVDTASTPHFTAAGITYEIDEEYVAVVNAADAELTSPQDFPRDPLPNL,53,hypothetical protein, ,Derived by automated computational analysis using gene prediction method: Protein Homology.,OG0000298,Cloud,group_2131,Cloud,Cloud,Cloud
GCF_000454045.1,O5Y_RS15020,MAIDSTLLSILACPQDKGPLLLVGDELLYNPRLRRAYPIENGIPVLLIDEARDVADDEHEKLLARAEG,68,trm112 family protein, ,Derived by automated computational analysis using gene prediction method: Protein Homology.,OG0000038,Conserved,group_54,Soft core,Core,Soft core
GCF_000454045.1,O5Y_RS15115,MPKMKSHSGASKRFKVSGSGKLMRQKAGRRHLLEHKSSRVTRRLDGVAVVSPDDAPRIKRMLGI,64,50s ribosomal protein l35, ,Derived by automated computational analysis using gene prediction method: Protein Homology.,OG0000039,Conserved,group_2130,Soft core,Conserved,Soft core
GCF_000454045.1,O5Y_RS15465,MHVEVDLDLCQGHAACELEAPEIFVVPKRGKVSLLDSDPPESLRGEAEMAVRYCPTGALRIVD,63,ferredoxin, ,Derived by automated computational analysis using gene prediction method: Protein Homology.,OG0000001,Conserved,group_2270,Soft core,Soft core,Soft core
GCF_000454045.1,O5Y_RS30045,MSVLFTYLLFIGAGIAVGGAYSMFKVNKLASGILLALAVLAAVAGALRL,49,hypothetical protein, ,Derived by automated computational analysis using gene prediction method: Protein Homology.,OG0000040,Conserved,group_2410,Soft core,Conserved,Soft core
GCF_000454045.1,O5Y_RS30050,MNESSNGLFSDLSASEPVVDAKSAEQLAAERETAAAERSNTDTAEQRQSQLFSG,54,hypothetical protein, ,Derived by automated computational analysis using gene prediction method: Protein Homology.,OG0000084,Soft core,group_2262,Soft core,Soft core,Soft core
GCF_000454045.1,O5Y_RS30370,MLGIALGLGSAAVGIGLGLLGAGAGILLSDKTVKTARRDLTA,42,hypothetical protein, ,Derived by automated computational analysis using gene prediction method: GeneMarkS-2+.,OG0000102,Soft core,group_2160,Soft core,Soft core,Soft core
GCF_000454045.1,O5Y_RS29675,MHAEVGDRLHVQGRVVGQAEVTAEVLEVHGEDGGPPYLVRYDNGHEALVFPGSDGWIDHPGKGS,64,duf1918 domain-containing protein, ,Derived by automated computational analysis using gene prediction method: Protein Homology.,OG0000041,Conserved,group_2499,Soft core,Conserved,Soft core
GCF_000454045.1,O5Y_RS30375,MTTYRYLDADRNLLEEKDFETEQDAQEYRLSVLGAEHIEPAGE,43,hypothetical protein, ,Derived by automated computational analysis using gene prediction method: Protein Homology.,OG0000054,Core,group_2400,Soft core,Core,Core
GCF_000454045.1,O5Y_RS16680,MTDEDRLWYFDVSDGSVTQGKGASSLTRMGPYPDRDSAEHALKIAAERNKAADRADEDWNN,61,hypothetical protein, ,Derived by automated computational analysis using gene prediction method: Protein Homology.,OG0000042,Conserved,group_592,Soft core,Core,Soft core
GCF_000454045.1,O5Y_RS30390,MKLALTEFKNSKATIRIIMSDGAKLNGTVTDFTEDTLVLNSPNGVYYINPSHIIRLFEPSDRAAK,65,hypothetical protein, ,Derived by automated computational analysis using gene prediction method: GeneMarkS-2+.,OG0000085,Soft core,group_2248,Soft core,Soft core,Soft core
GCF_000454045.1,O5Y_RS17075,MTVAGVVSVVLIAVAAALVIYLLVALVDPERF,32,k(+)-transporting atpase subunit f, ,Derived by automated computational analysis using gene prediction method: Protein Homology.,OG0000055,Core,kdpF,Soft core,Soft core,Soft core
GCF_000454045.1,O5Y_RS17220,MDRIADWWDSFELWMAGLPFIPQVALVLIVVVPLCRLVAIGLDRALAAVLALPLFGWLRRNSREVEES,68,hypothetical protein, ,Derived by automated computational analysis using gene prediction method: Protein Homology.,OG0000056,Core,group_2078,Soft core,Soft core,Soft core
GCF_000454045.1,O5Y_RS30070,MKKALPKTLKSLARTVGILAFAIVVVSVVERFTGAHQPTTGPASLTGPDQSL,52,hypothetical protein, ,Derived by automated computational analysis using gene prediction method: Protein Homology.,OG0000111,Soft core,group_2264,Soft core,Soft core,Soft core
GCF_000454045.1,O5Y_RS30075,MRENDLNLRGLEIFEEASDVAFSEIHSHPRQCLIRAHKSVAKSRCGV,47,hypothetical protein, ,Derived by automated computational analysis using gene prediction method: GeneMarkS-2+.,OG0000241,Shell,group_2309,Shell,Shell,Shell
GCF_000454045.1,O5Y_RS30080,MKTVTAALYAVRRLPFGAIALVLLLSGMVLMPELQMNRAGKILGRSL,47,hypothetical protein, ,Derived by automated computational analysis using gene prediction method: GeneMarkS-2+.,OG0001119,,group_1485,Cloud,,Probably not conserved
GCF_000454045.1,O5Y_RS30085,MSFLPFPIVIEGIETTGSAAIDALGRLSVLLYDLLGGTGSATINAGS,47,hypothetical protein, ,Derived by automated computational analysis using gene prediction method: Protein Homology.,OG0000125,Shell,group_2228,Shell,Shell,Shell
GCF_000454045.1,O5Y_RS30090,MIAAPTTGALAVVMNTVLQMFNAGSSFLYTNNSPIGGGGGETPTTPAP,48,hypothetical protein, ,Derived by automated computational analysis using gene prediction method: Protein Homology.,OG0000086,Soft core,group_2210,Soft core,Soft core,Soft core
GCF_000454045.1,O5Y_RS30095,MPTIPLTGDPIVINIIVQLLSAGSSNALALGGVGSSGLGSTGLGSFDSASLGSAA,55,hypothetical protein, ,Derived by automated computational analysis using gene prediction method: Protein Homology.,OG0000087,Soft core,group_1002,Soft core,Soft core,Soft core
GCF_000454045.1,O5Y_RS30400,MYIQTCTYDTEDRNMGSINTLSAVIDIIKVVQPLIAKLNLS,41,hypothetical protein, ,Derived by automated computational analysis using gene prediction method: GeneMarkS-2+.,OG0000109,Soft core,group_2041,Soft core,Soft core,Soft core
GCF_000454045.1,O5Y_RS29705,MTRRIITVERVYEPASECNAVRLLVDRLWPRGVKRENLQYASHRHRILDPLLY,53,duf488 family protein, ,Derived by automated computational analysis using gene prediction method: Protein Homology.,OG0000312,Cloud,group_2363,Cloud,Cloud,Cloud
GCF_000454045.1,O5Y_RS29880,MAGKFAQKATGGADSLEKSLLSHALVITEMRDFFQQCVDRYGEVDDSNASALTSAETPR,59,hypothetical protein, ,Derived by automated computational analysis using gene prediction method: GeneMarkS-2+.,OG0000123,Soft core,group_2307,Soft core,Soft core,Soft core
GCF_000454045.1,O5Y_RS30255,MSTALLTIYVLIWPALVLVVLGVISKGFFKDWATARRNGEDLV,43,putative transporter small subunit, ,Derived by automated computational analysis using gene prediction method: Protein Homology.,OG0000088,Soft core,group_2364,Soft core,Soft core,Soft core
GCF_000454045.1,O5Y_RS29720,MAAMKPRTGDGPLEATKEGRGIVMRVPLEGGGRLVVELTPDEAAALGVELTNVTS,55,duf3117 domain-containing protein, ,Derived by automated computational analysis using gene prediction method: Protein Homology.,OG0000043,Conserved,group_1003,Soft core,Soft core,Soft core
GCF_000454045.1,O5Y_RS19425,MTEQDATFDPEAPESDALEQSTPVDPNAPEEPDLTDIPLDAPVADVVDQRVEVAVDDDYRPS,62,hypothetical protein, ,Derived by automated computational analysis using gene prediction method: Protein Homology.,OG0000057,Core,group_2211,Soft core,Soft core,Soft core
GCF_000454045.1,O5Y_RS30100,MYNWDLQNQIVAFVDSLRPMAGYYHDMYYGSLYAFADQQSHLLTLLGFPPVP,52,hypothetical protein, ,Derived by automated computational analysis using gene prediction method: Protein Homology.,OG0000058,Core,group_1175,Soft core,Soft core,Soft core
GCF_000454045.1,O5Y_RS30105,MGKIKASKVSKLKPKKKCCRKKTRCIKCPVVIMRMKKLENEGASKKELKAGLKKARAA,58,hypothetical protein, ,Derived by automated computational analysis using gene prediction method: Protein Homology.,OG0000044,Conserved,group_2365,Soft core,Soft core,Soft core
GCF_000454045.1,O5Y_RS30410,MGSMEGILGAVVQGLGSLFSADGLLKTFMGSVETISKDPTP,41,hypothetical protein, ,Derived by automated computational analysis using gene prediction method: GeneMarkS-2+.,OG0000103,Soft core,group_2051,Soft core,Soft core,Soft core
GCF_000454045.1,O5Y_RS19630,MTMTAKLTTAFRGTLWWVRSVMGDLDYQRYVEHTRRHHADSPVISEREFWRRRHAAADANPGARCC,66,ybdd/yjix family protein, ,Derived by automated computational analysis using gene prediction method: Protein Homology.,OG0000045,Conserved,group_2343,Soft core,Conserved,Soft core
GCF_000454045.1,O5Y_RS19880,MSTNSDRRPRLPVKIAYLTAGVLFVAAMLLLASVVNPDRNRDFSMNHVPAGTSATSVVATTDLG,64,hypothetical protein, ,Derived by automated computational analysis using gene prediction method: Protein Homology.,OG0000104,Soft core,group_2149,Soft core,Soft core,Soft core
GCF_000454045.1,O5Y_RS20280,MAEGIVKWFNSEKGFGFIAPEDGSADVFVHYSEIQSGGFRTLEENQRVAFEIGQGNKGPQATGVTIV,67,cold-shock protein, ,Derived by automated computational analysis using gene prediction method: Protein Homology.,OG0000046,Conserved,group_132,Soft core,Soft core,Soft core
GCF_000454045.1,O5Y_RS20285,MTTAEYTVSGMTCGHCVGSVKEEIGNIAGVTAVDVELASGRVVVTSDAPVSAADVVAAVDEAGYAVVPS,69,heavy-metal-associated domain-containing protein, ,Derived by automated computational analysis using gene prediction method: Protein Homology.,OG0000006,Conserved,group_2139,Soft core,Soft core,Soft core
GCF_000454045.1,O5Y_RS30110,MSDDELRRAIREIQDRAHDARKRGDDVAAEELDRTVRGYQEQMAQRL,47,hypothetical protein, ,Derived by automated computational analysis using gene prediction method: Protein Homology.,OG0000059,Core,group_2336,Soft core,Soft core,Soft core
GCF_000454045.1,O5Y_RS30120,MSEQPDTPKKPPVDKKRLARIFGDVFPETTSDERGPEGSSRSSDDDWLRSQRPPHHGG,58,hypothetical protein, ,Derived by automated computational analysis using gene prediction method: Protein Homology.,OG0000089,Soft core,group_2328,Soft core,Soft core,Soft core
GCF_000454045.1,O5Y_RS20495,MAVPKRKMSRSNTRSRRAQWKATAPDLVEVTAFGQTHRVPRRLVKAVRLGVIDPSRI,57,50s ribosomal protein l32, ,Derived by automated computational analysis using gene prediction method: Protein Homology.,OG0000060,Soft core,group_2302,Soft core,Soft core,Soft core
GCF_000454045.1,O5Y_RS20515,MARNEIRPIVKLKSTAGTGYTYVTRKNRRNDPDRLVLKKYDPVVRKHVDFREEK,54,50s ribosomal protein l33, ,Derived by automated computational analysis using gene prediction method: Protein Homology.,OG0000047,Conserved,group_2199,Soft core,Soft core,Soft core
GCF_000454045.1,O5Y_RS21005,MSRKHGKHKPRPLMRNADGELLSRFAGRCWYCGDPFGAGTPIRFIQRETLHVDCHKAATLDQ,62,hypothetical protein, ,Derived by automated computational analysis using gene prediction method: GeneMarkS-2+.,OG0000696,Cloud,group_500,Cloud,Cloud,Cloud
GCF_000454045.1,O5Y_RS30415,MHTALIHILTTGDYLGYAATGFEEDSPIVISLLALHALLF,40,hypothetical protein, ,Derived by automated computational analysis using gene prediction method: GeneMarkS-2+.,OG0000537,Cloud,group_2181,Cloud,Cloud,Cloud
GCF_000454045.1,O5Y_RS21055,MPALNLISIVDAAAELSVSTRTIRRYIAEGKIEGVRVGSRLIRVNRRSLDAFVTPMGVAA,60,helix-turn-helix domain-containing protein, ,Derived by automated computational analysis using gene prediction method: Protein Homology.,OG0000200,Shell,group_2170,Cloud,Cloud,Cloud
GCF_000454045.1,O5Y_RS21200,MGFLDNVKGLVEKGQELAAENSDKVHDAIDKVADIADDKTGNKYGDQIDKAAEAAKKAVPEKQ,63,antitoxin, ,Derived by automated computational analysis using gene prediction method: Protein Homology.,OG0000010,Conserved,group_425,Soft core,Soft core,Soft core
GCF_000454045.1,O5Y_RS21730,MANNSKQHYVDPGWPETADGDHAVTELSSTRAGGLSPFGEDTTFPVPVESLPYVHPHTVINR,62,hypothetical protein, ,Derived by automated computational analysis using gene prediction method: Protein Homology.,OG0000048,Conserved,group_501,Soft core,Soft core,Soft core
GCF_000454045.1,O5Y_RS30420,MADKAPGKNMKKPAQSIKERRAEKRAKTTESSEFIRKRKRS,41,hypothetical protein, ,Derived by automated computational analysis using gene prediction method: Protein Homology.,OG0000004,Core,group_2142,Soft core,Soft core,Soft core
GCF_000454045.1,O5Y_RS29750,MGRGRAKAKQTKVARELKYSVPTTDFDSLQRELAGGSTNSHRSSVRSDQTSDREGHAREDDYDDWRR,67,duf3073 domain-containing protein, ,Derived by automated computational analysis using gene prediction method: Protein Homology.,OG0000049,Conserved,group_133,Soft core,Soft core,Soft core
GCF_000454045.1,O5Y_RS22850,MRNNLQELRTAAGLSQQACADALGITRQTVISIEKGHFDPRLSLAFRIAEYFDKRVDDVFSS,62,helix-turn-helix transcriptional regulator, ,Derived by automated computational analysis using gene prediction method: Protein Homology.,OG0000105,Soft core,group_502,Soft core,Soft core,Soft core
GCF_000454045.1,O5Y_RS22985,MTSPMKTRKLTRARSGAMFGGVCAGIARYFGWKSSTVRLLFVLSCLLPGPQFLIYIVMWIFIPREQI,67,pspc domain-containing protein, ,Derived by automated computational analysis using gene prediction method: Protein Homology.,OG0000106,Soft core,group_134,Soft core,Soft core,Soft core
GCF_000454045.1,O5Y_RS30430,MADLSVEVRALATRTHRVDLASVDTDSLRRELASRGVVAQHAPSDN,46,hypothetical protein, ,Derived by automated computational analysis using gene prediction method: GeneMarkS-2+.,OG0001120,,group_1551,Cloud,,Probably not conserved
GCF_000454045.1,O5Y_RS30435,MSAPVAIVTGAAAGLGAAIAERLAEDFGTLLLLDIEEAALADTAARLESLGVDRCPLGR,59,sdr family nad(p)-dependent oxidoreductase, ,Derived by automated computational analysis using gene prediction method: Protein Homology.,OG0000356,Cloud,group_733,Cloud,Cloud,Cloud
GCF_000454045.1,O5Y_RS23970,MSDWEKKFEAEAKGLLAEVEEELTVLEGVDTIDPFGEDDPDPVAGDDPSAGNDDTKPASD,60,hypothetical protein, ,Derived by automated computational analysis using gene prediction method: Protein Homology.,OG0000090,Soft core,group_2192,Soft core,Soft core,Soft core
GCF_000454045.1,O5Y_RS30125,MGSSESDLTAIDNAVTVLGGIAGVIGGITATLGLVSFFGGGASLS,45,hypothetical protein, ,Derived by automated computational analysis using gene prediction method: Protein Homology.,OG0000065,Soft core,group_1611,Cloud,Shell,Cloud
GCF_000454045.1,O5Y_RS24980,MAQGIVKWFNGEKGFGFIAPDDGTPDVFVHYSEISGNGYKSLDENQRVEFEVGQGQKGPQATNVRAV,67,cold-shock protein, ,Derived by automated computational analysis using gene prediction method: Protein Homology.,OG0000003,Conserved,group_1991,Soft core,Soft core,Soft core
GCF_000454045.1,O5Y_RS30130,MGSINAFNEWVNQATYAGDPFATAIAIVQFFVVSLVNLFTGGPIL,45,hypothetical protein, ,Derived by automated computational analysis using gene prediction method: GeneMarkS-2+.,OG0000137,Shell,group_2383,Shell,Shell,Shell
GCF_000454045.1,O5Y_RS29900,MKKTEITPIGCIHRWEVESRHRTSEGTVTYLRCHCGSWQTLLAEWMSGGAASAVAAPIKVRSR,63,hypothetical protein, ,Derived by automated computational analysis using gene prediction method: Protein Homology.,OG0000116,Soft core,group_2290,Soft core,Soft core,Soft core
GCF_000454045.1,O5Y_RS30135,MPTVIRTVHDLVRHARGPTHHHHHQSVHEARRMRAHHILVTHSLA,45,hypothetical protein, ,Derived by automated computational analysis using gene prediction method: GeneMarkS-2+.,OG0000112,Soft core,group_2176,Soft core,Soft core,Soft core
GCF_000454045.1,O5Y_RS25405,MVGTPVIVTIVSVCVGFVIFMLAASGARGKWDRRLVIALFVGAVVCLTVVPVSVALSAGV,60,hypothetical protein, ,Derived by automated computational analysis using gene prediction method: Protein Homology.,OG0000091,Soft core,group_2382,Soft core,Soft core,Soft core
GCF_000454045.1,O5Y_RS30140,MNETQPHNLERERWRTLPTPPSTELIEMVGDGPSSADFDPAVPVAQQG,48,hypothetical protein, ,Derived by automated computational analysis using gene prediction method: Protein Homology.,OG0000128,Shell,group_2355,Shell,Shell,Shell
GCF_000454045.1,O5Y_RS30445,MSSDYWAGMVNLMSSFVGVVLFGLSTASAEGAGWSSAESLSAGR,44,hypothetical protein, ,Derived by automated computational analysis using gene prediction method: GeneMarkS-2+.,OG0000475,Cloud,group_1658,Cloud,Cloud,Cloud
GCF_000454045.1,O5Y_RS26060,MTEPDPGTVETDFPKTGAPAQRALIGAGYTHLAQLTSVSEKELGALHGMGPKALRILREALAERGLSFAD,70,hypothetical protein, ,Derived by automated computational analysis using gene prediction method: Protein Homology.,OG0000050,Conserved,,,Soft core,Soft core
GCF_000454045.1,O5Y_RS30145,MTIAQVRIGDADIEILGVSADPVRIGDVVSVVPRSAGTEDSLFTTYGFEKESRDA,55,hypothetical protein, ,Derived by automated computational analysis using gene prediction method: GeneMarkS-2+.,OG0000476,Cloud,group_1014,Cloud,Cloud,Cloud
GCF_000454045.1,O5Y_RS29915,MTKESETVAPAADRSYILVVLVALIMISAVGVLFGRRKR,39,lpxtg cell wall anchor domain-containing protein, ,Derived by automated computational analysis using gene prediction method: GeneMarkS-2+.,OG0000281,Shell,group_2086,Shell,Shell,Shell
GCF_000454045.1,O5Y_RS26800,MNAPTRYQFLIDGEVSDRVKAAFPELSVASAAGGFTSLYGPVADHTAMRSIMARLDSLGLTVAELRRLPD,70,hypothetical protein, ,Derived by automated computational analysis using gene prediction method: Protein Homology.,OG0000092,Soft core,,,Soft core,Soft core
GCF_000454045.1,O5Y_RS30450,MSVVLISLLVAAGLTVLATSDGAGLDFGSRQLNRQLKTRTHR,42,hypothetical protein, ,Derived by automated computational analysis using gene prediction method: GeneMarkS-2+.,OG0000107,Soft core,group_1760,Soft core,Soft core,Soft core
GCF_000454045.1,O5Y_RS30150,MKIVVLSFLMALTLMTVGIIAARNCSTRPAVTGAVTAASTVLAAAWTLFAVAFVLT,56,hypothetical protein, ,Derived by automated computational analysis using gene prediction method: Protein Homology.,OG0000110,Soft core,group_2239,Soft core,Soft core,Soft core
GCF_000454045.1,O5Y_RS27285,MDRYKITMPDGSSTEEPFDSDKEAIACAVDANRGVSKHLVVEKYTADGRLIPTAQAPAKHKGHHKNRSNS,70,hypothetical protein, ,Derived by automated computational analysis using gene prediction method: Protein Homology.,OG0000113,Soft core,,,Cloud,Cloud
GCF_000454045.1,O5Y_RS27385,MTETAALTSFVAIPRTEEHDGCENECFTHYVQDNGGRYCLRGPMVQSDAEWLANKMNTQLD,61,hypothetical protein, ,Derived by automated computational analysis using gene prediction method: GeneMarkS-2+.,OG0000189,Shell,group_599,Cloud,Cloud,Cloud
GCF_000454045.1,O5Y_RS30160,MHPKRSNGDDKPRGDREELTVTARRIEDEVSAACGSTSATAGVMREGLADCSAQRVRT,58,hypothetical protein, ,Derived by automated computational analysis using gene prediction method: GeneMarkS-2+.,OG0000282,Shell,group_815,Shell,Shell,Shell
GCF_000454045.1,O5Y_RS27755,MMDARQLFALGALGTGMLSLALQLTPLCLGTEDAEQYVFVRAANATAVLTLALLSAAFVFWPPAG,65,hypothetical protein, ,Derived by automated computational analysis using gene prediction method: GeneMarkS-2+.,OG0000140,Shell,group_2266,Shell,Shell,Shell
GCF_000454045.1,O5Y_RS28250,MRRASRAQRMELIAGFISVFALMALIGAVVAIVKGDPGVMPSLVLLGCVVALGLAFRGYRNAVRAERRE,69,hypothetical protein, ,Derived by automated computational analysis using gene prediction method: Protein Homology.,OG0000051,Conserved,group_2375,Soft core,Shell,Shell
GCF_000454045.1,O5Y_RS28600,MTSAHKVTTRTASHSVEESVQFATAGVRLAGGTVTEADKAATRRVLTGVSTPEQELAAFRQELEL,65,hypothetical protein, ,Derived by automated computational analysis using gene prediction method: GeneMarkS-2+.,OG0000211,Shell,group_287,Cloud,Cloud,Cloud
GCF_000454045.1,O5Y_RS29785,MAKGKRTFQPNNRRRARVHGFRLRMRTRAGRAIVSARRRKGRDSLTA,47,50s ribosomal protein l34, ,Derived by automated computational analysis using gene prediction method: Protein Homology.,OG0000052,Conserved,rpmH,Conserved,Cloud,Cloud
GCF_000454045.1,O5Y_RS30165,MSLFTNTHLHPYCARTAVAAPCGVGTAQLVRLALYLAMCTGTNAIP,46,hypothetical protein, ,Derived by automated computational analysis using gene prediction method: GeneMarkS-2+.,OG0000259,Shell,group_2153,Shell,Cloud,Shell
GCF_000454045.1,O5Y_RS28855,MPTPSKGDRTRVVSRVPDPVYAELEKRRKAAGVSSVSQYVADLLAATTGHKNLVVELDQEVLQLTA,66,hypothetical protein, ,Derived by automated computational analysis using gene prediction method: Protein Homology.,OG0000139,Shell,group_216,Shell,Cloud,Shell
GCF_000454045.1,O5Y_RS30175,MTTTSNPSPEMQQILERAFADAVRERDNPDVEKVERDRARLHRWVKRVSNTPSTAAS,57,hypothetical protein, ,Derived by automated computational analysis using gene prediction method: GeneMarkS-2+.,OG0001121,,group_2539,Cloud,,Probably not conserved
GCF_000454045.1,O5Y_RS29015,MNDKNLPVERSAVEAAMYQSTKHLKVITDADLAAVVEGLTGEPVARAQIDFAFPAPGTTDHLFD,64,hypothetical protein, ,Derived by automated computational analysis using gene prediction method: Protein Homology.,OG0000121,Shell,group_2475,Shell,Shell,Shell
GCF_000454045.1,O5Y_RS30180,MTGMKKLVYPLGAVLILLVLAVAGVISWGTFVWPAAILVVMAVVLGAAEASKSRRAHT,58,hypothetical protein, ,Derived by automated computational analysis using gene prediction method: GeneMarkS-2+.,OG0000744,Cloud,group_816,Cloud,Cloud,Cloud
GCF_000454045.1,O5Y_RS29095,MSTETDTLAPALVAVVEATATLDAAMFDRSREGFIDVTALVDAFAAARAAARDAGHAEEDIDAAATPTN,69,hypothetical protein, ,Derived by automated computational analysis using gene prediction method: Protein Homology.,OG0000226,Shell,group_2451,Shell,Shell,Shell
GCF_000454045.1,O5Y_RS30185,MSNETNCDCGQTSCPAMTDDTQMCIYPDPGDYACTAQRSGDEDCICG,47,hypothetical protein, ,Derived by automated computational analysis using gene prediction method: GeneMarkS-2+.,OG0000745,Cloud,group_1486,Cloud,Cloud,Cloud
GCF_000454045.1,O5Y_RS30190,MSDDYDYTEGDDYSAATIHYAGLSCGCGDYSCPRMHDDAAQCVNAE,46,hypothetical protein, ,Derived by automated computational analysis using gene prediction method: Protein Homology.,OG0000216,Shell,group_2501,Shell,Cloud,Shell
GCF_000454045.1,O5Y_RS30465,MRVKTSALYMSGYLDGILKFWARMHDGQWLAGVTVRVTDAGGTNLVEIDMLVTADAIAEVPATT,64,hypothetical protein, ,Derived by automated computational analysis using gene prediction method: Protein Homology.,OG0000316,Cloud,group_2421,Cloud,Cloud,Cloud
GCF_000454045.1,O5Y_RS30200,MSEIEEPDAIQGWSPAPDEGQPGTVLTKDGQWAYRYKDGADLILMKMPERPAPA,54,hypothetical protein, ,Derived by automated computational analysis using gene prediction method: Protein Homology.,OG0000119,Shell,group_2472,Shell,Cloud,Shell
GCF_000454045.1,O5Y_RS29795,MTETATPTRFVVIPRTEEHGGYENECFTHYVQDGRGRYCLRGPMVQSDAEWLANKMNTQLG,61,hypothetical protein, ,Derived by automated computational analysis using gene prediction method: GeneMarkS-2+.,OG0000189,Shell,group_2471,Shell,Cloud,Shell
GCF_000696675.2,H351_RS32445,MDRDQAYVDHRVSGGQARRPGLDDAINAARAGDVLCVTMPH,41,recombinase family protein, ,Derived by automated computational analysis using gene prediction method: Protein Homology.,OG0000554,Cloud,,,,Probably not conserved
GCF_000696675.2,H351_RS32215,MGSADVMAWLAEGYLAGDPIRYPLYVGSMFLAMPFQLIGVILGHPF,46,hypothetical protein, ,Derived by automated computational analysis using gene prediction method: Protein Homology.,OG0000061,Soft core,group_1542,Soft core,Soft core,Soft core
GCF_000696675.2,H351_RS00470,MADSLKARVKEKLLRQLAEDGRHPIQEAEGDDPRLVSINDDLEALEQAEEGDPIVEELAERYWVP,65,hypothetical protein, ,Derived by automated computational analysis using gene prediction method: Protein Homology.,OG0000014,Conserved,group_2342,Conserved,Soft core,Soft core
GCF_000696675.2,H351_RS00505,MAQGTVKWFNAEKGFGFIAPEDGSADVFVHYSEIQGNGFRTLEENQRVEFEVGQGTKGPQATGVRAV,67,cold-shock protein, ,Derived by automated computational analysis using gene prediction method: Protein Homology.,OG0000013,Conserved,group_128,Conserved,Soft core,Soft core
GCF_000696675.2,H351_RS00525,MISKTLRTVSARFALLVTKDDGMSTAEYAIGTIAAAAFGAVLYTVVTGDSIVSALTGIIDKALKTAV,67,duf4244 domain-containing protein, ,Derived by automated computational analysis using gene prediction method: Protein Homology.,OG0000094,Soft core,group_2136,Soft core,Soft core,Soft core
GCF_000696675.2,H351_RS32220,MSEITSWEYTVTPLLVHNPKAILDNWGVDGWELVAVLPSASGEQHVAYMKRPKG,54,hypothetical protein, ,Derived by automated computational analysis using gene prediction method: Protein Homology.,OG0000012,Conserved,group_2273,Conserved,Soft core,Soft core
GCF_000696675.2,H351_RS32225,MADLTLLTDDELRERRIALSRSLTTAADLIPTPPPSFFEKLKQDIDAAAAEWIARRS,57,hypothetical protein, ,Derived by automated computational analysis using gene prediction method: Protein Homology.,OG0000076,Soft core,group_2322,Soft core,Soft core,Soft core
GCF_000696675.2,H351_RS01410,MGIADKAQNKAEDLGGKAKEAAGSATGDRDLENEGKGDQVKSAVKDAGEKVKDAASSIKDKLT,63,csbd family protein, ,Derived by automated computational analysis using gene prediction method: Protein Homology.,OG0000011,Conserved,group_2411,Conserved,Soft core,Soft core
GCF_000696675.2,H351_RS32060,MHRTLLLDAAVQVVGFTWNHQDVVVFLWDAVGEVVVIGDQGKWMATLEGEDV,52,hypothetical protein, ,Derived by automated computational analysis using gene prediction method: GeneMarkS-2+.,OG0000309,Cloud,group_1174,Cloud,Cloud,Cloud
GCF_000696675.2,H351_RS32230,MFNDVFNNVIHPMVTNFQQLGPQQFIPQQFIPQGLFQQAPQAAEQAVTIFGS,52,hypothetical protein, ,Derived by automated computational analysis using gene prediction method: Protein Homology.,OG0000075,Soft core,group_2178,Soft core,Soft core,Soft core
GCF_000696675.2,H351_RS02485,MSNISFDSVSNSAPANALQGVGTNALVDNPFTFEPVAEATSAHALQGVGTNALVDNPFSFQS,62,streptamidine-related ripp repeat protein, ,Derived by automated computational analysis using gene prediction method: Protein Homology.,OG0000093,Soft core,group_2291,Soft core,Soft core,Soft core
GCF_000696675.2,H351_RS02555,MGLLRGAAVAVAAGGTAEQVAKAEAILAEARRALFEMLAEKPADVQQAHAESTDTLPVE,59,hypothetical protein, ,Derived by automated computational analysis using gene prediction method: Protein Homology.,OG0000228,Shell,group_2177,Shell,Shell,Shell
GCF_000696675.2,H351_RS02560,MAAEARIADTVSVEDSMESAPRVASKTEQKDAPKADAVGPTSADLVDPTSADTAALT,57,hypothetical protein, ,Derived by automated computational analysis using gene prediction method: GeneMarkS-2+.,OG0000283,Shell,group_872,Cloud,Cloud,Cloud
GCF_000696675.2,H351_RS02805,MTAARKTTSRDIEESVKFAAAGICLAGGTFTPADEAAARGVASGTRTPEEEVAAFRRELGY,61,hypothetical protein, ,Derived by automated computational analysis using gene prediction method: GeneMarkS-2+.,OG0000211,Shell,group_600,Cloud,Cloud,Cloud
GCF_000696675.2,H351_RS32750,MSIASNAKSPMTEAQIDRAIAAATAGHRMAGMEPSAADIAIGRR,44,hypothetical protein, ,Derived by automated computational analysis using gene prediction method: GeneMarkS-2+.,OG0000325,Cloud,group_2062,Cloud,Cloud,Cloud
GCF_000696675.2,H351_RS31330,MAKGKRTFQPNNRRRARVHGFRLRMRTRAGRAIVSARRRKGRDSLTA,47,50s ribosomal protein l34, ,Derived by automated computational analysis using gene prediction method: Protein Homology.,OG0000052,Conserved,rpmH,Conserved,Cloud,Cloud
GCF_000696675.2,H351_RS03565,MRRASRAQRMELIAGFISVFALMALIGAVVAIVKGDPGVMPSLVLLGCVVALGLAFRGYRNAVRAERRE,69,hypothetical protein, ,Derived by automated computational analysis using gene prediction method: Protein Homology.,OG0000051,Conserved,group_2375,Soft core,Cloud,Cloud
GCF_000696675.2,H351_RS32065,MKLLAILPSEAMTGIFDFALAGEQIAASRLSRFAGNAHCTLDGGTRPS,48,hypothetical protein, ,Derived by automated computational analysis using gene prediction method: GeneMarkS-2+.,OG0001122,,group_1426,Cloud,,Probably not conserved
GCF_000696675.2,H351_RS31860,MVDVVVWTESEERERWWREMVGIAPSGDRCVARDVGEQPRAKISTASARRESTPTALRGVTAA,63,hypothetical protein, ,Derived by automated computational analysis using gene prediction method: GeneMarkS-2+.,OG0000129,Shell,group_2456,Cloud,,Cloud
GCF_000696675.2,H351_RS04000,MATYRVINPAGDVTATRDIESADDAHAWFVDARADNSELGWRMEVRHDGEWSFFDDTEGASS,62,hypothetical protein, ,Derived by automated computational analysis using gene prediction method: Protein Homology.,OG0000066,Soft core,group_2490,Shell,,Shell
GCF_000696675.2,H351_RS32195,MIILGIVLLIVGFLTGISILWTIGIILVVVGVILFALGAAGHAVGGRRHYY,51,duf6131 family protein, ,Derived by automated computational analysis using gene prediction method: Protein Homology.,OG0000000,Conserved,group_2445,Cloud,,Cloud
GCF_000696675.2,H351_RS32070,MTTAMATARDGDGITCPALGPLSGPVVARAAAMVFWSVLPINTRK,45,hypothetical protein, ,Derived by automated computational analysis using gene prediction method: GeneMarkS-2+.,OG0000555,Cloud,group_2106,Cloud,,Cloud
GCF_000696675.2,H351_RS04105,MDARQLFALGALGTGMLSLALQLTALCLGAEDAERYVFVRAANATAVLSLALLSAAFVF,59,hypothetical protein, ,Derived by automated computational analysis using gene prediction method: GeneMarkS-2+.,OG0000140,Shell,group_2266,Shell,Shell,Shell
GCF_000696675.2,H351_RS04530,MDRYKITMPDGSSTEEPFDSDKEAIACAVDANRGVSKHLVVEKYAADGRLIPTAQAPAKHKGHHKNRSNS,70,hypothetical protein, ,Derived by automated computational analysis using gene prediction method: Protein Homology.,OG0000113,Soft core,,,Cloud,Cloud
GCF_000696675.2,H351_RS32240,MKIVVLSFLMALTLMTVGIIAARNCSTRPAVTGAVTAASTVLAAAWTLFAVAFVLT,56,hypothetical protein, ,Derived by automated computational analysis using gene prediction method: Protein Homology.,OG0000110,Soft core,group_2239,Soft core,Shell,Soft core
GCF_000696675.2,H351_RS32755,MSVVLISLLVAAGLTVLATSDGAGLDFGSRQLNRQLKTRTHR,42,hypothetical protein, ,Derived by automated computational analysis using gene prediction method: GeneMarkS-2+.,OG0000107,Soft core,group_1760,Soft core,Shell,Soft core
GCF_000696675.2,H351_RS05020,MNAPTRYQFLIDGEVSDRVKAAFPELSVASAAGGFTSLYGPVADHTAMRSIMARLDSLGLTVAELRRLPD,70,hypothetical protein, ,Derived by automated computational analysis using gene prediction method: Protein Homology.,OG0000092,Soft core,,,Soft core,Soft core
GCF_000696675.2,H351_RS32465,MTVSEGDTLFNLAVAKGIRWQNVWIMNAWIADPDQIRVGDVIRF,44,lysm domain-containing protein, ,Derived by automated computational analysis using gene prediction method: Protein Homology.,OG0001123,,group_1659,Cloud,,Probably not conserved
GCF_000696675.2,H351_RS05725,MTEPDPGTVETDFPKTGAPAQRALIGAGYTHLAQLTSVSEKELGALHGMGPKALRILREALAERGLSFAD,70,hypothetical protein, ,Derived by automated computational analysis using gene prediction method: Protein Homology.,OG0000050,Conserved,,,Soft core,Soft core
GCF_000696675.2,H351_RS06365,MVGTPVIVTIVSVCVGFVIFMLAASGARGKWDRRLVIALFVGAVVCLTVVPVSVALSAGV,60,hypothetical protein, ,Derived by automated computational analysis using gene prediction method: Protein Homology.,OG0000091,Soft core,group_2382,Soft core,Soft core,Soft core
GCF_000696675.2,H351_RS32075,MPTVIRTVHDLVRHARGPTHHHHHQSVHEARRMRAHHILVTHSLA,45,hypothetical protein, ,Derived by automated computational analysis using gene prediction method: GeneMarkS-2+.,OG0000112,Soft core,group_2176,Soft core,Soft core,Soft core
GCF_000696675.2,H351_RS31875,MKKTEITPIGCIHRWEVESRHRTSEGTVTYLRCHCGSWQTLLAEWMSGGAASAVAAPIKVRSR,63,hypothetical protein, ,Derived by automated computational analysis using gene prediction method: Protein Homology.,OG0000116,Soft core,group_2290,Soft core,Soft core,Soft core
GCF_000696675.2,H351_RS06755,MAQGIVKWFNGEKGFGFIAPDDGTPDVFVHYSEISGNGYKSLDENQRVEFEVGQGQKGPQATNVRAV,67,cold-shock protein, ,Derived by automated computational analysis using gene prediction method: Protein Homology.,OG0000003,Conserved,group_1991,Soft core,Soft core,Soft core
GCF_000696675.2,H351_RS32250,MSDWEKKFEAEAKGLLAEVEEELTVLEGVDTIDPFGEDDPPAGDDDTKPASD,52,hypothetical protein, ,Derived by automated computational analysis using gene prediction method: Protein Homology.,OG0000090,Soft core,group_2192,Soft core,Soft core,Soft core
GCF_000696675.2,H351_RS32485,MSAPVAIVTGAAAGLGAAIAERLAEDFGTLLLLDIEEAALADTAARLESLGVDRCPLGR,59,sdr family nad(p)-dependent oxidoreductase, ,Derived by automated computational analysis using gene prediction method: Protein Homology.,OG0000356,Cloud,group_733,Cloud,Cloud,Cloud
GCF_000696675.2,H351_RS32080,MSQSRCLTVEAATSGSHRTGPVSESRIQYFGAEISSPSFCFALRSLRGAVVALA,54,hypothetical protein, ,Derived by automated computational analysis using gene prediction method: GeneMarkS-2+.,OG0001124,,group_1069,Cloud,,Probably not conserved
GCF_000696675.2,H351_RS08665,MTSPMKTRKLTRARSGAMFGGVCAGIARYFGWKSSTVRLLFVLSCLLPGPQFLIYIVMWIFIPREQI,67,pspc domain-containing protein, ,Derived by automated computational analysis using gene prediction method: Protein Homology.,OG0000106,Soft core,group_134,Soft core,Soft core,Soft core
GCF_000696675.2,H351_RS08800,MRNNLQELRTAAGLSQQACADALGITRQTVISIEKGHFDPRLSLAFRIAEYFDKRVDDVFSS,62,helix-turn-helix transcriptional regulator, ,Derived by automated computational analysis using gene prediction method: Protein Homology.,OG0000105,Soft core,group_502,Soft core,Soft core,Soft core
GCF_000696675.2,H351_RS32085,MRLTTLRNRVAEPLFAVIHFDLEPNLITFTATGLAVGLLAAALLYVRNYSLTRTN,55,hypothetical protein, ,Derived by automated computational analysis using gene prediction method: GeneMarkS-2+.,OG0000326,Cloud,group_2141,Cloud,Cloud,Cloud
GCF_000696675.2,H351_RS31365,MGRGRAKAKQTKVARELKYSVPTTDFDSLQRELAGGSTNSHRSSVRSDQTSDREGHAREDDYDDWRR,67,duf3073 domain-containing protein, ,Derived by automated computational analysis using gene prediction method: Protein Homology.,OG0000049,Conserved,group_133,Soft core,Soft core,Soft core
GCF_000696675.2,H351_RS32765,MADKAPGKNMKKPAQSIKERRAEKRAKTTESSEFIRKRKRS,41,hypothetical protein, ,Derived by automated computational analysis using gene prediction method: Protein Homology.,OG0000004,Core,group_2142,Soft core,Soft core,Soft core
GCF_000696675.2,H351_RS32505,MANNSKQHYVDPGWPETADGDHAVTELSSTRAGGLSPFGEDTTFPVPVESLPYVHPHTVINR,62,hypothetical protein, ,Derived by automated computational analysis using gene prediction method: Protein Homology.,OG0000048,Conserved,group_501,Soft core,Soft core,Soft core
GCF_000696675.2,H351_RS10425,MGFLDNVKGLVEKGQELAAENSDKVHDAIDKVADIADDKTGNKYGDQIDKAAEAAKKAVPEKQ,63,antitoxin, ,Derived by automated computational analysis using gene prediction method: Protein Homology.,OG0000010,Conserved,group_425,Soft core,Soft core,Soft core
GCF_000696675.2,H351_RS11060,MARNEIRPIVKLKSTAGTGYTYVTRKNRRNDPDRLVLKKYDPVVRKHVDFREEK,54,50s ribosomal protein l33, ,Derived by automated computational analysis using gene prediction method: Protein Homology.,OG0000047,Conserved,group_2199,Soft core,Soft core,Soft core
GCF_000696675.2,H351_RS11080,MAVPKRKMSRSNTRSRRAQWKATAPDLVEVTAFGQTHRVPRRLVKAVRLGVIDPSRI,57,50s ribosomal protein l32, ,Derived by automated computational analysis using gene prediction method: Protein Homology.,OG0000060,Soft core,group_2302,Soft core,Soft core,Soft core
GCF_000696675.2,H351_RS32260,MSEQPDTPKKPPVDKKRLAHIFGDVFPETTSDERGPEGSSRSSDDDWLRSQRPPHHGG,58,hypothetical protein, ,Derived by automated computational analysis using gene prediction method: Protein Homology.,OG0000089,Soft core,group_2328,Soft core,Soft core,Soft core
GCF_000696675.2,H351_RS32200,MSDDELRRAIREIQDRAHDARKRGDDVAAEELDRTVRGYQELMAQRL,47,hypothetical protein, ,Derived by automated computational analysis using gene prediction method: Protein Homology.,OG0000059,Core,group_2336,Soft core,Soft core,Soft core
GCF_000696675.2,H351_RS11295,MTTAEYTVSGMTCGHCVGSVKEEIGNIAGVTAVDVELASGRVVVTSDAPVSAADVVAAVDEAGYAVVPS,69,heavy-metal-associated domain-containing protein, ,Derived by automated computational analysis using gene prediction method: Protein Homology.,OG0000006,Conserved,group_2139,Soft core,Soft core,Soft core
GCF_000696675.2,H351_RS11300,MAEGIVKWFNSEKGFGFIAPEDGSADVFVHYSEIQSGGFRTLEENQRVAFEIGQGNKGPQATGVTIV,67,cold-shock protein, ,Derived by automated computational analysis using gene prediction method: Protein Homology.,OG0000046,Conserved,group_132,Soft core,Soft core,Soft core
GCF_000696675.2,H351_RS32860,MNASDCLGAVDRKSAVAVALLEPLLVERLLAEPLPVGRLLAEPLLAELLALDPLPEPLGPVIP,63,hypothetical protein, ,Derived by automated computational analysis using gene prediction method: GeneMarkS-2+.,OG0000327,Cloud,group_2140,Cloud,Cloud,Cloud
GCF_000696675.2,H351_RS11720,MSTNSDRRPRLPVRIAYLTAGVLFVAAMLLLASVVNPDRDRDFSMNHVPAGTSVTSVVATTDLG,64,hypothetical protein, ,Derived by automated computational analysis using gene prediction method: Protein Homology.,OG0000104,Soft core,group_2149,Soft core,Soft core,Soft core
GCF_000696675.2,H351_RS11970,MTMTAKLTTAFRGTLWWVRSVMGDLDYQRYVEHTRRHHADSPVISEREFWRRRHAAADANPGARCC,66,ybdd/yjix family protein, ,Derived by automated computational analysis using gene prediction method: Protein Homology.,OG0000045,Conserved,group_2343,Soft core,Conserved,Soft core
GCF_000696675.2,H351_RS32775,MGSMEGILGAVVQGLGSLFSADGLLKTFMGSVETISKDPTP,41,hypothetical protein, ,Derived by automated computational analysis using gene prediction method: GeneMarkS-2+.,OG0000103,Soft core,group_2051,Soft core,Soft core,Soft core
GCF_000696675.2,H351_RS32265,MGKIKASKVSKLKPKKKCCRKKTRCIKCPVVIMRMKKLENEGASKKELKAGLKKARAA,58,hypothetical protein, ,Derived by automated computational analysis using gene prediction method: Protein Homology.,OG0000044,Conserved,group_2365,Soft core,Soft core,Soft core
GCF_000696675.2,H351_RS32270,MYNWDLQNQIVAFVDSLRPMAGYYHDMYYGSLYAFADQQSHLLTLLGFPPVP,52,hypothetical protein, ,Derived by automated computational analysis using gene prediction method: Protein Homology.,OG0000058,Core,group_1175,Soft core,Soft core,Soft core
GCF_000696675.2,H351_RS12175,MTEQDATFDPEAPESDALEQSTPVDPNAPEEPDLTDIPLDAPVADVVDQRVEVAVDDDYRPS,62,hypothetical protein, ,Derived by automated computational analysis using gene prediction method: Protein Homology.,OG0000057,Core,group_2211,Soft core,Soft core,Soft core
GCF_000696675.2,H351_RS31385,MAAMKPRTGDGPLEATKEGRGIVMRVPLEGGGRLVVELTPDEAAALGVELTNVTS,55,duf3117 domain-containing protein, ,Derived by automated computational analysis using gene prediction method: Protein Homology.,OG0000043,Conserved,group_1003,Soft core,Soft core,Soft core
GCF_000696675.2,H351_RS32435,MSTALLTIYVLIWPALVLVVLGVISKGFFKDWATARRNGEDLV,43,putative transporter small subunit, ,Derived by automated computational analysis using gene prediction method: Protein Homology.,OG0000088,Soft core,group_2364,Soft core,Soft core,Soft core
GCF_000696675.2,H351_RS31390,MTRRIITVERVYEPASECNAVRLLVDRLWPRGVKRENLQYASHRHRILDPLFY,53,duf488 family protein, ,Derived by automated computational analysis using gene prediction method: Protein Homology.,OG0000312,Cloud,group_2363,Cloud,Cloud,Cloud
GCF_000696675.2,H351_RS32780,MYIQTCTYDTEDRNMGSINTLSAVIDIIKVVQPLIAKLNLS,41,hypothetical protein, ,Derived by automated computational analysis using gene prediction method: GeneMarkS-2+.,OG0000109,Soft core,group_2041,Soft core,Soft core,Soft core
GCF_000696675.2,H351_RS32275,MPTIPLTGDPIVINIIVQLLSAGSSNALALGGVGSSGLGSTGLGSFDSASLGSAA,55,hypothetical protein, ,Derived by automated computational analysis using gene prediction method: Protein Homology.,OG0000087,Soft core,group_1002,Soft core,Soft core,Soft core
GCF_000696675.2,H351_RS32280,MIAAPTTGALAVVMNTVLQMFNAGSSFLYTNNSPIGGGGGETPTTPAP,48,hypothetical protein, ,Derived by automated computational analysis using gene prediction method: Protein Homology.,OG0000086,Soft core,group_2210,Soft core,Soft core,Soft core
GCF_000696675.2,H351_RS32285,MKKALPKTLKSLARTVGILALAIVVVSVVERFTGAHQPTTGPASLTGPDQSL,52,hypothetical protein, ,Derived by automated computational analysis using gene prediction method: Protein Homology.,OG0000111,Soft core,group_2264,Soft core,Soft core,Soft core
GCF_000696675.2,H351_RS14245,MDRIADWWDSFELWMAGLPFIPQVALVLIVVVPLCRLVAVGLDRALAAVLALPLFGWLRRNSREVEES,68,hypothetical protein, ,Derived by automated computational analysis using gene prediction method: Protein Homology.,OG0000056,Core,group_2078,Soft core,Soft core,Soft core
GCF_000696675.2,H351_RS32865,MSEATAPVIRHQLALIAVGMLDVADVACC,29,ms4533a family cys-rich leader peptide, ,Derived by automated computational analysis using gene prediction method: Protein Homology.,OG0000133,Shell,group_1948,Soft core,Shell,Shell
GCF_000696675.2,H351_RS14305,MNSWIWAVDRHAARTIDELWRCLIGTHRSVSEIEGAVLGLGKLAAGWCAHENEQLEKLYL,60,hypothetical protein, ,Derived by automated computational analysis using gene prediction method: Protein Homology.,OG0001125,,group_673,Cloud,,Probably not conserved
GCF_000696675.2,H351_RS14390,MTVAGVVSVVLIAVAAALVIYLLVALVDPERF,32,k(+)-transporting atpase subunit f, ,Derived by automated computational analysis using gene prediction method: Protein Homology.,OG0000055,Core,kdpF,Soft core,Soft core,Soft core
GCF_000696675.2,H351_RS32530,MKLALTEFKNSKATIRIIMSDGAKLNGTVTDFTEDTLVLNSPNGVYYINPSHIIRLFEPSDRAAK,65,hypothetical protein, ,Derived by automated computational analysis using gene prediction method: GeneMarkS-2+.,OG0000085,Soft core,group_2248,Soft core,Soft core,Soft core
GCF_000696675.2,H351_RS14775,MTDEDRLWYFDVSDGSVTQGKGASSLTRMGPYPDRDSAEHALKIAAERNKAADRADEDWNN,61,hypothetical protein, ,Derived by automated computational analysis using gene prediction method: Protein Homology.,OG0000042,Conserved,group_592,Soft core,Soft core,Soft core
GCF_000696675.2,H351_RS14935,MRTPHLPKKAPWRQEDEDHLQKVLATFPPWNSEQIAVARRCFGAAQARIEAREEAERQQNGNA,63,hypothetical protein, ,Derived by automated computational analysis using gene prediction method: GeneMarkS-2+.,OG0000477,Cloud,group_2350,Cloud,Cloud,Cloud
GCF_000696675.2,H351_RS14940,MTENIETPWMDVNEAAAYMRRHPVTVRKDLESERLLGYQRKAPNGHWRIHRDDCDRFLRGETS,63,helix-turn-helix domain-containing protein, ,Derived by automated computational analysis using gene prediction method: Protein Homology.,OG0000207,Shell,group_2351,Cloud,Cloud,Cloud
GCF_000696675.2,H351_RS32110,MTCPVNPHTNDIYSMNLYYENAKVDGRKVDVYMCSECGSLADEDGNYVEAGSVK,54,hypothetical protein, ,Derived by automated computational analysis using gene prediction method: GeneMarkS-2+.,OG0001126,,group_1070,Cloud,,Probably not conserved
GCF_000696675.2,H351_RS32115,MSADFDLALEEYLYTLTDEEFEALVARTRVTPQQAKRKAGSSGAAEAERRFGKGTK,56,hypothetical protein, ,Derived by automated computational analysis using gene prediction method: GeneMarkS-2+.,OG0000328,Cloud,group_928,Cloud,Cloud,Cloud
GCF_000696675.2,H351_RS32785,MTTYRYLDADRNLLEEKDFETEQDAQEYRLSVLGAEHIEPAGE,43,hypothetical protein, ,Derived by automated computational analysis using gene prediction method: Protein Homology.,OG0000054,Core,group_2400,Soft core,Core,Core
GCF_000696675.2,H351_RS31435,MHAEVGDRLHVQGRVVGQAEVTAEVLEVHGEDGGPPYLVRYDNGHEALVFPGSDGWIDHPGKGS,64,duf1918 domain-containing protein, ,Derived by automated computational analysis using gene prediction method: Protein Homology.,OG0000041,Conserved,group_2499,Soft core,Conserved,Soft core
GCF_000696675.2,H351_RS32790,MLGIALGLGSAAVGIGLGLLGAGAGILLSDKTVKTARRDLTA,42,hypothetical protein, ,Derived by automated computational analysis using gene prediction method: GeneMarkS-2+.,OG0000102,Soft core,group_2160,Soft core,Soft core,Soft core
GCF_000696675.2,H351_RS32290,MNESSNGLFSDLSASEPVVDAKSAEQLAAERETAAAERSNTDTAEQRQSQLFSG,54,hypothetical protein, ,Derived by automated computational analysis using gene prediction method: Protein Homology.,OG0000084,Soft core,group_2262,Soft core,Soft core,Soft core
GCF_000696675.2,H351_RS32295,MSVLFTYLLFIGAGIAVGGAYSMFKVNKLASGILLALAVLAAVAGALRL,49,hypothetical protein, ,Derived by automated computational analysis using gene prediction method: Protein Homology.,OG0000040,Conserved,group_2410,Soft core,Core,Soft core
GCF_000696675.2,H351_RS16050,MHVEVDLDLCQGHAACELEAPEIFVVPKRGKVSLLDSDPPESLRGEAELAVRYCPTGALRIVD,63,ferredoxin, ,Derived by automated computational analysis using gene prediction method: Protein Homology.,OG0000001,Conserved,group_2270,Soft core,Soft core,Soft core
GCF_000696675.2,H351_RS16400,MPKMKSHSGASKRFKVSGSGKLMRQKAGRRHLLEHKSSRVTRRLDGVAVVSPDDAPRIKRMLGI,64,50s ribosomal protein l35, ,Derived by automated computational analysis using gene prediction method: Protein Homology.,OG0000039,Conserved,group_2130,Soft core,Core,Soft core
GCF_000696675.2,H351_RS16495,MAIDSTLLSILACPQDKGPLLLVGDELLYNPRLRRAYPIENGIPVLLIDEARDVADDEHEKLLARAEG,68,trm112 family protein, ,Derived by automated computational analysis using gene prediction method: Protein Homology.,OG0000038,Conserved,group_54,Soft core,Core,Soft core
GCF_000696675.2,H351_RS32300,MTVLSPVDTASTPHFTAAGITYEIDEEYVAVVNAADAELTSPQDFPRDPLPNL,53,hypothetical protein, ,Derived by automated computational analysis using gene prediction method: Protein Homology.,OG0000298,Cloud,group_2131,Cloud,Cloud,Cloud
GCF_000696675.2,H351_RS17080,MAQEQTQRAGGGEDDETTGGDGSAGQERREKLAAETDDLLDEIDDVLEENAEDFVRAYVQKGGQ,64,ubiquitin-like protein pup, ,Derived by automated computational analysis using gene prediction method: Protein Homology.,OG0000037,Conserved,group_340,Soft core,Soft core,Soft core
GCF_000696675.2,H351_RS17875,MAGIDSKFDKAYAGKSVEELADAPVAALNGVSDSDAEHLKAAFNIKTVRDLGTNKFFLWAQATAKLAE,68,hypothetical protein, ,Derived by automated computational analysis using gene prediction method: Protein Homology.,OG0000070,Soft core,group_2484,Soft core,Soft core,Soft core
GCF_000696675.2,H351_RS32555,MLPDPKFPHGPNWGWASRQFVSGSERFYELARAPRALRSYQLTDREYGPLREDFLLVDLETAA,63,hypothetical protein, ,Derived by automated computational analysis using gene prediction method: GeneMarkS-2+.,OG0001127,,group_435,Cloud,,Probably not conserved
GCF_000696675.2,H351_RS32560,MITPVVVDALRLRWFVPLELLVTTQMPVRRGPISTRMPQLPEWFAVYG,48,hypothetical protein, ,Derived by automated computational analysis using gene prediction method: GeneMarkS-2+.,OG0001128,,group_1427,Cloud,,Probably not conserved
GCF_000696675.2,H351_RS18360,MKIRFELMIGILLVVGGGCLWLFARDAEFFWFRGGPLGVILAIIGAFDIVNAVRTRETAIPERRND,66,hypothetical protein, ,Derived by automated computational analysis using gene prediction method: Protein Homology.,OG0000101,Soft core,group_2126,Soft core,Soft core,Soft core
GCF_000696675.2,H351_RS18730,MPGTLTSPQLTAADRCDRCGAGARVRAVLPTGGELLFCGHHATEHADRLREMNAVVSESEPAI,63,hypothetical protein, ,Derived by automated computational analysis using gene prediction method: Protein Homology.,OG0000036,Conserved,group_2483,Conserved,Soft core,Soft core
GCF_000696675.2,H351_RS19025,MRLTEFHEMVREEFGQVRGDSMLIDHVLQSLDGMTAAEAVEAGWEPREVWRALCVEFDVPPARR,64,duf3046 domain-containing protein, ,Derived by automated computational analysis using gene prediction method: Protein Homology.,OG0000035,Conserved,group_2481,Conserved,Soft core,Soft core
GCF_000696675.2,H351_RS32305,MFWKIVLAVVLVWVALAVVGALIKGLFWVLVVGAVGFGIYFLVKAMSGSDDNSPASRF,58,hypothetical protein, ,Derived by automated computational analysis using gene prediction method: Protein Homology.,OG0000034,Conserved,group_2296,Soft core,Soft core,Soft core
GCF_000696675.2,H351_RS32120,MTTEVDMKVPAFHSTVPSDLDVYHDNESCILAARIAVPHRAPGVDGRPWCTACASLD,57,hypothetical protein, ,Derived by automated computational analysis using gene prediction method: Protein Homology.,OG0000083,Soft core,group_2187,Soft core,Soft core,Soft core
GCF_000696675.2,H351_RS31490,MAVPKRKMSRSNTRSRRSQWKTTVPTLVTCPNRGCGEQTLPHIACPSCGTYKGRQVTAAV,60,50s ribosomal protein l32, ,Derived by automated computational analysis using gene prediction method: Protein Homology.,OG0000033,Conserved,group_2479,Conserved,Soft core,Soft core
GCF_000696675.2,H351_RS31495,MAAVCDVCAKGPGFGKSVSHSHRRTNRRWNPNIQSVRTEVAPGNTRKVNVCTSCLKAGKVARG,63,50s ribosomal protein l28, ,Derived by automated computational analysis using gene prediction method: Protein Homology.,OG0000032,Conserved,rpmB,Conserved,Soft core,Soft core
GCF_000696675.2,H351_RS20375,MSDLDSNTPSEPESQSEETKRKFREALERKNHQNAKSTDHRDGQSKVHNTHGPADHKREFRRKSG,65,duf5302 domain-containing protein, ,Derived by automated computational analysis using gene prediction method: Protein Homology.,OG0000031,Conserved,group_2470,Core,Soft core,Soft core
GCF_000696675.2,H351_RS20650,MATDPAPRSERKKILLRLDPAVHDALARWAADDLRSTNAQIEFLLRRALTEHGRMPKNAGKMHGPGRPPA,70,hypothetical protein, ,Derived by automated computational analysis using gene prediction method: Protein Homology.,OG0000114,Soft core,,,Soft core,Soft core
GCF_000696675.2,H351_RS21310,MNDYKLYQCAQCGFEYDEAVGWPEDGIEPGTRWDDIPEDWSCPDCGAAKSDFFMVEVERR,60,rubredoxin, ,Derived by automated computational analysis using gene prediction method: Protein Homology.,OG0000007,Conserved,group_2155,Soft core,Soft core,Soft core
GCF_000696675.2,H351_RS31515,MSSYRCPVCEYVYDESKGAPREGFPAGTPWDAVPDDWCCPDCGVREKLDFEPMPATAGSES,61,rubredoxin, ,Derived by automated computational analysis using gene prediction method: Protein Homology.,OG0000053,Core,group_2279,Soft core,Soft core,Soft core
GCF_000696675.2,H351_RS32795,MTIFEWILAIPALALAVAFLFSGIIAAGIDFDTEDGVMTH,40,hypothetical protein, ,Derived by automated computational analysis using gene prediction method: GeneMarkS-2+.,OG0000082,Soft core,group_2186,Soft core,Soft core,Soft core
GCF_000696675.2,H351_RS31535,MKVQPSVKKICEKCKVIRRNGRVMVICENLRHKQRQG,37,50s ribosomal protein l36, ,Derived by automated computational analysis using gene prediction method: Protein Homology.,OG0000030,Conserved,rpmJ,Conserved,Soft core,Soft core
GCF_000696675.2,H351_RS22650,MADLKVTQIKSIIGTKQNQKDSLRTLGLKGIRQTVVREDNAQNRGLINVVRHLVTVEEV,59,50s ribosomal protein l30, ,Derived by automated computational analysis using gene prediction method: Protein Homology.,OG0000029,Conserved,rpmD,Conserved,Soft core,Soft core
GCF_000696675.2,H351_RS22680,MAKKALVNKANKKPKFAVRAYTRCQRCGRPHSVFRKFGLCRICVREMAHAGELPGVRKSSW,61,type z 30s ribosomal protein s14, ,Derived by automated computational analysis using gene prediction method: Protein Homology.,OG0000028,Conserved,group_2294,Conserved,Soft core,Soft core
GCF_000696675.2,H351_RS31540,MSDRDNKALENDLVEESLVEEVSIDGMCGVY,31,mycofactocin precursor mfta, ,"Mycofactocin is a small molecule electron carrier derived from the final two amino acids, Val-Tyr, of MftA, the mycofactocin precursor. It plays a role in redox homeostasis and the metabolism of alcohols and aldehydes in Actinobacteria, including Mycobacterium tuberculosis; Derived by automated computational analysis using gene prediction method: Protein Homology.",OG0000009,Conserved,group_2326,Conserved,Soft core,Soft core
GCF_000696675.2,H351_RS23030,MTEPVKGPASYFPSIEKKYGRPIGEWQELIKSSDLTKHMELVNWLKSEHGMGHGHANALVAHTLKEG,67,duf4287 domain-containing protein, ,Derived by automated computational analysis using gene prediction method: Protein Homology.,OG0000027,Conserved,group_2329,Soft core,Soft core,Soft core
GCF_000696675.2,H351_RS23035,MRLSTRNQLTGTITEVNLGTVMATVKVKLDGGNQIVTSSITRDAALDLDLEPGQAATVFVKSTEVTIGVE,70,tobe domain-containing protein, ,Derived by automated computational analysis using gene prediction method: Protein Homology.,OG0000064,Soft core,,,Soft core,Soft core
GCF_000696675.2,H351_RS23165,MNSTTVGLLVGLLLALAGIMGGFSGFVFAVLLGAAGMAIGAHRDGHLDLGAILRSRGRG,59,hypothetical protein, ,Derived by automated computational analysis using gene prediction method: Protein Homology.,OG0000026,Conserved,group_2303,Conserved,Soft core,Soft core
GCF_000696675.2,H351_RS23310,MAGKKLDRTNARTALEVVRESPTIAFITVAPAVVVFGVVWWLFGFWAAILLALVFGVAAVATQKLR,66,hypothetical protein, ,Derived by automated computational analysis using gene prediction method: Protein Homology.,OG0000025,Conserved,group_2209,Conserved,Soft core,Soft core
GCF_000696675.2,H351_RS23445,MASSTDVRPKITLACEVCKHRNYITKKNRRNDPDRLELKKFCPNCGTHQSHRESK,55,50s ribosomal protein l33, ,Derived by automated computational analysis using gene prediction method: Protein Homology.,OG0000024,Conserved,rpmG,Conserved,Soft core,Soft core
GCF_000696675.2,H351_RS23650,MSAPTFNTAADALMTPGQVAALFHVDPKTVTRWAHAGRLGSLRTPGGHRRFRETEVMQLLRSLTTEADNN,70,bldc family transcriptional regulator, ,Derived by automated computational analysis using gene prediction method: Protein Homology.,OG0000068,Soft core,,,Soft core,Soft core
GCF_000696675.2,H351_RS23655,MLYLLALVGLVTLIVLMWKAFGPDPSTRTPVSGVRGPDDDPEFLWNVNQQTRRKRTEGPDVPPTDTST,68,hypothetical protein, ,Derived by automated computational analysis using gene prediction method: Protein Homology.,OG0000023,Conserved,group_2362,Soft core,Conserved,Soft core
GCF_000696675.2,H351_RS32310,MSSQEALRTESTHDAPLRQRGSRTEVILFAILGASVLVTLLVLMIPGIVSG,51,hypothetical protein, ,Derived by automated computational analysis using gene prediction method: Protein Homology.,OG0000100,Soft core,group_1231,Soft core,Soft core,Soft core
GCF_000696675.2,H351_RS31545,MGSVIKKRRKRMSKKKHRKLLRRTRVQRRKLGK,33,aurkaip1/cox24 domain-containing protein, ,Derived by automated computational analysis using gene prediction method: Protein Homology.,OG0000022,Conserved,group_1939,Conserved,Conserved,Conserved
GCF_000696675.2,H351_RS23835,MGSSHDGKPAVAGTQFLTVAEVATLMRVSKMTVYRLVHSGELPAVRVGRSFRVHAKAVHDYLETSYFDAG,70,helix-turn-helix domain-containing protein, ,Derived by automated computational analysis using gene prediction method: Protein Homology.,OG0000071,Soft core,,,Soft core,Soft core
GCF_000696675.2,H351_RS24360,MTFESNTPRPFTRSNDKKMFAGVCGGIADYFGADVNLVRLLAVIAAICTGGTAALVYLAAWMLMPLG,67,pspc domain-containing protein, ,Derived by automated computational analysis using gene prediction method: Protein Homology.,OG0000021,Conserved,group_2380,Conserved,Soft core,Soft core
GCF_000696675.2,H351_RS24375,MDTASLIGALASVDVGSLVDPLFYLVKVVDGIFVSITGSLNMGGALGEAAAGSVQSVLGSVAGL,64,hypothetical protein, ,Derived by automated computational analysis using gene prediction method: GeneMarkS-2+.,OG0000206,Shell,group_358,Shell,Shell,Shell
GCF_000696675.2,H351_RS32130,MGFNMIVMFLQTTAALFTDLLGNVWSGSLMPGIDGVTGSLVSAIDLS,47,hypothetical protein, ,Derived by automated computational analysis using gene prediction method: Protein Homology.,OG0000184,Shell,group_2237,Shell,Shell,Shell
GCF_000696675.2,H351_RS32800,MGSLDTGSLSTESLEDLNLGKISELLKLGITAVSFITALNSLS,43,hypothetical protein, ,Derived by automated computational analysis using gene prediction method: GeneMarkS-2+.,OG0000067,Soft core,group_2503,Soft core,Soft core,Soft core
GCF_000696675.2,H351_RS32595,MQADEALGFTRASGELTLAVNLEPCLMCMGAAITLGVSRVWFAEYATGTGPAGMRDWARSLT,62,hypothetical protein, ,Derived by automated computational analysis using gene prediction method: Protein Homology.,OG0001129,,group_514,Cloud,,Probably not conserved
GCF_000696675.2,H351_RS32600,MFSPRDALSLALDVAREGMELGEMPIGAVVFDDDRVLGRAYTQERALGRR,50,hypothetical protein, ,Derived by automated computational analysis using gene prediction method: GeneMarkS-2+.,OG0001130,,group_1306,Cloud,,Probably not conserved
GCF_000696675.2,H351_RS24830,MFGSLSTLGPLLTALGAFLKSVPTESLSGEGEGSSTGSLSGLSSGSAE,48,hypothetical protein, ,Derived by automated computational analysis using gene prediction method: Protein Homology.,OG0000081,Soft core,group_2510,Soft core,Soft core,Soft core
GCF_000696675.2,H351_RS32805,MGSFEDFSGVVKTFIPVLKDLFTALGGGSLTPGTGSAADK,40,hypothetical protein, ,Derived by automated computational analysis using gene prediction method: GeneMarkS-2+.,OG0000108,Soft core,group_2511,Soft core,Soft core,Soft core
GCF_000696675.2,H351_RS32810,MGSLGNLLKANGMGWGILQLLPLVNMLKTLQGLDTASSNS,40,hypothetical protein, ,Derived by automated computational analysis using gene prediction method: GeneMarkS-2+.,OG0000080,Soft core,group_2512,Soft core,Soft core,Soft core
GCF_000696675.2,H351_RS25155,MSKEVSAGLAVGAMVLVAGLIWTGFPLDAYSVVAVIFAICGGFITWIYLRENVDGVPHTATKEGSR,66,hypothetical protein, ,Derived by automated computational analysis using gene prediction method: Protein Homology.,OG0000144,Shell,group_2282,Shell,Shell,Shell
GCF_000696675.2,H351_RS25530,MSDFIDKAKHRAEDLIGEAKEKIGNATGNDDLAAEGVADQGEAKVKEAGDTVSDKVSDIKDKFTS,65,csbd family protein, ,Derived by automated computational analysis using gene prediction method: Protein Homology.,OG0000074,Soft core,group_2191,Soft core,Soft core,Soft core
GCF_000696675.2,H351_RS25555,MTTSTVGLLAGLLLGVAAAAGGFTGFLIALVLGVIGYLVGGQRDGEFDLGVMLKGRGRG,59,hypothetical protein, ,Derived by automated computational analysis using gene prediction method: Protein Homology.,OG0000099,Soft core,group_732,Soft core,Soft core,Soft core
GCF_000696675.2,H351_RS25560,MGGSADALNRALERVDRDFASPIGVVVRTSLRGTMRQIAKPVRAQYTRVRARFPGAKTYTEI,62,hypothetical protein, ,Derived by automated computational analysis using gene prediction method: GeneMarkS-2+.,OG0000115,Soft core,group_2190,Soft core,Soft core,Soft core
GCF_000696675.2,H351_RS25590,MSERNSTDRTDQTDEPQTTGTDHGPGTGADAAHKDVQTDPSGERTWADEGGASSNGPATDTD,62,pi-type proteinase, ,Derived by automated computational analysis using gene prediction method: Protein Homology.,OG0000020,Core,group_2297,Soft core,Soft core,Soft core
GCF_000696675.2,H351_RS32320,MTTIDIPPTQGESTTGIGITVASATLTTEEVKRRIAMMYGDPVTEEPVALAH,52,hypothetical protein, ,Derived by automated computational analysis using gene prediction method: Protein Homology.,OG0000002,Conserved,group_2274,Soft core,Soft core,Soft core
GCF_000696675.2,H351_RS32820,MSADSRGTSAQTRREYQMFVLQQRLLFGSIVAGTALGVLAINYF,44,hypothetical protein, ,Derived by automated computational analysis using gene prediction method: GeneMarkS-2+.,OG0000122,Soft core,group_2138,Soft core,Soft core,Soft core
GCF_000696675.2,H351_RS25665,MAQGSVKWFNGEKGFGFIEQEGGGPDVFVHYSEIQGSGYKSLDEGQKVEFEIGQGQKGPQAQNVRAI,67,cold-shock protein, ,Derived by automated computational analysis using gene prediction method: Protein Homology.,OG0000069,Soft core,group_130,Soft core,Soft core,Soft core
GCF_000696675.2,H351_RS25710,MGALSPTHWAIVAVVLVVLFGSKKLPDAARGLGRSMRILKTEVGELQSDTDLALEKRD,58,sec-independent protein translocase subunit tata, ,Derived by automated computational analysis using gene prediction method: Protein Homology.,OG0000019,Conserved,tatA,Soft core,Soft core,Soft core
GCF_000696675.2,H351_RS25740,MWWIVGGVLLVWVVCSIPIAILVGRGIARRDRAEFDGRNQQWADEVVRSIEKQSDQDNADRRKPPLIS,68,hypothetical protein, ,Derived by automated computational analysis using gene prediction method: Protein Homology.,OG0000079,Soft core,group_2275,Shell,Shell,Shell
GCF_000696675.2,H351_RS32325,MPAPIMAPAAALAEPVVWNEDPQRQRWWTRILAAGSPENSSNDEFQP,47,hypothetical protein, ,Derived by automated computational analysis using gene prediction method: Protein Homology.,OG0000118,Soft core,group_2222,Soft core,Soft core,Soft core
GCF_000696675.2,H351_RS32620,MNNTGGAVDVWEVDGIDAASLVQSPEGHYYFPGVIAAAELRLAQQDLPPVHLP,53,hypothetical protein, ,Derived by automated computational analysis using gene prediction method: GeneMarkS-2+.,OG0000556,Cloud,group_1121,Cloud,Cloud,Cloud
GCF_000696675.2,H351_RS32330,MIVLGIILALIGFFTGLSILTTVGIILVVVGAVLSILGATGRAVGGRKVWY,51,duf6131 family protein, ,Derived by automated computational analysis using gene prediction method: Protein Homology.,OG0000000,Conserved,group_1230,Soft core,Soft core,Soft core
GCF_000696675.2,H351_RS32335,MTEKDNNDQSPKGGHPGPVDKGGDGGMATREQAPELVEETSEKKSDDK,48,hypothetical protein, ,Derived by automated computational analysis using gene prediction method: Protein Homology.,OG0000018,Core,group_2221,Soft core,Soft core,Soft core
GCF_000696675.2,H351_RS32340,MIILGVILLIIGFVVNIPILWTIGVVLLVIGIILYALGAAGHAIGGRRHYY,51,duf6131 family protein, ,Derived by automated computational analysis using gene prediction method: Protein Homology.,OG0000000,Conserved,group_1229,Soft core,Soft core,Soft core
GCF_000696675.2,H351_RS26225,MMRIVTLIVLIWLIVGAVAAGQRGYYSSSPTNCAGVGTIALTVIAGPLNYFGVNPKVTDCTLPQPTE,67,hypothetical protein, ,Derived by automated computational analysis using gene prediction method: Protein Homology.,OG0000017,Conserved,group_129,Soft core,Soft core,Soft core
GCF_000696675.2,H351_RS32350,MPERGQSRVDAGIIAVVAVITGVFVALTGHGLVAALATVLGLALGMAIVRYLIKGR,56,hypothetical protein, ,Derived by automated computational analysis using gene prediction method: Protein Homology.,OG0000078,Soft core,group_2220,Soft core,Soft core,Soft core
GCF_000696675.2,H351_RS32135,MAFTTGSTAEDLKTITDAGKIIGGIGGILGGIAAAAAFVGLLGGGTLS,48,hypothetical protein, ,Derived by automated computational analysis using gene prediction method: GeneMarkS-2+.,OG0000688,Cloud,group_1413,Cloud,Shell,Cloud
GCF_000696675.2,H351_RS26370,MSSLSDGRGARPAEVGSGILKTMWWMVGLIVLAALVLASVLVGFVFRRPIAEAKSAVLAFDDASSQPQRD,70,hypothetical protein, ,Derived by automated computational analysis using gene prediction method: Protein Homology.,OG0000098,Soft core,,,Soft core,Soft core
GCF_000696675.2,H351_RS31595,MTKFLVPGVASAVIGAVLGAGVIFGVTAAASDNTRPEIDRSGNADSSVLNQVEYGSR,57,duf2613 domain-containing protein, ,Derived by automated computational analysis using gene prediction method: Protein Homology.,OG0000016,Conserved,group_855,Soft core,Soft core,Soft core
GCF_000696675.2,H351_RS32355,MMAENTTVETEIADEEIETVAEETARMAQHVVAAYAEDADECRMLLSMLGISPAAKLD,58,hypothetical protein, ,Derived by automated computational analysis using gene prediction method: GeneMarkS-2+.,OG0000015,Conserved,group_2168,Soft core,Soft core,Soft core
GCF_000696675.2,H351_RS27255,MEVRVDLDRCEANGVCVGIAPDIFDLDDNEELVISSVRPPEDRWEDVRSAIAQCPRAALTEHP,63,ferredoxin, ,Derived by automated computational analysis using gene prediction method: Protein Homology.,OG0000005,Conserved,group_423,Soft core,Soft core,Soft core
GCF_000696675.2,H351_RS32360,MKNPNLTPSRVLAVVLAAALVIFVIARRRDDGALSRGEWLSDSVGPDDLAG,51,hypothetical protein, ,Derived by automated computational analysis using gene prediction method: Protein Homology.,OG0000077,Soft core,group_2167,Soft core,Soft core,Soft core
GCF_000696675.2,H351_RS27875,MSETATAYKLFRCLQCGFEYDEAIGWPDDGIEPGTRWDEIPEDWSCPDCGAAKVDFEMVEVDR,63,rubredoxin, ,Derived by automated computational analysis using gene prediction method: Protein Homology.,OG0000097,Soft core,group_421,Soft core,Soft core,Soft core
GCF_000696675.2,H351_RS27880,MNAYICPICDYTYTESTGAAREGFPPGTAWSSIPDDWCCPDCGVREKVDFTLVAQS,56,rubredoxin, ,Derived by automated computational analysis using gene prediction method: Protein Homology.,OG0000096,Soft core,group_2166,Soft core,Soft core,Soft core
GCF_000696675.2,H351_RS28305,MALAYSPDTSIDSTRLAFLAAAVVLFAMLALYLVGFDQGAISRTGMYMHELMHDGRHLMGLPCH,64,cbtb domain-containing protein, ,Derived by automated computational analysis using gene prediction method: Protein Homology.,OG0000008,Conserved,group_2468,Conserved,Soft core,Soft core
GCF_000696675.2,H351_RS31615,MADLDDTIAQQADVPESSARLSARLDQLAHRIIDGDQSGAADAVAGILSETA,52,hypothetical protein, ,Derived by automated computational analysis using gene prediction method: GeneMarkS-2+.,OG0000687,Cloud,group_2127,Cloud,Cloud,Cloud
GCF_000696675.2,H351_RS31935,MATTAAVQNPTRSRARTMSLSEYVAEHPAQRVFPPTSERAARMAMLIMFALMAVTLVVLVLDEAGIFG,68,hypothetical protein, ,Derived by automated computational analysis using gene prediction method: GeneMarkS-2+.,OG0000095,Soft core,group_53,Soft core,Soft core,Soft core
GCF_000696675.2,H351_RS28560,MPEPFAIEVDSFYNTIVLRSPDDYEPLAPEWFPTEPQLVNSGAGRFVIHTGGRGLVRVTVSATDTPAA,68,hypothetical protein, ,Derived by automated computational analysis using gene prediction method: GeneMarkS-2+.,OG0001131,,,,,Probably not conserved
GCF_000696675.2,H351_RS32825,MSVEFLRALKALVTGLTPVLGGSLDGLNAMSMNSNSDGGL,40,hypothetical protein, ,Derived by automated computational analysis using gene prediction method: GeneMarkS-2+.,OG0000746,Cloud,,,Cloud,Cloud
GCF_000696675.2,H351_RS32645,MDRDQAYVDHRVSGGQARRPGLDDAINAARAGDVLCVTMPH,41,recombinase family protein, ,Derived by automated computational analysis using gene prediction method: Protein Homology.,OG0000554,Cloud,,,,Probably not conserved
GCF_000696675.2,H351_RS32145,MSLFTSTHLHPYCARTAVAAPYGVGTAQLVRLALYLAMCTGTNAIP,46,hypothetical protein, ,Derived by automated computational analysis using gene prediction method: GeneMarkS-2+.,OG0000259,Shell,group_2153,Shell,,Shell
GCF_000696675.2,H351_RS28715,MPTPSKGDRTRVVSRVPDPVYAELEKRRKAAGVSSVSQYVADLLAATTGHKNLVVELDQEVLQLTA,66,hypothetical protein, ,Derived by automated computational analysis using gene prediction method: Protein Homology.,OG0000139,Shell,group_216,Shell,,Shell
GCF_000696675.2,H351_RS31635,MIAAQWALWSVMAVATVATVGGAAVTGWERFRGYTPCSRSDRAQWSALAGVGVLSVTAGVSAASGVSPW,69,hypothetical protein, ,Derived by automated computational analysis using gene prediction method: Protein Homology.,OG0000478,Cloud,group_2595,Cloud,,Cloud
GCF_000696675.2,H351_RS28870,MTTARKVADQHAGARSIEESVQFATAGVRLAGGTVTEENEAATRRVLTGEKTAEQELSALRRTLGY,66,hypothetical protein, ,Derived by automated computational analysis using gene prediction method: Protein Homology.,OG0000211,Shell,,,,Probably not conserved
GCF_000696675.2,H351_RS29025,MPGERGTVMIFDNADQYRKTVKSYADAAILAGPHRYGSDNALIFVQINEGLSSTDGQKVKDIVDSL,66,hypothetical protein, ,Derived by automated computational analysis using gene prediction method: GeneMarkS-2+.,OG0001132,,,,,Probably not conserved
GCF_000696675.2,H351_RS29105,MDTPLAQTYSNQKVFKAAVNALGSNSRNWASFVKVRDQHLEGLLYDFDPEKSTPPSSTGR,60,hypothetical protein, ,Derived by automated computational analysis using gene prediction method: GeneMarkS-2+.,OG0001133,,,,,Probably not conserved
GCF_000696675.2,H351_RS32150,MTPRDRDLPGMGFPLASEFLRNLHWNGFKPDRHITRRLRLWVPELADTVGPTSTVSAP,58,hypothetical protein, ,Derived by automated computational analysis using gene prediction method: GeneMarkS-2+.,OG0001134,,,,,Probably not conserved
GCF_000696675.2,H351_RS32155,MIGSRNQSLRYFLKYSLIGVAITPDGNYSRADNLIWMLGAYLEKKNKESDVQYIHD,56,hypothetical protein, ,Derived by automated computational analysis using gene prediction method: GeneMarkS-2+.,OG0001135,,,,,Probably not conserved
GCF_000696675.2,H351_RS32830,MGSFDTASLSTESLEELNLGKISELLKLGITTVSFITALNSLS,43,hypothetical protein, ,Derived by automated computational analysis using gene prediction method: GeneMarkS-2+.,OG0000067,Soft core,group_2494,Cloud,,Cloud
GCF_000696675.2,H351_RS29280,MSKDYPETVIDNSDLVRDWASVLRRATALDDGRLVLAAEDGLELT,45,hypothetical protein, ,Derived by automated computational analysis using gene prediction method: GeneMarkS-2+.,OG0000236,Shell,group_1612,Cloud,,Cloud
GCF_000696675.2,H351_RS31995,MKRSGIGRELSAAGLSEYVETHSIRLID,28,hypothetical protein, ,Derived by automated computational analysis using gene prediction method: Protein Homology.,OG0001136,,group_1951,Cloud,,Probably not conserved
GCF_000696675.2,H351_RS32685,MTHNTRIKPSTKDRLRRGVDKLRYETGDREISEASMTEAALDEYLKARGL,50,hypothetical protein, ,Derived by automated computational analysis using gene prediction method: Protein Homology.,OG0000212,Shell,group_2308,Shell,,Shell
GCF_000696675.2,H351_RS29985,MTVSGALSLAGDAVGADGNQQIEPPWAYDMIDDDLRTHWRRQTPPTPVIASRAGAFPKNLERN,63,hypothetical protein, ,Derived by automated computational analysis using gene prediction method: GeneMarkS-2+.,OG0001137,,group_436,Cloud,,Probably not conserved
GCF_000696675.2,H351_RS30065,MANYRVINPSGDVTATRGIESADDAHAWFVDARADNSELGWRMEVHHDGEWSFFDDTEGASS,62,hypothetical protein, ,Derived by automated computational analysis using gene prediction method: Protein Homology.,OG0000066,Soft core,group_2504,Cloud,,Cloud
GCF_000696675.2,H351_RS32395,MIILGIVLLIVGFLTGISILWTIGIILVVVGVVLFALGAAGHAVGGRRHYY,51,duf6131 family protein, ,Derived by automated computational analysis using gene prediction method: Protein Homology.,OG0000000,Conserved,,,,Probably not conserved
GCF_000696675.2,H351_RS30105,MDAVHTVALMAVIPMAGVAVFAIGGALLGRRARSLRRQGRLHYSARTTPGSDVSSNLSM,59,hypothetical protein, ,Derived by automated computational analysis using gene prediction method: GeneMarkS-2+.,OG0000557,Cloud,,,,Probably not conserved
GCF_000696675.2,H351_RS32020,MIQNQHSRKDLGWVVPDHMHTELVLEVLELAVDAGDVAGSITYSGRMEITKQTCARYGCGA,61,hypothetical protein, ,Derived by automated computational analysis using gene prediction method: GeneMarkS-2+.,OG0001138,,,,,Probably not conserved
GCF_000696675.2,H351_RS32170,MLEQRPDLGPIFTISLPVERIEISDVTNTLLRPVSDGARYVTVVSPPVYAGSAIR,55,hypothetical protein, ,Derived by automated computational analysis using gene prediction method: GeneMarkS-2+.,OG0001139,,,,,Probably not conserved
GCF_000696675.2,H351_RS30710,MTTKFTISLPDEDVHLLDEYVRDHGLRGRSAGIRAALRLLSTSGLERDYAAAFAEVDVDDVWDAVTADTE,70,ribbon-helix-helix domain-containing protein, ,Derived by automated computational analysis using gene prediction method: Protein Homology.,OG0000213,Shell,,,,Probably not conserved
GCF_000696675.2,H351_RS30755,MTDRCDEELAMLADIRAYIRTAEGPDFPISTSVIDRVLDERNNARLGRSAESDIGLPVDGQQG,63,hypothetical protein, ,Derived by automated computational analysis using gene prediction method: Protein Homology.,OG0000117,Shell,,,,Probably not conserved
GCF_000696675.2,H351_RS32175,MTHIVCHGNEFSDIAELSEALVRAVLLHSYAGSGRSGIFIGFGSAPVRPLTAL,53,hypothetical protein, ,Derived by automated computational analysis using gene prediction method: GeneMarkS-2+.,OG0001140,,,,,Probably not conserved
GCF_000696675.2,H351_RS31805,MAGLSAARDRGRVGGRPSSLTAAKKRQANKMRGDGVSMTEIAEVLNVALSALYRNLQ,57,helix-turn-helix domain-containing protein, ,Derived by automated computational analysis using gene prediction method: Protein Homology.,OG0000373,Cloud,,,,Probably not conserved
GCF_000696675.2,H351_RS32840,MAATVLGVTVGVLRADVVAGVAVGAGTAAIFRFVLRSIIPRK,42,hypothetical protein, ,Derived by automated computational analysis using gene prediction method: Protein Homology.,OG0000124,Shell,,,,Probably not conserved
GCF_000696675.2,H351_RS32180,MADTPREDLFDPYGTGPMTMYLSDGLRLPAPLFADPFQALERLAS,45,hypothetical protein, ,Derived by automated computational analysis using gene prediction method: GeneMarkS-2+.,OG0001141,,,,,Probably not conserved
GCF_000696675.2,H351_RS32415,MTKNEIPILTQEEREAFWRRWGWTPDLPETERLAIEQKWDDLAIDLAEFHGF,52,hypothetical protein, ,Derived by automated computational analysis using gene prediction method: Protein Homology.,OG0000153,Shell,,,,Probably not conserved
GCF_000696675.2,H351_RS32185,MIRLGALCSPALRIHTLAPVRFPLTVENSQKLRVRGPGVAVMDAF,45,hypothetical protein, ,Derived by automated computational analysis using gene prediction method: GeneMarkS-2+.,OG0000558,Cloud,,,,Probably not conserved
GCF_000696675.2,H351_RS31125,MTRTPAPDEGWTPPPDEGQAGMVLLPNGWWGFRYKAGVRPLIVEKPEERDAPPDTSAGFDHPDH,64,hypothetical protein, ,Derived by automated computational analysis using gene prediction method: GeneMarkS-2+.,OG0000119,Shell,,,Cloud,Cloud
GCF_000696675.2,H351_RS31135,MERGSAINGPRPASADVALAIAAATVLGATVGVLLADVMAGVAVGAGTAVVFRFVLRSIITRK,63,hypothetical protein, ,Derived by automated computational analysis using gene prediction method: Protein Homology.,OG0000124,Shell,,,Cloud,Cloud
GCF_000696675.2,H351_RS31160,MPITSQFDAARYQLRDRITKGRRQRDHVRAVPVGPSLMSRICDVGMALLDSTDIAAVFAVNGVDFPTL,68,hypothetical protein, ,Derived by automated computational analysis using gene prediction method: GeneMarkS-2+.,OG0001142,,,,,Probably not conserved
GCF_000975175.1,XU06_RS00570,MSNISFDSVSNSAPANALQGVGTNALVDNPFTFEPVAEATSAHALQGVGTNALVDNPFSFQS,62,streptamidine-related ripp repeat protein, ,Derived by automated computational analysis using gene prediction method: Protein Homology.,OG0000093,Soft core,group_2291,Soft core,Shell,Soft core
GCF_000975175.1,XU06_RS00625,MCVDVDVNVKNCGILAAVLVGSVAKMGEKKIVSRITRGAGDMVGPAIVVVVIGAAAVFE,59,hypothetical protein, ,Derived by automated computational analysis using gene prediction method: GeneMarkS-2+.,OG0000324,Cloud,group_2179,Cloud,Cloud,Cloud
GCF_000975175.1,XU06_RS32930,MFNDVFNNVIHPMVTNFQQLGPQQFIPQQFIPQGLFQQAPQAAEQAVTIFGS,52,hypothetical protein, ,Derived by automated computational analysis using gene prediction method: Protein Homology.,OG0000075,Soft core,group_2178,Soft core,Soft core,Soft core
GCF_000975175.1,XU06_RS32575,MPATAPIRVVELSVTRKTIPLAAVNETAKVIAPRIGLPAAASSADSTPEARQNAMAAISR,60,hypothetical protein, ,Derived by automated computational analysis using gene prediction method: GeneMarkS-2+.,OG0000329,Cloud,group_674,Shell,Cloud,Cloud
GCF_000975175.1,XU06_RS32580,MTIVLFPYGKASTLGWELCFVDQQLKAEVGATAHDRVAGYVALRR,45,hypothetical protein, ,Derived by automated computational analysis using gene prediction method: GeneMarkS-2+.,OG0000479,Cloud,group_1613,Cloud,Cloud,Cloud
GCF_000975175.1,XU06_RS01640,MGIADKAQNKAEDLGGKAKEAAGSATGDRDLENEGKGDQVKSAVKDAGEKVKDAASSIKDKLT,63,csbd family protein, ,Derived by automated computational analysis using gene prediction method: Protein Homology.,OG0000011,Conserved,group_2411,Conserved,Soft core,Soft core
GCF_000975175.1,XU06_RS01685,MKIIVDRGRCTGIGICESVAEDYFEVADDGSLILHKELVDAGDEKLAREAVRACPAKALTLDET,64,ferredoxin, ,Derived by automated computational analysis using gene prediction method: Protein Homology.,OG0000001,Conserved,group_2284,Cloud,Cloud,Cloud
GCF_000975175.1,XU06_RS32935,MADLTLLTDDELHERRASLRQSLTTAASLVPTPSTAFFEKLKQDIDAAAAEWIARRS,57,hypothetical protein, ,Derived by automated computational analysis using gene prediction method: Protein Homology.,OG0000076,Soft core,group_2322,Soft core,Soft core,Soft core
GCF_000975175.1,XU06_RS32945,MSEITSWEYTVTPLLVHNPKAILDNWGVDGWELVAVLPSASGEQHVAYMKRPKG,54,hypothetical protein, ,Derived by automated computational analysis using gene prediction method: Protein Homology.,OG0000012,Conserved,group_2273,Conserved,Soft core,Soft core
GCF_000975175.1,XU06_RS02645,MISKTLRTVSARFALLVTEDDGMSTAEYAIGTIAAAAFGAVLYTVVTGDSIVSALTGIIDKALKTAV,67,duf4244 domain-containing protein, ,Derived by automated computational analysis using gene prediction method: Protein Homology.,OG0000094,Soft core,group_2136,Soft core,Soft core,Soft core
GCF_000975175.1,XU06_RS02665,MAQGTVKWFNAEKGFGFIAPEDGSADVFVHYSEIQGNGFRTLEENQRVEFEVGQGTKGPQATGVRAV,67,cold-shock protein, ,Derived by automated computational analysis using gene prediction method: Protein Homology.,OG0000013,Conserved,group_128,Conserved,Soft core,Soft core
GCF_000975175.1,XU06_RS02700,MADSLKARVKEKLLRQLAEDGRHPIQEAEGDDPRLVSINDDLEALEQAEEGDPIVEELAERYWVP,65,hypothetical protein, ,Derived by automated computational analysis using gene prediction method: Protein Homology.,OG0000014,Conserved,group_2342,Conserved,Soft core,Soft core
GCF_000975175.1,XU06_RS32950,MGSADVMAWLAEGYLAGDPIRYPLYVGSMFLAMPFQLIGVILGHPF,46,hypothetical protein, ,Derived by automated computational analysis using gene prediction method: Protein Homology.,OG0000061,Soft core,group_1542,Soft core,Soft core,Soft core
GCF_000975175.1,XU06_RS33635,MPGSVIEKARAEAEGLFRDYEGNRYWFCCKGCGPRFDANPRKYADVS,47,yhs domain-containing protein, ,Derived by automated computational analysis using gene prediction method: Protein Homology.,OG0000257,Shell,group_1484,Shell,Shell,Shell
GCF_000975175.1,XU06_RS32610,MATTAAVQNPTRSRARTMSLSEYVAEHPAQRVFPPTSERAARMAMLIMFALMAVTLVVLVLDEAGIFG,68,hypothetical protein, ,Derived by automated computational analysis using gene prediction method: GeneMarkS-2+.,OG0000095,Soft core,group_53,Soft core,Soft core,Soft core
GCF_000975175.1,XU06_RS32955,MTTPGYSTAEVMVFLVQSDQGLPDALNQGTIDQIIATIRKPETQATAHG,49,hypothetical protein, ,Derived by automated computational analysis using gene prediction method: GeneMarkS-2+.,OG0000743,Cloud,group_1367,Cloud,Cloud,Cloud
GCF_000975175.1,XU06_RS03445,MALAYSPDTSIDSTRLAFLAAAVVLFAMLALYLVGFDQGAISRTGMYMHELMHDGRHLMGLPCH,64,cbtb domain-containing protein, ,Derived by automated computational analysis using gene prediction method: Protein Homology.,OG0000008,Conserved,group_2468,Conserved,Soft core,Soft core
GCF_000975175.1,XU06_RS03875,MNAYICPICDYTYTESTGAAREGFPPGTAWSSIPDDWCCPDCGVREKVDFTLVAQS,56,rubredoxin, ,Derived by automated computational analysis using gene prediction method: Protein Homology.,OG0000096,Soft core,group_2166,Soft core,Soft core,Soft core
GCF_000975175.1,XU06_RS03880,MSETATAYKLFRCLQCGFEYDEAIGWPDDGIEPGTRWDEIPEDWSCPDCGAAKVDFEMVEVDR,63,rubredoxin, ,Derived by automated computational analysis using gene prediction method: Protein Homology.,OG0000097,Soft core,group_421,Soft core,Soft core,Soft core
GCF_000975175.1,XU06_RS32965,MKNPNLTPSRVLAVVLAAALVIFVIARRRDDGALSRGEWLSDSVGPDDLAG,51,hypothetical protein, ,Derived by automated computational analysis using gene prediction method: Protein Homology.,OG0000077,Soft core,group_2167,Soft core,Soft core,Soft core
GCF_000975175.1,XU06_RS04515,MEVRVDLDRCEANGVCVGIAPDIFDLDDNEELVISSVRPPEDRWEDVRSAIAQCPRAALTEHP,63,ferredoxin, ,Derived by automated computational analysis using gene prediction method: Protein Homology.,OG0000005,Conserved,group_423,Soft core,Soft core,Soft core
GCF_000975175.1,XU06_RS32975,MMAENTTVETEIADEEIETVAEETARMAQHVVAAYAEDADECRMLLSMLGISPAAKLD,58,hypothetical protein, ,Derived by automated computational analysis using gene prediction method: GeneMarkS-2+.,OG0000015,Conserved,group_2168,Soft core,Soft core,Soft core
GCF_000975175.1,XU06_RS32235,MTKFLVPGVASAVIGAVLGAGVIFGVTAAASDNTRPEIDRSGNADSSVLNQVEYGSR,57,duf2613 domain-containing protein, ,Derived by automated computational analysis using gene prediction method: Protein Homology.,OG0000016,Conserved,group_855,Soft core,Soft core,Soft core
GCF_000975175.1,XU06_RS33345,MVGLIVLAALVLASVLVGFVFRRPIAEAKSAVLAFDDASSQPQRD,45,hypothetical protein, ,Derived by automated computational analysis using gene prediction method: GeneMarkS-2+.,OG0000098,Soft core,group_2198,Soft core,Soft core,Soft core
GCF_000975175.1,XU06_RS33350,MGSTEADLKLYGEIAKGIGGLAGLFTGVAAIIGLGTALAPLS,42,hypothetical protein, ,Derived by automated computational analysis using gene prediction method: Protein Homology.,OG0000065,Soft core,group_2071,Cloud,Shell,Cloud
GCF_000975175.1,XU06_RS32980,MPERGQSRVDAGIIAVVAVITGVFVALTGHGLVAALATVLGLALGMAIVRYLIKGR,56,hypothetical protein, ,Derived by automated computational analysis using gene prediction method: Protein Homology.,OG0000078,Soft core,group_2220,Soft core,Soft core,Soft core
GCF_000975175.1,XU06_RS05590,MMRIVTLIVLIWLIVGAVAAGQRGYYSSSPTNCAGVGTIALTVIAGPLNYFGVNPKVTDCTLPQPTE,67,hypothetical protein, ,Derived by automated computational analysis using gene prediction method: Protein Homology.,OG0000017,Conserved,group_129,Soft core,Soft core,Soft core
GCF_000975175.1,XU06_RS32985,MIILGVILLIIGFVVNIPILWTIGVVLLVIGIILYALGAAGHAIGGRRHYY,51,duf6131 family protein, ,Derived by automated computational analysis using gene prediction method: Protein Homology.,OG0000000,Conserved,group_1229,Soft core,Soft core,Soft core
GCF_000975175.1,XU06_RS32990,MTEKDNNDQSPKGGHPGPVDKGGDGGMATREQAPELVEETSEKKSDDK,48,hypothetical protein, ,Derived by automated computational analysis using gene prediction method: Protein Homology.,OG0000018,Core,group_2221,Soft core,Soft core,Soft core
GCF_000975175.1,XU06_RS32995,MIVLGIILALIGFFTGLSILTTVGIILVVVGAVLSILGATGRAVGGRKVWY,51,duf6131 family protein, ,Derived by automated computational analysis using gene prediction method: Protein Homology.,OG0000000,Conserved,group_1230,Soft core,Soft core,Soft core
GCF_000975175.1,XU06_RS32250,MEPLRSADLRWWPVDELPEKLVDHERFVIEAHHAGQLAPIHSYGF,45,hypothetical protein, ,Derived by automated computational analysis using gene prediction method: GeneMarkS-2+.,OG0000559,Cloud,group_2079,Cloud,Cloud,Cloud
GCF_000975175.1,XU06_RS06130,MWWIVGGVLLVWVVCSIPIAILVGRGIARRDRAEFDGRNQQWADEVVRSIEKQSDQDNADRRKPPLIS,68,hypothetical protein, ,Derived by automated computational analysis using gene prediction method: Protein Homology.,OG0000079,Soft core,group_2275,Shell,Shell,Shell
GCF_000975175.1,XU06_RS06160,MGALSPTHWAIVAVVLVVLFGSKKLPDAARGLGRSMRILKTEVGELHSDTDLALEKRD,58,sec-independent protein translocase subunit tata, ,Derived by automated computational analysis using gene prediction method: Protein Homology.,OG0000019,Conserved,tatA,Soft core,Soft core,Soft core
GCF_000975175.1,XU06_RS06205,MAQGSVKWFNGEKGFGFIEQEGGGPDVFVHYSEIQGSGYKSLDEGQKVEFEIGQGQKGPQAQNVRAI,67,cold-shock protein, ,Derived by automated computational analysis using gene prediction method: Protein Homology.,OG0000069,Soft core,group_130,Soft core,Soft core,Soft core
GCF_000975175.1,XU06_RS33375,MSADSRGTSAQTRREYQMFVLQQRLLFGSIVAGTALGVLAINYF,44,hypothetical protein, ,Derived by automated computational analysis using gene prediction method: GeneMarkS-2+.,OG0000122,Soft core,group_2138,Soft core,Soft core,Soft core
GCF_000975175.1,XU06_RS33000,MTTIDIPPTQGESTTGIGITVASATLTTEEVKRRIAMMYGDPVTEEPVALAH,52,hypothetical protein, ,Derived by automated computational analysis using gene prediction method: Protein Homology.,OG0000002,Conserved,group_2274,Soft core,Soft core,Soft core
GCF_000975175.1,XU06_RS06280,MSERNSTDRTDQTDEPQTTGTDHGPGTGADAAHKDVQTDPSGERTWADEGGASSTGPATDTD,62,pi-type proteinase, ,Derived by automated computational analysis using gene prediction method: Protein Homology.,OG0000020,Core,group_2297,Soft core,Soft core,Soft core
GCF_000975175.1,XU06_RS06310,MGGSADALNRALKRVDRDFASPIGVVVRTSLRGTMRQIAKPVRAQYTRVRARFPGAKTYTEI,62,hypothetical protein, ,Derived by automated computational analysis using gene prediction method: GeneMarkS-2+.,OG0000115,Soft core,group_2190,Soft core,Soft core,Soft core
GCF_000975175.1,XU06_RS06315,MTTSTVGLLAGLLLGVAAAAGGFTGFLIALVLGVIGYLVGGQRDGEFDLGVMLKGRGRG,59,hypothetical protein, ,Derived by automated computational analysis using gene prediction method: Protein Homology.,OG0000099,Soft core,group_732,Soft core,Soft core,Soft core
GCF_000975175.1,XU06_RS06340,MSDFIDKAKHRAEDLIGEAKEKIGNATGNDDLAAEGVADQGEAKVKKAGDTVSDKVSDIKDKFTS,65,csbd family protein, ,Derived by automated computational analysis using gene prediction method: Protein Homology.,OG0000074,Soft core,group_2191,Soft core,Soft core,Soft core
GCF_000975175.1,XU06_RS06715,MSKEVSAGLAVGAMVLVAGLIWTGFPLDAYSVVAVIFAICGGFITWIYLRENVDGVPHTATKEGSR,66,hypothetical protein, ,Derived by automated computational analysis using gene prediction method: Protein Homology.,OG0000144,Shell,group_2282,Shell,Shell,Shell
GCF_000975175.1,XU06_RS33400,MGSLGNLLKANGMGWGILQLLPLVNMLKTLQGLDTASSNS,40,hypothetical protein, ,Derived by automated computational analysis using gene prediction method: GeneMarkS-2+.,OG0000080,Soft core,group_2512,Soft core,Soft core,Soft core
GCF_000975175.1,XU06_RS33405,MGSFEDFSGVVKTFIPVLKDLFTALGGGSLTPGTGSAADK,40,hypothetical protein, ,Derived by automated computational analysis using gene prediction method: GeneMarkS-2+.,OG0000108,Soft core,group_2511,Soft core,Soft core,Soft core
GCF_000975175.1,XU06_RS07040,MFGSLSTLGPLLTALGAFRKSVPTESLSGEGEGSSTGSLSGLSSGSAE,48,hypothetical protein, ,Derived by automated computational analysis using gene prediction method: Protein Homology.,OG0000081,Soft core,group_2510,Soft core,Soft core,Soft core
GCF_000975175.1,XU06_RS33410,MGSLDTGSLSTESLEDLNLGKISELLKLGITAVSFITALNSLS,43,hypothetical protein, ,Derived by automated computational analysis using gene prediction method: GeneMarkS-2+.,OG0000067,Soft core,group_2503,Soft core,Soft core,Soft core
GCF_000975175.1,XU06_RS33415,MIVMFLQATAQLFTDLLANTWSGSMLPGVEAGTGSLVSAIELS,43,hypothetical protein, ,Derived by automated computational analysis using gene prediction method: Protein Homology.,OG0000184,Shell,group_2237,Shell,Shell,Shell
GCF_000975175.1,XU06_RS07510,MGSLMDILGGPNGDGAPMQALLTMLLGLDNVGANLFGSLADTAGGIFGSLDTLSFTPPVVP,61,hypothetical protein, ,Derived by automated computational analysis using gene prediction method: GeneMarkS-2+.,OG0000188,Shell,group_2425,Shell,Shell,Shell
GCF_000975175.1,XU06_RS33025,MLEGSVMDAAGSVGAIIGQGLGSVSGLAVKGLEALAALSGGELKAAK,47,hypothetical protein, ,Derived by automated computational analysis using gene prediction method: Protein Homology.,OG0000138,Shell,group_2381,Shell,Shell,Shell
GCF_000975175.1,XU06_RS07515,MTFESNTPRPFTRSNDKKMFAGVCGGIADYFGADVNLVRLLAVIAAICTGGTAALVYLAAWMLMPLG,67,pspc domain-containing protein, ,Derived by automated computational analysis using gene prediction method: Protein Homology.,OG0000021,Conserved,group_2380,Conserved,Soft core,Soft core
GCF_000975175.1,XU06_RS08045,MGSSHDGKPAVAGTQFLTVAEVATLMRVSKMTVYRLVHSGELPAVRVGRSFRVHAKAVHDYLETSYFDAG,70,helix-turn-helix domain-containing protein, ,Derived by automated computational analysis using gene prediction method: Protein Homology.,OG0000071,Soft core,,,Soft core,Soft core
GCF_000975175.1,XU06_RS32300,MGSVIKKRRKRMSKKKHRKLLRRTRVQRRKLGK,33,aurkaip1/cox24 domain-containing protein, ,Derived by automated computational analysis using gene prediction method: Protein Homology.,OG0000022,Conserved,group_1939,Conserved,Conserved,Conserved
GCF_000975175.1,XU06_RS33030,MSSQEALRTESTHDAPLRQRGSRTEVILFAILGASVLVTLLVLMIPGIVSG,51,hypothetical protein, ,Derived by automated computational analysis using gene prediction method: Protein Homology.,OG0000100,Soft core,group_1231,Soft core,Soft core,Soft core
GCF_000975175.1,XU06_RS08225,MLYLLALVGLVTLIVLMWKAFGPDPSTRTPVSGVRGPDDDPEFLWNVNQQTRRKRTEGPDVPPTDTST,68,hypothetical protein, ,Derived by automated computational analysis using gene prediction method: Protein Homology.,OG0000023,Conserved,group_2362,Soft core,Conserved,Soft core
GCF_000975175.1,XU06_RS08230,MSAPTFNTAADALMTPGQVAALFHVDPKTVTRWAHAGRLGSLRTPGGHRRFRETEVMQLLRSLTTEADNN,70,bldc family transcriptional regulator, ,Derived by automated computational analysis using gene prediction method: Protein Homology.,OG0000068,Soft core,,,Soft core,Soft core
GCF_000975175.1,XU06_RS08435,MASSTDVRPKITLACEVCKHRNYITKKNRRNDPDRLELKKFCPNCGTHQSHRESK,55,50s ribosomal protein l33, ,Derived by automated computational analysis using gene prediction method: Protein Homology.,OG0000024,Conserved,rpmG,Conserved,Soft core,Soft core
GCF_000975175.1,XU06_RS08570,MAGKKLDRTNARTALEVVRESPTIAFITVAPAVVVFGVVWWLFGFWAAILLALVFGVAAVATQKLR,66,hypothetical protein, ,Derived by automated computational analysis using gene prediction method: Protein Homology.,OG0000025,Conserved,group_2209,Conserved,Soft core,Soft core
GCF_000975175.1,XU06_RS08715,MNSTTVGLLVGLLLALAGIMGGFSGFVFAVLLGAAGMAIGAHRDGHLDLGAILRSRGRG,59,hypothetical protein, ,Derived by automated computational analysis using gene prediction method: Protein Homology.,OG0000026,Conserved,group_2303,Conserved,Soft core,Soft core
GCF_000975175.1,XU06_RS08845,MRLSTRNQLTGTITEVNLGTVMATVKVKLDGGNQIVTSSITRDAALDLDLEPGQAATVFVKSTEVTIGVE,70,tobe domain-containing protein, ,Derived by automated computational analysis using gene prediction method: Protein Homology.,OG0000064,Soft core,,,Soft core,Soft core
GCF_000975175.1,XU06_RS08850,MTEPVKGPASYFPSIEKKYGRPIGEWQELIRSSDLTKHMELVNWLKSEHGMGHGHANALVAHTLKEG,67,duf4287 domain-containing protein, ,Derived by automated computational analysis using gene prediction method: Protein Homology.,OG0000027,Conserved,group_2329,Soft core,Soft core,Soft core
GCF_000975175.1,XU06_RS32310,MSDRDNKALENDLVEESLVEEVSIDGMCGVY,31,mycofactocin precursor mfta, ,"Mycofactocin is a small molecule electron carrier derived from the final two amino acids, Val-Tyr, of MftA, the mycofactocin precursor. It plays a role in redox homeostasis and the metabolism of alcohols and aldehydes in Actinobacteria, including Mycobacterium tuberculosis; Derived by automated computational analysis using gene prediction method: Protein Homology.",OG0000009,Conserved,group_2326,Conserved,Soft core,Soft core
GCF_000975175.1,XU06_RS09195,MAKKALVNKANKKPKFAVRAYTRCQRCGRPHSVFRKFGLCRICVREMAHAGELPGVRKSSW,61,type z 30s ribosomal protein s14, ,Derived by automated computational analysis using gene prediction method: Protein Homology.,OG0000028,Conserved,group_2294,Conserved,Soft core,Soft core
GCF_000975175.1,XU06_RS09225,MADLKVTQIKSIIGTKQNQKDSLRTLGLKGIRQTVVREDNAQNRGLINVVRHLVTVEEV,59,50s ribosomal protein l30, ,Derived by automated computational analysis using gene prediction method: Protein Homology.,OG0000029,Conserved,rpmD,Conserved,Soft core,Soft core
GCF_000975175.1,XU06_RS32315,MKVQPSVKKICEKCKVIRRNGRVMVICENLRHKQRQG,37,50s ribosomal protein l36, ,Derived by automated computational analysis using gene prediction method: Protein Homology.,OG0000030,Conserved,rpmJ,Conserved,Soft core,Soft core
GCF_000975175.1,XU06_RS33420,MTIFEWILAIPALALAVAFLFSGIITAGIDFDTEDGVMTH,40,hypothetical protein, ,Derived by automated computational analysis using gene prediction method: GeneMarkS-2+.,OG0000082,Soft core,group_2186,Soft core,Soft core,Soft core
GCF_000975175.1,XU06_RS10560,MSSYRCPVCEYVYDESKGAPREGFPAGTPWDAVPDDWCCPDCGVREKLDFEPMPATAGSES,61,rubredoxin, ,Derived by automated computational analysis using gene prediction method: Protein Homology.,OG0000053,Core,group_2279,Soft core,Soft core,Soft core
GCF_000975175.1,XU06_RS10565,MNDYKLYQCAQCGFEYDEAVGWPEDGIEPGTRWDDIPEDWSCPDCGAAKSDFFMVEVERR,60,rubredoxin, ,Derived by automated computational analysis using gene prediction method: Protein Homology.,OG0000007,Conserved,group_2155,Soft core,Soft core,Soft core
GCF_000975175.1,XU06_RS11500,MSDLDSNTPSEPESQSEETKRKFREALERKNHQNAKSTDHRDGQSKVHNTHGPADHKREFRRKSG,65,duf5302 domain-containing protein, ,Derived by automated computational analysis using gene prediction method: Protein Homology.,OG0000031,Conserved,group_2470,Core,Soft core,Soft core
GCF_000975175.1,XU06_RS32350,MAAVCDVCAKGPGFGKSVSHSHRRTNRRWNPNIQSVRTEVAPGNTRKVNVCTSCLKAGKVARG,63,50s ribosomal protein l28, ,Derived by automated computational analysis using gene prediction method: Protein Homology.,OG0000032,Conserved,rpmB,Conserved,Soft core,Soft core
GCF_000975175.1,XU06_RS32355,MAVPKRKMSRSNTRSRRSQWKTTVPTLVTCPNRGCGEQTLPHIACPSCGTYKGRQVTAAV,60,50s ribosomal protein l32, ,Derived by automated computational analysis using gene prediction method: Protein Homology.,OG0000033,Conserved,group_2479,Conserved,Soft core,Soft core
GCF_000975175.1,XU06_RS32645,MTTEVDMKVPAFHSTEPSDLDVYHDNESCILAARIAVPHRAPGVDGRPWCTACASLD,57,hypothetical protein, ,Derived by automated computational analysis using gene prediction method: Protein Homology.,OG0000083,Soft core,group_2187,Soft core,Soft core,Soft core
GCF_000975175.1,XU06_RS33040,MFWKIVLAVVLVWVALAVVGALIKGLFWVLVVGAVGFGIYFLVKAMSGSDDNSPASRF,58,hypothetical protein, ,Derived by automated computational analysis using gene prediction method: Protein Homology.,OG0000034,Conserved,group_2296,Soft core,Soft core,Soft core
GCF_000975175.1,XU06_RS12865,MRLTEFHEMVREEFGQVRGDSMLIDHVLQSLDGMTAAEAVEAGWEPREVWRALCVEFDVPPARR,64,duf3046 domain-containing protein, ,Derived by automated computational analysis using gene prediction method: Protein Homology.,OG0000035,Conserved,group_2481,Conserved,Soft core,Soft core
GCF_000975175.1,XU06_RS13160,MPGTLTSPQLTAADRCDRCGAGARVRAVLPTGGELLFCGHHATEHADRLREMNAVVSESEPAI,63,hypothetical protein, ,Derived by automated computational analysis using gene prediction method: Protein Homology.,OG0000036,Conserved,group_2483,Conserved,Soft core,Soft core
GCF_000975175.1,XU06_RS13525,MKIRFELMIGILLVVGGGCLWLFARDAEFFWFRGGPLGVILAIIGAFDIVNAVRTRETAIPERRND,66,hypothetical protein, ,Derived by automated computational analysis using gene prediction method: Protein Homology.,OG0000101,Soft core,group_2126,Soft core,Soft core,Soft core
GCF_000975175.1,XU06_RS14010,MAGIDSKFDKAYAGKSVEELADAPVAALNGVSDSDAEHLKAAFNIKTVRDLGTNKFFLWAQATAKLAE,68,hypothetical protein, ,Derived by automated computational analysis using gene prediction method: Protein Homology.,OG0000070,Soft core,group_2484,Soft core,Soft core,Soft core
GCF_000975175.1,XU06_RS14805,MAQEQTQRAGGGEDDETTGGDGSAGQERREKLAAETDDLLDEIDDVLEENAEDFVRAYVQKGGQ,64,ubiquitin-like protein pup, ,Derived by automated computational analysis using gene prediction method: Protein Homology.,OG0000037,Conserved,group_340,Soft core,Soft core,Soft core
GCF_000975175.1,XU06_RS15165,MIALLNNTYDETAQLDIVKQINQVVIKSAEYVPLYFTPDVVAYTKNVHGAVPALNGSPNLTYLSKS,66,hypothetical protein, ,Derived by automated computational analysis using gene prediction method: GeneMarkS-2+.,OG0001143,,group_217,Cloud,,Probably not conserved
GCF_000975175.1,XU06_RS33265,MTVLGPVDTASTPHFTAAGITYEIDEEYVAVVNAADAELTSPQDFPRDPLPNL,53,hypothetical protein, ,Derived by automated computational analysis using gene prediction method: Protein Homology.,OG0000298,Cloud,group_2131,Cloud,Cloud,Cloud
GCF_000975175.1,XU06_RS15345,MAIDSTLLSILACPQDKGPLLLVGDELLYNPRLRRAYPIENGIPVLLIDEARDVADDEHEKLLARAEG,68,trm112 family protein, ,Derived by automated computational analysis using gene prediction method: Protein Homology.,OG0000038,Conserved,group_54,Soft core,Core,Soft core
GCF_000975175.1,XU06_RS15440,MPKMKSHSGASKRFKVSGSGKLMRQKAGRRHLLEHKSSRVTRRLDGVAVVSPDDAPRIKRMLGI,64,50s ribosomal protein l35, ,Derived by automated computational analysis using gene prediction method: Protein Homology.,OG0000039,Conserved,group_2130,Soft core,Conserved,Soft core
GCF_000975175.1,XU06_RS15790,MHVEVDLDLCQGHAACELEAPEIFVVPKRGKVSLLDSDPPESLRGEAEMAVRYCPTGALRIVD,63,ferredoxin, ,Derived by automated computational analysis using gene prediction method: Protein Homology.,OG0000001,Conserved,group_2270,Soft core,Soft core,Soft core
GCF_000975175.1,XU06_RS33050,MSVLFTYLLFIGAGIAVGGAYSMFKVNKLASGILLALAVLAAVAGALRL,49,hypothetical protein, ,Derived by automated computational analysis using gene prediction method: Protein Homology.,OG0000040,Conserved,group_2410,Soft core,Conserved,Soft core
GCF_000975175.1,XU06_RS33055,MNESSNGLFSDLSASEPVVDAKSAEQLAAERETAAAERSNTDTAEQRQSQLFSG,54,hypothetical protein, ,Derived by automated computational analysis using gene prediction method: Protein Homology.,OG0000084,Soft core,group_2262,Soft core,Soft core,Soft core
GCF_000975175.1,XU06_RS33445,MLGIALGLGSAAVGIGLGLLGAGAGILLSDKTVKTARRDLTA,42,hypothetical protein, ,Derived by automated computational analysis using gene prediction method: GeneMarkS-2+.,OG0000102,Soft core,group_2160,Soft core,Soft core,Soft core
GCF_000975175.1,XU06_RS32400,MHAEVGDRLHVQGRVVGQAEVTAEVLEVHGEDGGPPYLVRYDNGHEALVFPGSDGWIDHPGKGS,64,duf1918 domain-containing protein, ,Derived by automated computational analysis using gene prediction method: Protein Homology.,OG0000041,Conserved,group_2499,Soft core,Conserved,Soft core
GCF_000975175.1,XU06_RS33450,MTTYRYLDADRNLLEEKDFETEQDAQEYRLSVLGAEHIEPAGE,43,hypothetical protein, ,Derived by automated computational analysis using gene prediction method: Protein Homology.,OG0000054,Core,group_2400,Soft core,Core,Core
GCF_000975175.1,XU06_RS17000,MTDEDRLWYFDVSDGSVTQGKGASSLTRMGPYPDRDSAEHALKIAAERNKAADRADEDWNN,61,hypothetical protein, ,Derived by automated computational analysis using gene prediction method: Protein Homology.,OG0000042,Conserved,group_592,Soft core,Core,Soft core
GCF_000975175.1,XU06_RS33460,MKLALTEFKNSKATIRIIMSDGAKLNGTVTDFTEDTLVLNSPNGVYYINPSHIIRLFEPSDRAAK,65,hypothetical protein, ,Derived by automated computational analysis using gene prediction method: GeneMarkS-2+.,OG0000085,Soft core,group_2248,Soft core,Soft core,Soft core
GCF_000975175.1,XU06_RS17395,MTVAGVVSVVLIAVAAALVIYLLVALVDPERF,32,k(+)-transporting atpase subunit f, ,Derived by automated computational analysis using gene prediction method: Protein Homology.,OG0000055,Core,kdpF,Soft core,Soft core,Soft core
GCF_000975175.1,XU06_RS17540,MDRIADWWDSFELWMAGLPFIPQVALVLIVVVPLCRLVAIGLDRALAAVLALPLFGWLRRNSREVEES,68,hypothetical protein, ,Derived by automated computational analysis using gene prediction method: Protein Homology.,OG0000056,Core,group_2078,Soft core,Soft core,Soft core
GCF_000975175.1,XU06_RS33080,MKKALPKTLKSLARTVGILALAIVVVSVVERFTGAHQPTTGPASLTGPDQSL,52,hypothetical protein, ,Derived by automated computational analysis using gene prediction method: Protein Homology.,OG0000111,Soft core,group_2264,Soft core,Soft core,Soft core
GCF_000975175.1,XU06_RS33085,MIAAPTTGALAVVMNTVLQMFNAGSSFLYTNNSPIGGGETPTTPAP,46,hypothetical protein, ,Derived by automated computational analysis using gene prediction method: Protein Homology.,OG0000086,Soft core,group_2210,Soft core,Soft core,Soft core
GCF_000975175.1,XU06_RS33090,MPTIPLTGDPIVINIIVQLLSAGSSNALALGGVGSSGLGSTGLGSFDSASLGSAA,55,hypothetical protein, ,Derived by automated computational analysis using gene prediction method: Protein Homology.,OG0000087,Soft core,group_1002,Soft core,Soft core,Soft core
GCF_000975175.1,XU06_RS33470,MYIQTCTYDTEDRNMGSINTLSAVIDIIKVVQPLIAKLNLS,41,hypothetical protein, ,Derived by automated computational analysis using gene prediction method: GeneMarkS-2+.,OG0000109,Soft core,group_2041,Soft core,Soft core,Soft core
GCF_000975175.1,XU06_RS18820,MGTLQSGQDLAAKFSKKAVGGEDSLEKSLNSHIQVVTEMRDFFQQCVDRYGEVDDSNASALASVDTPR,68,hypothetical protein, ,Derived by automated computational analysis using gene prediction method: GeneMarkS-2+.,OG0000123,Soft core,group_2307,Soft core,Soft core,Soft core
GCF_000975175.1,XU06_RS33310,MSTALLTIYVLIWPALVLVVLGVISKGFFKDWATARRNGEDLV,43,putative transporter small subunit, ,Derived by automated computational analysis using gene prediction method: Protein Homology.,OG0000088,Soft core,group_2364,Soft core,Soft core,Soft core
GCF_000975175.1,XU06_RS32430,MAAMKPRTGDGPLEATKEGRGIVMRVPLEGGGRLVVELTPDEAAALGVELTNVTS,55,duf3117 domain-containing protein, ,Derived by automated computational analysis using gene prediction method: Protein Homology.,OG0000043,Conserved,group_1003,Soft core,Soft core,Soft core
GCF_000975175.1,XU06_RS19705,MTEQDATFDPEAPESDALEQSTPVDPNAPEEPDLTDIPLDAPVADVVDQRVEVAVDDDYRPS,62,hypothetical protein, ,Derived by automated computational analysis using gene prediction method: Protein Homology.,OG0000057,Core,group_2211,Soft core,Soft core,Soft core
GCF_000975175.1,XU06_RS33095,MYNWDLQNQIVAFVDSLRPMAGYYHDMYYGSLYAFADQQSHLLTLLGFPPVP,52,hypothetical protein, ,Derived by automated computational analysis using gene prediction method: Protein Homology.,OG0000058,Core,group_1175,Soft core,Soft core,Soft core
GCF_000975175.1,XU06_RS33100,MGKIKASKVSKLKPKKKCCRKKTRCIKCPVVIMRMKKLENEGASKKELKAGLKKARAA,58,hypothetical protein, ,Derived by automated computational analysis using gene prediction method: Protein Homology.,OG0000044,Conserved,group_2365,Soft core,Soft core,Soft core
GCF_000975175.1,XU06_RS33480,MGSMEGILGAVVQGLGSLFSADGLLKTFMGSVETISKDPTP,41,hypothetical protein, ,Derived by automated computational analysis using gene prediction method: GeneMarkS-2+.,OG0000103,Soft core,group_2051,Soft core,Soft core,Soft core
GCF_000975175.1,XU06_RS19935,MTMTAKLTTAFRGTLWWVRSVMGDLDYQRYVEHTRRHHADSPVISEREFWRRRHAAADANPGARCC,66,ybdd/yjix family protein, ,Derived by automated computational analysis using gene prediction method: Protein Homology.,OG0000045,Conserved,group_2343,Soft core,Conserved,Soft core
GCF_000975175.1,XU06_RS20185,MSTNSDRRPRLPVRIAYLTAGVLFVAAMLLLASVVNPDRDRDFSMNHVPAGTSATSVVATTDLG,64,hypothetical protein, ,Derived by automated computational analysis using gene prediction method: Protein Homology.,OG0000104,Soft core,group_2149,Soft core,Soft core,Soft core
GCF_000975175.1,XU06_RS33275,MTAFLLAKGSPMFDFFGAISGFFGLLFGTGSSSGSSGGSSDAPVAPPT,48,hypothetical protein, ,Derived by automated computational analysis using gene prediction method: GeneMarkS-2+.,OG0000268,Shell,,,Shell,Shell
GCF_000975175.1,XU06_RS33655,MNASDCLGAVDRKSAVAVALLEPLLVERLLAEPLPVGRLLAEPLLAELLALDPLPEPLGPVIP,63,hypothetical protein, ,Derived by automated computational analysis using gene prediction method: GeneMarkS-2+.,OG0000327,Cloud,group_2140,Cloud,Cloud,Cloud
GCF_000975175.1,XU06_RS20600,MAEGIVKWFNSEKGFGFIAPEDGSADVFVHYSEIQSGGFRTLEENQRVAFEIGQGNKGPQATGVTIV,67,cold-shock protein, ,Derived by automated computational analysis using gene prediction method: Protein Homology.,OG0000046,Conserved,group_132,Soft core,Soft core,Soft core
GCF_000975175.1,XU06_RS20605,MTTAEYTVSGMTCGHCVGSVKEEIGNIAGVTAVDVELASGRVVVTSDAPVSAADVVAAVDEAGYAVVPS,69,heavy-metal-associated domain-containing protein, ,Derived by automated computational analysis using gene prediction method: Protein Homology.,OG0000006,Conserved,group_2139,Soft core,Soft core,Soft core
GCF_000975175.1,XU06_RS33110,MSDDELRRAIREIQDRAHDARKRGDDVAAEELDRTVRGYQEQMAQRL,47,hypothetical protein, ,Derived by automated computational analysis using gene prediction method: Protein Homology.,OG0000059,Core,group_2336,Soft core,Soft core,Soft core
GCF_000975175.1,XU06_RS33115,MSEQPDTPKKPPVDKKRLARIFGDVFPETTSDERGPEGSSRSSDDDWLRSQRPPHHGG,58,hypothetical protein, ,Derived by automated computational analysis using gene prediction method: Protein Homology.,OG0000089,Soft core,group_2328,Soft core,Soft core,Soft core
GCF_000975175.1,XU06_RS20820,MAVPKRKMSRSNTRSRRAQWKATAPDLVEVTAFGQTHWVPRRLVKAVRLGVIDPSRI,57,50s ribosomal protein l32, ,Derived by automated computational analysis using gene prediction method: Protein Homology.,OG0000060,Soft core,group_2302,Soft core,Soft core,Soft core
GCF_000975175.1,XU06_RS20840,MARNEIRPIVKLKSTAGTGYTYVTRKNRRNDPDRLVLKKYDPVVRKHVDFREEK,54,50s ribosomal protein l33, ,Derived by automated computational analysis using gene prediction method: Protein Homology.,OG0000047,Conserved,group_2199,Soft core,Soft core,Soft core
GCF_000975175.1,XU06_RS32665,MRITPGANAFNAMRAPAHSGAEVFLRIHSDNARLVVVYIGLFPMASTASPIRG,53,hypothetical protein, ,Derived by automated computational analysis using gene prediction method: GeneMarkS-2+.,OG0001144,,group_1122,Cloud,,Probably not conserved
GCF_000975175.1,XU06_RS21400,MTVRSSVEPLVDNNWRMFATCKTVDPAVFYSPGEERGRNSGCTGEFREAGVLPLPGHSGLPDLCTRDR,68,hypothetical protein, ,Derived by automated computational analysis using gene prediction method: GeneMarkS-2+.,OG0000299,Cloud,group_67,Cloud,,Cloud
GCF_000975175.1,XU06_RS33665,MCFRCPVIRDCLTFALETAEPHGVWGGTTPSERLALRRSAA,41,whib family transcriptional regulator, ,Derived by automated computational analysis using gene prediction method: Protein Homology.,OG0000284,Cloud,group_1834,Cloud,,Cloud
GCF_000975175.1,XU06_RS21480,MGFLDNVKGLVEKGQELAAENSDKVHDAIDKVADIADDKTGNKYGDQIDKAAEAAKKAVPEKQ,63,antitoxin, ,Derived by automated computational analysis using gene prediction method: Protein Homology.,OG0000010,Conserved,group_425,Soft core,Soft core,Soft core
GCF_000975175.1,XU06_RS22010,MANNSKQHYVDPGWPETADGDHAVTELSSTRAGGLSPFGEDTTFPVPVESLPYVHPHTVINR,62,hypothetical protein, ,Derived by automated computational analysis using gene prediction method: Protein Homology.,OG0000048,Conserved,group_501,Soft core,Soft core,Soft core
GCF_000975175.1,XU06_RS33485,MADKAPGKNMKKPAQSIKERRAEKRAKTTESSEFIRKRKRS,41,hypothetical protein, ,Derived by automated computational analysis using gene prediction method: Protein Homology.,OG0000004,Core,group_2142,Soft core,,Soft core
GCF_000975175.1,XU06_RS32680,MTYLDAARAAAQAASSADSARIRSEDRGVKKLAEAVEYLAKAVEELAKARHREI,54,hypothetical protein, ,Derived by automated computational analysis using gene prediction method: GeneMarkS-2+.,OG0001145,,group_2542,Cloud,,Probably not conserved
GCF_000975175.1,XU06_RS32685,MTDATWSRLADQLRDAIGVEAETKRLYHATQRTQARAAKNLEDAQRAVQVAEHEIRKFVAGGGA,64,hypothetical protein, ,Derived by automated computational analysis using gene prediction method: GeneMarkS-2+.,OG0001146,,group_2546,Cloud,,Probably not conserved
GCF_000975175.1,XU06_RS32690,MTEGPLSTEDKVRLGSMIGFLSTRSHAARVGLTQSADYSEGVRGGNATSAPDATDPRT,58,hypothetical protein, ,Derived by automated computational analysis using gene prediction method: GeneMarkS-2+.,OG0001147,,group_2540,Cloud,,Probably not conserved
GCF_000975175.1,XU06_RS32695,MSELRAMAEILDAHALDLAEADDYEGAKLVLETAMAFEARQQQIDSSDFNRQGVVDDR,58,hypothetical protein, ,Derived by automated computational analysis using gene prediction method: GeneMarkS-2+.,OG0000530,Cloud,group_2541,Cloud,,Cloud
GCF_000975175.1,XU06_RS22760,MNLQTARENIGKTVNYTDPGYPLRREVGQIDRVIESRKQVLVYYPKEGQKHLTDPSNIELLGEGR,65,hypothetical protein, ,Derived by automated computational analysis using gene prediction method: GeneMarkS-2+.,OG0001148,,group_2547,Cloud,,Probably not conserved
GCF_000975175.1,XU06_RS22775,MSALDARNHVEGWCADAQANINTCEKAAKLGNDVGAQFFVQVAQAQALLALVGAVSRLADRLPKGGVS,68,hypothetical protein, ,Derived by automated computational analysis using gene prediction method: GeneMarkS-2+.,OG0001149,,group_2544,Cloud,,Probably not conserved
GCF_000975175.1,XU06_RS22780,MKRHGVLGAVLAVGFVGGVAASFGWLTAKVRDTAKPSKPEFGISGLKVIDTEDFLARLYPRASRLR,66,hypothetical protein, ,Derived by automated computational analysis using gene prediction method: GeneMarkS-2+.,OG0001150,,group_2543,Cloud,,Probably not conserved
GCF_000975175.1,XU06_RS22790,MRYLITARGCDDSTRSIVELTDEQAEGIRLASVANNVRAESSGCKPTLSIKPESEANTFEIEDATEGASE,70,hypothetical protein, ,Derived by automated computational analysis using gene prediction method: GeneMarkS-2+.,OG0001151,,,,,Probably not conserved
GCF_000975175.1,XU06_RS32700,MTRPARLRRDVCTLWGRYSAGLVVDVIADDETGSVICLDCGFHPAGKCHTAHVQETDLIDPEKGKEAA,68,hypothetical protein, ,Derived by automated computational analysis using gene prediction method: GeneMarkS-2+.,OG0000374,Cloud,group_2545,Cloud,,Cloud
GCF_000975175.1,XU06_RS23265,MGRGRAKAKQTKVARELKYSVPTTDFDSLQRELAGGSTNSHRSSVRSDQTSDREGHAREDDYDDWRR,67,duf3073 domain-containing protein, ,Derived by automated computational analysis using gene prediction method: Protein Homology.,OG0000049,Conserved,group_133,Soft core,Shell,Shell
GCF_000975175.1,XU06_RS32715,MRFTTLRDRVAEPLFAVFIATGLLLSVLITFTATGLAVGLLAAALLYVRNYSLTRTN,57,hypothetical protein, ,Derived by automated computational analysis using gene prediction method: GeneMarkS-2+.,OG0000326,Cloud,group_2141,Cloud,Cloud,Cloud
GCF_000975175.1,XU06_RS23440,MRNNLQELRTAAGLSQQACADALGITRQTVISIEKGHFDPRLSLAFRIAEYFDKRVDDIFSS,62,helix-turn-helix transcriptional regulator, ,Derived by automated computational analysis using gene prediction method: Protein Homology.,OG0000105,Soft core,group_502,Soft core,Shell,Soft core
GCF_000975175.1,XU06_RS23575,MTSPMKTRKLTRARSGAMFGGVCAGIARYFGWKSSTVRLLFVLSCLLPGPQFLIYIVMWIFIPREQI,67,pspc domain-containing protein, ,Derived by automated computational analysis using gene prediction method: Protein Homology.,OG0000106,Soft core,group_134,Soft core,Shell,Soft core
GCF_000975175.1,XU06_RS24570,MSDWEKKFEAEAKGLLAEVEEELTVLEGVDTIDPFGEDDPDPVAGDDPSAGDDDTKPASD,60,hypothetical protein, ,Derived by automated computational analysis using gene prediction method: Protein Homology.,OG0000090,Soft core,group_2192,Soft core,Soft core,Soft core
GCF_000975175.1,XU06_RS25505,MAQGIVKWFNGEKGFGFIAPDDGTPDVFVHYSEISGNGYKSLDENQRVEFEVGQGQKGPQATNVRAV,67,cold-shock protein, ,Derived by automated computational analysis using gene prediction method: Protein Homology.,OG0000003,Conserved,group_1991,Soft core,Soft core,Soft core
GCF_000975175.1,XU06_RS32720,MGSINAFNEWVNQATYAGDPFATAIAIVQFFAVSLVNLFTGGPIL,45,hypothetical protein, ,Derived by automated computational analysis using gene prediction method: GeneMarkS-2+.,OG0000137,Shell,group_2383,Shell,Shell,Shell
GCF_000975175.1,XU06_RS32725,MKKTEITPIGCIHRWEVESRHRTSEGTVTYLRCHCGSWQTLLAEWMSGGAASAVAAPIKVRSR,63,hypothetical protein, ,Derived by automated computational analysis using gene prediction method: Protein Homology.,OG0000116,Soft core,group_2290,Soft core,Soft core,Soft core
GCF_000975175.1,XU06_RS25925,MVGTPVIVTIVSVCVGFVIFMLAASGARGKWDRRLVIALFVGAVVCLTVVPVSVALSAGV,60,hypothetical protein, ,Derived by automated computational analysis using gene prediction method: Protein Homology.,OG0000091,Soft core,group_2382,Soft core,Soft core,Soft core
GCF_000975175.1,XU06_RS32730,MKADVLGGATVKLTAGTPPSPFTTITNNPWKSAAVFGTTNIGTIIFAAHQYGSLSSNSAYHFNFVAS,67,hypothetical protein, ,Derived by automated computational analysis using gene prediction method: GeneMarkS-2+.,OG0001152,,,,,Probably not conserved
GCF_000975175.1,XU06_RS33505,MSSDYWAGMVNLMSSFVGVVLFGLSTASAEGAGWSSAESLSAGR,44,hypothetical protein, ,Derived by automated computational analysis using gene prediction method: GeneMarkS-2+.,OG0000475,Cloud,group_1658,Cloud,Cloud,Cloud
GCF_000975175.1,XU06_RS26520,MAEPDPGTVETDFPKTGAPAQRALIGAGYTHLAQLTSVSEKELGALHGMGPKALRILREALAERGLSFAD,70,dna-binding protein, ,Derived by automated computational analysis using gene prediction method: Protein Homology.,OG0000050,Conserved,,,Soft core,Soft core
GCF_000975175.1,XU06_RS27230,MNAPTRYQFLIDGEVSDRVKAAFPELSVASAAGGFTSLYGPVADHTAMRSIMARLDSLGLTVAELRRLPD,70,hypothetical protein, ,Derived by automated computational analysis using gene prediction method: Protein Homology.,OG0000092,Soft core,,,Soft core,Soft core
GCF_000975175.1,XU06_RS33520,MSVVLISLLVAAGLTVLATSDGAGLDFGSRQLNRQLKTRTHR,42,hypothetical protein, ,Derived by automated computational analysis using gene prediction method: GeneMarkS-2+.,OG0000107,Soft core,group_1760,Soft core,Soft core,Soft core
GCF_000975175.1,XU06_RS33135,MKIVVLSFLMALTLMTVGIIAARNCSTRPAVTGAVTAASTVLAAAWTLFAVAFVLT,56,hypothetical protein, ,Derived by automated computational analysis using gene prediction method: Protein Homology.,OG0000110,Soft core,group_2239,Soft core,Soft core,Soft core
GCF_000975175.1,XU06_RS27710,MDRYKITMPDGSSTEEPFDSDKEAIACAVDANRGVSKHLVVEKYTADGRLIPTAQAPAKHKGHHKNRSNS,70,hypothetical protein, ,Derived by automated computational analysis using gene prediction method: Protein Homology.,OG0000113,Soft core,,,Cloud,Cloud
GCF_000975175.1,XU06_RS27845,MTETAALTSFVAIPRTEEHDGCENECFTHYVQDNGGRYCLRGPMVQSDAEWLANKMNTQLD,61,hypothetical protein, ,Derived by automated computational analysis using gene prediction method: GeneMarkS-2+.,OG0000189,Shell,group_599,Cloud,Cloud,Cloud
GCF_000975175.1,XU06_RS33140,MTWRLAFATATAVVVAVIVTAALSVAGADGWSITWPALTISAISFGAASAYYPRPHMRTSLTLKGANE,68,hypothetical protein, ,Derived by automated computational analysis using gene prediction method: GeneMarkS-2+.,OG0001153,,group_68,Cloud,,Probably not conserved
GCF_000975175.1,XU06_RS28270,MDARQLFALGALGTGMLSLALQLTALCLGAEDAERYVFVRAANATAVLSLALLSAAFVF,59,hypothetical protein, ,Derived by automated computational analysis using gene prediction method: GeneMarkS-2+.,OG0000140,Shell,group_2266,Shell,Shell,Shell
GCF_000975175.1,XU06_RS28735,MRRASRAQRMELIAGFISVFALMALIGAVVAIVKGDPGVMPSLVLLGCVVALGLAFRGYRNAVRAERRE,69,hypothetical protein, ,Derived by automated computational analysis using gene prediction method: Protein Homology.,OG0000051,Conserved,group_2375,Soft core,Shell,Shell
GCF_000975175.1,XU06_RS29265,MEYWLCWLLPLGVVAVVFIPLALAWGSGRAVMLSFIIALLAVGGALCTFGYSIDNTAYYM,60,hypothetical protein, ,Derived by automated computational analysis using gene prediction method: GeneMarkS-2+.,OG0001154,,group_675,Cloud,,Probably not conserved
GCF_000975175.1,XU06_RS29270,MFGIEVSVATHIRTTPLQQGMWAELEPGHLYRWYSAVSASPHTPSDKLDRKARAGAIRRRTSG,63,hypothetical protein, ,Derived by automated computational analysis using gene prediction method: GeneMarkS-2+.,OG0001155,,group_437,Cloud,,Probably not conserved
GCF_000975175.1,XU06_RS32460,MAKGKRTFQPNNRRRARVHGFRLRMRTRAGRAIVSARRRKGRDSLTA,47,50s ribosomal protein l34, ,Derived by automated computational analysis using gene prediction method: Protein Homology.,OG0000052,Conserved,rpmH,Conserved,,Conserved
GCF_000975175.1,XU06_RS32465,MSRKRRSFTTEYKVEAARRVIDSGRTIAEVARDLG,35,transposase, ,Derived by automated computational analysis using gene prediction method: GeneMarkS-2+.,OG0000747,Cloud,,,,Probably not conserved
GCF_000975175.1,XU06_RS32755,MSNPNVACTITSPGRGFTPLEARRPGKSRAGAARLIGDIFVTFIPNFWILGVVCERR,57,hypothetical protein, ,Derived by automated computational analysis using gene prediction method: GeneMarkS-2+.,OG0001156,,,,,Probably not conserved
GCF_000975175.1,XU06_RS32765,MVGGASLTLWPAFSTSGGGIEAASVYAYVLDDDGAPFGVVELDGQGVGGTVLV,53,hypothetical protein, ,Derived by automated computational analysis using gene prediction method: GeneMarkS-2+.,OG0001157,,,,,Probably not conserved
GCF_000975175.1,XU06_RS33685,MLDVLVQPRRNALAVKSFFRRILKVWVCAAGDRYRQAG,38,hypothetical protein, ,Derived by automated computational analysis using gene prediction method: Protein Homology.,OG0001158,,,,,Probably not conserved
GCF_000975175.1,XU06_RS33160,MVENFADTVIDNSDLGRDWAPVPWRTIALDDGHLVFAAKGGLELA,45,hypothetical protein, ,Derived by automated computational analysis using gene prediction method: GeneMarkS-2+.,OG0000236,Shell,,,,Probably not conserved
GCF_000975175.1,XU06_RS32800,MIRFGALCSPALRIHTLAPVSFPLTIGAVVVMLIVSVDPYLALLQVGLL,49,hypothetical protein, ,Derived by automated computational analysis using gene prediction method: GeneMarkS-2+.,OG0000558,Cloud,,,,Probably not conserved
GCF_000975175.1,XU06_RS33165,MATNETPTLTQEEREAFWRRWGWSPELPETERLAIEQEWHDTAIELAKFHGF,52,hypothetical protein, ,Derived by automated computational analysis using gene prediction method: Protein Homology.,OG0000153,Shell,,,,Probably not conserved
GCF_000975175.1,XU06_RS33295,MTMQYTIPGTALELPRWLNPAPRGSPKKVLARAVMWGGYVHLPKGLSAPTEYAHVNNLDI,60,hypothetical protein, ,Derived by automated computational analysis using gene prediction method: GeneMarkS-2+.,OG0001159,,,,,Probably not conserved
GCF_000975175.1,XU06_RS32810,MPQERRSKIDTAIITVAACTAGGFVVGAGHDPVTALAVSVFLAGGLALASYIAKGG,56,hypothetical protein, ,Derived by automated computational analysis using gene prediction method: GeneMarkS-2+.,OG0000078,Soft core,,,,Probably not conserved
GCF_000975175.1,XU06_RS30190,MRARSHARASARSNRYDDFEKNIRSQKITGHSNDSDFTLMFAAVDRQVIPAPAVDTESEVRA,62,hypothetical protein, ,Derived by automated computational analysis using gene prediction method: GeneMarkS-2+.,OG0001160,,,,,Probably not conserved
GCF_000975175.1,XU06_RS30240,MSRETMMGCRAAFVVLEALEVAVREAVAAMDESFGEQVWPNANAFLTRHGHANH,54,hypothetical protein, ,Derived by automated computational analysis using gene prediction method: GeneMarkS-2+.,OG0001161,,,,,Probably not conserved
GCF_000975175.1,XU06_RS33570,MIGAVVARRKRRKPTPYPSDLTDAQWELIAPMVPAALPGGRPAIHD,46,hypothetical protein, ,Derived by automated computational analysis using gene prediction method: GeneMarkS-2+.,OG0000748,Cloud,,,,Probably not conserved
GCF_000975175.1,XU06_RS33180,MTLTNRHRHNDGGNILRFWIVSAAVCLFALFVLIQLGPTVQKYLATIV,48,hypothetical protein, ,Derived by automated computational analysis using gene prediction method: GeneMarkS-2+.,OG0000300,Cloud,group_2486,Cloud,,Cloud
GCF_000975175.1,XU06_RS33185,MTRTPAPEEGWSPPPDEGQAGMVLLPNEWWGFRYKPGVRPLIVERPEERDKPGQSTLQ,58,hypothetical protein, ,Derived by automated computational analysis using gene prediction method: Protein Homology.,OG0000119,Shell,group_817,Cloud,,Cloud
GCF_000975175.1,XU06_RS32845,MTAQVLMYSDPNLDLVEFAIACGLPADMTGTSEDADGFLTQGIRRDTSGQVTRPGTYE,58,hypothetical protein, ,Derived by automated computational analysis using gene prediction method: GeneMarkS-2+.,OG0000749,Cloud,group_818,Cloud,Cloud,Cloud
GCF_000975175.1,XU06_RS33195,MSEIEEPDAIQGWSPAPDEGQAGTVLTSDGRWAYRYKDGADLILMKMPERPAPA,54,hypothetical protein, ,Derived by automated computational analysis using gene prediction method: Protein Homology.,OG0000119,Shell,group_2472,Shell,Cloud,Shell
GCF_000975175.1,XU06_RS30640,MTETATPTRFVVIPRTEEHGGYENECFTHYVQDGRGRYCLRGPMVQSDAEWLANKMNTQLG,61,hypothetical protein, ,Derived by automated computational analysis using gene prediction method: GeneMarkS-2+.,OG0000189,Shell,group_2471,Shell,Cloud,Shell
GCF_000975175.1,XU06_RS32850,MSIRSPRVTDLDGLRSGQDFGLRFGLGQCGDLMLVASSRIVQVSDSVG,48,hypothetical protein, ,Derived by automated computational analysis using gene prediction method: GeneMarkS-2+.,OG0000750,Cloud,group_1428,Cloud,Cloud,Cloud
GCF_000975175.1,XU06_RS30685,MKTEEEERLIAHAVTRLSVKYPSISADVVADAVASAHAHFDGHKVRDFVPLLVERMAGEKLSSLVAS,67,hypothetical protein, ,Derived by automated computational analysis using gene prediction method: Protein Homology.,OG0000062,Soft core,group_2496,Shell,Cloud,Cloud
GCF_000975175.1,XU06_RS33585,MSLFTNTHLHPYCARTAVAAPCGVGTAQLVRLALYLAMCTGTNAIP,46,hypothetical protein, ,Derived by automated computational analysis using gene prediction method: GeneMarkS-2+.,OG0000259,Shell,group_2153,Shell,Cloud,Shell
GCF_000975175.1,XU06_RS30825,MPTPSKGDRTRVVSRVPDPVYAELEKRRKAAGVSSVSQYVADLLAATTGHQNLVVELDQEVLQLTA,66,hypothetical protein, ,Derived by automated computational analysis using gene prediction method: Protein Homology.,OG0000139,Shell,group_216,Shell,Cloud,Shell
GCF_000975175.1,XU06_RS33210,MVETKHTSEATEAAPSSTVIYADSAKVAMIAREEAQRWGQLLDRLAK,47,hypothetical protein, ,Derived by automated computational analysis using gene prediction method: GeneMarkS-2+.,OG0000560,Cloud,group_1487,Cloud,Cloud,Cloud
GCF_000975175.1,XU06_RS30970,MNEKNIPVERSAVEAAMYQATKHLNVITDADLAAVVEGLTGEPVARAQIDFAFPAPGTTDHLFD,64,hypothetical protein, ,Derived by automated computational analysis using gene prediction method: Protein Homology.,OG0000121,Shell,group_2475,Shell,Cloud,Shell
GCF_000975175.1,XU06_RS32865,MSLKARKLLWATTVAIFLVAAVLSYFSSGLGSAALWVTVGLALGASGFADLKVQARR,57,hypothetical protein, ,Derived by automated computational analysis using gene prediction method: GeneMarkS-2+.,OG0000375,Cloud,group_873,Cloud,Cloud,Cloud
GCF_000975175.1,XU06_RS33215,MNDDEHDAWQLHHHGADWDEIGTEMGCSPTTAQTLAAAYEKRTDDAAAQTQNTLF,55,hypothetical protein, ,Derived by automated computational analysis using gene prediction method: Protein Homology.,OG0000063,Soft core,group_2464,Shell,Cloud,Cloud
GCF_000975175.1,XU06_RS31045,MSTETDTLAPALVAVVEATAALDAAMFDRSREGFIDVTALVDAFAAARAAARDAGHTEEDIDAAATPTN,69,hypothetical protein, ,Derived by automated computational analysis using gene prediction method: Protein Homology.,OG0000226,Shell,group_2451,Shell,Cloud,Shell
GCF_000975175.1,XU06_RS31100,MKWITSAAAAVSVVLLLSGCGNGEEEFKARTGAQQYDSAKEIADDLAAAGITCESFARDASTEYSADAG,69,hypothetical protein, ,Derived by automated computational analysis using gene prediction method: GeneMarkS-2+.,OG0001162,,group_7,Cloud,,Probably not conserved
GCF_000975175.1,XU06_RS32870,MAFDPISILVAGVAAAGAAVHGSPLPPPVADVATNVVAAVEYAAPEWEAQLAPHIEQ,57,hypothetical protein, ,Derived by automated computational analysis using gene prediction method: GeneMarkS-2+.,OG0001163,,,,,Probably not conserved
GCF_000975175.1,XU06_RS32875,MNNVGESRIENRLGAMLSEFDIGEHQDGSMRIDFALGANADGGDPR,46,hypothetical protein, ,Derived by automated computational analysis using gene prediction method: GeneMarkS-2+.,OG0000330,Cloud,group_2485,Cloud,,Cloud
GCF_000975175.1,XU06_RS32885,MRRLRADGFGERMLAASAPQFAMMRRLPAARWTGLLEDWAELDRWRAAPPWWELGLRASSSNRKEP,66,hypothetical protein, ,Derived by automated computational analysis using gene prediction method: GeneMarkS-2+.,OG0000376,Cloud,group_218,Shell,,Cloud
GCF_000975175.1,XU06_RS33225,MQVGDHVRIHTTGTSVFSIIEIDEAAGKAIVESVTDAPGKYPWPTD,46,hypothetical protein, ,Derived by automated computational analysis using gene prediction method: Protein Homology.,OG0000072,Soft core,group_2154,Cloud,,Cloud
GCF_000975175.1,XU06_RS31340,MNSVSGALLRYAQQVLTGTSHAPDQVASVVAGTGEDAAARALRAGWECAANPVILACEQTEDVS,64,hypothetical protein, ,Derived by automated computational analysis using gene prediction method: Protein Homology.,OG0000134,Shell,group_2278,Cloud,,Cloud
GCF_000975175.1,XU06_RS31390,MAKITADLHKCQGYANCVVTDPDTFDLDDDGKVMLVRAHVAAADLARADEAVRSCPAAALMLDTSRS,67,ferredoxin, ,Derived by automated computational analysis using gene prediction method: Protein Homology.,OG0000001,Conserved,,,,Probably not conserved
GCF_000975175.1,XU06_RS31520,MTEEQPVETLSRWSGSGAMWRVLHRTPTSITVSLRRCDDGEEVDRLTSSDPDLLAWIGDRSGSED,65,hypothetical protein, ,Derived by automated computational analysis using gene prediction method: Protein Homology.,OG0000285,Shell,,,,Probably not conserved
GCF_000975175.1,XU06_RS31540,MTELQKTKRRVKTIRAIRKSTELEGARSTAATRTDQLAYARGTITATELGDRVRRRYNVQ,60,antitoxin vbha family protein, ,Derived by automated computational analysis using gene prediction method: Protein Homology.,OG0000377,Cloud,,,,Probably not conserved
GCF_000975175.1,XU06_RS31560,MPDGSAVDEYFHSDNDAITAATEANSGTSCGITVERYAEDGHLFATHFPQGGHRGTARRHRPRPG,65,hypothetical protein, ,Derived by automated computational analysis using gene prediction method: Protein Homology.,OG0000113,Soft core,,,,Probably not conserved
GCF_000975175.1,XU06_RS33230,MTLTEQLHNCQDLLARAQLAGDEDAIRRFSSYRLTLIQQIADSSRLAWHG,50,hypothetical protein, ,Derived by automated computational analysis using gene prediction method: Protein Homology.,OG0000751,Cloud,,,,Probably not conserved
GCF_000975175.1,XU06_RS33615,MNRWLKYIVPAIVVASAIAVIAWTTTLTHPSGAPLGHGKVR,41,hypothetical protein, ,Derived by automated computational analysis using gene prediction method: GeneMarkS-2+.,OG0000561,Cloud,,,,Probably not conserved
GCF_000975175.1,XU06_RS32900,MAIDKLPGAVFVVSVCAEGWRRRKLRLPAGSGCVLCAGGVACAVFTVGVARRRRW,55,hypothetical protein, ,Derived by automated computational analysis using gene prediction method: GeneMarkS-2+.,OG0001164,,,,,Probably not conserved
GCF_000975175.1,XU06_RS31705,MERGSAINGPRPASADVALAIAAATVLGVTVGVLLADVVAGVAVGAGTAVVFRFVLRTIITRK,63,hypothetical protein, ,Derived by automated computational analysis using gene prediction method: Protein Homology.,OG0000124,Shell,,,Cloud,Cloud
GCF_000975175.1,XU06_RS32905,MSVRVHGYRIGLARRVWFVSDGYDNPIFVLRTTSGLMQMGAEFSVEALVAMRKAHKNQVQRRD,63,hypothetical protein, ,Derived by automated computational analysis using gene prediction method: GeneMarkS-2+.,OG0001165,,,,,Probably not conserved
GCF_000975175.1,XU06_RS32920,MLRIHDLGRRAADGHNAGRNLADLIADADADAAVLAVMMRVFTACDTLLT,50,hypothetical protein, ,Derived by automated computational analysis using gene prediction method: GeneMarkS-2+.,OG0001166,,,,,Probably not conserved
GCF_001682295.1,AOT96_RS00020,MAKTKTHCKNGHAYTPENTLWKTREGVPITKYCKTCQYAANQRYIGRQVAAYKAEHGIES,60,hypothetical protein, ,Derived by automated computational analysis using gene prediction method: GeneMarkS-2+.,OG0000480,Cloud,,,Cloud,Cloud
GCF_001682295.1,AOT96_RS00035,MTTALETRPETTTWLVPDYKIDGVTWYEPGEYVNPETGEVEGDVMCTL,48,hypothetical protein, ,Derived by automated computational analysis using gene prediction method: GeneMarkS-2+.,OG0000378,Cloud,group_2388,Cloud,Cloud,Cloud
GCF_001682295.1,AOT96_RS35980,MGTLKSGQDLAAKFSKKAVGGEDSLEKSLTSHIQVVTEMRDFFQQCVDRYGEVDDSNASALASVETPR,68,hypothetical protein, ,Derived by automated computational analysis using gene prediction method: GeneMarkS-2+.,OG0000123,Soft core,group_2307,Soft core,Soft core,Soft core
GCF_001682295.1,AOT96_RS35985,MSTALLTIYVLIWPALVLVVLGVISKGFFKDWATARRNGEDLV,43,putative transporter small subunit, ,Derived by automated computational analysis using gene prediction method: Protein Homology.,OG0000088,Soft core,group_2364,Soft core,Soft core,Soft core
GCF_001682295.1,AOT96_RS00995,MAAMKPRTGDGPLEATKEGRGIVMRVPLEGGGRLVVELTPDEAAALGVELTNVTS,55,duf3117 domain-containing protein, ,Derived by automated computational analysis using gene prediction method: Protein Homology.,OG0000043,Conserved,group_1003,Soft core,Soft core,Soft core
GCF_001682295.1,AOT96_RS01100,MTEQDATFDPEAPESDALEQSTPVDPNAPEEPDLTDIPLDAPVADVVDQRVEVAVDDDYRPS,62,hypothetical protein, ,Derived by automated computational analysis using gene prediction method: Protein Homology.,OG0000057,Core,group_2211,Soft core,Soft core,Soft core
GCF_001682295.1,AOT96_RS35625,MYNWDLQNQIVAFVDSLRPMAGYYHDLYYGSLYAFADQQSHLLTLLGFPPVP,52,hypothetical protein, ,Derived by automated computational analysis using gene prediction method: Protein Homology.,OG0000058,Core,group_1175,Soft core,Soft core,Soft core
GCF_001682295.1,AOT96_RS35630,MGKVKASKVSQLKPKKKCCRKKTRCIKCPVVIMRMKKLENEGASKKELKAGLKKARAA,58,hypothetical protein, ,Derived by automated computational analysis using gene prediction method: Protein Homology.,OG0000044,Conserved,group_2365,Soft core,Soft core,Soft core
GCF_001682295.1,AOT96_RS36295,MGSMEGILGAVVQGLGSLFSADGLLKTFMGSVETISKDPTP,41,hypothetical protein, ,Derived by automated computational analysis using gene prediction method: GeneMarkS-2+.,OG0000103,Soft core,group_2051,Soft core,Soft core,Soft core
GCF_001682295.1,AOT96_RS01305,MTAKLTTAFRGTLWWVRSVMGDLDYQRYVEHTRRHHADSPVISEREFWRRRHAAADANPGARCC,64,ybdd/yjix family protein, ,Derived by automated computational analysis using gene prediction method: Protein Homology.,OG0000045,Conserved,group_2343,Soft core,Conserved,Soft core
GCF_001682295.1,AOT96_RS01555,MSTNSDRRPRLPVRIAYLAAGVLFVAAMLLLASVVNPDRDRDFSMNHVPAGTSTTAFAATSDLG,64,hypothetical protein, ,Derived by automated computational analysis using gene prediction method: Protein Homology.,OG0000104,Soft core,group_2149,Soft core,Soft core,Soft core
GCF_001682295.1,AOT96_RS36300,MTVHFCTASSEVRQPAGCCRTWTLAVATDQRSPKPFDPLTPFV,43,hypothetical protein, ,Derived by automated computational analysis using gene prediction method: GeneMarkS-2+.,OG0000752,Cloud,group_1715,Cloud,,Cloud
GCF_001682295.1,AOT96_RS01990,MAEGIVKWFNSEKGFGFIAPEDGSADVFVHYSEIQSGGFRTLEENQRVAFEIGQGNKGPQATGVTIV,67,cold-shock protein, ,Derived by automated computational analysis using gene prediction method: Protein Homology.,OG0000046,Conserved,group_132,Soft core,Soft core,Soft core
GCF_001682295.1,AOT96_RS01995,MTTAEYTVSGMTCGHCVGSVKEEIGNIAGVTAVDVELASGRVVVTSDAPVSAADVVAAVDEAGYAVVPS,69,heavy-metal-associated domain-containing protein, ,Derived by automated computational analysis using gene prediction method: Protein Homology.,OG0000006,Conserved,group_2139,Soft core,Soft core,Soft core
GCF_001682295.1,AOT96_RS35635,MKHTMSDDELRRAIREIQDRAHDARKRGDDVAAEELDRTVKGYQEQMMQRL,51,hypothetical protein, ,Derived by automated computational analysis using gene prediction method: Protein Homology.,OG0000059,Core,group_2336,Soft core,Soft core,Soft core
GCF_001682295.1,AOT96_RS35640,MSEQRDTPKKPSVDKKRLARIFGDVFPETTSDERGPEGSSRSSDDDWLRSQRPPHHGG,58,hypothetical protein, ,Derived by automated computational analysis using gene prediction method: Protein Homology.,OG0000089,Soft core,group_2328,Soft core,Soft core,Soft core
GCF_001682295.1,AOT96_RS02215,MAVPKRKMSRSNTRSRRAQWKATAPDLVEVTAFGQTHRVPRRLVKAVRLGVIDPSRM,57,50s ribosomal protein l32, ,Derived by automated computational analysis using gene prediction method: Protein Homology.,OG0000060,Soft core,group_2302,Soft core,Soft core,Soft core
GCF_001682295.1,AOT96_RS02235,MARNEIRPIVKLKSTAGTGYTYVTRKNRRNDPDRLVLKKYDPVLRKHVDFREEK,54,50s ribosomal protein l33, ,Derived by automated computational analysis using gene prediction method: Protein Homology.,OG0000047,Conserved,group_2199,Soft core,Soft core,Soft core
GCF_001682295.1,AOT96_RS35195,MHLTATTSTTTGAAGNSDPKDAESTLDMSGRAGCASSPVRRSNTPGRR,48,hypothetical protein, ,Derived by automated computational analysis using gene prediction method: GeneMarkS-2+.,OG0000131,Shell,group_2058,Shell,Shell,Shell
GCF_001682295.1,AOT96_RS02855,MGFLDNVKGLVEKGQELAAENSDKVHDAIDKVADIADDKTGNKYGDQIDKAAEAAKKAVPEKQ,63,antitoxin, ,Derived by automated computational analysis using gene prediction method: Protein Homology.,OG0000010,Conserved,group_425,Soft core,Soft core,Soft core
GCF_001682295.1,AOT96_RS03395,MANNSKQHYVDPGWPETADGDHAVTELSSTRAGGLSPFGEDTTFPVPVESLPYVHPHTVINR,62,hypothetical protein, ,Derived by automated computational analysis using gene prediction method: Protein Homology.,OG0000048,Conserved,group_501,Soft core,Soft core,Soft core
GCF_001682295.1,AOT96_RS36305,MADKAPGKNMKKPAQSIKERRAEKRAKSAESSEFIRKRKRS,41,hypothetical protein, ,Derived by automated computational analysis using gene prediction method: Protein Homology.,OG0000004,Core,group_2142,Soft core,Soft core,Soft core
GCF_001682295.1,AOT96_RS34580,MGRGRAKAKQTKVARELKYSVPTTDFDSLQRELAGGSTNSHRSSVRSDQTSDREGHAREDDYDDWRR,67,duf3073 domain-containing protein, ,Derived by automated computational analysis using gene prediction method: Protein Homology.,OG0000049,Conserved,group_133,Soft core,Soft core,Soft core
GCF_001682295.1,AOT96_RS04515,MRNNLQELRTAAGLSQQACADALGITRQTVISIEKGHFDPRLSLAFRIAEYFDKRVDDIFSS,62,helix-turn-helix transcriptional regulator, ,Derived by automated computational analysis using gene prediction method: Protein Homology.,OG0000105,Soft core,group_502,Soft core,Soft core,Soft core
GCF_001682295.1,AOT96_RS04640,MTSPMNTRKLTRARSGAMFGGVCAGIARYFGWKSSTVRLLFVLSCLLPGPQFLIYIVMWIFIPREQI,67,pspc domain-containing protein, ,Derived by automated computational analysis using gene prediction method: Protein Homology.,OG0000106,Soft core,group_134,Soft core,Soft core,Soft core
GCF_001682295.1,AOT96_RS35200,MAEGERPPGVLDDSTYQSPDGLRKFGRTKSEVWFRNKKAYNASRIDDAAVEAANG,55,hypothetical protein, ,Derived by automated computational analysis using gene prediction method: GeneMarkS-2+.,OG0000185,Shell,group_2143,Shell,Shell,Shell
GCF_001682295.1,AOT96_RS36310,MPSEPYPDLGQVVVQFPAHPGEGTHTVEADFERMNPGKRIGK,42,hypothetical protein, ,Derived by automated computational analysis using gene prediction method: GeneMarkS-2+.,OG0000562,Cloud,group_2340,Cloud,Cloud,Cloud
GCF_001682295.1,AOT96_RS35645,MSDWVKKVEAEAKGLLAEAEEELTVLEGVDTIDPLADDDPAPEDGTKPTSD,51,hypothetical protein, ,Derived by automated computational analysis using gene prediction method: Protein Homology.,OG0000090,Soft core,group_2192,Soft core,Soft core,Soft core
GCF_001682295.1,AOT96_RS35215,MAATTPVSGYVIVPHPSDVDAVGSREVEVEVDELPEQYSKPGTPPITGGPTVPS,54,hypothetical protein, ,Derived by automated computational analysis using gene prediction method: GeneMarkS-2+.,OG0000204,Shell,group_2298,Shell,Shell,Shell
GCF_001682295.1,AOT96_RS06340,MNPSVMKQRIPNGEVPTVEEFVTAPPALRALPIPRIEAVDGRVQIN,46,hypothetical protein, ,Derived by automated computational analysis using gene prediction method: GeneMarkS-2+.,OG0000260,Shell,group_2250,Shell,Shell,Shell
GCF_001682295.1,AOT96_RS06630,MAQGIVKWFNGEKGFGFIAPDDGTPDVFVHYSEISGNGYKSLDENQRVEFEVGQGQKGPQATNVRAV,67,cold-shock protein, ,Derived by automated computational analysis using gene prediction method: Protein Homology.,OG0000003,Conserved,group_1991,Soft core,Soft core,Soft core
GCF_001682295.1,AOT96_RS35230,MKKTDFAPISCIHRWEIESRHRTSEGTVTYLRCHCGSWQTLLAEWVSGGAGSAVAAPIKVRSR,63,hypothetical protein, ,Derived by automated computational analysis using gene prediction method: GeneMarkS-2+.,OG0000116,Soft core,group_2290,Soft core,Soft core,Soft core
GCF_001682295.1,AOT96_RS35235,MPTVIRTVHDLVRHARGPTHHHHHQSVHEARRMRAHHILVTHSLA,45,hypothetical protein, ,Derived by automated computational analysis using gene prediction method: GeneMarkS-2+.,OG0000112,Soft core,group_2176,Soft core,Soft core,Soft core
GCF_001682295.1,AOT96_RS07130,MVGTPVIVTIVSVCVGFVIFMLAASGARGKWDRRLVIALFIGAVVCLTVVPVSVALSAGV,60,hypothetical protein, ,Derived by automated computational analysis using gene prediction method: Protein Homology.,OG0000091,Soft core,group_2382,Soft core,Soft core,Soft core
GCF_001682295.1,AOT96_RS35655,MNETQPHNLERERWRTLPTPPSTELIEMVGDGPSSADFDPAAPVAQQG,48,hypothetical protein, ,Derived by automated computational analysis using gene prediction method: Protein Homology.,OG0000128,Shell,group_2355,Shell,Shell,Shell
GCF_001682295.1,AOT96_RS07730,MTEPDPGTVETDFPKTGAPAQRALIAAGYTHLAQLTSVSEKELGALHGMGPKALRILREALAERGLSFAD,70,hypothetical protein, ,Derived by automated computational analysis using gene prediction method: Protein Homology.,OG0000050,Conserved,,,Soft core,Soft core
GCF_001682295.1,AOT96_RS36000,MLGNVKCSHPSGYLHGEVLAVDAAMNLITAKVDDFENVREGVPGSSLVGGGYVPL,55,hypothetical protein, ,Derived by automated computational analysis using gene prediction method: GeneMarkS-2+.,OG0000198,Shell,group_2094,Shell,Shell,Shell
GCF_001682295.1,AOT96_RS36315,MGSSDTDLKALDSVITVAGALAAIFGGIAGVAGLATFLGTGGGS,44,hypothetical protein, ,Derived by automated computational analysis using gene prediction method: GeneMarkS-2+.,OG0000065,Soft core,group_2088,Shell,Shell,Shell
GCF_001682295.1,AOT96_RS36320,MNSSDLGSVSALLPMMLTAFKSIITMPFALSVDFGLDVPFNPFK,44,hypothetical protein, ,Derived by automated computational analysis using gene prediction method: GeneMarkS-2+.,OG0000186,Shell,group_2240,Shell,Shell,Shell
GCF_001682295.1,AOT96_RS08480,MNAPTRYQFLIDGEVSDRVKAAFPELSVASAAGGFTSLYGPVADHTAMRSIMARLDSLGLTVAEMRRLPD,70,hypothetical protein, ,Derived by automated computational analysis using gene prediction method: Protein Homology.,OG0000092,Soft core,,,Soft core,Soft core
GCF_001682295.1,AOT96_RS08490,MHDRFTVTAPFGVLGHLALRLAVGPYRRRLLEQRAAHIKGRAEVGTPFIE,50,cyclase/dehydrase, ,Derived by automated computational analysis using gene prediction method: Protein Homology.,OG0000261,Shell,group_2085,Shell,Shell,Shell
GCF_001682295.1,AOT96_RS36325,MSVVLISLLVAAGLTVLATSDGAGLDFGSRQLNRQLKTRTHR,42,hypothetical protein, ,Derived by automated computational analysis using gene prediction method: GeneMarkS-2+.,OG0000107,Soft core,group_1760,Soft core,Soft core,Soft core
GCF_001682295.1,AOT96_RS35660,MKIVVLSFLVALTLMTVGIIAARNRSTRPAVTGAVTAASTVLAAAWTLFAVAFVLA,56,hypothetical protein, ,Derived by automated computational analysis using gene prediction method: Protein Homology.,OG0000110,Soft core,group_2239,Soft core,Soft core,Soft core
GCF_001682295.1,AOT96_RS09370,MNPKRSNGDDKPRGDREELTVTARRIEDEVSAACGSTSATAGVMREGLADCSAQRVRT,58,hypothetical protein, ,Derived by automated computational analysis using gene prediction method: GeneMarkS-2+.,OG0000282,Shell,group_815,Shell,Shell,Shell
GCF_001682295.1,AOT96_RS09425,MDARQLFALGAHDTGMLSLALQLTPLCLGAEDAEQYVFVRTANATAVLSLALLSAAFVFWPPAG,64,hypothetical protein, ,Derived by automated computational analysis using gene prediction method: GeneMarkS-2+.,OG0000140,Shell,group_2266,Shell,Shell,Shell
GCF_001682295.1,AOT96_RS35245,MNHRESFQAVKWGTPRRTRRHRQLIRGRIAGGGATVEVSSEVLAYY,46,hypothetical protein, ,Derived by automated computational analysis using gene prediction method: GeneMarkS-2+.,OG0000141,Shell,group_2265,Shell,Shell,Shell
GCF_001682295.1,AOT96_RS09875,MRRASRAQRMELIAGFISVFALMALIGAVVAIVKGDPGVMPSLVLLGCVVALGLAFRGYRNAVRAERRE,69,hypothetical protein, ,Derived by automated computational analysis using gene prediction method: Protein Homology.,OG0000051,Conserved,group_2375,Soft core,Soft core,Soft core
GCF_001682295.1,AOT96_RS34610,MAKGKRTFQPNNRRRARVHGFRLRMRTRAGRAIVSARRRKGRDSLTA,47,50s ribosomal protein l34, ,Derived by automated computational analysis using gene prediction method: Protein Homology.,OG0000052,Conserved,rpmH,Conserved,Shell,Shell
GCF_001682295.1,AOT96_RS35665,MSDDEHDAWQLHHHGASWEDIGTEMGCSPTTAQTLAAAYEKRTDSAAAQTQNALF,55,hypothetical protein, ,Derived by automated computational analysis using gene prediction method: Protein Homology.,OG0000063,Soft core,group_2374,Cloud,Cloud,Cloud
GCF_001682295.1,AOT96_RS35255,MAAGAGFVLGTLIGWLLVPDAMRPWQFGMIFALVSLLLVLLGAAPYVWRRYSGQS,55,hypothetical protein, ,Derived by automated computational analysis using gene prediction method: GeneMarkS-2+.,OG0000753,Cloud,group_1015,Cloud,,Cloud
GCF_001682295.1,AOT96_RS11065,MGLLRGAAVAVAAGGTAEQVAKAEAILAEARRALFEMLAEKPADVQQAHAESTDTLPAE,59,hypothetical protein, ,Derived by automated computational analysis using gene prediction method: Protein Homology.,OG0000228,Shell,group_2177,Shell,Shell,Shell
GCF_001682295.1,AOT96_RS11135,MSNISFDSVSNSAPANALQGVGTNALVDNPFTFEPVAEATSAHALQGVGTNALVDNPFSFQS,62,streptamidine-related ripp repeat protein, ,Derived by automated computational analysis using gene prediction method: Protein Homology.,OG0000093,Soft core,group_2291,Soft core,Soft core,Soft core
GCF_001682295.1,AOT96_RS35675,MFNDVFNNVIHPMVTNFQQLGPQQFIPQQFIPQGVFQQAPQAAEQAVTIFGS,52,hypothetical protein, ,Derived by automated computational analysis using gene prediction method: Protein Homology.,OG0000075,Soft core,group_2178,Soft core,Soft core,Soft core
GCF_001682295.1,AOT96_RS35280,MACLERSALPQAAVIEELPTDTLIRLGDKPMHVHAADIVAVRAVSGYGDQVGLERTGR,58,hypothetical protein, ,Derived by automated computational analysis using gene prediction method: GeneMarkS-2+.,OG0000280,Shell,group_2056,Cloud,Shell,Shell
GCF_001682295.1,AOT96_RS12245,MGIADKAQNKAEDLGGKAKEAAGSATGDRDLENEGKGDQVKSAVKDAGEKVKDAASSIKDKLT,63,csbd family protein, ,Derived by automated computational analysis using gene prediction method: Protein Homology.,OG0000011,Conserved,group_2411,Conserved,Soft core,Soft core
GCF_001682295.1,AOT96_RS35680,MADLTLLTDDELRERRIALSRSLTTAADLIPTPPPSFFEKLKQDIDAAAAEWIARRS,57,hypothetical protein, ,Derived by automated computational analysis using gene prediction method: Protein Homology.,OG0000076,Soft core,group_2322,Soft core,Soft core,Soft core
GCF_001682295.1,AOT96_RS35685,MSEITSWEYTVTPLLVHNPKAILDNWGVDGWELVAVLPSASGEQHVAYMKRPKG,54,hypothetical protein, ,Derived by automated computational analysis using gene prediction method: Protein Homology.,OG0000012,Conserved,group_2273,Conserved,Soft core,Soft core
GCF_001682295.1,AOT96_RS13195,MISKTLRTVSARFALLVAEDDGMSTAEYAIGTIAAAAFGAVLYTVVTDSQVLRYQNGCSDLLPYFAGPQW,70,duf4244 domain-containing protein, ,Derived by automated computational analysis using gene prediction method: Protein Homology.,OG0000094,Soft core,,,Soft core,Soft core
GCF_001682295.1,AOT96_RS35290,MNANILDLIPSSEAGKILGVTSRTIRKWVSKGTLPGYRSGSRLVLVPKVAVLAQLRDAKQN,61,excisionase family dna-binding protein, ,Derived by automated computational analysis using gene prediction method: Protein Homology.,OG0000200,Shell,group_601,Cloud,Cloud,Cloud
GCF_001682295.1,AOT96_RS13260,MAQGTVKWFNAEKGFGFIAPEDGSADVFVHYSEIQGNGFRTLEENQRVEFEVGQGTKGPQATGVRAV,67,cold-shock protein, ,Derived by automated computational analysis using gene prediction method: Protein Homology.,OG0000013,Conserved,group_128,Conserved,Soft core,Soft core
GCF_001682295.1,AOT96_RS13295,MADSLKARVKEKLLRQLAEDGRHPIQEAEGDDPRLVSINDDLEALEQAEEGDPIVEELAERYWVP,65,hypothetical protein, ,Derived by automated computational analysis using gene prediction method: Protein Homology.,OG0000014,Conserved,group_2342,Conserved,Soft core,Soft core
GCF_001682295.1,AOT96_RS35690,MGSADVMAWLAEGYLAGDPIRYPLYVGSMFLAMPFQLIGVILGHPF,46,hypothetical protein, ,Derived by automated computational analysis using gene prediction method: Protein Homology.,OG0000061,Soft core,group_1542,Soft core,Soft core,Soft core
GCF_001682295.1,AOT96_RS36330,MRALMWHGGRLMGVFGLECARRGMTKRTAIADPQGHRADDLVQ,43,hypothetical protein, ,Derived by automated computational analysis using gene prediction method: Protein Homology.,OG0000481,Cloud,group_2084,Cloud,Cloud,Cloud
GCF_001682295.1,AOT96_RS35300,MTARGRTPLATQRMANYGAQALSELINEATFARTGQAKVSFLVLTD,46,hypothetical protein, ,Derived by automated computational analysis using gene prediction method: GeneMarkS-2+.,OG0000262,Shell,group_1552,Cloud,,Cloud
GCF_001682295.1,AOT96_RS35695,MITVQAGEAVSRREFCRTVGSEFDDLAVEDGFAVVEHGAECVDDLG,46,hypothetical protein, ,Derived by automated computational analysis using gene prediction method: GeneMarkS-2+.,OG0001167,,group_1553,Cloud,,Probably not conserved
GCF_001682295.1,AOT96_RS35305,MATTAAVQNPTRSRARTMSLSEYVAEHPAQRVFPPTSERAARMAMLIMFALMAVTLVVLVLDEAGIFG,68,hypothetical protein, ,Derived by automated computational analysis using gene prediction method: GeneMarkS-2+.,OG0000095,Soft core,group_53,Soft core,Soft core,Soft core
GCF_001682295.1,AOT96_RS36335,MRPIRPDTSVLVQAASTVEGDSDAIGGRVSGVTGEQAQPP,40,hypothetical protein, ,Derived by automated computational analysis using gene prediction method: GeneMarkS-2+.,OG0000754,Cloud,group_1880,Cloud,Cloud,Cloud
GCF_001682295.1,AOT96_RS14085,MALAYSPDTSIDSTRLAFLAAAVVLFAMLALYLVGFDQGAISRTGMYMHELMHDGRHLMGLPCH,64,cbtb domain-containing protein, ,Derived by automated computational analysis using gene prediction method: Protein Homology.,OG0000008,Conserved,group_2468,Conserved,Soft core,Soft core
GCF_001682295.1,AOT96_RS14510,MNAYICPICDYTYTESTGAAREGFPPGTPWSSIPDDWCCPDCGVREKVDFTLVTQS,56,rubredoxin, ,Derived by automated computational analysis using gene prediction method: Protein Homology.,OG0000096,Soft core,group_2166,Soft core,Soft core,Soft core
GCF_001682295.1,AOT96_RS14515,MSETATAYKLFRCLQCGFEYDEAIGWPDDGIEPGTRWDEIPEDWSCPDCGAAKVDFEMVEVDR,63,rubredoxin, ,Derived by automated computational analysis using gene prediction method: Protein Homology.,OG0000097,Soft core,group_421,Soft core,Soft core,Soft core
GCF_001682295.1,AOT96_RS35720,MKNPNLTPSRVLAVVLAAALVIFVIARRRDDGALSRGEWLSDTVGPDDLAG,51,hypothetical protein, ,Derived by automated computational analysis using gene prediction method: Protein Homology.,OG0000077,Soft core,group_2167,Soft core,Soft core,Soft core
GCF_001682295.1,AOT96_RS15155,MEVRVDLDRCEANGVCVGIAPDIFDLDDNEELVISSVRPPEDRWEDVRSAIAQCPRAALTEHP,63,ferredoxin, ,Derived by automated computational analysis using gene prediction method: Protein Homology.,OG0000005,Conserved,group_423,Soft core,Soft core,Soft core
GCF_001682295.1,AOT96_RS35725,MAENTTVETEIADEDLEPVADETARQAQRVVAAYAEDADECRMLLSMLGISPAAKLD,57,hypothetical protein, ,Derived by automated computational analysis using gene prediction method: Protein Homology.,OG0000015,Conserved,group_2168,Soft core,Soft core,Soft core
GCF_001682295.1,AOT96_RS34705,MTKFLVPGVASAVIGAVLGAGVIFGVTAAASDNTRPEIDRSGNADSSVLNQVEYGSR,57,duf2613 domain-containing protein, ,Derived by automated computational analysis using gene prediction method: Protein Homology.,OG0000016,Conserved,group_855,Soft core,Soft core,Soft core
GCF_001682295.1,AOT96_RS35730,MVGLIVLAALVLASVLVGFVFRRPIAEAKSAVLAFDDASSQPQRD,45,hypothetical protein, ,Derived by automated computational analysis using gene prediction method: GeneMarkS-2+.,OG0000098,Soft core,group_2198,Soft core,Soft core,Soft core
GCF_001682295.1,AOT96_RS36340,MGSSDADLALIKQIQPVITGVAGLISGIGAIVGLGVALQSFS,42,hypothetical protein, ,Derived by automated computational analysis using gene prediction method: Protein Homology.,OG0000065,Soft core,group_1769,Shell,Shell,Shell
GCF_001682295.1,AOT96_RS35735,MPERGQSRVDAGIIAVVAVITGVFVALTGHGLVAALATVVGLALGMAIVRYLIKGR,56,hypothetical protein, ,Derived by automated computational analysis using gene prediction method: Protein Homology.,OG0000078,Soft core,group_2220,Soft core,Soft core,Soft core
GCF_001682295.1,AOT96_RS16170,MMRIVTLIVLIWLIVGAVAAGQRGYYSSSPTNCAGVGTIALTVIAGPLNYFGVNPKVTDCTLPQPTE,67,hypothetical protein, ,Derived by automated computational analysis using gene prediction method: Protein Homology.,OG0000017,Conserved,group_129,Soft core,Soft core,Soft core
GCF_001682295.1,AOT96_RS35745,MIILGVILLIIGFVVNIPILWTIGVVLLVIGIILYALGAAGHAIGGRRHYY,51,duf6131 family protein, ,Derived by automated computational analysis using gene prediction method: Protein Homology.,OG0000000,Conserved,group_1229,Soft core,Soft core,Soft core
GCF_001682295.1,AOT96_RS35750,MTDKDDNDQSPKGGHPGPVDKGGDGGMATREQAPELVEETSGEKSDDE,48,hypothetical protein, ,Derived by automated computational analysis using gene prediction method: Protein Homology.,OG0000018,Core,group_2221,Soft core,Soft core,Soft core
GCF_001682295.1,AOT96_RS35320,MSIRRCSLASGRALRTARFGVATFRRGRKAIDRRPSGLVWIERALAAPAGSV,52,hypothetical protein, ,Derived by automated computational analysis using gene prediction method: GeneMarkS-2+.,OG0000142,Shell,group_2080,Shell,Shell,Shell
GCF_001682295.1,AOT96_RS35755,MIVLGIILALIGFFTGLSILTTVGIILVVVGAVLSILGATGRAVGGRKVWY,51,duf6131 family protein, ,Derived by automated computational analysis using gene prediction method: Protein Homology.,OG0000000,Conserved,group_1230,Soft core,Soft core,Soft core
GCF_001682295.1,AOT96_RS35325,MRTNPSFGIVDETLGTLARGMLPRLRHVFEQHQALHRQDVEAIVNV,46,hypothetical protein, ,Derived by automated computational analysis using gene prediction method: GeneMarkS-2+.,OG0000267,Shell,group_2081,Cloud,Shell,Shell
GCF_001682295.1,AOT96_RS35760,MPAPIMAPAAALAEPVVWNEDPQRQGWWKRILAATPPENPTNEEFQP,47,hypothetical protein, ,Derived by automated computational analysis using gene prediction method: Protein Homology.,OG0000118,Soft core,group_2222,Soft core,Soft core,Soft core
GCF_001682295.1,AOT96_RS16725,MWWIVGGVLLVWVVCSIPIAILVGRGIARRDRAEFDGRNQQWADEVVRSIEKQSEQDNADRRKPPLIS,68,hypothetical protein, ,Derived by automated computational analysis using gene prediction method: Protein Homology.,OG0000079,Soft core,group_2275,Shell,Shell,Shell
GCF_001682295.1,AOT96_RS16755,MGALSPTHWAIVAVVLVVLFGSKKLPDAARGLGRSMRILKSEVGELQSDTDLALEQRD,58,sec-independent protein translocase subunit tata, ,Derived by automated computational analysis using gene prediction method: Protein Homology.,OG0000019,Conserved,tatA,Soft core,Soft core,Soft core
GCF_001682295.1,AOT96_RS16800,MAQGSVKWFNGEKGFGFIEQEGGGPDVFVHYSEIQGSGYKSLDEGQKVEFEIGQGQKGPQAQNVRAI,67,cold-shock protein, ,Derived by automated computational analysis using gene prediction method: Protein Homology.,OG0000069,Soft core,group_130,Soft core,Soft core,Soft core
GCF_001682295.1,AOT96_RS36345,MSADSRGTSTQTRREYQMFVLQQRLLFGSIVAGTALGVLAITYF,44,hypothetical protein, ,Derived by automated computational analysis using gene prediction method: GeneMarkS-2+.,OG0000122,Soft core,group_2138,Soft core,Soft core,Soft core
GCF_001682295.1,AOT96_RS35765,MTTIDIPPTQGESTTGIGITVASATLTTEEVKRRIAMMYGDPVTEEPVALAH,52,hypothetical protein, ,Derived by automated computational analysis using gene prediction method: Protein Homology.,OG0000002,Conserved,group_2274,Soft core,Soft core,Soft core
GCF_001682295.1,AOT96_RS16875,MSEQNSTDRTDQTDEPQTTGTDHGPGTGSDTAPKDVQTDPSGERTWADEGGASSTGPATDTD,62,pi-type proteinase, ,Derived by automated computational analysis using gene prediction method: Protein Homology.,OG0000020,Core,group_2297,Soft core,Soft core,Soft core
GCF_001682295.1,AOT96_RS16915,MGGSADALNRALERVDRDFASPIGVGVRRTLRGTMRQIAKPARTQYTRLRARFPGAKTYTEI,62,hypothetical protein, ,Derived by automated computational analysis using gene prediction method: GeneMarkS-2+.,OG0000115,Soft core,group_2190,Soft core,Soft core,Soft core
GCF_001682295.1,AOT96_RS16920,MTTSTVGLLAGLLLGVAAAAGGFTGFLIALVLGVIGYLVGGQRDGEFDLGVMLKGRGRG,59,hypothetical protein, ,Derived by automated computational analysis using gene prediction method: Protein Homology.,OG0000099,Soft core,group_732,Soft core,Soft core,Soft core
GCF_001682295.1,AOT96_RS36350,MDVAVALCVTVLLATVTSMAIAIVVTLIMCASVSVVSRMW,40,hypothetical protein, ,Derived by automated computational analysis using gene prediction method: GeneMarkS-2+.,OG0000187,Shell,group_2158,Soft core,Shell,Shell
GCF_001682295.1,AOT96_RS16945,MSDFIDKAKHRAEDLIGEAKEKFGNATGNDDLAAEGVADQGEAKVKKAGDTVSDKVSDIKDKFTS,65,csbd family protein, ,Derived by automated computational analysis using gene prediction method: Protein Homology.,OG0000074,Soft core,group_2191,Soft core,Soft core,Soft core
GCF_001682295.1,AOT96_RS36355,MGSLGNLLKANGMGWGILQLLPLVNMLKTLQGLDTASSNS,40,hypothetical protein, ,Derived by automated computational analysis using gene prediction method: GeneMarkS-2+.,OG0000080,Soft core,group_2512,Soft core,Soft core,Soft core
GCF_001682295.1,AOT96_RS36360,MGSFEDFSGVVKTFIPVLKDLFTALGGGSLTPGTGSAADK,40,hypothetical protein, ,Derived by automated computational analysis using gene prediction method: GeneMarkS-2+.,OG0000108,Soft core,group_2511,Soft core,Soft core,Soft core
GCF_001682295.1,AOT96_RS17670,MFGSLSTLGPLLTALGAFLKSVPTESLSGKGEGSSTGSLSGLSSGSAE,48,hypothetical protein, ,Derived by automated computational analysis using gene prediction method: Protein Homology.,OG0000081,Soft core,group_2510,Soft core,Soft core,Soft core
GCF_001682295.1,AOT96_RS36450,MKAVEGGFDTAWSRRHVDLCRTAGSFCTN,29,putative leader peptide, ,Derived by automated computational analysis using gene prediction method: Protein Homology.,OG0000132,Shell,group_1947,Shell,Shell,Shell
GCF_001682295.1,AOT96_RS36365,MGSLDTGSLSTESLEDLNLGKISELLKLGITAVSFITALNSLS,43,hypothetical protein, ,Derived by automated computational analysis using gene prediction method: GeneMarkS-2+.,OG0000067,Soft core,group_2503,Soft core,Soft core,Soft core
GCF_001682295.1,AOT96_RS18040,MDEGTWTRGRAWALSIALVALPYYRDTNEQITAWAKHAIAQVVDDVHTEL,50,hypothetical protein, ,Derived by automated computational analysis using gene prediction method: Protein Homology.,OG0000155,Shell,group_2238,Shell,Shell,Shell
GCF_001682295.1,AOT96_RS18130,MTFESNTPRPFTRSNDKKMFAGVCGGIADYFGADVNLVRLLAVIAAICTGGTAALVYLAAWMLMPLG,67,pspc domain-containing protein, ,Derived by automated computational analysis using gene prediction method: Protein Homology.,OG0000021,Conserved,group_2380,Conserved,Soft core,Soft core
GCF_001682295.1,AOT96_RS18635,MGSSHDGKPAVAGTQFLTVAEVATLMRVSKMTVYRLVHSGELPAVRVGRSFRVHAKAVHDYLETSYFDAG,70,helix-turn-helix domain-containing protein, ,Derived by automated computational analysis using gene prediction method: Protein Homology.,OG0000071,Soft core,,,Soft core,Soft core
GCF_001682295.1,AOT96_RS34755,MGSVIKKRRKRMSKKKHRKLLRRTRVQRRKLGK,33,aurkaip1/cox24 domain-containing protein, ,Derived by automated computational analysis using gene prediction method: Protein Homology.,OG0000022,Conserved,group_1939,Conserved,Conserved,Conserved
GCF_001682295.1,AOT96_RS35770,MSSQEALRTESTHDAPLRQRGSRTEVILFAILGASVLVTLLMLMIPGIVSG,51,hypothetical protein, ,Derived by automated computational analysis using gene prediction method: Protein Homology.,OG0000100,Soft core,group_1231,Soft core,Soft core,Soft core
GCF_001682295.1,AOT96_RS18815,MLYLLALVGLVTLIVLMWKAFGPDPSTRTPVSGVRGPDDDPEFLWNVNQQTRRKRTEGPDVPPTDAST,68,hypothetical protein, ,Derived by automated computational analysis using gene prediction method: Protein Homology.,OG0000023,Conserved,group_2362,Soft core,Conserved,Soft core
GCF_001682295.1,AOT96_RS18820,MSAPTFNTAADALMTPGQVAALFHVDPKTVTRWAHAGRLGSLRTPGGHRRFRETEVMQLLRSLTTEADNN,70,bldc family transcriptional regulator, ,Derived by automated computational analysis using gene prediction method: Protein Homology.,OG0000068,Soft core,,,Soft core,Soft core
GCF_001682295.1,AOT96_RS19020,MASSTDVRPKITLACEVCKHRNYITKKNRRNDPDRLELKKFCPNCGTHQSHRESK,55,50s ribosomal protein l33, ,Derived by automated computational analysis using gene prediction method: Protein Homology.,OG0000024,Conserved,rpmG,Conserved,Soft core,Soft core
GCF_001682295.1,AOT96_RS19155,MAGKKLDRTNARTALEVVRESPTIAFITVAPAVVVFGVVWWLFGFWAAILLALVFGVAAVATQKLR,66,hypothetical protein, ,Derived by automated computational analysis using gene prediction method: Protein Homology.,OG0000025,Conserved,group_2209,Conserved,Soft core,Soft core
GCF_001682295.1,AOT96_RS19300,MNSTTVGLLVGLLLALAGIMGGFSGFVFAVLLGAAGMAIGAHRDGHLDLGAILRSRGRG,59,hypothetical protein, ,Derived by automated computational analysis using gene prediction method: Protein Homology.,OG0000026,Conserved,group_2303,Conserved,Soft core,Soft core
GCF_001682295.1,AOT96_RS19430,MRLSTRNQLTGTITEVNLGTVMATVKVKLDGGNQIVTSSITRDAALDLDLEPGQAATVFVKSTEVTIGVE,70,tobe domain-containing protein, ,Derived by automated computational analysis using gene prediction method: Protein Homology.,OG0000064,Soft core,,,Soft core,Soft core
GCF_001682295.1,AOT96_RS19435,MTEPVKGPASYFPSIEKKYGRPIGEWQELIRSSDLTKHMELVNWLKSEHGMGHGHANALVAHTLKEG,67,duf4287 domain-containing protein, ,Derived by automated computational analysis using gene prediction method: Protein Homology.,OG0000027,Conserved,group_2329,Soft core,Soft core,Soft core
GCF_001682295.1,AOT96_RS19450,MSDRDNKALENDLVEESLVEEVSIDGMCGVY,31,mycofactocin precursor mfta, ,"Mycofactocin is a small molecule electron carrier derived from the final two amino acids, Val-Tyr, of MftA, the mycofactocin precursor. It plays a role in redox homeostasis and the metabolism of alcohols and aldehydes in Actinobacteria, including Mycobacterium tuberculosis; Derived by automated computational analysis using gene prediction method: Protein Homology.",OG0000009,Conserved,group_2326,Conserved,Soft core,Soft core
GCF_001682295.1,AOT96_RS19790,MAKKALVNKANKKPKFAVRAYTRCQRCGRPHSVFRKFGLCRICVREMAHAGELPGVRKSSW,61,type z 30s ribosomal protein s14, ,Derived by automated computational analysis using gene prediction method: Protein Homology.,OG0000028,Conserved,group_2294,Conserved,Soft core,Soft core
GCF_001682295.1,AOT96_RS19815,MADLKVTQIKSIIGTKQNQKDSLRTLGLKGIRQTVVREDNAQNRGLINVVRHLVTVEEV,59,50s ribosomal protein l30, ,Derived by automated computational analysis using gene prediction method: Protein Homology.,OG0000029,Conserved,rpmD,Conserved,Soft core,Soft core
GCF_001682295.1,AOT96_RS34765,MKVQPSVKKICEKCKVIRRNGRVMVICENLRHKQRQG,37,50s ribosomal protein l36, ,Derived by automated computational analysis using gene prediction method: Protein Homology.,OG0000030,Conserved,rpmJ,Conserved,Soft core,Soft core
GCF_001682295.1,AOT96_RS36370,MTIFEWILAIPALALAVAFLFSGIISAGIDFDAEDGVMTH,40,hypothetical protein, ,Derived by automated computational analysis using gene prediction method: GeneMarkS-2+.,OG0000082,Soft core,group_2186,Soft core,Soft core,Soft core
GCF_001682295.1,AOT96_RS34775,MSSYRCPVCEYVYDESKGAPREGFPAGTPWDAVPDDWCCPDCGVREKLDFEPMPATAGSES,61,rubredoxin, ,Derived by automated computational analysis using gene prediction method: Protein Homology.,OG0000053,Core,group_2279,Soft core,Soft core,Soft core
GCF_001682295.1,AOT96_RS21170,MNDYKLYQCAQCGFEYDEAVGWPEDGIEPGTRWDDIPEDWSCPDCGAAKSDFFMVEVERR,60,rubredoxin, ,Derived by automated computational analysis using gene prediction method: Protein Homology.,OG0000007,Conserved,group_2155,Soft core,Soft core,Soft core
GCF_001682295.1,AOT96_RS35335,MSIYFRDTCTCSGPVPGWNQHESWCGTREDRGGPYNRWSHPDANLPTETPKDAA,54,hypothetical protein, ,Derived by automated computational analysis using gene prediction method: GeneMarkS-2+.,OG0000379,Cloud,group_2280,Cloud,Cloud,Cloud
GCF_001682295.1,AOT96_RS21790,MIREASLRVPITHPNIGTYSALSEVTIVHKDEHGYTICLDNGHPRGGLCHLAVVQRNQLYIPHEKREAA,69,hypothetical protein, ,Derived by automated computational analysis using gene prediction method: GeneMarkS-2+.,OG0000374,Cloud,group_8,Cloud,Cloud,Cloud
GCF_001682295.1,AOT96_RS21815,MRSLAQHCDRLESLALMDDLTDRHERLERRKLWRARTYVAVTLTGLCITFAYTLTGYLNGYAA,63,hypothetical protein, ,Derived by automated computational analysis using gene prediction method: GeneMarkS-2+.,OG0000380,Cloud,group_2412,Cloud,Cloud,Cloud
GCF_001682295.1,AOT96_RS35350,MDTALAAIDAEINASHGDRVDPDHDLTESRGYRRGLAYAHFLIREAVGP,49,hypothetical protein, ,Derived by automated computational analysis using gene prediction method: GeneMarkS-2+.,OG0001168,,group_1368,Cloud,,Probably not conserved
GCF_001682295.1,AOT96_RS22025,MTARYMSIKDIAEHVGLTVNAVKAHHLRGNLPEPAVQIGLTQSIGFGWSVEAIDAWNAVRPRRS,64,transcriptional regulator, ,Derived by automated computational analysis using gene prediction method: GeneMarkS-2+.,OG0000237,Shell,group_359,Cloud,,Cloud
GCF_001682295.1,AOT96_RS35370,MNAYRITDNTGTEFLVMAHTTTTAHTTGTEILADFTTNYGERKVATVSPI,50,hypothetical protein, ,Derived by automated computational analysis using gene prediction method: GeneMarkS-2+.,OG0000381,Cloud,group_1307,Cloud,,Cloud
GCF_001682295.1,AOT96_RS22075,MTDANPKSWFDRAISGCLSILVAAIALYFAVALIEAIWPYLVSAFAVASVVVVAIQIIRARRENRW,66,hypothetical protein, ,Derived by automated computational analysis using gene prediction method: Protein Homology.,OG0000482,Cloud,group_2373,Cloud,Cloud,Cloud
GCF_001682295.1,AOT96_RS35390,MKNALLRLRARVEERVDLSSDGSSGLTPEAILVLGSIIAALGVIWWAA,48,hypothetical protein, ,Derived by automated computational analysis using gene prediction method: GeneMarkS-2+.,OG0000382,Cloud,group_1429,Cloud,Cloud,Cloud
GCF_001682295.1,AOT96_RS36375,MTEEEMREAIRARAAQAVGRDIDDGWVELINNVIRNKAPETN,42,hypothetical protein, ,Derived by automated computational analysis using gene prediction method: GeneMarkS-2+.,OG0000383,Cloud,group_2229,Cloud,Cloud,Cloud
GCF_001682295.1,AOT96_RS35395,MPTCARNAQTYGDEAMVDVRDALQAALNERDELRDLLVDRLFATARADESATEPEI,56,hypothetical protein, ,Derived by automated computational analysis using gene prediction method: GeneMarkS-2+.,OG0000483,Cloud,group_2310,Cloud,Cloud,Cloud
GCF_001682295.1,AOT96_RS36075,MAKFNEYLNHLGSQGWELISYQEVLMTGNFTGNVKGRNYMAIFKRRTS,48,duf4177 domain-containing protein, ,Derived by automated computational analysis using gene prediction method: Protein Homology.,OG0000755,Cloud,group_1430,Cloud,Cloud,Cloud
GCF_001682295.1,AOT96_RS35795,MIDRAWTSRTGLVDQPALCHVEEAGGGVAARAATTASAGAAATCGDYVRRRRFEEG,56,hypothetical protein, ,Derived by automated computational analysis using gene prediction method: GeneMarkS-2+.,OG0000756,Cloud,group_929,Cloud,Cloud,Cloud
GCF_001682295.1,AOT96_RS22475,MATDPAPRSERKKILLRLDPAVHDALARWAADDLRSTNAQIEFLLRRALTEHGRMPKNAGKMHGPGRPPA,70,hypothetical protein, ,Derived by automated computational analysis using gene prediction method: Protein Homology.,OG0000114,Soft core,,,Soft core,Soft core
GCF_001682295.1,AOT96_RS22755,MSDLDSNTPSEPESQSEETKRKFREALERKNHQNAKSTDHRDGQSKVHNTHGPADHKREFRRKSG,65,duf5302 domain-containing protein, ,Derived by automated computational analysis using gene prediction method: Protein Homology.,OG0000031,Conserved,group_2470,Core,Soft core,Soft core
GCF_001682295.1,AOT96_RS34835,MAAVCDVCAKGPGFGKSVSHSHRRTNRRWNPNIQSVRTEVAPGNTRKVNVCTSCLKAGKVARG,63,50s ribosomal protein l28, ,Derived by automated computational analysis using gene prediction method: Protein Homology.,OG0000032,Conserved,rpmB,Conserved,Soft core,Soft core
GCF_001682295.1,AOT96_RS34840,MAVPKRKMSRSNTRSRRSQWKTTVPTLVTCPNRGCGEQTLPHIACPSCGTYKGRQVTAAV,60,50s ribosomal protein l32, ,Derived by automated computational analysis using gene prediction method: Protein Homology.,OG0000033,Conserved,group_2479,Conserved,Soft core,Soft core
GCF_001682295.1,AOT96_RS35415,MQLLDSEVVRRCAVTAAAAAAVCRSNGPGVVDGDAVTGKSFFLPDGGWPGT,51,hypothetical protein, ,Derived by automated computational analysis using gene prediction method: GeneMarkS-2+.,OG0000147,Shell,group_2063,Shell,Shell,Shell
GCF_001682295.1,AOT96_RS35805,MKVPAFHSTVPSDLDVYHDNESCILAARIAVSHRAPGVDGRPWCTACASLD,51,hypothetical protein, ,Derived by automated computational analysis using gene prediction method: Protein Homology.,OG0000083,Soft core,group_2187,Soft core,Soft core,Soft core
GCF_001682295.1,AOT96_RS35810,MFWKIVLAVVLVWVALAVVGALIKGLFWVLVVGAVGFGIYFLVKAMSGSGDNSPASRF,58,hypothetical protein, ,Derived by automated computational analysis using gene prediction method: Protein Homology.,OG0000034,Conserved,group_2296,Soft core,Soft core,Soft core
GCF_001682295.1,AOT96_RS24085,MRLTEFHEMVREEFGQVRGDSMLIDHVLQSLDGMTAAEAVEAGWEPREVWRALCVEFDVPPARR,64,duf3046 domain-containing protein, ,Derived by automated computational analysis using gene prediction method: Protein Homology.,OG0000035,Conserved,group_2481,Conserved,Soft core,Soft core
GCF_001682295.1,AOT96_RS24365,MPGTLTSPQLTAADRCDRCGAGARVRAVLPTGGELLFCGHHATEHADRLREMNAVVSESEPAI,63,hypothetical protein, ,Derived by automated computational analysis using gene prediction method: Protein Homology.,OG0000036,Conserved,group_2483,Conserved,Soft core,Soft core
GCF_001682295.1,AOT96_RS24735,MKIRFELMIGILLVVGGGCLWLFARDAEFFWFRGGPLGVILAIIGAFDIVNAVRTREAAIPERRND,66,hypothetical protein, ,Derived by automated computational analysis using gene prediction method: Protein Homology.,OG0000101,Soft core,group_2126,Soft core,Soft core,Soft core
GCF_001682295.1,AOT96_RS25220,MAGIDSKFDKAYAGKSVEELADAPVAALNGVSDSDAEHLKAAFNIKTVRDLGTNKFFLWAQATAKLAE,68,hypothetical protein, ,Derived by automated computational analysis using gene prediction method: Protein Homology.,OG0000070,Soft core,group_2484,Soft core,Soft core,Soft core
GCF_001682295.1,AOT96_RS26010,MAQEQTQRAGGGEDDETTGGDGSAGQERREKLAAETDDLLDEIDDVLEENAEDFVRAYVQKGGQ,64,ubiquitin-like protein pup, ,Derived by automated computational analysis using gene prediction method: Protein Homology.,OG0000037,Conserved,group_340,Soft core,Soft core,Soft core
GCF_001682295.1,AOT96_RS26535,MAIDSTLLSILACPQDKGPLLLVGDELLYNPRLRRAYPIENGIPVLLIDEARDVADDEHEKLLARAEG,68,trm112 family protein, ,Derived by automated computational analysis using gene prediction method: Protein Homology.,OG0000038,Conserved,group_54,Soft core,Soft core,Soft core
GCF_001682295.1,AOT96_RS26630,MPKMKSHSGASKRFKVSGSGKLMRQKAGRRHLLEHKSSRVTRRLDGVAVVSPDDAPRIKRMLGI,64,50s ribosomal protein l35, ,Derived by automated computational analysis using gene prediction method: Protein Homology.,OG0000039,Conserved,group_2130,Soft core,Core,Soft core
GCF_001682295.1,AOT96_RS26980,MHVEVDLDLCQGHAACELEAPEIFVVPKRGKVSLLDSDPPESLRGEAEMAVRYCPTGALRIVD,63,ferredoxin, ,Derived by automated computational analysis using gene prediction method: Protein Homology.,OG0000001,Conserved,group_2270,Soft core,Soft core,Soft core
GCF_001682295.1,AOT96_RS35815,MSVLFTYLLFIGAGIAVGGAYSMFKVNKLASGILLALAVLAAVAGALRL,49,hypothetical protein, ,Derived by automated computational analysis using gene prediction method: Protein Homology.,OG0000040,Conserved,group_2410,Soft core,Core,Soft core
GCF_001682295.1,AOT96_RS35820,MKDEDPPKAQAVEREVRTITDAFERLLDMGVPAMRIDLIIEHIRNKYGYKSKNRMIN,57,hypothetical protein, ,Derived by automated computational analysis using gene prediction method: GeneMarkS-2+.,OG0001169,,group_874,Cloud,,Probably not conserved
GCF_001682295.1,AOT96_RS35825,MNESSSGLFSDLSASEPVVDAKSAEQLAAERETAAAERSNTDTAEQRQSQLFSG,54,hypothetical protein, ,Derived by automated computational analysis using gene prediction method: Protein Homology.,OG0000084,Soft core,group_2262,Soft core,Soft core,Soft core
GCF_001682295.1,AOT96_RS36380,MLGIALGLGSAAVGIGLGLLGAGAGILLSDKTVKTARRELTA,42,hypothetical protein, ,Derived by automated computational analysis using gene prediction method: GeneMarkS-2+.,OG0000102,Soft core,group_2160,Soft core,Soft core,Soft core
GCF_001682295.1,AOT96_RS27560,MHAEVGDRLHVQGRVVGQAEVTAEVLEVHGEDGGPPYLVRYDNGHEALVFPGSDGWIDHPGKGS,64,duf1918 domain-containing protein, ,Derived by automated computational analysis using gene prediction method: Protein Homology.,OG0000041,Conserved,group_2499,Soft core,Conserved,Soft core
GCF_001682295.1,AOT96_RS36385,MTTYRYLDADRNLLEEKDFETEQDAQEYRLSVLGAEHIEPTDE,43,hypothetical protein, ,Derived by automated computational analysis using gene prediction method: Protein Homology.,OG0000054,Core,group_2400,Soft core,Soft core,Soft core
GCF_001682295.1,AOT96_RS27795,MIRSHVTDSLDGLPAHTYNTHSNGVWRSATLVADRHTCGRPCPEEGVTSELHHSRSTPEEGRES,64,hypothetical protein, ,Derived by automated computational analysis using gene prediction method: Protein Homology.,OG0000246,Shell,group_360,Shell,Shell,Shell
GCF_001682295.1,AOT96_RS35420,MTEAHETDPARPLGAVVEEYLSGLTEQDFTDLVARTREPVQEETLYPASWRTQ,53,hypothetical protein, ,Derived by automated computational analysis using gene prediction method: GeneMarkS-2+.,OG0000328,Cloud,group_1123,Cloud,Cloud,Cloud
GCF_001682295.1,AOT96_RS34895,MSENIDTPWMNVSEAAAYMRRHPVTVRKDLESERLLGYQRKAPNGHWRIHRDDCDRFLRGESS,63,helix-turn-helix domain-containing protein, ,Derived by automated computational analysis using gene prediction method: Protein Homology.,OG0000207,Shell,group_438,Cloud,Cloud,Cloud
GCF_001682295.1,AOT96_RS34900,MRTPRLPKRAPWRQEDEDHLQKVLATFPPWNSEQIAVARRCFGAAQARIEAREEANRRQNGDA,63,hypothetical protein, ,Derived by automated computational analysis using gene prediction method: GeneMarkS-2+.,OG0000477,Cloud,group_2350,Cloud,Cloud,Cloud
GCF_001682295.1,AOT96_RS28150,MRTPSLPKVGPWTEDDEAHLQKVFATFPVWNSEQIALMRRIFTAGAEAAALEAEGKSPRRREAH,64,hypothetical protein, ,Derived by automated computational analysis using gene prediction method: GeneMarkS-2+.,OG0000477,Cloud,group_361,Cloud,,Cloud
GCF_001682295.1,AOT96_RS28305,MTDEDRLWYFDVSDGSVTQGKGASSLTRMGPYPDRDSAEHALKIAAERNKAADRADEDWNN,61,hypothetical protein, ,Derived by automated computational analysis using gene prediction method: Protein Homology.,OG0000042,Conserved,group_592,Soft core,Soft core,Soft core
GCF_001682295.1,AOT96_RS35425,MDCVAAPIRVAAFVHRSSPQVMHARRYLRWELVGGMSFLSLAGGSTITAA,50,hypothetical protein, ,Derived by automated computational analysis using gene prediction method: GeneMarkS-2+.,OG0000286,Shell,group_1308,Shell,Shell,Shell
GCF_001682295.1,AOT96_RS35440,MTETKILKFGLAAVYIPRTGPQCGRSAPVTTAPAPPKPYCGAPTKTGDECRNRVSAWGVVCAVHEPDYQW,70,hypothetical protein, ,Derived by automated computational analysis using gene prediction method: GeneMarkS-2+.,OG0001170,,,,,Probably not conserved
GCF_001682295.1,AOT96_RS28570,MYTSDDYWLTRPDVATRLKIPIKTLAKWGSEGVGPPYAKMGRFCRYKLSDVIAWEEAQYATVASND,66,helix-turn-helix domain-containing protein, ,Derived by automated computational analysis using gene prediction method: Protein Homology.,OG0000331,Cloud,group_2156,Cloud,Cloud,Cloud
GCF_001682295.1,AOT96_RS36115,MKLALTEFKNSKATIRIIMSDGAKLNGTVTDFTEDTLVLNSPNGVYYINPSHIIRLFEPSDRAAK,65,hypothetical protein, ,Derived by automated computational analysis using gene prediction method: GeneMarkS-2+.,OG0000085,Soft core,group_2248,Soft core,Shell,Soft core
GCF_001682295.1,AOT96_RS28755,MTVAGVVSVVLIAVAAALVIYLLVALVDPERF,32,k(+)-transporting atpase subunit f, ,Derived by automated computational analysis using gene prediction method: Protein Homology.,OG0000055,Core,kdpF,Soft core,Shell,Shell
GCF_001682295.1,AOT96_RS36465,MSEATAPVIRHQLALIAVGMLDVADVACC,29,ms4533a family cys-rich leader peptide, ,Derived by automated computational analysis using gene prediction method: Protein Homology.,OG0000133,Shell,group_1948,Soft core,Shell,Shell
GCF_001682295.1,AOT96_RS28900,MDRIADWWDSFELWMAGLPFIPQVALVLIVVVPLCRLVAIGLDRALAAVLALPLFGWLRRNSREVEES,68,hypothetical protein, ,Derived by automated computational analysis using gene prediction method: Protein Homology.,OG0000056,Core,group_2078,Soft core,Cloud,Cloud
GCF_001682295.1,AOT96_RS36390,MNDERDRLTETLDLLTWDRSTWDIDPPPGWSAELQRFTTDD,41,hypothetical protein, ,Derived by automated computational analysis using gene prediction method: GeneMarkS-2+.,OG0001171,,group_1835,Cloud,,Probably not conserved
GCF_001682295.1,AOT96_RS36125,MAIAEEMGISTGTVGGLLHDAKKHDERSTTERAS,34,hypothetical protein, ,Derived by automated computational analysis using gene prediction method: Protein Homology.,OG0001172,,group_1935,Cloud,,Probably not conserved
GCF_001682295.1,AOT96_RS34925,MDPDLRVLNVVFRGPGWFVIVIVIVIVIVIVIVIVIVIVIVIVIVIVIVIVIVIVIEDDRVFEIE,65,hypothetical protein, ,Derived by automated computational analysis using gene prediction method: GeneMarkS-2+.,OG0001173,,group_288,Cloud,,Probably not conserved
GCF_001682295.1,AOT96_RS29080,MSAAKITYTQKAGHRSTWAEQHTCLDHAVDAIDHLHSISNVIDVKWLDD,49,hypothetical protein, ,Derived by automated computational analysis using gene prediction method: GeneMarkS-2+.,OG0001174,,group_1369,Cloud,,Probably not conserved
GCF_001682295.1,AOT96_RS29095,MTSRVPDAVYAILEDRRRHSGAATSLSQMVSDVLALYVDRPDLAVELMEWEQQR,54,hypothetical protein, ,Derived by automated computational analysis using gene prediction method: GeneMarkS-2+.,OG0000139,Shell,group_1071,Cloud,,Cloud
GCF_001682295.1,AOT96_RS29100,MSKSNSSPLLARRWIWLIVAVLAIFLSGVAVGAGAKLTHAEEHCGAAVSTAASAIVQVT,59,hypothetical protein, ,Derived by automated computational analysis using gene prediction method: GeneMarkS-2+.,OG0001175,,group_743,Cloud,,Probably not conserved
GCF_001682295.1,AOT96_RS35445,MGTVTRNGHLVGYARVGTGHQTLDGQHDTLETGFPEPLSIKCSQGDWG,48,hypothetical protein, ,Derived by automated computational analysis using gene prediction method: GeneMarkS-2+.,OG0001176,,group_1431,Cloud,,Probably not conserved
GCF_001682295.1,AOT96_RS35845,MKKALPKTLKSLARTVGILALAIVVVSVVERFTGAHQPTTGPASLTGPDQSL,52,hypothetical protein, ,Derived by automated computational analysis using gene prediction method: Protein Homology.,OG0000111,Soft core,group_2264,Soft core,Shell,Soft core
GCF_001682295.1,AOT96_RS35850,MSFLPFPIVIEGIETTGSAAIDGLGRLSVLLYDLLGGTGSATINAGS,47,hypothetical protein, ,Derived by automated computational analysis using gene prediction method: Protein Homology.,OG0000125,Shell,group_2228,Shell,Shell,Shell
GCF_001682295.1,AOT96_RS35855,MYGYLWGALPGPRPVKALLAIVLVVAVVLLLMEFVFPWVSEHMPYSDVTV,50,hypothetical protein, ,Derived by automated computational analysis using gene prediction method: Protein Homology.,OG0000214,Shell,group_1309,Shell,Shell,Shell
GCF_001682295.1,AOT96_RS35860,MIAAPTTGALAVVLNTVLQMFNAGSSFLYTDNSPIGGGGETPTTPAP,47,hypothetical protein, ,Derived by automated computational analysis using gene prediction method: Protein Homology.,OG0000086,Soft core,group_2210,Soft core,Shell,Soft core
GCF_001682295.1,AOT96_RS35865,MPTIPLTGDPIVINIIVQLLSAGSSNALALGGVGSSGLGSTGLGSFDSASLGSAA,55,hypothetical protein, ,Derived by automated computational analysis using gene prediction method: Protein Homology.,OG0000087,Soft core,group_1002,Soft core,Shell,Soft core
GCF_001682295.1,AOT96_RS36395,MYIQTCTYDTEDRNMGSINTLSAVIDIIKVVQPLIAKLNLS,41,hypothetical protein, ,Derived by automated computational analysis using gene prediction method: GeneMarkS-2+.,OG0000109,Soft core,group_2041,Soft core,Shell,Soft core
GCF_001682295.1,AOT96_RS33765,MTENKSASNPEFIPRPQHTSTADRPGNGDLQHSIDSLTSERPVAVQQAQELPQQGLPVSKQWGEIPD,67,hypothetical protein, ,Derived by automated computational analysis using gene prediction method: GeneMarkS-2+.,OG0000757,Cloud,group_2548,Cloud,,Cloud
GCF_001682295.1,AOT96_RS33805,MSDDEHDDEHDAWQLHHHGASWEDIGTDMGCSPSTAQTLAAAYEKRTDSAAAQTQNTLF,59,hypothetical protein, ,Derived by automated computational analysis using gene prediction method: Protein Homology.,OG0000063,Soft core,group_2550,Cloud,,Cloud
GCF_001682295.1,AOT96_RS33965,MTKRTELLKEIRAFAKDAGLEIDETEGGNHTKVVVGGRRTVVARHSEIPELTAKAIRKQLGMTEARKGKK,70,hypothetical protein, ,Derived by automated computational analysis using gene prediction method: Protein Homology.,OG0000484,Cloud,,,,Probably not conserved
GCF_001682295.1,AOT96_RS33980,MTNDEEDRLIDKTRTRLIAKYPSVSEETVAGAVESAHAHFAGHRIRDFVPLLVERMAKEKLSTLVTS,67,hypothetical protein, ,Derived by automated computational analysis using gene prediction method: Protein Homology.,OG0000062,Soft core,group_2549,Cloud,,Cloud
GCF_001682295.1,AOT96_RS35935,MDEIAQPDQVQAWSPAPDKGQAGTVMLEGGQWAYRYKDGAEPIIMKMPERPAPT,54,hypothetical protein, ,Derived by automated computational analysis using gene prediction method: Protein Homology.,OG0000119,Shell,group_2640,Cloud,,Cloud
GCF_001682295.1,AOT96_RS34220,MVAGEEPFDREWVETMFPPAPSGDDFIPERALVVVQFGDARQGEFALTELETSPMTLTYLEDLRTEP,67,hypothetical protein, ,Derived by automated computational analysis using gene prediction method: GeneMarkS-2+.,OG0001177,,,,,Probably not conserved
GCF_001682295.1,AOT96_RS34255,MNEKNIPVERSAVEAAMYQASKHLNVITDADLAAVVEGLTGESVTRDRIDFAFPAPGTTDHLFD,64,hypothetical protein, ,Derived by automated computational analysis using gene prediction method: Protein Homology.,OG0000121,Shell,group_2475,Shell,Cloud,Shell
GCF_001682295.1,AOT96_RS35945,MTDDERDAWQLHHHGADWDEIGTEMGCSPTAAQTLATAYEKRTDNAAAQTQNTLF,55,hypothetical protein, ,Derived by automated computational analysis using gene prediction method: Protein Homology.,OG0000063,Soft core,group_2464,Shell,Cloud,Cloud
GCF_001682295.1,AOT96_RS34300,MTNKPGVVKHSIFGVLALAVAALDFTIGTSRTLIAGVGLLALSTYSFLKAAKLRRSPSRADRNPDHDR,68,hypothetical protein, ,Derived by automated computational analysis using gene prediction method: GeneMarkS-2+.,OG0000215,Shell,group_2441,Cloud,Cloud,Cloud
GCF_001682295.1,AOT96_RS34335,MSTAIINLEETAPRPLSEEERNEQVRSLATWAAAELAHANRLPHGRVRSGHLTNAENALAVASELLAA,68,hypothetical protein, ,Derived by automated computational analysis using gene prediction method: GeneMarkS-2+.,OG0000384,Cloud,group_2450,Cloud,Cloud,Cloud
GCF_001682295.1,AOT96_RS34340,MSTETPTLAPALAAVTSATAALDAAMFDPNREGFTDITALVDAFAAARAAARDAGHTEEDIDAAATPTN,69,hypothetical protein, ,Derived by automated computational analysis using gene prediction method: Protein Homology.,OG0000226,Shell,group_2451,Shell,Shell,Shell
GCF_001682295.1,AOT96_RS36415,MSEGYDYSAATIHYAGLTCGCGDYSCPRMHSNAAQCVNAE,40,hypothetical protein, ,Derived by automated computational analysis using gene prediction method: Protein Homology.,OG0000216,Shell,group_2501,Shell,Cloud,Shell
GCF_001682295.1,AOT96_RS35950,MAIVAATVLGVTVGVLLTDVVAGVAVGAGTAVVFRFVLRTIIPRK,45,hypothetical protein, ,Derived by automated computational analysis using gene prediction method: GeneMarkS-2+.,OG0000124,Shell,group_2431,Cloud,Cloud,Cloud
GCF_001682295.1,AOT96_RS35955,MSESAEPDEVQGWSPAPDEGQAGTVLTKDGQWAYRYKDGADLIIMKMPERDAPK,54,hypothetical protein, ,Derived by automated computational analysis using gene prediction method: Protein Homology.,OG0000119,Shell,group_2472,Shell,Cloud,Shell
GCF_001682295.1,AOT96_RS34380,MTETAAPTRFVAIPRTAEHGGYENECFTHYVQDNRGRYCLRGPMVQSDAEWLANKMNTQLG,61,hypothetical protein, ,Derived by automated computational analysis using gene prediction method: GeneMarkS-2+.,OG0000189,Shell,group_2471,Shell,Cloud,Shell
GCF_001682295.1,AOT96_RS35620,MARGRPSKGERRRVETRVPVDVKDRLTLMREARGLTESELVADILSAAVTRFDPAAVHTERLTMTA,66,hypothetical protein, ,Derived by automated computational analysis using gene prediction method: GeneMarkS-2+.,OG0000563,Cloud,group_219,Cloud,Cloud,Cloud
GCF_001682295.1,AOT96_RS35460,MRNLQISVLALFVLIVVVAVSVWSESEYVRTPLLIASAVTLILVILLEINIRRLK,55,hypothetical protein, ,Derived by automated computational analysis using gene prediction method: GeneMarkS-2+.,OG0000564,Cloud,group_1016,Cloud,Cloud,Cloud
GCF_001682295.1,AOT96_RS30310,MKTEEEERLIAHAVSRLSAKYPSISADVVADAVASAHAHFDDKVRDFVPLLVERMAGEKLSSLVAS,66,hypothetical protein, ,Derived by automated computational analysis using gene prediction method: Protein Homology.,OG0000062,Soft core,group_2496,Shell,Cloud,Cloud
GCF_001682295.1,AOT96_RS35480,MTGSAAVVLSCIMGTSRPSANYPLVGSFGPFIAAADGPLGPSMARMTRAKT,51,hypothetical protein, ,Derived by automated computational analysis using gene prediction method: GeneMarkS-2+.,OG0000758,Cloud,group_1242,Cloud,Cloud,Cloud
GCF_001682295.1,AOT96_RS35485,MRSENVTRSVVGQIGGRGVEAVGQRGRVEIGDALAGGSTATTAAVPAAQAARSAAIVSGV,60,hypothetical protein, ,Derived by automated computational analysis using gene prediction method: GeneMarkS-2+.,OG0000759,Cloud,group_676,Cloud,Cloud,Cloud
GCF_001682295.1,AOT96_RS30755,MTYSNVLPDAGAENTVIVGPGDAVTGLGWSAPEGPDEAIALGRFEGSPVVTITQPNGDLISGF,63,hypothetical protein, ,Derived by automated computational analysis using gene prediction method: GeneMarkS-2+.,OG0000760,Cloud,group_439,Cloud,Cloud,Cloud
GCF_001682295.1,AOT96_RS35495,MRVTPLRGLLSAPLLQCRECARLCRRSAVTPGGNVCPWCGERALSTAVLGSPLRSSS,57,hypothetical protein, ,Derived by automated computational analysis using gene prediction method: GeneMarkS-2+.,OG0000385,Cloud,group_875,Cloud,Cloud,Cloud
GCF_001682295.1,AOT96_RS36400,MTARPLTANDPMNPPLPSLTAAMASAAAVVLAMTAVFYILTA,42,hypothetical protein, ,Derived by automated computational analysis using gene prediction method: GeneMarkS-2+.,OG0000565,Cloud,group_2205,Cloud,Cloud,Cloud
GCF_001682295.1,AOT96_RS35870,MRFRYIGTEEMIYQGPPARVLGYGDIVRALTNPNPRYFEPLEANPELDGQEQ,52,hypothetical protein, ,Derived by automated computational analysis using gene prediction method: Protein Homology.,OG0000232,Shell,group_2360,Cloud,Cloud,Cloud
GCF_001682295.1,AOT96_RS36155,MSAQESGAATRTRNKNYNLIRFVEASLSKALCMQTSIEDTERDGYP,46,hypothetical protein, ,Derived by automated computational analysis using gene prediction method: GeneMarkS-2+.,OG0000761,Cloud,group_1554,Cloud,Cloud,Cloud
GCF_001682295.1,AOT96_RS30925,MNAVSGDLLRYAQQVLTGTGHAPDQVASVVVGTGEDAAALALRAGWECAANPVVLACEQTEDVS,64,hypothetical protein, ,Derived by automated computational analysis using gene prediction method: Protein Homology.,OG0000134,Shell,group_2356,Shell,Cloud,Shell
GCF_001682295.1,AOT96_RS35510,MSLAPFLVVVLGIPAGMAAIIGLMTAGNERKSRVDRPMRRMRAEISRLNSENAAQ,55,hypothetical protein, ,Derived by automated computational analysis using gene prediction method: GeneMarkS-2+.,OG0000386,Cloud,group_1017,Cloud,,Cloud
GCF_001682295.1,AOT96_RS36480,MATCVAVNWPPSRVNVQTLRYYERRGLLQQPPRSASGYRSYPG,43,merr family dna-binding transcriptional regulator, ,Derived by automated computational analysis using gene prediction method: Protein Homology.,OG0000485,Cloud,group_1716,Cloud,,Cloud
GCF_001682295.1,AOT96_RS31380,MKFMGAAKALVDKGKEAASKNADKIENAIDKTAASAEAKTGGKLTSQIRRAALAAKRAIPPKK,63,antitoxin, ,Derived by automated computational analysis using gene prediction method: Protein Homology.,OG0000218,Shell,group_2424,Shell,,Shell
GCF_001682295.1,AOT96_RS35880,MAVASATVLGVTVGVLLAEVVAGVVVGAGTAVVFRFVLRSIITRK,45,hypothetical protein, ,Derived by automated computational analysis using gene prediction method: GeneMarkS-2+.,OG0000124,Shell,group_2500,Shell,,Shell
GCF_001682295.1,AOT96_RS35885,MSETAEPDQTQGWSPAPDEGQAGTVMTKDGQWAYRYKDGAELIMMKMPERPAST,54,hypothetical protein, ,Derived by automated computational analysis using gene prediction method: Protein Homology.,OG0000119,Shell,group_2399,Cloud,,Cloud
GCF_001682295.1,AOT96_RS31525,MTDAHKGPAQLSSDASNSPNTLNALIIDALRHGQVRSSSLAGGAAVIEIAGREESEARSHASLEVLAAHP,70,hypothetical protein, ,Derived by automated computational analysis using gene prediction method: GeneMarkS-2+.,OG0001178,,,,,Probably not conserved
GCF_001682295.1,AOT96_RS31580,MATYRVINPAGDVTATRDIESADDAHAWFVDARADNTELGWRMEVHHDGEWSFFDDTEGASS,62,hypothetical protein, ,Derived by automated computational analysis using gene prediction method: Protein Homology.,OG0000066,Soft core,group_2490,Shell,,Shell
GCF_001682295.1,AOT96_RS31585,MVDVVEWTESEEREMWWREIVGIAPSGDRCMAREAGELPRAKVSAASARSESTPTALRGVTAA,63,hypothetical protein, ,Derived by automated computational analysis using gene prediction method: GeneMarkS-2+.,OG0000129,Shell,group_2456,Cloud,,Cloud
GCF_001682295.1,AOT96_RS36405,MDRWPKYIVPAAILGSAIAVIAWTATLTHPSGAPLGHGKVR,41,hypothetical protein, ,Derived by automated computational analysis using gene prediction method: GeneMarkS-2+.,OG0000561,Cloud,group_2045,Cloud,,Cloud
GCF_001682295.1,AOT96_RS36175,MSIVRRPSHGVVRRAADAFDVHIQEVLVAADYMTEEESGLVDAVPASVRHFTIGQMLEEIGRRTEGR,67,hypothetical protein, ,Derived by automated computational analysis using gene prediction method: GeneMarkS-2+.,OG0000566,Cloud,group_147,Cloud,,Cloud
GCF_001682295.1,AOT96_RS31725,MTEEQPVETLSRWSDSGAMWRVVHRTPTSITVSLRRCDDGEEVDRLTSSDPDLLAWIGDRSGSED,65,hypothetical protein, ,Derived by automated computational analysis using gene prediction method: Protein Homology.,OG0000285,Shell,group_2491,Cloud,,Cloud
GCF_001682295.1,AOT96_RS31735,MMDPSDMDVVVWTESQERHAWWCEVLGIAVAASCMAGEEWELPAAGDQSRDAQLRARRRPRRRAVDAA,68,hypothetical protein, ,Derived by automated computational analysis using gene prediction method: GeneMarkS-2+.,OG0000129,Shell,group_69,Cloud,,Cloud
GCF_001682295.1,AOT96_RS35535,MTTPTTDTKQGSSMSTAEIKAHIAAMFSDDRHEAPTAPRTTRHRSPGPRISA,52,hypothetical protein, ,Derived by automated computational analysis using gene prediction method: GeneMarkS-2+.,OG0000002,Conserved,group_1182,Cloud,,Cloud
GCF_001682295.1,AOT96_RS35540,MNANLALLLAVIGAGPASPTALRAMPARAQTDRVALPAHTADVTAAVQPG,50,hypothetical protein, ,Derived by automated computational analysis using gene prediction method: GeneMarkS-2+.,OG0001179,,group_1310,Cloud,,Probably not conserved
GCF_001682295.1,AOT96_RS35555,MIEAGTHSGGDVEVGGYSGEEPFGDVAELVLVCWERQTRASKARSAGCGR,50,hypothetical protein, ,Derived by automated computational analysis using gene prediction method: GeneMarkS-2+.,OG0001180,,group_1311,Cloud,,Probably not conserved
GCF_001682295.1,AOT96_RS32055,MKIILDRTKCTGLGICESLAPDKFEIDDDGNLMLLSDTVTDDERDDVEAAIAGCPTEALRLVTDDDGR,68,ferredoxin, ,Derived by automated computational analysis using gene prediction method: Protein Homology.,OG0000001,Conserved,group_70,Cloud,,Cloud
GCF_001682295.1,AOT96_RS32320,MTTKFTISLPDEDAHLLDEYVRDHGLRGRSAGIRAALRLLSTSGLERDYAAAFAEGDVDEVWDAVTADAE,70,ribbon-helix-helix domain-containing protein, ,Derived by automated computational analysis using gene prediction method: Protein Homology.,OG0000213,Shell,,,,Probably not conserved
GCF_001682295.1,AOT96_RS32345,MDVIVWAESEERERWWREVMGVAPASERDAIAEAEEPTGSGFSTTSRMRVSAARSIQGVTAA,62,hypothetical protein, ,Derived by automated computational analysis using gene prediction method: Protein Homology.,OG0000129,Shell,group_515,Cloud,,Cloud
GCF_001682295.1,AOT96_RS32350,MHFTFLYDGAAERTAEYPTLEEAVRSIELGQVDRTLWSIQYTDREGGIQVYRFPAKREGGDER,63,hypothetical protein, ,Derived by automated computational analysis using gene prediction method: Protein Homology.,OG0000387,Cloud,group_440,Cloud,,Cloud
GCF_001682295.1,AOT96_RS32395,MATYRVINPAGDVTAARDIESADDAHAWFVDSRADNSELGWRMEVHHDGEWSFFDDTEGASS,62,hypothetical protein, ,Derived by automated computational analysis using gene prediction method: Protein Homology.,OG0000066,Soft core,group_516,Cloud,Cloud,Cloud
GCF_001682295.1,AOT96_RS35575,MPEADTGVFLNSSSQVMRIEFDLRAFAGGRHSVFVGADVPPTRYR,45,hypothetical protein, ,Derived by automated computational analysis using gene prediction method: GeneMarkS-2+.,OG0001181,,group_1614,Cloud,,Probably not conserved
GCF_001682295.1,AOT96_RS32500,MDAVVRAESDERETWWREVMGVAAKGSAGKGRRGVSATHNLSKTKVARIASKVDSTSERGLNAQGEQRI,69,hypothetical protein, ,Derived by automated computational analysis using gene prediction method: GeneMarkS-2+.,OG0000129,Shell,group_9,Cloud,,Cloud
GCF_001682295.1,AOT96_RS32570,MATYRVINPAGDVTDTRDIESADEAHAWFVDARADNSELGWRMEVRHDDEWSFFDDTEGASS,62,hypothetical protein, ,Derived by automated computational analysis using gene prediction method: Protein Homology.,OG0000066,Soft core,group_517,Cloud,Cloud,Cloud
GCF_001682295.1,AOT96_RS35905,MIILGIVLLIVGFLAGISILWTIGIILVVVGVVLFALGAAGHAVGGRRHYY,51,duf6131 family protein, ,Derived by automated computational analysis using gene prediction method: Protein Homology.,OG0000000,Conserved,group_1243,Cloud,,Cloud
GCF_001682295.1,AOT96_RS35910,MSEKKFNASEQPYDPSDDPDSDPENVQSVTHQPDQAEGEDEGEVYS,46,hypothetical protein, ,Derived by automated computational analysis using gene prediction method: Protein Homology.,OG0000737,Cloud,group_1555,Cloud,,Cloud
GCF_001682295.1,AOT96_RS32745,MKYLVDHLHLTALFHRGDLTEEEAINLDSYYRLHPLPRPAVFTASLGGHTHF,52,hypothetical protein, ,Derived by automated computational analysis using gene prediction method: GeneMarkS-2+.,OG0000567,Cloud,group_1183,Cloud,,Cloud
GCF_001682295.1,AOT96_RS36410,MGSFDTASLSPESLEELNLGKVSELLKLGITAVSFITALNSLS,43,hypothetical protein, ,Derived by automated computational analysis using gene prediction method: GeneMarkS-2+.,OG0000067,Soft core,group_1717,Cloud,,Cloud
GCF_001682295.1,AOT96_RS36510,MSTQLRDAHTELDLIVDRAFGAKHLCVNSEERKEILFAKYVALSSR,46,dna methyltransferase, ,Derived by automated computational analysis using gene prediction method: Protein Homology.,OG0001182,,group_1556,Cloud,,Probably not conserved
GCF_001682295.1,AOT96_RS33285,MTERWYESTEAASDAVANILLALADSDGFEEVVSALRSARMYVRDEWAEADRIVPDCFLIS,61,hypothetical protein, ,Derived by automated computational analysis using gene prediction method: GeneMarkS-2+.,OG0001183,,group_602,Cloud,,Probably not conserved
GCF_001682295.1,AOT96_RS33410,MKVEVDRKKCTGLGICESLAPAFFEVDDSGDLLLLKDDIGPDELAEIEEAVAGCPTEALRIIR,63,ferredoxin, ,Derived by automated computational analysis using gene prediction method: Protein Homology.,OG0000001,Conserved,group_441,Cloud,Cloud,Cloud
GCF_001682295.1,AOT96_RS35130,MNLHGRVVCCGAVSQYEGPAGSPGPANVPTVLVTKRLAMQGFIVYDFAESFPTALADLEAWFPLAM,66,hypothetical protein, ,Derived by automated computational analysis using gene prediction method: Protein Homology.,OG0001184,,group_220,Cloud,,Probably not conserved
GCF_001682295.1,AOT96_RS35600,MTSDASMMTHLGGGRTAMIVPDESRKIPATLPTKTSVQSRRAVRCGP,47,hypothetical protein, ,Derived by automated computational analysis using gene prediction method: GeneMarkS-2+.,OG0000568,Cloud,group_1488,Cloud,,Cloud
GCF_001685605.1,R1CP_RS41545,MTTPGRMGPDDQSVDTAPVDDLHKRPENTHWILYSVLAAAFVGLHRRR,48,hypothetical protein, ,Derived by automated computational analysis using gene prediction method: Protein Homology.,OG0000569,Cloud,group_2394,Cloud,Cloud,Cloud
GCF_001685605.1,R1CP_RS43215,MLLDLVRPAEAEQPLPAVVWIHGGGWRLQDQTACPDLVQHFAEHGYVMVSIDYRLVPETRHLGPAQR,67,alpha/beta hydrolase fold domain-containing protein, ,Derived by automated computational analysis using gene prediction method: Protein Homology.,OG0000486,Cloud,group_148,Cloud,Cloud,Cloud
GCF_001685605.1,R1CP_RS01020,MSDRDASIFESERELDEESVRKAQRTVAHHSIDAEDCRMLLAALGIPLVRDLDNESVSGAAGAESL,66,hypothetical protein, ,Derived by automated computational analysis using gene prediction method: Protein Homology.,OG0000170,Shell,group_2353,Shell,Shell,Shell
GCF_001685605.1,R1CP_RS43220,MNSHTAAPDTLDLVHGLWMTPHSWNGAWLTRSSICSTNLSNAER,44,hypothetical protein, ,Derived by automated computational analysis using gene prediction method: GeneMarkS-2+.,OG0000332,Cloud,group_2286,Cloud,Cloud,Cloud
GCF_001685605.1,R1CP_RS01370,MSLYLQPRQSGTAPTPYERKLAGAIEEVFGTGVHHLEGLVKGLNALGIHSPGGDAWTTDTFTDEIRRMGA,70,recombinase-like helix-turn-helix domain-containing protein, ,Derived by automated computational analysis using gene prediction method: Protein Homology.,OG0000171,Shell,,,Shell,Shell
GCF_001685605.1,R1CP_RS01665,MFVCICKAVTEDEVHEHCAAGADSADAIGERCGAGWGCGTCVDRLKEILERSAADSVAA,59,(2fe-2s)-binding protein, ,Derived by automated computational analysis using gene prediction method: Protein Homology.,OG0000150,Shell,group_2172,Shell,Shell,Shell
GCF_001685605.1,R1CP_RS02175,MGIADKASNKAEDLKGQAKETTGKATGDPDLRDEGKADQASSAVKDAGEKAKDAAKNLKDKLT,63,csbd family protein, ,Derived by automated computational analysis using gene prediction method: Protein Homology.,OG0000011,Conserved,group_2411,Conserved,Shell,Shell
GCF_001685605.1,R1CP_RS42165,MGKWMLQRVPGPERRVVRVRSIDDLTRDGVPAFWDRLAAAGSPLIEPDGADPGCVIATFC,60,hypothetical protein, ,Derived by automated computational analysis using gene prediction method: GeneMarkS-2+.,OG0001185,,group_677,Cloud,,Probably not conserved
GCF_001685605.1,R1CP_RS02575,MAKYRVIDPRGTVVETKEIPSADDAHAWFVDVRADNSELGWRMEVDEDGTWAFFDDTEGATEK,63,hypothetical protein, ,Derived by automated computational analysis using gene prediction method: Protein Homology.,OG0000066,Soft core,group_2173,Shell,Shell,Shell
GCF_001685605.1,R1CP_RS42170,MVAEHPNVFRFLASGELKQDGAGSALSLDAFLRRDGLELDPTDPLYLALARINAP,55,hypothetical protein, ,Derived by automated computational analysis using gene prediction method: GeneMarkS-2+.,OG0000762,Cloud,group_2287,Cloud,Cloud,Cloud
GCF_001685605.1,R1CP_RS42175,MLASICHRKRVDWVCRRMGHRSITATMVYLHTLAELEMETRMALVPDDWHDPRATPINASDDMDTIA,67,hypothetical protein, ,Derived by automated computational analysis using gene prediction method: GeneMarkS-2+.,OG0001186,,group_149,Cloud,,Probably not conserved
GCF_001685605.1,R1CP_RS40865,MSELTSWEYATVPLLTHATKQILDQWGTDGWELVTVLPGPTGEQHVAYLKRPKG,54,duf4177 domain-containing protein, ,Derived by automated computational analysis using gene prediction method: Protein Homology.,OG0000012,Conserved,group_2273,Conserved,Shell,Shell
GCF_001685605.1,R1CP_RS03145,MAQGTVKWFNAEKGFGFIAPEDGSADVFVHYSEIQGSGFRTLEENQRVEFEVGQGTKGPQATGVRAV,67,cold-shock protein, ,Derived by automated computational analysis using gene prediction method: Protein Homology.,OG0000013,Conserved,group_128,Conserved,Shell,Shell
GCF_001685605.1,R1CP_RS43225,MAMQVFSLIAILGALIVLIPTALRVFGKSDNVKAPDETEE,40,hypothetical protein, ,Derived by automated computational analysis using gene prediction method: Protein Homology.,OG0000172,Shell,group_2042,Shell,Shell,Shell
GCF_001685605.1,R1CP_RS03180,MSDSLKDRVREKLLRQLAEDGGHPVQEAEGDDPRLVSIDADLAALEQASDGDVVIEELAAKYWVP,65,hypothetical protein, ,Derived by automated computational analysis using gene prediction method: Protein Homology.,OG0000014,Conserved,group_2342,Conserved,Shell,Shell
GCF_001685605.1,R1CP_RS03545,MVYVSSPGKSVESLGIVLIAVGVVLLALLTLYLVGFDQGAISRSGMYLHELMHDGRHLLGVPCH,64,cbtb domain-containing protein, ,Derived by automated computational analysis using gene prediction method: Protein Homology.,OG0000173,Shell,group_2252,Shell,Shell,Shell
GCF_001685605.1,R1CP_RS03570,MALAYAPGSSVDTTRLAVISFAIVLFAMLALYLVGFDQGAISRSGMYMHELMHDGRHLLGLPCH,64,cbtb domain-containing protein, ,Derived by automated computational analysis using gene prediction method: Protein Homology.,OG0000008,Conserved,group_2468,Conserved,Soft core,Soft core
GCF_001685605.1,R1CP_RS41560,MGNRFSHQDGRPGVEALYVLDASALEGGLWQPNDPRYVCPVLMHLVDGRWLVRNLGSESDPAITT,65,hypothetical protein, ,Derived by automated computational analysis using gene prediction method: Protein Homology.,OG0001187,,,,,Probably not conserved
GCF_001685605.1,R1CP_RS40880,MSRPPASLRCTSRRGSEAWIDRDVVISGPAGQYPDVTAEDYLYQRVNANFAKEK,54,1-aminocyclopropane-1-carboxylate oxidase, ,Derived by automated computational analysis using gene prediction method: Protein Homology.,OG0001188,,group_1072,Cloud,,Probably not conserved
GCF_001685605.1,R1CP_RS41565,MTPNTLTAPSFHSPPPGEASVRDRDGGTARLRLWGSLTEAGRAGLES,47,hypothetical protein, ,Derived by automated computational analysis using gene prediction method: Protein Homology.,OG0000225,Shell,group_2145,Shell,Shell,Shell
GCF_001685605.1,R1CP_RS04550,MAQGVVKWFNSEKGFGFIAPDDGSADVFVHYSEISGSGYKSLEENQRVEFEVGQGQKGPQAQNVRAV,67,cold-shock protein, ,Derived by automated computational analysis using gene prediction method: Protein Homology.,OG0000003,Conserved,group_141,Shell,Shell,Shell
GCF_001685605.1,R1CP_RS04830,MEVRVDFDRCEANGVCVGIAPDIFELDDDDQLHISSAVPPADREEDVRTAIAQCPRAALTEHP,63,ferredoxin, ,Derived by automated computational analysis using gene prediction method: Protein Homology.,OG0000005,Conserved,group_2144,Shell,Shell,Shell
GCF_001685605.1,R1CP_RS41570,MAAKTTAENDIADEDLEPLADETARQAQRVVAAYAEDADECRMLLSMLGIGPTSKLD,57,hypothetical protein, ,Derived by automated computational analysis using gene prediction method: Protein Homology.,OG0000015,Conserved,group_859,Shell,Shell,Shell
GCF_001685605.1,R1CP_RS04960,MQLNSCRSAVLDAVESLPALERETLALVYYRGMSCDEVADTMQISVATVRDRLHEGARRLLAGVGDL,67,sigma factor-like helix-turn-helix dna-binding protein, ,Derived by automated computational analysis using gene prediction method: Protein Homology.,OG0000174,Shell,group_2332,Shell,Shell,Shell
GCF_001685605.1,R1CP_RS41575,MPASSTSHASATTTASRGGATMSTEEIKARIEAMFADEAADTSPALVE,48,hypothetical protein, ,Derived by automated computational analysis using gene prediction method: Protein Homology.,OG0000002,Conserved,group_2311,Shell,Shell,Shell
GCF_001685605.1,R1CP_RS41580,MTTHNPQNAPHDGEVLVLGARSGGAIAGGLIATLALSALTLLSSLPT,47,hypothetical protein, ,Derived by automated computational analysis using gene prediction method: Protein Homology.,OG0000146,Shell,group_2277,Shell,Shell,Shell
GCF_001685605.1,R1CP_RS39075,MSSRIATTLTAIAMTLSLGALAAPAAVAAPLAPAPTPAVGSIAVCLNLPLGSASISFCI,59,hypothetical protein, ,Derived by automated computational analysis using gene prediction method: Protein Homology.,OG0000175,Shell,group_2150,Shell,Shell,Shell
GCF_001685605.1,R1CP_RS41585,MPSSTRLPSPNTEAWDWQSHALSVTEPFGIWGGLTASERRGIAQHGEGTVAV,52,whib family transcriptional regulator, ,Derived by automated computational analysis using gene prediction method: Protein Homology.,OG0000284,Cloud,group_1184,Cloud,,Cloud
GCF_001685605.1,R1CP_RS05510,MGRGRAKAKQTKVARELKYSVPTTDFDSLQRELSGGSSNSHRDEVFADQRADREGHSREDDDDWRR,66,duf3073 domain-containing protein, ,Derived by automated computational analysis using gene prediction method: Protein Homology.,OG0000049,Conserved,group_209,Shell,Shell,Shell
GCF_001685605.1,R1CP_RS05785,MTPKDASGPKTTTTDSGAPGADKDVMSDPAEDDKSSGADWSGEGGATPEGPATATDTDTDTDD,63,hypothetical protein, ,Derived by automated computational analysis using gene prediction method: Protein Homology.,OG0000020,Core,group_2276,Shell,Shell,Shell
GCF_001685605.1,R1CP_RS41595,MTYPQPGGLDWDQLADVVAPLARSPRLVGVSVADFRPDPDPTGDQATRVLDFLGRTLP,58,hypothetical protein, ,Derived by automated computational analysis using gene prediction method: GeneMarkS-2+.,OG0000763,Cloud,group_819,Cloud,Cloud,Cloud
GCF_001685605.1,R1CP_RS41600,MIAYTLPEIRRLLMQLILRHAHPDEHTWSWSNWRRRRQHQARTSHYRRRGHLP,53,hypothetical protein, ,Derived by automated computational analysis using gene prediction method: Protein Homology.,OG0000197,Cloud,"group_1959, group_1960, group_1961, group_2120",Cloud,,Cloud
GCF_001685605.1,R1CP_RS06080,MANNSKKQYVDPGWPETADGDHAVTELSSTRAGGLSPFGEDTEFPLPAESLPYAHPHTVINR,62,hypothetical protein, ,Derived by automated computational analysis using gene prediction method: Protein Homology.,OG0000048,Conserved,group_2147,Shell,Shell,Shell
GCF_001685605.1,R1CP_RS06125,MHGQLTGYFGAGGGVGGVLRELGEEPVAVAGARQIGFGRRVLPQTGRGRSPRQKRRIPQGGGAERIG,67,hypothetical protein, ,Derived by automated computational analysis using gene prediction method: Protein Homology.,OG0000333,Cloud,group_2242,Cloud,Cloud,Cloud
GCF_001685605.1,R1CP_RS42225,MPHVSLGNPREPSDRCARRRETRVLFGKSSTEEMWVTEIDPEKRTVVKASSHGAGLHDGVHPGACR,66,hypothetical protein, ,Derived by automated computational analysis using gene prediction method: GeneMarkS-2+.,OG0001189,,group_221,Cloud,,Probably not conserved
GCF_001685605.1,R1CP_RS42230,MFTLEPAGDGTTLTFHFSAEATGLGAVSKFMMKVFGSFALKATTKAIRRDLDDDIADAAETRAG,64,hypothetical protein, ,Derived by automated computational analysis using gene prediction method: GeneMarkS-2+.,OG0000474,Cloud,group_362,Cloud,,Cloud
GCF_001685605.1,R1CP_RS43240,MLGIMLGLGGAAIGLGIGVMALGVGLLLSDATIKHDVGELPD,42,hypothetical protein, ,Derived by automated computational analysis using gene prediction method: GeneMarkS-2+.,OG0000176,Shell,group_1761,Shell,Shell,Shell
GCF_001685605.1,R1CP_RS06435,MSFVDTLKGLLGKGREAASQNADKVHGAIDKAADVADSKTGGKYSDKIDKAADAAKKAVPPKE,63,antitoxin, ,Derived by automated computational analysis using gene prediction method: Protein Homology.,OG0000010,Conserved,group_2241,Shell,Shell,Shell
GCF_001685605.1,R1CP_RS41605,MLIVVALAAAMIVNRTAPVWVQVPVYVLAVLAAMAGFVMTFRDLS,45,hypothetical protein, ,Derived by automated computational analysis using gene prediction method: GeneMarkS-2+.,OG0000209,Shell,group_2174,Shell,Shell,Shell
GCF_001685605.1,R1CP_RS06840,MKANSDRHDQHLPEHQRIADLVDDMEDRLVAEREAKGIAGNASERKQAEQLEPDDQAPE,59,hypothetical protein, ,Derived by automated computational analysis using gene prediction method: Protein Homology.,OG0000177,Shell,group_2271,Shell,Shell,Shell
GCF_001685605.1,R1CP_RS39100,MKSFVAVAEELNYGRAAEVLPSPDAVPDKQ,30,lysr family transcriptional regulator, ,Derived by automated computational analysis using gene prediction method: GeneMarkS-2+.,OG0000570,Cloud,group_2194,Cloud,Cloud,Cloud
GCF_001685605.1,R1CP_RS41610,MIVLGIILLVIGLVAGISILTTIGIILLVIGLVLLLLGTTGRAVGGRKYWY,51,duf6131 family protein, ,Derived by automated computational analysis using gene prediction method: Protein Homology.,OG0000193,Shell,group_2133,Shell,Shell,Shell
GCF_001685605.1,R1CP_RS06885,MRIGRLVTLIVIVWLIIGAVAVWQRGYFKDTTADCASAGTIAVTVIAGPLNYAGVNPKIDCEVPQPSQ,68,hypothetical protein, ,Derived by automated computational analysis using gene prediction method: Protein Homology.,OG0000017,Conserved,group_2272,Shell,Shell,Shell
GCF_001685605.1,R1CP_RS42245,MRSPAYAAALEAAGVPVRFRISPGMLHGYCSTGVVPRANELADQPCEELAELHAPEHTDIPLP,63,hypothetical protein, ,Derived by automated computational analysis using gene prediction method: GeneMarkS-2+.,OG0000571,Cloud,group_2201,Cloud,Cloud,Cloud
GCF_001685605.1,R1CP_RS39120,MGKFLVPGVVSAVVGVALGTVATLGITAAAQDNTRPEIDRSGNADSSLLNQVEYGSR,57,duf2613 domain-containing protein, ,Derived by automated computational analysis using gene prediction method: Protein Homology.,OG0000016,Conserved,group_860,Shell,Shell,Shell
GCF_001685605.1,R1CP_RS41620,MRGSLVEVLRECAAQARVRIVTGRRLVVAEPTGHGIRGRSLVGYPVGP,48,hypothetical protein, ,Derived by automated computational analysis using gene prediction method: GeneMarkS-2+.,OG0000764,Cloud,group_2357,Cloud,Cloud,Cloud
GCF_001685605.1,R1CP_RS42255,MVVIHAHDHTAESSFGLGILYQHELQIGDEQAEHLNGQWQAALKAARPLWR,51,hypothetical protein, ,Derived by automated computational analysis using gene prediction method: Protein Homology.,OG0000388,Cloud,group_1244,Cloud,Cloud,Cloud
GCF_001685605.1,R1CP_RS40900,MFSPSSLRPARLDDSPALPGYMAPRFAFGAATAATVPTAMVTGSALIAAAAGLLVLLAVAVASILI,66,hypothetical protein, ,Derived by automated computational analysis using gene prediction method: GeneMarkS-2+.,OG0000572,Cloud,group_2369,Cloud,Cloud,Cloud
GCF_001685605.1,R1CP_RS39135,MTEHRVTAEEAFQHLVQVSQRTNTTLSEVARNLMASITQDR,41,antar domain-containing protein, ,Derived by automated computational analysis using gene prediction method: GeneMarkS-2+.,OG0000573,Cloud,group_2111,Cloud,Cloud,Cloud
GCF_001685605.1,R1CP_RS07725,MPHTPNIIEASMPKTIIPIIPVAAALWLVLAALGAWSTVAFAVAALAAVVSGTYLLASAVTGARHR,66,hypothetical protein, ,Derived by automated computational analysis using gene prediction method: Protein Homology.,OG0000205,Shell,group_222,Cloud,,Cloud
GCF_001685605.1,R1CP_RS43245,MSTALEESRRHAIELTNEKIQAVKDFFTNIFRLDTTHRTEA,41,hypothetical protein, ,Derived by automated computational analysis using gene prediction method: GeneMarkS-2+.,OG0000178,Shell,group_2433,Shell,Cloud,Shell
GCF_001685605.1,R1CP_RS40915,MTADEPHESVGAELAGIAGEAGIGPSELVHDQSVNGAGNLPRTLKPLR,48,hypothetical protein, ,Derived by automated computational analysis using gene prediction method: GeneMarkS-2+.,OG0000765,Cloud,group_1432,Cloud,Cloud,Cloud
GCF_001685605.1,R1CP_RS42270,MVAAGLSNRQIADRLFVSVRTVEGHIYRACMKLDVADRNGLAQAMGTTVR,50,helix-turn-helix transcriptional regulator, ,Derived by automated computational analysis using gene prediction method: Protein Homology.,OG0000301,Cloud,group_2413,Cloud,Cloud,Cloud
GCF_001685605.1,R1CP_RS43250,MSVRIPNVTTDTYGFRADSVHPSSVGMAHMSARATAGLTLK,41,hypothetical protein, ,Derived by automated computational analysis using gene prediction method: GeneMarkS-2+.,OG0001190,,group_1836,Cloud,,Probably not conserved
GCF_001685605.1,R1CP_RS43255,MGAEISERTFHGAVPLGEDEVSAIVTYGVAAFLDGYRGRGN,41,hypothetical protein, ,Derived by automated computational analysis using gene prediction method: GeneMarkS-2+.,OG0000766,Cloud,group_2304,Cloud,Cloud,Cloud
GCF_001685605.1,R1CP_RS41650,MHVTETPTPTVSRTMWTTEEIKARLEEMNIPRSRTRRGPRWGNRDR,46,hypothetical protein, ,Derived by automated computational analysis using gene prediction method: Protein Homology.,OG0000179,Shell,group_2404,Shell,Shell,Shell
GCF_001685605.1,R1CP_RS08785,MDPKAREAWSTTDEGKEFITASSKKWRNASIAFGMPEGAATAAGVRTTAFYTGADTGAG,59,hypothetical protein, ,Derived by automated computational analysis using gene prediction method: GeneMarkS-2+.,OG0000302,Cloud,group_2074,Cloud,Cloud,Cloud
GCF_001685605.1,R1CP_RS08955,MTTLITLACMLLLAAAVAHYGPKEGGTGVFRLEQFRIGAPLGGIFTDQPTSPEDPDWPGSDDQRAGGGSS,70,hypothetical protein, ,Derived by automated computational analysis using gene prediction method: Protein Homology.,OG0000194,Shell,,,Shell,Shell
GCF_001685605.1,R1CP_RS09250,MAARNEIRPIVKLKSTAGTGYTYVTRKNRRNDPDRLVMKKYDPVVRKHVDFREEK,55,50s ribosomal protein l33, ,Derived by automated computational analysis using gene prediction method: Protein Homology.,OG0000047,Conserved,group_2305,Shell,Shell,Shell
GCF_001685605.1,R1CP_RS09270,MAVPKRRMSRSNTRSRRSQWKAQAPDLVEVTVGGATHRVPRRLVKAVKLGLVDPAGK,57,50s ribosomal protein l32, ,Derived by automated computational analysis using gene prediction method: Protein Homology.,OG0000060,Soft core,group_2234,Shell,Shell,Shell
GCF_001685605.1,R1CP_RS41655,MSDAELRKAIRVLRERADDARHRGNDDDANGIERTIRTYQEEMTQRL,47,hypothetical protein, ,Derived by automated computational analysis using gene prediction method: Protein Homology.,OG0000059,Core,group_1481,Shell,Soft core,Shell
GCF_001685605.1,R1CP_RS09540,MAEGIVKWFNSEKGFGFIAPEDGSADVFVHYSEIQSGGFRTLEENQRVSFEIGQGNKGPQATGVTLI,67,cold-shock protein, ,Derived by automated computational analysis using gene prediction method: Protein Homology.,OG0000046,Conserved,group_2233,Shell,Soft core,Shell
GCF_001685605.1,R1CP_RS42300,MFALRDLEPGAGWGLLDSDGRPKAPWFVMRRMSLPIAVLLAEDGLDGLRIDAVNDSDNTVVGE,63,hypothetical protein, ,Derived by automated computational analysis using gene prediction method: GeneMarkS-2+.,OG0000767,Cloud,group_442,Cloud,Cloud,Cloud
GCF_001685605.1,R1CP_RS10305,MSEDRRISRLLPVRRVLAAAGIAGLVAGGGMAAAADPATPDSAVAAPLVSAGFGAPDAVSSGS,63,hypothetical protein, ,Derived by automated computational analysis using gene prediction method: Protein Homology.,OG0000180,Shell,group_2175,Shell,Shell,Shell
GCF_001685605.1,R1CP_RS10445,MRAVRTAWWWTGSLMGDHDYSRYVEHLRRNHPDAEVPTEREYWKARYADADANPGARCC,59,ybdd/yjix family protein, ,Derived by automated computational analysis using gene prediction method: Protein Homology.,OG0000045,Conserved,group_2289,Shell,Core,Shell
GCF_001685605.1,R1CP_RS10520,MAEPVKGPASYFPSIEEKYGRPISEWQTLIRSSELTKHMELVSWLKSEHGLGHGHANALVAYTLKEDAAG,70,duf4287 domain-containing protein, ,Derived by automated computational analysis using gene prediction method: Protein Homology.,OG0000027,Conserved,,,Shell,Shell
GCF_001685605.1,R1CP_RS41665,MDLAFLSEFFSAFSDLAGALDFFSGSADALGGGADAATAAAATIG,45,hypothetical protein, ,Derived by automated computational analysis using gene prediction method: Protein Homology.,OG0000181,Shell,group_2197,Shell,Shell,Shell
GCF_001685605.1,R1CP_RS41670,MKASKVSGLKPKKKCCRSKTRCIKCPVVIMRMKKLENEGASKKELKKGLKKARAA,55,hypothetical protein, ,Derived by automated computational analysis using gene prediction method: GeneMarkS-2+.,OG0000044,Conserved,group_2219,Shell,Core,Shell
GCF_001685605.1,R1CP_RS41675,MYNWDVQNAIVAFVETLRPSWPAQHDLYYSVLYGFADMQSHLLTLLGYPPVA,52,hypothetical protein, ,Derived by automated computational analysis using gene prediction method: Protein Homology.,OG0000058,Core,group_1177,Shell,Soft core,Shell
GCF_001685605.1,R1CP_RS10770,MTSFDAADSPEVPEADRLEQELAVDDDSSDEVEEVSSLEVNEADVAEQSRAVPVDEDYPRE,61,hypothetical protein, ,Derived by automated computational analysis using gene prediction method: Protein Homology.,OG0000057,Core,group_2212,Shell,Shell,Shell
GCF_001685605.1,R1CP_RS41680,MPILLLHAVIAGFSVVSGWLSAPLKRPVAALAHSYAVMRWSALIAVEDAAEHR,53,hypothetical protein, ,Derived by automated computational analysis using gene prediction method: Protein Homology.,OG0000251,Shell,group_1124,Cloud,Cloud,Cloud
GCF_001685605.1,R1CP_RS11005,MAAMKPRTGDGPLEATKEGRGIVMRVPLEGGGRLVVELTPEEAAALGEELKGVTS,55,duf3117 domain-containing protein, ,Derived by automated computational analysis using gene prediction method: Protein Homology.,OG0000043,Conserved,group_1006,Shell,Shell,Shell
GCF_001685605.1,R1CP_RS11500,MSDRDNNVLENELVEESLVEEVSIDGMCGVY,31,mycofactocin precursor mfta, ,"Mycofactocin is a small molecule electron carrier derived from the final two amino acids, Val-Tyr, of MftA, the mycofactocin precursor. It plays a role in redox homeostasis and the metabolism of alcohols and aldehydes in Actinobacteria, including Mycobacterium tuberculosis; Derived by automated computational analysis using gene prediction method: Protein Homology.",OG0000009,Conserved,group_2326,Conserved,Shell,Shell
GCF_001685605.1,R1CP_RS11875,MAKKALVNKANKKPKFAVRAYTRCQRCGRPHSVFRKFGLCRICVREMAHAGELPGVHKSSW,61,type z 30s ribosomal protein s14, ,Derived by automated computational analysis using gene prediction method: Protein Homology.,OG0000028,Conserved,group_2294,Conserved,Shell,Shell
GCF_001685605.1,R1CP_RS11900,MAELKVTQIKSTIGTKQNQRNSLRTLGLKGIRQTVVREDNAQNRGLINVVRHLVTVEEV,59,50s ribosomal protein l30, ,Derived by automated computational analysis using gene prediction method: Protein Homology.,OG0000029,Conserved,rpmD,Conserved,Shell,Shell
GCF_001685605.1,R1CP_RS11935,MKVQPSVKKICEKCKVIRRNGRVMVICENLRHKQRQG,37,50s ribosomal protein l36, ,Derived by automated computational analysis using gene prediction method: Protein Homology.,OG0000030,Conserved,rpmJ,Conserved,Shell,Shell
GCF_001685605.1,R1CP_RS12055,MRADLEMFRERIDERRARDEEAAANRSGRGRTESAAAPPAAAQPRTLDDDEFYRPRSWLV,60,hypothetical protein, ,Derived by automated computational analysis using gene prediction method: Protein Homology.,OG0000263,Shell,group_2245,Shell,Shell,Shell
GCF_001685605.1,R1CP_RS41690,MAESVPFEFDAFDLAGHATLEDVTYLPTPEPRTDEMPLSQTVVDFAGE,48,hypothetical protein, ,Derived by automated computational analysis using gene prediction method: Protein Homology.,OG0000389,Cloud,group_2114,Cloud,Cloud,Cloud
GCF_001685605.1,R1CP_RS40955,MFKLIRAVALALLAVGAYVVVSEHEPATVELPSPSFAPATAKLTTV,46,hypothetical protein, ,Derived by automated computational analysis using gene prediction method: GeneMarkS-2+.,OG0000220,Shell,group_2379,Shell,Shell,Shell
GCF_001685605.1,R1CP_RS43265,MLVIGILLTLSLASVAWLCVSTAHGGRSGLAGPPRSHLHSD,41,hypothetical protein, ,Derived by automated computational analysis using gene prediction method: GeneMarkS-2+.,OG0000182,Shell,group_2124,Shell,Shell,Shell
GCF_001685605.1,R1CP_RS41695,MPGSPLAKNRSPVIVPTTTRPDAVRMPAANTDSLAAEQIYTNRFTDPGIGISSP,54,hypothetical protein, ,Derived by automated computational analysis using gene prediction method: GeneMarkS-2+.,OG0000768,Cloud,group_2125,Cloud,Cloud,Cloud
GCF_001685605.1,R1CP_RS40970,MTFTVTHRSFDQLAEFAVTDFGDDDSYSIHESGALVIVRAARELIYAPGSWFLVEREDGQEDGSPGNYM,69,hypothetical protein, ,Derived by automated computational analysis using gene prediction method: GeneMarkS-2+.,OG0000151,Shell,group_2,Shell,Shell,Shell
GCF_001685605.1,R1CP_RS41700,MTDASNEDTKKKFREALERKNHQAGLSTDHKDGHSKAHEAHGPADHKREFRRKTG,55,duf5302 domain-containing protein, ,Derived by automated computational analysis using gene prediction method: Protein Homology.,OG0000031,Conserved,group_2470,Core,Soft core,Soft core
GCF_001685605.1,R1CP_RS39330,MAAVCDVCAKGPGFGKSVSHSHRRTNRRWNPNIQTVRAEVAPGNTRKVNVCTSCLKAGKVARG,63,50s ribosomal protein l28, ,Derived by automated computational analysis using gene prediction method: Protein Homology.,OG0000032,Conserved,rpmB,Conserved,Soft core,Soft core
GCF_001685605.1,R1CP_RS39335,MAVPKRRMSRSNTRSRRSQWKTTVPTLVTCPNRGCGEKTLPHVACPSCGTYKGRQVTAAV,60,50s ribosomal protein l32, ,Derived by automated computational analysis using gene prediction method: Protein Homology.,OG0000033,Conserved,group_2479,Conserved,Soft core,Soft core
GCF_001685605.1,R1CP_RS42320,MIAWQGVAQTLPQSLAACASGRELRASGYPQDVAIAAEVDRSTAVPVLEDRVFRTASQ,58,hypothetical protein, ,Derived by automated computational analysis using gene prediction method: GeneMarkS-2+.,OG0000487,Cloud,group_820,Cloud,Cloud,Cloud
GCF_001685605.1,R1CP_RS42325,MHTPVPVPSSKLMVDPFGEGSTNLSGAAVRRIIFGDKLICPFVTRLRPTAFAPGRPQSKRRS,62,hypothetical protein, ,Derived by automated computational analysis using gene prediction method: GeneMarkS-2+.,OG0000334,Cloud,group_2101,Cloud,Cloud,Cloud
GCF_001685605.1,R1CP_RS14395,MRLLRGLLDVVLGILTAILGTVLGIVAAVVWLVGGVLCVTVILLPLGLPVVRLARRLFTLARKLMHLP,68,hypothetical protein, ,Derived by automated computational analysis using gene prediction method: Protein Homology.,OG0000152,Shell,group_2196,Shell,Shell,Shell
GCF_001685605.1,R1CP_RS41705,MFWKIVLAVAAIWIALAVVGALVKGLFWILVVSAVVFGVYLLIKAMSGSGEKSDITRS,58,hypothetical protein, ,Derived by automated computational analysis using gene prediction method: Protein Homology.,OG0000034,Conserved,group_808,Shell,Soft core,Shell
GCF_001685605.1,R1CP_RS14625,MRLTEFHQLVREEFGQMRGDALLVDHVLLSLGGKTAAEAIEDGREPREVWRELCVEFDVPPQRR,64,duf3046 domain-containing protein, ,Derived by automated computational analysis using gene prediction method: Protein Homology.,OG0000035,Conserved,group_2481,Conserved,Soft core,Soft core
GCF_001685605.1,R1CP_RS14905,MPGTLTSPPLTAADRCDRCGAGARVRAVLPTGGELLFCGHHANEHADRLREMNATIVSEAEAAI,64,hypothetical protein, ,Derived by automated computational analysis using gene prediction method: Protein Homology.,OG0000036,Conserved,group_2483,Conserved,Shell,Shell
GCF_001685605.1,R1CP_RS41710,MLASIAAQCADRDMIRYLLDGGPYIVSTLRGLRDDQLHGLWRPEWTPVPSALLDALSATKGPTLI,65,hypothetical protein, ,Derived by automated computational analysis using gene prediction method: GeneMarkS-2+.,OG0000335,Cloud,group_2243,Cloud,Cloud,Cloud
GCF_001685605.1,R1CP_RS41000,MTLSRASSPLGLPSDAAIGRAFLDELLAPLRECRDGLRLDEHDLSAAPIVRCSR,54,hypothetical protein, ,Derived by automated computational analysis using gene prediction method: GeneMarkS-2+.,OG0000303,Cloud,group_2482,Cloud,Cloud,Cloud
GCF_001685605.1,R1CP_RS43270,MVAATPDRNGERKATSEALGVHLPQLPNALDGAVQRHLTVP,41,hypothetical protein, ,Derived by automated computational analysis using gene prediction method: GeneMarkS-2+.,OG0000574,Cloud,group_2462,Cloud,Cloud,Cloud
GCF_001685605.1,R1CP_RS41030,MASILALISAVLIVLGRRSVRGVDTEIVGFVGVAMRNLPSSLFLGGRRRERPRRCCQQPRTHVI,64,hypothetical protein, ,Derived by automated computational analysis using gene prediction method: GeneMarkS-2+.,OG0000769,Cloud,group_2520,Cloud,,Cloud
GCF_001685605.1,R1CP_RS43275,MYASTLVGVAAMSCPCSVTRTVAMIGWVAVSMTLTALVGVLWAT,44,hypothetical protein, ,Derived by automated computational analysis using gene prediction method: GeneMarkS-2+.,OG0000770,Cloud,group_2518,Cloud,Cloud,Cloud
GCF_001685605.1,R1CP_RS41035,MPTTDFSGRGERARATSTTPAARNPAVVTVITTIAGAGSAPSLTTNATPDTNDA,54,hypothetical protein, ,Derived by automated computational analysis using gene prediction method: GeneMarkS-2+.,OG0000771,Cloud,group_1073,Cloud,,Cloud
GCF_001685605.1,R1CP_RS41715,MTQRLQTVPIVFKSDALPYTAPFHLGGQIGVHLSWTPTLGRWWRNLAE,48,hypothetical protein, ,Derived by automated computational analysis using gene prediction method: GeneMarkS-2+.,OG0000336,Cloud,group_2519,Cloud,Cloud,Cloud
GCF_001685605.1,R1CP_RS41720,MIAYTLPEIRRLLMQLILRHAHPDEHTWSWSNWRRRRQHQARTSHYRRRGHLP,53,hypothetical protein, ,Derived by automated computational analysis using gene prediction method: Protein Homology.,OG0000197,Cloud,"group_1959, group_1960, group_1961, group_2120",Cloud,,Cloud
GCF_001685605.1,R1CP_RS41730,MGKISHVRLTTGTHEAVTFIARTPANHATSAQRQDNNMDVQVLSFVTDKRYEVDKAARTRGVG,63,hypothetical protein, ,Derived by automated computational analysis using gene prediction method: GeneMarkS-2+.,OG0000772,Cloud,group_443,Cloud,Cloud,Cloud
GCF_001685605.1,R1CP_RS41040,MRIPRHGVHRTTSGKVQRRSMRASFLQSRVEAVLHEEIDPAVQRLRATAVAAPA,54,hypothetical protein, ,Derived by automated computational analysis using gene prediction method: GeneMarkS-2+.,OG0001191,,group_1074,Cloud,,Probably not conserved
GCF_001685605.1,R1CP_RS17280,MDLTAIGVGFGYVVVVLTILVVVVGVSALFVFSIKSDFIPPESPGTPTGRKRIGRAE,57,hypothetical protein, ,Derived by automated computational analysis using gene prediction method: Protein Homology.,OG0000195,Shell,group_868,Shell,Cloud,Shell
GCF_001685605.1,R1CP_RS17385,MSDGNTGAAGGGAIYALGIFGAWVWFWQQADAFWEYVLAIIQGLFWPAWMVYDVFKALAG,60,hypothetical protein, ,Derived by automated computational analysis using gene prediction method: Protein Homology.,OG0000202,Shell,group_2473,Shell,Cloud,Shell
GCF_001685605.1,R1CP_RS41735,MPKTIIPVIGALWLVLAAIGAWSTIAFAIAAPAAVLLGTYLLASAVTGSNGH,52,hypothetical protein, ,Derived by automated computational analysis using gene prediction method: Protein Homology.,OG0000205,Shell,group_2416,Cloud,Cloud,Cloud
GCF_001685605.1,R1CP_RS42375,MLDYAADLAARSAVLTHENERRWQIFHERVDQIVGAADTPGGNEIRPEGR,50,hypothetical protein, ,Derived by automated computational analysis using gene prediction method: GeneMarkS-2+.,OG0001192,,,,,Probably not conserved
GCF_001685605.1,R1CP_RS41045,MLGDRILAVAVGAGSILRPSAAALSLLTGESPGSPSGTGSVNEDGPGVE,49,hypothetical protein, ,Derived by automated computational analysis using gene prediction method: GeneMarkS-2+.,OG0001193,,group_1370,Cloud,,Probably not conserved
GCF_001685605.1,R1CP_RS17920,MRTGTVRWFNAEQGFGFLAPADGSDDIFVHISEIAGDGHRILEEGQRVSFTVCRTETGNQARDVRVA,67,cold shock domain-containing protein, ,Derived by automated computational analysis using gene prediction method: Protein Homology.,OG0000157,Shell,group_2429,Shell,Shell,Shell
GCF_001685605.1,R1CP_RS41740,MTKDTHGETDEPKGGRPGPADHGKDGGMATRENAPELADDSADAETETD,49,hypothetical protein, ,Derived by automated computational analysis using gene prediction method: Protein Homology.,OG0000018,Core,group_2420,Shell,Shell,Shell
GCF_001685605.1,R1CP_RS41050,MNTFTTPTSARNRGFAPSRGSMSTMEIKNRIEAMFREDDERESKAIRAE,49,hypothetical protein, ,Derived by automated computational analysis using gene prediction method: GeneMarkS-2+.,OG0000190,Shell,group_2397,Shell,Shell,Shell
GCF_001685605.1,R1CP_RS17985,MHQDDQRTTSPPTVEEPRRCHTLRPTVYIASVSAATATAPAVVVTGSVLVAVATSVSMLAAVVLAALLI,69,hypothetical protein, ,Derived by automated computational analysis using gene prediction method: Protein Homology.,OG0001194,,,,,Probably not conserved
GCF_001685605.1,R1CP_RS18220,MHSDTTTRELLHDHTKVTRRFALADVALTTFVCLVCATGIGIITGSVLAAATGGLIVVLATALMVAAV,68,hypothetical protein, ,Derived by automated computational analysis using gene prediction method: Protein Homology.,OG0000158,Shell,group_2345,Shell,Shell,Shell
GCF_001685605.1,R1CP_RS43295,MADKSAVKSSKQSARALRERRAEKRAKAQESTKIIRKRKG,40,hypothetical protein, ,Derived by automated computational analysis using gene prediction method: Protein Homology.,OG0000004,Core,group_2338,Shell,Shell,Shell
GCF_001685605.1,R1CP_RS18300,METGTDETKTCSFCRGPIGYEIKDAHAGFASLPPGKRYRVFHCMNRCPRSAPDGLECGHRHEYL,64,hypothetical protein, ,Derived by automated computational analysis using gene prediction method: Protein Homology.,OG0000203,Shell,group_350,Shell,Shell,Shell
GCF_001685605.1,R1CP_RS41055,MEHHAGTATLRGGYAEHESAGERHVETPRIADRLSLSVESYMRNLVGKWEVRSR,54,hypothetical protein, ,Derived by automated computational analysis using gene prediction method: GeneMarkS-2+.,OG0000390,Cloud,group_2035,Cloud,Cloud,Cloud
GCF_001685605.1,R1CP_RS18430,MSEMVPADDTRRIALVDLLDRVLGGGVVITGEITLSLADVDMVRISLRTLIASVSALVPDPAGPDPADD,69,gas vesicle protein, ,Derived by automated computational analysis using gene prediction method: Protein Homology.,OG0000145,Shell,group_2318,Shell,Shell,Shell
GCF_001685605.1,R1CP_RS18440,MNMGKKIRHKVETAEGATKKAVGRATGNAHLEAEGSKEQAKGNTKQMGDKFKDAGKKIKNAFKH,64,csbd family protein, ,Derived by automated computational analysis using gene prediction method: Protein Homology.,OG0000073,Shell,group_2267,Shell,Shell,Shell
GCF_001685605.1,R1CP_RS18705,MSTNTYPTIETIRIGQSGHECRYCGHAVAKDGPGYRHTTTGQYRCDPASRALNEARLSNSMVRS,64,hypothetical protein, ,Derived by automated computational analysis using gene prediction method: Protein Homology.,OG0000148,Shell,group_2334,Shell,Shell,Shell
GCF_001685605.1,R1CP_RS18765,MRTAFCNTLFHVFDHRICCGRIPEWTAHVGQPWDTYDVAPWNLYNAIWRIQHWIRSGVDADR,62,hypothetical protein, ,Derived by automated computational analysis using gene prediction method: Protein Homology.,OG0000219,Shell,group_2337,Shell,Cloud,Shell
GCF_001685605.1,R1CP_RS42400,MGAVVYDRAVADQPRLLAAVRAATTLALDNQRLQGELEAQFAEVRRARAQTVEYPGSPTRRC,62,hypothetical protein, ,Derived by automated computational analysis using gene prediction method: GeneMarkS-2+.,OG0000488,Cloud,group_2093,Cloud,Cloud,Cloud
GCF_001685605.1,R1CP_RS42415,MGDVLRAAPPDPEESRRRAAELVADRDLIEWACRPDQPSEIREFGATLAFLSMKLTT,57,hypothetical protein, ,Derived by automated computational analysis using gene prediction method: GeneMarkS-2+.,OG0000773,Cloud,group_876,Cloud,Cloud,Cloud
GCF_001685605.1,R1CP_RS41750,MGSSEVFTDLVAWGAEGFLNGNPVQSAVGTVLFLGLGLWDLVTGAPIVI,49,hypothetical protein, ,Derived by automated computational analysis using gene prediction method: Protein Homology.,OG0000061,Soft core,group_2418,Shell,Cloud,Cloud
GCF_001685605.1,R1CP_RS43300,MMVVALLVTVDEHVTVAEPICRVRDQGESGESGDRAGTDDTARD,44,hypothetical protein, ,Derived by automated computational analysis using gene prediction method: GeneMarkS-2+.,OG0000575,Cloud,group_2083,Cloud,Cloud,Cloud
GCF_001685605.1,R1CP_RS19245,MPATQTEHRRDTHDDGVNAADEKTMLKFAQTWQPCGGADEQILSEFVVTDAFCYVKLPNTIPHWCRDWT,69,hypothetical protein, ,Derived by automated computational analysis using gene prediction method: GeneMarkS-2+.,OG0000774,Cloud,group_2122,Cloud,Cloud,Cloud
GCF_001685605.1,R1CP_RS42435,MLVTDKRAFREHLASFALDRLWRLCVETWRIAVPMLDRAGISSDESLDADTMTSVGAKPVSACR,64,hypothetical protein, ,Derived by automated computational analysis using gene prediction method: GeneMarkS-2+.,OG0001195,,group_363,Cloud,,Probably not conserved
GCF_001685605.1,R1CP_RS42440,MAFVRAALEDLVYLGFFASLDLEESRELFVSVGSFDSLRALLAHRN,46,hypothetical protein, ,Derived by automated computational analysis using gene prediction method: GeneMarkS-2+.,OG0001196,,group_1557,Cloud,,Probably not conserved
GCF_001685605.1,R1CP_RS42450,MPQHRDDRYNRLITDVEDVTGRPAQSVEQYVAAHRELFSKSAADG,45,hypothetical protein, ,Derived by automated computational analysis using gene prediction method: GeneMarkS-2+.,OG0001197,,group_1615,Cloud,,Probably not conserved
GCF_001685605.1,R1CP_RS41770,MKEHVAGSDPYDPEVVRVADFYRRLYEHYGYVPYWAPGYVYPYPPPA,47,hypothetical protein, ,Derived by automated computational analysis using gene prediction method: GeneMarkS-2+.,OG0001198,,group_1489,Cloud,,Probably not conserved
GCF_001685605.1,R1CP_RS19730,MPVVAVAQFLVRTGETLAGTCLPASVIGEPYRAEAFEQLTGVDAGAAGG,49,hypothetical protein, ,Derived by automated computational analysis using gene prediction method: GeneMarkS-2+.,OG0001199,,group_1371,Cloud,,Probably not conserved
GCF_001685605.1,R1CP_RS19845,MNRTELPQTLRRSSKEVQAAFATAHEMAVRRYGEGEEAQRAAYGELKQSYELVTDHWVPKQD,62,chab family protein, ,Derived by automated computational analysis using gene prediction method: Protein Homology.,OG0000159,Shell,group_518,Shell,Cloud,Shell
GCF_001685605.1,R1CP_RS19855,MNNDQRRALEHVRDTCAMLDSFLTTHPSDRPPERVRSATFEQLTDDLLDAVTAAQNAGVPEQRIFDSM,68,hypothetical protein, ,Derived by automated computational analysis using gene prediction method: Protein Homology.,OG0000135,Shell,group_2185,Shell,Cloud,Shell
GCF_001685605.1,R1CP_RS42460,MALELGVLVALSANTGGNLDGPAAVTDHVGAALTGGTILLAVALVVVLTVIVLAARHRSSCSALH,65,hypothetical protein, ,Derived by automated computational analysis using gene prediction method: GeneMarkS-2+.,OG0000775,Cloud,group_2134,Cloud,Cloud,Cloud
GCF_001685605.1,R1CP_RS19950,MTQQLYLMPQPTIAAINGGCADSGLSMAAAADFRIASDSNVFNTDFPTTGFPGDLAGI,58,enoyl-coa hydratase-related protein, ,Derived by automated computational analysis using gene prediction method: Protein Homology.,OG0000337,Cloud,group_2214,Cloud,Cloud,Cloud
GCF_001685605.1,R1CP_RS41085,MQRRRPYHPILGGAGLVLAGAHSAPERVPPGSMAQLVAGASSAGDTLFPQVIAVT,55,hypothetical protein, ,Derived by automated computational analysis using gene prediction method: GeneMarkS-2+.,OG0000576,Cloud,group_2306,Cloud,Cloud,Cloud
GCF_001685605.1,R1CP_RS41790,MTIDHDKTELPLFSAQRTLTHRTQEPVTDAPRTDDPPTQTSAEIHRSLFSDE,52,hypothetical protein, ,Derived by automated computational analysis using gene prediction method: Protein Homology.,OG0000222,Shell,group_2253,Shell,Cloud,Shell
GCF_001685605.1,R1CP_RS20005,MAQGIVKWFNGEKGFGFIAPDDGTPDVFVHYSEISGSGFKSLDENQRVEFEVGQGQKGPQATNVRSV,67,cold-shock protein, ,Derived by automated computational analysis using gene prediction method: Protein Homology.,OG0000003,Conserved,group_1996,Shell,Cloud,Cloud
GCF_001685605.1,R1CP_RS41795,MATTSIAPTTPTGRQTPRRSGTMSTAEIKSRIEAMFADDRRPTRPAVTN,49,hypothetical protein, ,Derived by automated computational analysis using gene prediction method: Protein Homology.,OG0000002,Conserved,group_2516,Shell,Cloud,Cloud
GCF_001685605.1,R1CP_RS41100,MYSKRAVQALTEPDSWDDRLDAEFDQCWTSADFAERQLARAENRVPKFVGK,51,hypothetical protein, ,Derived by automated computational analysis using gene prediction method: GeneMarkS-2+.,OG0000391,Cloud,group_2066,Cloud,Cloud,Cloud
GCF_001685605.1,R1CP_RS41105,MSTRIAAALSAVAITLSLGALTAPTASAAPAVPAATPAAGSVTICFGIPLGSASLNWCF,59,hypothetical protein, ,Derived by automated computational analysis using gene prediction method: Protein Homology.,OG0000233,Shell,group_2315,Cloud,Cloud,Cloud
GCF_001685605.1,R1CP_RS43320,MFWRYPSELVVMVTVVALFLVKLVARPALLTHSTPQESTT,40,hypothetical protein, ,Derived by automated computational analysis using gene prediction method: GeneMarkS-2+.,OG0000392,Cloud,group_2195,Cloud,Cloud,Cloud
GCF_001685605.1,R1CP_RS20085,MEYDLRRCNLASPLADVRVPAGRTRAIAAAIRTGLARGDDPDNIEELIRCAGAAGLPLTLW,61,hypothetical protein, ,Derived by automated computational analysis using gene prediction method: GeneMarkS-2+.,OG0000338,Cloud,group_2299,Cloud,Cloud,Cloud
GCF_001685605.1,R1CP_RS42510,MKWDGPRAITTVDNGVARMFSRNGNDITATFPCCPPPHSSATRRPSRTTYSTS,53,hypothetical protein, ,Derived by automated computational analysis using gene prediction method: Protein Homology.,OG0000295,Cloud,group_1125,Cloud,,Cloud
GCF_001685605.1,R1CP_RS20240,MPIINVNHASPLTADEIEALMAGLTEVYASVTKANASAVHVLVQQVPSDRWGVGGESLAVRNSRAAAATA,70,tautomerase family protein, ,Derived by automated computational analysis using gene prediction method: Protein Homology.,OG0001200,,,,,Probably not conserved
GCF_001685605.1,R1CP_RS41805,MIAYTLPEIRRLLMQLILRHAHPDEHTWSWSNWRRRRQHQARTSHYRRRGHLP,53,hypothetical protein, ,Derived by automated computational analysis using gene prediction method: Protein Homology.,OG0000197,Cloud,"group_1959, group_1960, group_1961, group_2120",Cloud,,Cloud
GCF_001685605.1,R1CP_RS43325,MGDRTATGLERELAMLAYVRDCLRVSEGEYFRIPTAALDELSSR,44,hypothetical protein, ,Derived by automated computational analysis using gene prediction method: Protein Homology.,OG0000117,Shell,group_1660,Cloud,,Cloud
GCF_001685605.1,R1CP_RS43330,MAQFLAWVAQDASVLGTCRGATGDTLVITRLDRLARSTAR,40,hypothetical protein, ,Derived by automated computational analysis using gene prediction method: GeneMarkS-2+.,OG0000776,Cloud,group_1881,Cloud,,Cloud
GCF_001685605.1,R1CP_RS20505,MPHFRYVGTHERIHLGAATRMINYGDIVAARTNPDPRYFELVEPDQITQRLSRRTVGAPERE,62,hypothetical protein, ,Derived by automated computational analysis using gene prediction method: Protein Homology.,OG0000232,Shell,group_519,Cloud,,Cloud
GCF_001685605.1,R1CP_RS41810,MIAYTLPEIRRLLMQLILRHAHPDEHIWSWSNWRRRRQHQARTSHYRRRGHLP,53,hypothetical protein, ,Derived by automated computational analysis using gene prediction method: Protein Homology.,OG0000197,Cloud,group_1999,Cloud,,Cloud
GCF_001685605.1,R1CP_RS43335,MPESSDYLVVALLVLASVPTAYRYPRQLRAYHREMQRRDIQRNG,44,hypothetical protein, ,Derived by automated computational analysis using gene prediction method: GeneMarkS-2+.,OG0000777,Cloud,group_2348,Cloud,Cloud,Cloud
GCF_001685605.1,R1CP_RS41140,MISSRLRDTGTPEPADLDGVFRRLKSNEFDLVAIGRLHLADPALARTLRRGGPIPTFDRERHEGQLY,67,hypothetical protein, ,Derived by automated computational analysis using gene prediction method: GeneMarkS-2+.,OG0000778,Cloud,group_150,Cloud,,Cloud
GCF_001685605.1,R1CP_RS41145,MSIESGSPVSAATVFDFQASGWGSHGWMPWAVNPKGGWSPLQGSGTRHPSRKLMVCPDRSQVGS,64,hypothetical protein, ,Derived by automated computational analysis using gene prediction method: GeneMarkS-2+.,OG0000779,Cloud,group_364,Cloud,,Cloud
GCF_001685605.1,R1CP_RS41150,MALAPNGATIATLTIPNNASGFSDALAWIAEHAPGPASWSDSKAPAATESAWLAR,55,hypothetical protein, ,Derived by automated computational analysis using gene prediction method: GeneMarkS-2+.,OG0000577,Cloud,group_2346,Cloud,,Cloud
GCF_001685605.1,R1CP_RS43340,MDNVALLRKLVAYLEIAAPALPRPDLVDRTSLVARRRRWLGT,42,hypothetical protein, ,Derived by automated computational analysis using gene prediction method: Protein Homology.,OG0000196,Shell,group_2104,Cloud,Cloud,Cloud
GCF_001685605.1,R1CP_RS42535,MPRQTRFSLPWASSCRSSEHCARTGLRPATPDSLPSIGPVPGHRGLYIAAGHGMLGVTSP,60,fad-dependent oxidoreductase, ,Derived by automated computational analysis using gene prediction method: Protein Homology.,OG0000780,Cloud,group_2118,Cloud,,Cloud
GCF_001685605.1,R1CP_RS41830,MTDQLHADLTERLGRAVARAAMDGGPLFGTVEITIAELAELLESRTPPGE,50,hypothetical protein, ,Derived by automated computational analysis using gene prediction method: Protein Homology.,OG0000136,Shell,group_2495,Shell,,Shell
GCF_001685605.1,R1CP_RS41175,MEGKKKIAAPVRGGDAESLAADVFEEGGCLFLLEDAVDLEEIGGDVVRD,49,hypothetical protein, ,Derived by automated computational analysis using gene prediction method: GeneMarkS-2+.,OG0000578,Cloud,group_2072,Cloud,,Cloud
GCF_001685605.1,R1CP_RS41180,MENFAIAGTTTRQFPLLISASAMIERAARETNLQLGHLDEKRAGAVINAGKEIRQA,56,hypothetical protein, ,Derived by automated computational analysis using gene prediction method: GeneMarkS-2+.,OG0000339,Cloud,group_2095,Cloud,Cloud,Cloud
GCF_001685605.1,R1CP_RS43540,MCGPCPVRQDCASHALTYQEHGVWGGTTESDRNNERRVLRGGPNRRSGRGGQC,53,whib family transcriptional regulator, ,Derived by automated computational analysis using gene prediction method: Protein Homology.,OG0000284,Cloud,group_1126,Cloud,,Cloud
GCF_001685605.1,R1CP_RS42560,MTSYHARCYWSQRSPEHEVPVTWEILLPPSVHVLEPAEPPLTVPLEPEYP,50,hypothetical protein, ,Derived by automated computational analysis using gene prediction method: GeneMarkS-2+.,OG0000579,Cloud,group_1312,Cloud,,Cloud
GCF_001685605.1,R1CP_RS41845,MSDRTAADLERELAMPASVRDRLRVSAGDDFRSPSTAVDQVLDELNRLQRSPWDPS,56,hypothetical protein, ,Derived by automated computational analysis using gene prediction method: Protein Homology.,OG0000117,Shell,group_930,Cloud,,Cloud
GCF_001685605.1,R1CP_RS41200,MITDDPDTITAAQVHRHLDEITEVDHAIQRHRHRDLADRPDRAPARDRRSDTR,53,hypothetical protein, ,Derived by automated computational analysis using gene prediction method: GeneMarkS-2+.,OG0000393,Cloud,group_1127,Cloud,Cloud,Cloud
GCF_001685605.1,R1CP_RS21200,MAQGTVKWFNGEKGFGFISPDDGGADLFVQFSEIQCSGYKSLQENQRVEFEVGRGQKGRQAQNVRPA,67,cold-shock protein, ,Derived by automated computational analysis using gene prediction method: Protein Homology.,OG0000340,Cloud,group_151,Cloud,Cloud,Cloud
GCF_001685605.1,R1CP_RS42585,MTEFVEYCVCTVHWRNLTTGAAGAVVPSRSTGPVLTGSGTVVAVLTVNGWSDRPGVLTALPGAGTWNVP,69,hypothetical protein, ,Derived by automated computational analysis using gene prediction method: GeneMarkS-2+.,OG0000304,Cloud,group_10,Cloud,Cloud,Cloud
GCF_001685605.1,R1CP_RS21375,MAQEQTKRTGGGDEDDTPGGDGAAGQERREKLAEDTDDLLDEIDDVLEENAEDFVRAYVQKGGQ,64,ubiquitin-like protein pup, ,Derived by automated computational analysis using gene prediction method: Protein Homology.,OG0000037,Conserved,group_343,Shell,Shell,Shell
GCF_001685605.1,R1CP_RS21490,MSTSDTAGHTEFPASMGKVSRRELASHGYTRFGQLTTVTAKELSKIDGVGPKAIRILEEELAERGLGFAN,70,hypothetical protein, ,Derived by automated computational analysis using gene prediction method: Protein Homology.,OG0000050,Conserved,,,Shell,Shell
GCF_001685605.1,R1CP_RS21890,MVIDPTLLGILACPQDKGPLLLVGDELLYNPRLRRAYPIENGIPVLLIDEARDVSPDEHETLLARAAGEA,70,trm112 family protein, ,Derived by automated computational analysis using gene prediction method: Protein Homology.,OG0000038,Conserved,,,Soft core,Soft core
GCF_001685605.1,R1CP_RS21965,MPKSKTHSGTAKRFKVSGSGKILRQKAGRRHLLEHKASKVTRRLDGVAVVSKADTPRIKRLLDI,64,50s ribosomal protein l35, ,Derived by automated computational analysis using gene prediction method: Protein Homology.,OG0000039,Conserved,rpmI,Shell,Soft core,Shell
GCF_001685605.1,R1CP_RS22255,MPLIQISQTPGLTAEQKRATIEAVTQAYADATGKDPAKVWVTITEVPRDSWGVGGTPLG,59,2-hydroxymuconate tautomerase family protein, ,Derived by automated computational analysis using gene prediction method: Protein Homology.,OG0000160,Shell,group_2162,Shell,Shell,Shell
GCF_001685605.1,R1CP_RS41855,MSVVLVYVLFIAAGIAAGGAYSMWKFNKLASGVLLALAVLAAVAGVLRLM,50,hypothetical protein, ,Derived by automated computational analysis using gene prediction method: Protein Homology.,OG0000040,Conserved,group_1297,Shell,Core,Shell
GCF_001685605.1,R1CP_RS22460,MHVAVGDRLHVQGRVVGVHETTAEVVEVHGENGAPPYLVRYDDGHEALVFPGSDAWVEHPKS,62,duf1918 domain-containing protein, ,Derived by automated computational analysis using gene prediction method: Protein Homology.,OG0000041,Conserved,group_504,Shell,Soft core,Shell
GCF_001685605.1,R1CP_RS41870,MATYRYLDKDRNVLEEQDFGTVQDAEEHRLSVLGAEIIEEVEDSGTPES,49,hypothetical protein, ,Derived by automated computational analysis using gene prediction method: Protein Homology.,OG0000054,Core,group_2183,Shell,Soft core,Shell
GCF_001685605.1,R1CP_RS22955,MTTNPSDTDDEFLNSTQCEQLTGTPESTWRYWASIGKGPASFKLGRRRVWRKSAILAWIAEQEQAAS,67,helix-turn-helix domain-containing protein, ,Derived by automated computational analysis using gene prediction method: Protein Homology.,OG0000331,Cloud,group_152,Cloud,Cloud,Cloud
GCF_001685605.1,R1CP_RS43350,MSVETAINVLLAYSSPVLAMGLLGSIPGLAVLYGLAKRDAATNR,44,hypothetical protein, ,Derived by automated computational analysis using gene prediction method: GeneMarkS-2+.,OG0001201,,group_1661,Cloud,,Probably not conserved
GCF_001685605.1,R1CP_RS23115,MTDEDHLWYYNVEDGTVTQGKAASSMSRMGPYPDRASAEKALQIAAERNKAADRADEEWNN,61,hypothetical protein, ,Derived by automated computational analysis using gene prediction method: Protein Homology.,OG0000042,Conserved,group_2293,Shell,Soft core,Shell
GCF_001685605.1,R1CP_RS23205,MCSDLTKLGDDELLAQLDEHRALLGESIANDYGCETVRGVTSRITAFEAELDRRGSAVSRDAT,63,hypothetical protein, ,Derived by automated computational analysis using gene prediction method: Protein Homology.,OG0000192,Shell,group_2325,Shell,Shell,Shell
GCF_001685605.1,R1CP_RS23210,MPRYKVTLRNGTSSDKTFESDFQAVNETHRPTESGAGIVKIDRYEEDGEVTGVWSAPATSRTSRT,65,hypothetical protein, ,Derived by automated computational analysis using gene prediction method: Protein Homology.,OG0000113,Soft core,group_2295,Shell,Shell,Shell
GCF_001685605.1,R1CP_RS23425,MTGAGILAVALVAIAAALVVYLLIALIDPERF,32,potassium-transporting atpase subunit f, ,Derived by automated computational analysis using gene prediction method: Protein Homology.,OG0000055,Core,group_2327,Shell,Shell,Shell
GCF_001685605.1,R1CP_RS23610,MDRMASWWDGFELWIAGLPFVPQVALVLLVMVPVCRGLAWLLDRGLAAVFVLLRRDVSKVEEP,63,hypothetical protein, ,Derived by automated computational analysis using gene prediction method: Protein Homology.,OG0000056,Core,group_427,Shell,Shell,Shell
GCF_001685605.1,R1CP_RS41880,MSESERTDLDVDDELDAGQVWRAQRVVAAQSLDAEDCRMLLSMLGIAGNPDAPEVD,56,hypothetical protein, ,Derived by automated computational analysis using gene prediction method: Protein Homology.,OG0000161,Shell,group_2171,Shell,Shell,Shell
GCF_001685605.1,R1CP_RS42595,MNDHHVQLFSELHTTAGSQAGGEDAGEALRPVDPEHRTATEVHRALFSDQ,50,hypothetical protein, ,Derived by automated computational analysis using gene prediction method: GeneMarkS-2+.,OG0000162,Shell,group_2285,Shell,Shell,Shell
GCF_001685605.1,R1CP_RS41885,MIPTLLYYGVPTAVVTVTLWVGFLGWRFYVKEVLRGDRGDTTAGEPDHG,49,hypothetical protein, ,Derived by automated computational analysis using gene prediction method: Protein Homology.,OG0000223,Shell,group_2268,Shell,Shell,Shell
GCF_001685605.1,R1CP_RS41220,MRALPAAHAPRLQPSRTGAASSFPAGRQGECGIMPAPKTYRSTRHA,46,hypothetical protein, ,Derived by automated computational analysis using gene prediction method: GeneMarkS-2+.,OG0000208,Shell,group_2409,Shell,Shell,Shell
GCF_001685605.1,R1CP_RS24255,MVGKFERRKDTVQELTESAATHVGHIATIIAGAVRDVTREIGDWVSDGIEMREAAKKAREDEGEDKPVD,69,hypothetical protein, ,Derived by automated computational analysis using gene prediction method: Protein Homology.,OG0000149,Shell,group_2446,Shell,Shell,Shell
GCF_001685605.1,R1CP_RS41895,MTTHRDEAPPITDPDDDLGGDPVCWLDRVCPDCGLFLTDHTASTCPRCGSARDR,54,hypothetical protein, ,Derived by automated computational analysis using gene prediction method: Protein Homology.,OG0000163,Shell,group_2435,Shell,Shell,Shell
GCF_001685605.1,R1CP_RS43355,MADKSPRNSMSKKSGKSLKEKRADKKMKTNGQSDPEIVSHVKKR,44,hypothetical protein, ,Derived by automated computational analysis using gene prediction method: Protein Homology.,OG0000004,Core,group_2437,Shell,Shell,Shell
GCF_001685605.1,R1CP_RS41900,MTDERPGKNQTPPDKTTRPTPKEATPDVSKTDLAAVVDALTATNEKNFDF,50,hypothetical protein, ,Derived by automated computational analysis using gene prediction method: Protein Homology.,OG0000164,Shell,group_2447,Shell,Shell,Shell
GCF_001685605.1,R1CP_RS43370,MNTGSIALHHAVGYRTVEVRQRLAQIDGVWHDSVLLERRRDT,42,hypothetical protein, ,Derived by automated computational analysis using gene prediction method: GeneMarkS-2+.,OG0000394,Cloud,group_2390,Cloud,Cloud,Cloud
GCF_001685605.1,R1CP_RS26470,MAWIERYLSVVGVKVEVLREHGDTSLVEELMDDFMAVLASLSGRFHPLRSKQNQRRLLPGDAAARLEMD,69,hypothetical protein, ,Derived by automated computational analysis using gene prediction method: GeneMarkS-2+.,OG0000454,Cloud,group_11,Cloud,,Cloud
GCF_001685605.1,R1CP_RS26605,MGSGPVKAIMWSLLFVGLVGAGVGISELHVPWTVASLIVASVSGLVLLRIRADAHPELHSDRRMAAG,67,hypothetical protein, ,Derived by automated computational analysis using gene prediction method: Protein Homology.,OG0000165,Shell,group_2193,Shell,Shell,Shell
GCF_001685605.1,R1CP_RS26645,MNSTITGLIVGLLLAIAGILGGFSGFVFAVLLGALGMAVGAHRDGHLDLGAILRSRGRG,59,hypothetical protein, ,Derived by automated computational analysis using gene prediction method: Protein Homology.,OG0000026,Conserved,group_2303,Conserved,Shell,Shell
GCF_001685605.1,R1CP_RS26845,MSEKKIDRVKTESALEVLRESPTIALITVAPALVVFGVVWWLFGFWSALVLVLILGVVAVVGRKLF,66,hypothetical protein, ,Derived by automated computational analysis using gene prediction method: Protein Homology.,OG0000025,Conserved,group_2209,Conserved,Soft core,Soft core
GCF_001685605.1,R1CP_RS26980,MASSTDVRPKITLACEVCKHRNYITKKNRRNDPDRLEIKKFCPNCGTHQSHRESK,55,50s ribosomal protein l33, ,Derived by automated computational analysis using gene prediction method: Protein Homology.,OG0000024,Conserved,rpmG,Conserved,Conserved,Conserved
GCF_001685605.1,R1CP_RS27130,MGALSPSHWAIIAVVLVVLFGSKKLPDAARGLGRSMRILKTEVGELQADAPELEK,55,sec-independent protein translocase subunit tata, ,Derived by automated computational analysis using gene prediction method: Protein Homology.,OG0000019,Conserved,group_2146,Shell,Shell,Shell
GCF_001685605.1,R1CP_RS27205,MIYLLALIGLVTVAVLLWKAFGPNTRPVLSNRVQGPDDDPDFLWKVDRETRRKKSDEPDAGPADPAG,67,hypothetical protein, ,Derived by automated computational analysis using gene prediction method: Protein Homology.,OG0000023,Conserved,group_2246,Shell,Conserved,Shell
GCF_001685605.1,R1CP_RS39865,MGSVIKKRRKRMSKKKHRKLLRRTRVQRRKLGK,33,aurkaip1/cox24 domain-containing protein, ,Derived by automated computational analysis using gene prediction method: Protein Homology.,OG0000022,Conserved,group_1939,Conserved,Conserved,Conserved
GCF_001685605.1,R1CP_RS41910,MIVLGLILLLIGWLTGLTWLWTIGIILLVIGAILWILGATGRAVGGRRRWY,51,duf6131 family protein, ,Derived by automated computational analysis using gene prediction method: Protein Homology.,OG0000000,Conserved,group_2247,Shell,Shell,Shell
GCF_001685605.1,R1CP_RS43375,MVSSGEGHQMPLYEFRCAADCGPFERSFQIDPGVGAPRSENKA,43,hypothetical protein, ,Derived by automated computational analysis using gene prediction method: GeneMarkS-2+.,OG0001202,,group_1718,Cloud,,Probably not conserved
GCF_001685605.1,R1CP_RS27750,MTFESNTPRQFTRSDNQKMLAGVCGGIAEYFSVDVNLVRLLTVVATLVTGGTAALVYLAAWMLMPAGH,68,pspc domain-containing protein, ,Derived by automated computational analysis using gene prediction method: Protein Homology.,OG0000021,Conserved,group_2380,Conserved,Shell,Shell
GCF_001685605.1,R1CP_RS39875,MRLGTNAVNRTEYHLPRRPLADVRSPAGRIRDRRHHPHRTRFEATIPTASKSGSAAPERPGVPSH,65,hypothetical protein, ,Derived by automated computational analysis using gene prediction method: GeneMarkS-2+.,OG0001203,,group_289,Cloud,,Probably not conserved
GCF_001685605.1,R1CP_RS28055,MCEVDETMRQRRVELEGSDQVTGGIPGSGFGPRHPDPWDLIVGLIAQLRRQSFAQIVVRVSGRWSR,66,hypothetical protein, ,Derived by automated computational analysis using gene prediction method: GeneMarkS-2+.,OG0000781,Cloud,group_223,Cloud,Cloud,Cloud
GCF_001685605.1,R1CP_RS42670,MNLDNAVGLVLVVLLAVFLIAALLFPERF,29,k(+)-transporting atpase subunit f, ,Derived by automated computational analysis using gene prediction method: Protein Homology.,OG0000395,Cloud,group_1949,Cloud,Cloud,Cloud
GCF_001685605.1,R1CP_RS41920,MHSSRTQATPAHGPAARTGTMSTEEIKAHLEAMFAPDYTEPGAAIGCDEPGPGQRTR,57,hypothetical protein, ,Derived by automated computational analysis using gene prediction method: Protein Homology.,OG0000313,Cloud,group_877,Cloud,,Cloud
GCF_001685605.1,R1CP_RS28660,MATIEEFEQTVTDKVIAGLHDKFADYERRGVGLAELGDPDRFVERILAAVPAPHPWYEQFGTAWSSAPA,69,hypothetical protein, ,Derived by automated computational analysis using gene prediction method: Protein Homology.,OG0000166,Shell,group_2132,Shell,Shell,Shell
GCF_001685605.1,R1CP_RS29210,MNPVNDPDIVFLADHSVLLAIPAFVPAFLVAGLVIYLAVRDRKAEAAENAESAKHGPSEKDEEN,64,hypothetical protein, ,Derived by automated computational analysis using gene prediction method: Protein Homology.,OG0000167,Shell,group_2396,Shell,Shell,Shell
GCF_001685605.1,R1CP_RS42685,MTSELSTSEAATPTSPPEATPSDPRRGNLALAAVLLAVLVVPMSISGTAVRCPPSPPTSAAAHRVSSGW,69,hypothetical protein, ,Derived by automated computational analysis using gene prediction method: GeneMarkS-2+.,OG0001204,,group_12,Cloud,,Probably not conserved
GCF_001685605.1,R1CP_RS29810,MAAYQCPVCDYVYDEASGAPREGFPAGTAWADVPDDWCCPDCGVREKIDFDPRVA,55,rubredoxin, ,Derived by automated computational analysis using gene prediction method: Protein Homology.,OG0000053,Core,group_2321,Shell,Cloud,Cloud
GCF_001685605.1,R1CP_RS29815,MSTDFKLYRCVQCGFEYDEAEGWPEDGIEPGTRWDDIPEDWSCPDCGAAKADFDMVEVSRA,61,rubredoxin, ,Derived by automated computational analysis using gene prediction method: Protein Homology.,OG0000007,Conserved,group_2335,Shell,Cloud,Cloud
GCF_001685605.1,R1CP_RS30825,MKDHKVFGQQVAAFQNAEFVLGCLQLHGGYGYTTEYPIARFYEYTRVIRICGGASEVMKLRGCG,64,acyl-coa dehydrogenase family protein, ,Derived by automated computational analysis using gene prediction method: Protein Homology.,OG0000264,Shell,group_2370,Cloud,Cloud,Cloud
GCF_001685605.1,R1CP_RS42740,MINRIQTIVSREVHPLKPAVVTVATFHAGLKENIIADRAEFTINVRTLDSDV,52,peptidase dimerization domain-containing protein, ,Derived by automated computational analysis using gene prediction method: GeneMarkS-2+.,OG0001205,,group_1185,Cloud,,Probably not conserved
GCF_001685605.1,R1CP_RS41925,MESTSQPSPRECPDCHALTADLEAHKLWHSRLVHDIATAVDKDISRRAHT,50,hypothetical protein, ,Derived by automated computational analysis using gene prediction method: Protein Homology.,OG0000227,Shell,group_1293,Shell,,Shell
GCF_001685605.1,R1CP_RS42785,MTLYMITQLSEHALISGLSWLAIGIVYLVWLTRGFRRPTPEMSFTQEQAVIVAAEQSSEAAK,62,hypothetical protein, ,Derived by automated computational analysis using gene prediction method: GeneMarkS-2+.,OG0001206,,group_520,Cloud,,Probably not conserved
GCF_001685605.1,R1CP_RS41255,MGELAAASKVHVMVSYWWSRGDSLANHRLGQILTCAAGVDEVDITDPQSIDRAY,54,hypothetical protein, ,Derived by automated computational analysis using gene prediction method: GeneMarkS-2+.,OG0000782,Cloud,group_1075,Cloud,,Cloud
GCF_001685605.1,R1CP_RS41935,MSDRTAADLERELAMLEVVRDRLRVSAGDDFRSPSTAVDQVLDELNRLQRSPWDPS,56,hypothetical protein, ,Derived by automated computational analysis using gene prediction method: Protein Homology.,OG0000117,Shell,group_931,Cloud,,Cloud
GCF_001685605.1,R1CP_RS31685,MNSAEEVRQISQVVTRLLNKFPTASAEAVEAAVETAVAHFAGCPIRDFVPLFVERTATAKLAALLEA,67,hypothetical protein, ,Derived by automated computational analysis using gene prediction method: Protein Homology.,OG0000062,Soft core,group_153,Cloud,,Cloud
GCF_001685605.1,R1CP_RS41265,MRVLPDILQARAAHQPGDRAYVFLDERGAEAEVLTYGELYSRAVGRRIPGRAARAG,56,hypothetical protein, ,Derived by automated computational analysis using gene prediction method: GeneMarkS-2+.,OG0001207,,group_932,Cloud,,Probably not conserved
GCF_001685605.1,R1CP_RS42795,MNKHKAQSRLPAVGYTAVKTLIDDPDRWNSVGEALSKARGDAQQLDEKMRSQVQRVDRAIQTSKGI,66,hypothetical protein, ,Derived by automated computational analysis using gene prediction method: GeneMarkS-2+.,OG0001208,,group_224,Cloud,,Probably not conserved
GCF_001685605.1,R1CP_RS39980,MVASVNGIGFYVLYSQQTFAVPETWAGTILLGYLASLLFIAKERRVLAWQSSATKE,56,hypothetical protein, ,Derived by automated computational analysis using gene prediction method: GeneMarkS-2+.,OG0001209,,group_933,Cloud,,Probably not conserved
GCF_001685605.1,R1CP_RS41270,MSALMVAARQIRSMVGAPGSGSSRDMASLLIALDNALGTPTRPDLEE,47,hypothetical protein, ,Derived by automated computational analysis using gene prediction method: GeneMarkS-2+.,OG0001210,,group_1490,Cloud,,Probably not conserved
GCF_001685605.1,R1CP_RS43390,MESSVRRLRVDGALLRHLLVRELVMIGLLLITGVTVARVPRE,42,hypothetical protein, ,Derived by automated computational analysis using gene prediction method: GeneMarkS-2+.,OG0001211,,group_1770,Cloud,,Probably not conserved
GCF_001685605.1,R1CP_RS42805,MLESLARERGLTMADLIVRTAANGATLTRIVDRLVSTAAVYREVDSVDRRKVRV,54,marr family transcriptional regulator, ,Derived by automated computational analysis using gene prediction method: Protein Homology.,OG0000783,Cloud,group_1076,Cloud,Cloud,Cloud
GCF_001685605.1,R1CP_RS32150,MRVPDRRRGEDFAAALATAVGDLPPIARRTLTWDQGSETARH,42,integrase, ,Derived by automated computational analysis using gene prediction method: Protein Homology.,OG0000784,Cloud,group_1771,Cloud,Cloud,Cloud
GCF_001685605.1,R1CP_RS43405,MSAGVDVQIQKATPAPGVVTWWRRSMSRLPRWWIGSVWAGWAEV,44,hypothetical protein, ,Derived by automated computational analysis using gene prediction method: GeneMarkS-2+.,OG0000785,Cloud,group_1662,Cloud,,Cloud
GCF_001685605.1,R1CP_RS42820,MPRGRIDADQTRLELELEPESQVRAGGDAVVRWHSSEVLWTDPTGTY,47,hypothetical protein, ,Derived by automated computational analysis using gene prediction method: GeneMarkS-2+.,OG0000396,Cloud,group_2372,Cloud,Cloud,Cloud
GCF_001685605.1,R1CP_RS41280,MQHSGYELGRLEVAVGGRFQQHMLLRETNLPEPVDSQKSRRRPPLPQRLGVVAQCGGAVEATT,63,hypothetical protein, ,Derived by automated computational analysis using gene prediction method: GeneMarkS-2+.,OG0000294,Cloud,group_2151,Shell,Cloud,Cloud
GCF_001685605.1,R1CP_RS32450,MPLLHVTQTPGQSAEAKRELLKKLTAAYVDATGAKPASVWVTIEEVSKDDWAIGGETLTERASKPA,66,4-oxalocrotonate tautomerase family protein, ,Derived by automated computational analysis using gene prediction method: Protein Homology.,OG0000224,Shell,group_213,Shell,Cloud,Shell
GCF_001685605.1,R1CP_RS41285,MRELRVSINTLDTSSNDEFFADYVRNALRADARVAQQHAGTPPAHVLDFP,50,hypothetical protein, ,Derived by automated computational analysis using gene prediction method: GeneMarkS-2+.,OG0000580,Cloud,group_2152,Cloud,Cloud,Cloud
GCF_001685605.1,R1CP_RS41960,MSTVVDLDTGLVLGVVDGRDNKGVGAWLAARPQAWRDRIEVVAIVPPRHWRKRSPPTCRTPPSVSMRSTS,70,hypothetical protein, ,Derived by automated computational analysis using gene prediction method: GeneMarkS-2+.,OG0001212,,,,,Probably not conserved
GCF_001685605.1,R1CP_RS32770,MFSPAPQPTRLDDLPESHGHTTPRIALGAATAATVPTALISGSVLAAAIAGLLVLLAVAIASILI,65,hypothetical protein, ,Derived by automated computational analysis using gene prediction method: GeneMarkS-2+.,OG0000572,Cloud,group_290,Cloud,,Cloud
GCF_001685605.1,R1CP_RS42850,MRFVGVVNSRPRYVSSTFPVPRMWGTVPPQEAWAPGMTASLAELRRVIENDGWQQIGRA,59,hypothetical protein, ,Derived by automated computational analysis using gene prediction method: GeneMarkS-2+.,OG0001213,,group_744,Cloud,,Probably not conserved
GCF_001685605.1,R1CP_RS41290,MAPRLAFGAATAATVPTAMVTGSALIAAAAGLLVLLAVALASILI,45,hypothetical protein, ,Derived by automated computational analysis using gene prediction method: GeneMarkS-2+.,OG0000572,Cloud,group_1616,Cloud,,Cloud
GCF_001685605.1,R1CP_RS41295,MSADDTEKLMLDRLYAAVLAVAGLGYGGYILLDELTGGSDTPGEEDQHLRRESSEQVSTA,60,hypothetical protein, ,Derived by automated computational analysis using gene prediction method: Protein Homology.,OG0000168,Shell,group_2489,Shell,Cloud,Shell
GCF_001685605.1,R1CP_RS33120,MLHIDHVIDRQDVRYPDLPRESIEQVVHSAHEHFANRKVRDFVPLLVERLAREKLQALVPT,61,hypothetical protein, ,Derived by automated computational analysis using gene prediction method: Protein Homology.,OG0000062,Soft core,group_2108,Cloud,,Cloud
GCF_001685605.1,R1CP_RS43430,MSVVARVFTPPLRELYALLVRVGVIEIIERTSLLPPAAEDVDGTVREGQCAVVVTCGVK,59,rv1535 domain-containing protein, ,Derived by automated computational analysis using gene prediction method: Protein Homology.,OG0000231,Shell,group_2109,Cloud,,Cloud
GCF_001685605.1,R1CP_RS33165,MERVRRGERFAVTLPILGRVSIPRPKQLAFFTDLGALAALGIIDWPVALVIAAGQVLASEPHTR,64,hypothetical protein, ,Derived by automated computational analysis using gene prediction method: Protein Homology.,OG0000786,Cloud,group_365,Cloud,,Cloud
GCF_001685605.1,R1CP_RS33190,MTIGDKSTRWVIDAAYAATGAAGAVGGATLGGSSGACEALSTASAPVSGVEPLRRRRRH,59,hypothetical protein, ,Derived by automated computational analysis using gene prediction method: GeneMarkS-2+.,OG0001214,,group_745,Cloud,,Probably not conserved
GCF_001685605.1,R1CP_RS33210,MLPRPDQLAYGAGLAALVALDLIEWPVAVAIAVGTAVASEQHGRRPGENSAKPEKSSPNPSSEAPPVPHR,70,hypothetical protein, ,Derived by automated computational analysis using gene prediction method: GeneMarkS-2+.,OG0000786,Cloud,,,,Probably not conserved
GCF_001685605.1,R1CP_RS43435,MSNPVAGLGHDAVVTAVVRLLTPPLCGLYTVLVRAGVVVIVDD,43,hypothetical protein, ,Derived by automated computational analysis using gene prediction method: GeneMarkS-2+.,OG0000231,Shell,group_1719,Cloud,,Cloud
GCF_001685605.1,R1CP_RS33225,MTNVYSRRTLLLKGIFERIGLALAGRPGARLAFTLGVHVGRSTLLRLVRALPVVGSSEVGR,61,hypothetical protein, ,Derived by automated computational analysis using gene prediction method: Protein Homology.,OG0001215,,group_603,Cloud,,Probably not conserved
GCF_001685605.1,R1CP_RS41305,MTTLSPRHPPPERIPNPRPDNRRSTTDIAGAAEALTGGRLLPRRGAENDPRVQ,53,hypothetical protein, ,Derived by automated computational analysis using gene prediction method: GeneMarkS-2+.,OG0000252,Cloud,group_1128,Cloud,,Cloud
GCF_001685605.1,R1CP_RS33275,MAIEAHRAEFIVRAESTPSDEQASIVDHYDQSVRAGQAADTVPGEQRD,48,hypothetical protein, ,Derived by automated computational analysis using gene prediction method: GeneMarkS-2+.,OG0000787,Cloud,,,,Probably not conserved
GCF_001685605.1,R1CP_RS33315,MSIGKKLRHKAETTEGVAKKTVGKALGNERMEAEGRAQETKGKLKQSGDQIKQAGQKIKNIFKH,64,csbd family protein, ,Derived by automated computational analysis using gene prediction method: Protein Homology.,OG0000073,Shell,group_2502,Shell,Cloud,Shell
GCF_001685605.1,R1CP_RS43630,MSQHRFELQPVAPSASDWDWRMHARCRSMDTELFFPCEGEGQGARIRRERAAKNVCEPSPVRTECRITH,69,whib family transcriptional regulator, ,Derived by automated computational analysis using gene prediction method: Protein Homology.,OG0000299,Cloud,group_13,Cloud,,Cloud
GCF_001685605.1,R1CP_RS42000,MIAYTLPEIRRLLMQLILRHAHPDEHTWSWSNWRRRRQHQARTSHYRRRGHLP,53,hypothetical protein, ,Derived by automated computational analysis using gene prediction method: Protein Homology.,OG0000197,Cloud,"group_1959, group_1960, group_1961, group_2120",Cloud,,Cloud
GCF_001685605.1,R1CP_RS33755,MHPVAKRQRLEVLIGILGFFTVMAFIAAVVEVVRGDPGVTPALVLLGCLVLSGLAVVARNRVR,63,hypothetical protein, ,Derived by automated computational analysis using gene prediction method: Protein Homology.,OG0000051,Conserved,group_2423,Shell,Cloud,Cloud
GCF_001685605.1,R1CP_RS34155,MAVVKANLGACQGYANCVVAADDYFDIDDDGVVELLSVEVPESERGRVDSAARSCPVSALWIED,64,ferredoxin, ,Derived by automated computational analysis using gene prediction method: Protein Homology.,OG0000001,Conserved,group_2005,Shell,,Shell
GCF_001685605.1,R1CP_RS34370,MSTSSVTVTGMTCNHCVSSVTEEISALPGVTNVNVDLATGKVVIDSTTDLDPSAVAGAVEEAGYSVAG,68,heavy metal-associated domain-containing protein, ,Derived by automated computational analysis using gene prediction method: Protein Homology.,OG0000006,Conserved,group_2406,Shell,Cloud,Cloud
GCF_001685605.1,R1CP_RS34710,MIDTCHGTLIVHTLYGAECTDESCVELSEARHALIIDCDEFGDCVCSAEFAEQLRHAS,58,hypothetical protein, ,Derived by automated computational analysis using gene prediction method: Protein Homology.,OG0000169,Shell,group_2231,Shell,,Shell
GCF_001685605.1,R1CP_RS40190,MAKGKRTFQPNNRRRARVHGFRLRMRTRAGRAIVSARRRKGRESLTA,47,50s ribosomal protein l34, ,Derived by automated computational analysis using gene prediction method: Protein Homology.,OG0000052,Conserved,rpmH,Conserved,Cloud,Cloud
GCF_001685605.1,R1CP_RS43445,MCEDKDECNAIRDRMDRADLPSADDLLHLLAESLGYTVTRVAQA,44,hypothetical protein, ,Derived by automated computational analysis using gene prediction method: GeneMarkS-2+.,OG0001216,,,,,Probably not conserved
GCF_001685605.1,R1CP_RS34895,MTAKFELFKDAAGKFRFHLKAANGEIIAASQGYTSKAAAQTGIASIKDNAASAPTEDLT,59,yegp family protein, ,Derived by automated computational analysis using gene prediction method: Protein Homology.,OG0000183,Shell,group_2008,Cloud,,Cloud
GCF_001685605.1,R1CP_RS43650,MGAEDVADLGWCGEEESRRRLAWLSGCPVNALPYDELLANGSVV,44,hypothetical protein, ,Derived by automated computational analysis using gene prediction method: GeneMarkS-2+.,OG0001217,,group_1663,Cloud,,Probably not conserved
GCF_001685605.1,R1CP_RS34965,MTAKFELFKDTGGKFRFHLKAANGEIIAASQGYTSKAAAQNGIASIKDNAASAPTEDLT,59,yegp family protein, ,Derived by automated computational analysis using gene prediction method: Protein Homology.,OG0000183,Shell,group_746,Cloud,,Cloud
GCF_001685605.1,R1CP_RS41340,MPGTRRHTPHTTPYLRAPRHLAGRRHRAGGWKVTVAEDDGALAWSRVTERDCPGSG,56,hypothetical protein, ,Derived by automated computational analysis using gene prediction method: GeneMarkS-2+.,OG0001218,,group_934,Cloud,,Probably not conserved
GCF_001685605.1,R1CP_RS35125,MTENPRTREGLNVGDRVMLHPEGVSVFSILDIEDDHARIESIIASPGKYAFSVAVKFLVPAKS,63,hypothetical protein, ,Derived by automated computational analysis using gene prediction method: Protein Homology.,OG0000072,Soft core,group_444,Cloud,,Cloud
GCF_001685605.1,R1CP_RS43450,MGSMLFAVLGVAAQLDGDYIREKTLKSSRPLPTAATTADRILA,43,hypothetical protein, ,Derived by automated computational analysis using gene prediction method: GeneMarkS-2+.,OG0000788,Cloud,group_1720,Cloud,,Cloud
GCF_001685605.1,R1CP_RS42015,MSDRTAADVERELAMLAYVRDRLQASEGRDFRILTTAVDQVLDELNSLERSPWDPT,56,hypothetical protein, ,Derived by automated computational analysis using gene prediction method: Protein Homology.,OG0000117,Shell,group_935,Cloud,,Cloud
GCF_001685605.1,R1CP_RS42980,MLTAGAFVATIFSAAVDFAAAVFADAFFADAFFGPVVAGDFFAAVFFTGAFPATIFFAAAFFAGTAFA,68,hypothetical protein, ,Derived by automated computational analysis using gene prediction method: Protein Homology.,OG0000472,Cloud,group_71,Cloud,,Cloud
GCF_001685605.1,R1CP_RS43455,MPIDWTDRATTPFFIVAVAFGGLVAIAVWLDLLFRVTLLP,40,hypothetical protein, ,Derived by automated computational analysis using gene prediction method: GeneMarkS-2+.,OG0000542,Cloud,group_1882,Cloud,,Cloud
GCF_001685605.1,R1CP_RS35490,MNAAHAIEAEAVVVEHILGWLQAIALLLHGAITVVSSTSFGVMYGSS,47,hypothetical protein, ,Derived by automated computational analysis using gene prediction method: GeneMarkS-2+.,OG0001219,,group_1491,Cloud,,Probably not conserved
GCF_001685605.1,R1CP_RS35585,MAHPSRRPVGTGRLTAAGLLADSYWTAATTAVFPVPEHDRGNLLTVAEELLKVDAF,56,hypothetical protein, ,Derived by automated computational analysis using gene prediction method: GeneMarkS-2+.,OG0001220,,group_936,Cloud,,Probably not conserved
GCF_001685605.1,R1CP_RS42990,MSIDGLEDVAAQWRERRRPYMLAAADQADVIIVDPIPRQRATLWWKLVHGDEPPPPL,57,hypothetical protein, ,Derived by automated computational analysis using gene prediction method: GeneMarkS-2+.,OG0000730,Cloud,group_878,Cloud,,Cloud
GCF_001685605.1,R1CP_RS35625,MTVRGLSIAEFAARVDRSVNTIKSYRAKGMLPPADVRIGTMDGWFPETIDNWAANRPGRGNKYYNRLPER,70,hypothetical protein, ,Derived by automated computational analysis using gene prediction method: Protein Homology.,OG0000237,Shell,,,,Probably not conserved
GCF_001685605.1,R1CP_RS35660,MAKYLLLKHYRGAPASANDVPLDQWTPEEISAQANHVGLVLRSTRLMFVRWTKADVPRNLH,61,hypothetical protein, ,Derived by automated computational analysis using gene prediction method: GeneMarkS-2+.,OG0001221,,group_604,Cloud,,Probably not conserved
GCF_001685605.1,R1CP_RS42025,MPKTIIPIIPIIPVVAALWLVLAALGAWSTVAFAIAALAAVVLGCYLLSSAVTGARHR,58,hypothetical protein, ,Derived by automated computational analysis using gene prediction method: Protein Homology.,OG0000205,Shell,group_821,Cloud,,Cloud
GCF_001685605.1,R1CP_RS41375,MAASRSVFAEAVSMEGCRTAQVPMGFDDRTDADNRYRLDRQVGWVRRLATMVHETEPLRGVELVFVG,67,hypothetical protein, ,Derived by automated computational analysis using gene prediction method: GeneMarkS-2+.,OG0001222,,group_154,Cloud,,Probably not conserved
GCF_001685605.1,R1CP_RS41380,MVTDYDAPRHARVENIDSDEAELPGYRHPAVPVIEEDADDAVVEQGI,47,hypothetical protein, ,Derived by automated computational analysis using gene prediction method: GeneMarkS-2+.,OG0001223,,group_1492,Cloud,,Probably not conserved
GCF_001685605.1,R1CP_RS43460,MAIGFFSCGQRFPYRRAAHVLVRLWWFWRRDFFDNILRVV,40,hypothetical protein, ,Derived by automated computational analysis using gene prediction method: GeneMarkS-2+.,OG0000581,Cloud,group_2208,Cloud,,Cloud
GCF_001685605.1,R1CP_RS41385,MGISLSTLKQLRIKGLFAPLTVPRSRHDVITATETRVAVSDALTGFLGRFLGHLRW,56,hypothetical protein, ,Derived by automated computational analysis using gene prediction method: GeneMarkS-2+.,OG0000582,Cloud,group_937,Cloud,,Cloud
GCF_001685605.1,R1CP_RS36460,MMSNIVNCDETAVHCGMPVAVTFPQNAEGMTLPFSSRVPECVFEVSDCVASKVDECAARSSAAMDASFRT,70,hypothetical protein, ,Derived by automated computational analysis using gene prediction method: GeneMarkS-2+.,OG0001224,,,,,Probably not conserved
GCF_001685605.1,R1CP_RS36475,MVAFEVQWYAYGGGPAETILADFGMDAAAFFRHLAAYLEDSPPTPLRPDLVERMKGVARRRL,62,duf3263 domain-containing protein, ,Derived by automated computational analysis using gene prediction method: Protein Homology.,OG0000196,Shell,group_521,Cloud,,Cloud
GCF_001685605.1,R1CP_RS36750,MENRGVIEHAKGALMASRGIGEDTAFASLVDASQRENVNSPPRPTG,46,antar domain-containing protein, ,Derived by automated computational analysis using gene prediction method: Protein Homology.,OG0000397,Cloud,group_2461,Cloud,,Cloud
GCF_001685605.1,R1CP_RS43060,MPFLSAFMLLAVGLYLRARVEEPIGAPLSPEAPWRNRKAKYVEWLASPDAFALTAR,56,hypothetical protein, ,Derived by automated computational analysis using gene prediction method: GeneMarkS-2+.,OG0001225,,group_938,Cloud,,Probably not conserved
GCF_001685605.1,R1CP_RS36830,MKVTVDTAVCADHGQCIFSAPKVFQFDDDGRLVWEPAPDESLRASVEEAADVCPVQAIRVDD,62,ferredoxin, ,Derived by automated computational analysis using gene prediction method: Protein Homology.,OG0000001,Conserved,group_522,Cloud,,Cloud
GCF_001685605.1,R1CP_RS42035,MAALSDEQLDEIRRQLDQGMTPDAIADYLGRVADLDLMDIETVRTAAYALSRGETP,56,hypothetical protein, ,Derived by automated computational analysis using gene prediction method: Protein Homology.,OG0000256,Shell,group_2367,Cloud,,Cloud
GCF_001685605.1,R1CP_RS37005,MSIVDCNRASMFFPQELTRATLDPYYDSPVILGHVFHSGTHRPENTPSWRTTHQLAGLSRPSP,63,hypothetical protein, ,Derived by automated computational analysis using gene prediction method: GeneMarkS-2+.,OG0001226,,group_445,Cloud,,Probably not conserved
GCF_001685605.1,R1CP_RS41420,MRDAVTAPACPKAAGGVSFWLKPVGFFDRNPALDVAPTPEACDHHPSHHEDSDD,54,hypothetical protein, ,Derived by automated computational analysis using gene prediction method: GeneMarkS-2+.,OG0000398,Cloud,group_1077,Cloud,,Cloud
GCF_001685605.1,R1CP_RS37310,MLGLARSSHYRLAHNYQHYQPVERPIPHTDRPQRAALSETERRVIIDLLLAEENADRSVVQTY,63,hypothetical protein, ,Derived by automated computational analysis using gene prediction method: GeneMarkS-2+.,OG0000789,Cloud,"group_1962, group_1963",Cloud,,Cloud
GCF_001685605.1,R1CP_RS37695,MLGLARSSHYRLAHNYQHYQPVERPIPHTDRPQRAALSETERRVIIDLLLAEENADRSVVQTY,63,hypothetical protein, ,Derived by automated computational analysis using gene prediction method: GeneMarkS-2+.,OG0000789,Cloud,"group_1962, group_1963",Cloud,,Cloud
GCF_001685605.1,R1CP_RS43120,MPIRKHLRALPDFHTDSTHLGVLAAQHVDAHDLAEDAEKRGWIDEAKRHRTLVSRLDALIAQSETA,66,hypothetical protein, ,Derived by automated computational analysis using gene prediction method: GeneMarkS-2+.,OG0001227,,group_225,Cloud,,Probably not conserved
GCF_001685605.1,R1CP_RS43470,MAIVVIAGVASLNRRGQAAVTRYLAAGDKIWTYRHRRGWAK,41,hypothetical protein, ,Derived by automated computational analysis using gene prediction method: GeneMarkS-2+.,OG0001228,,group_1837,Cloud,,Probably not conserved
GCF_001685605.1,R1CP_RS42105,MIAYTLPEIRRLLVQLILRHAHPDEHIWSWSNWRRRRQHQARTSHYRRRGHLP,53,hypothetical protein, ,Derived by automated computational analysis using gene prediction method: Protein Homology.,OG0000197,Cloud,group_2001,Cloud,,Cloud
GCF_001685605.1,R1CP_RS43190,MGELGGPAVLLVVACGLVTVPWRPARQFALPLVAWFFMSMELFFTPD,47,hypothetical protein, ,Derived by automated computational analysis using gene prediction method: GeneMarkS-2+.,OG0000341,Cloud,,,,Probably not conserved
GCF_001685605.1,R1CP_RS43195,MREHLRRELARRPTPGPAHRIPIRLSDDEYTRAHAAARTASQNLETWIHERITDALEQPE,60,hypothetical protein, ,Derived by automated computational analysis using gene prediction method: Protein Homology.,OG0000290,Cloud,,,,Probably not conserved
GCF_001685605.1,R1CP_RS43205,MVFERFSDQARQVVVLAAGAARTHHQNSVGTEQPARPRSSTPAAPERQH,49,hypothetical protein, ,Derived by automated computational analysis using gene prediction method: GeneMarkS-2+.,OG0000342,Cloud,,,,Probably not conserved
GCF_001685605.1,R1CP_RS42110,MNVGDRVMLHPEGVSVFSILDIEDDHARIESIIDSPGKYAFSVAVKFLVPAKS,53,hypothetical protein, ,Derived by automated computational analysis using gene prediction method: Protein Homology.,OG0000072,Soft core,,,,Probably not conserved
GCF_001685605.1,R1CP_RS41515,MIRSEKLLDAPPTLVAAGVALSVWSPIFFLVWALRSATGKSFPDQEGTR,49,hypothetical protein, ,Derived by automated computational analysis using gene prediction method: GeneMarkS-2+.,OG0001229,,,,,Probably not conserved
GCF_001685605.1,R1CP_RS38835,MSEQATPVQRSDVEATLYHLTKHTWEVSDADLEAVVAGTPVNAGPSTDVRIDIAFPDPHALKDFL,65,hypothetical protein, ,Derived by automated computational analysis using gene prediction method: Protein Homology.,OG0000121,Shell,,,,Probably not conserved
GCF_001685605.1,R1CP_RS41525,MPDNRRVTGLDKWTTERLEEFLEDLDREAVPHAEPGKPFLTYDAVRAELARRRSEQP,57,hypothetical protein, ,Derived by automated computational analysis using gene prediction method: GeneMarkS-2+.,OG0000319,Cloud,,,,Probably not conserved
GCF_001685605.1,R1CP_RS41530,MTDVGHGADSEGMPDNRRVTGLDKWTTERLEEFLEDLELEAVPNADPAKPFLTYDAVRAELAHRRSEHP,69,hypothetical protein, ,Derived by automated computational analysis using gene prediction method: GeneMarkS-2+.,OG0000319,Cloud,,,,Probably not conserved
GCF_001685605.1,R1CP_RS38895,MAQGIVKWVNGQKGFGFIAPDDESPDLFFHFSQVVGDAKSLDKQQRVEFDVGESSQGAQATNIRLV,66,cold-shock protein, ,Derived by automated computational analysis using gene prediction method: Protein Homology.,OG0001230,,,,,Probably not conserved
GCF_001685605.1,R1CP_RS41535,MTGNLQDLQGRTKAAVADIRLAAVLDPAGVAILDNFLRAHYLRTLTTDDHNHTIE,55,hypothetical protein, ,Derived by automated computational analysis using gene prediction method: GeneMarkS-2+.,OG0000291,Cloud,,,,Probably not conserved
GCF_001685605.1,R1CP_RS38915,MSIDQPVHTDDERDAFQLHESGLTWTQIAHEIGCTEATAQSFAAAYQQRTDTAAAETQIPLF,62,hypothetical protein, ,Derived by automated computational analysis using gene prediction method: Protein Homology.,OG0000063,Soft core,,,Cloud,Cloud
GCF_001942025.1,BH682_RS36230,MLKHSIFGVLALAVAALDFTIGTKHMITAGIIALAASVYSFTKAASLRKAPNDKGNRP,58,hypothetical protein, ,Derived by automated computational analysis using gene prediction method: Protein Homology.,OG0000215,Shell,group_2115,Cloud,Cloud,Cloud
GCF_001942025.1,BH682_RS00200,MTTEKDTSKPGWKAHTVVALISLAVGIIFLTGGTTISLIAGTSLLGLAVYHYVVALRLRRELKTPAEEEG,70,hypothetical protein, ,Derived by automated computational analysis using gene prediction method: GeneMarkS-2+.,OG0000287,Shell,,,Cloud,Cloud
GCF_001942025.1,BH682_RS36235,MSDDEHDAWQLHHHGASWDDIGTEMGCSPTTAQTLATAYEKRTDNAAAQTQNTLF,55,hypothetical protein, ,Derived by automated computational analysis using gene prediction method: Protein Homology.,OG0000063,Soft core,group_2009,Cloud,Cloud,Cloud
GCF_001942025.1,BH682_RS00230,MATYRVINPAGDVTATREIDSADDAHAWFVDARADNSELGWRMEVQHDGEWSFFDDTEGASS,62,hypothetical protein, ,Derived by automated computational analysis using gene prediction method: Protein Homology.,OG0000066,Soft core,group_2010,Cloud,Cloud,Cloud
GCF_001942025.1,BH682_RS36240,MIILGIVLLIVGFLTGISILWTIGIILVVIGVVLFALGAAGHAVGGRRHYY,51,duf6131 family protein, ,Derived by automated computational analysis using gene prediction method: Protein Homology.,OG0000000,Conserved,group_1245,Cloud,Cloud,Cloud
GCF_001942025.1,BH682_RS00290,MEDNRIRSALDATPDTDYLEQTIPADPNAVDAVDLEALTTELDTPWPAPEGDLLEQSTPAPLDDER,66,hypothetical protein, ,Derived by automated computational analysis using gene prediction method: Protein Homology.,OG0000199,Shell,"group_2011, group_2217",Cloud,Cloud,Cloud
GCF_001942025.1,BH682_RS35820,MDVDDLDVVVWPESEEREAWWRQVVTGGSAGAATSTMTPNRSIEDASSRILHAA,54,hypothetical protein, ,Derived by automated computational analysis using gene prediction method: GeneMarkS-2+.,OG0000129,Shell,group_2012,Cloud,Cloud,Cloud
GCF_001942025.1,BH682_RS36245,MNVQTSRSNSWPAVHSGSMSTAEIKARIESMYADRGALVPKGTGTKS,47,hypothetical protein, ,Derived by automated computational analysis using gene prediction method: Protein Homology.,OG0000002,Conserved,group_1493,Cloud,Cloud,Cloud
GCF_001942025.1,BH682_RS37025,MRAEPGTHADSQQACRWIAATACTDDDVAHMRRRYGFPTAP,41,hypothetical protein, ,Derived by automated computational analysis using gene prediction method: GeneMarkS-2+.,OG0000489,Cloud,group_1838,Cloud,Cloud,Cloud
GCF_001942025.1,BH682_RS35825,MKDVRKAMTETELVEELHRLENLTKRNRCEQIRLEIVHDELVGRQTDYRRMANNH,55,hypothetical protein, ,Derived by automated computational analysis using gene prediction method: GeneMarkS-2+.,OG0000238,Shell,group_2105,Cloud,Cloud,Cloud
GCF_001942025.1,BH682_RS00655,MSNISFDSVSNSAPANALQGVGTNALVDNPFTFEPVAEATSAHALQGVGTNALVDNPFSFQS,62,streptamidine-related ripp repeat protein, ,Derived by automated computational analysis using gene prediction method: Protein Homology.,OG0000093,Soft core,group_2291,Soft core,Soft core,Soft core
GCF_001942025.1,BH682_RS36265,MFNDVFNNVIHPMVTNFQQLGPQQFIPQQFIPQGVFQQAPQAAEQAVTIFGS,52,hypothetical protein, ,Derived by automated computational analysis using gene prediction method: Protein Homology.,OG0000075,Soft core,group_2178,Soft core,Soft core,Soft core
GCF_001942025.1,BH682_RS36600,MPATAPIRVVELSVTRNTIPLAAVNETAKVIAPRIGLPAAASSADSTPEARQNAMAAISR,60,hypothetical protein, ,Derived by automated computational analysis using gene prediction method: GeneMarkS-2+.,OG0000329,Cloud,group_674,Shell,Cloud,Cloud
GCF_001942025.1,BH682_RS36605,MPINETQIPPTVEAFPYKKGTIVIQRDPRAPLVADGSRSIRAAVGLLTERPEVRLPKGSRRL,62,hypothetical protein, ,Derived by automated computational analysis using gene prediction method: GeneMarkS-2+.,OG0000305,Cloud,group_523,Cloud,Cloud,Cloud
GCF_001942025.1,BH682_RS01755,MGIADKAQNKAEDLGGKAKEAAGSATGDRDLENEGKGDQVKSAVKDAGEKVKDAASSIKDKLT,63,csbd family protein, ,Derived by automated computational analysis using gene prediction method: Protein Homology.,OG0000011,Conserved,group_2411,Conserved,Soft core,Soft core
GCF_001942025.1,BH682_RS36270,MADLTLLTDDELRERRIALSRSLTTAADLIPTPPPSFFEKLKQDIDAAAAEWIARRS,57,hypothetical protein, ,Derived by automated computational analysis using gene prediction method: Protein Homology.,OG0000076,Soft core,group_2322,Soft core,Soft core,Soft core
GCF_001942025.1,BH682_RS36275,MSEITSWEYTVTPLLVHNPKAILDNWGVDGWELVAVLPSASGEQHVAYMKRPKG,54,hypothetical protein, ,Derived by automated computational analysis using gene prediction method: Protein Homology.,OG0000012,Conserved,group_2273,Conserved,Soft core,Soft core
GCF_001942025.1,BH682_RS02745,MISKTLRTVSARFALLVTEDDGMSTAEYAIGTIAAAAFGAVLYTVVTGDSIVSALTGIIDKALKTAV,67,duf4244 domain-containing protein, ,Derived by automated computational analysis using gene prediction method: Protein Homology.,OG0000094,Soft core,group_2136,Soft core,Soft core,Soft core
GCF_001942025.1,BH682_RS02765,MAQGTVKWFNAEKGFGFIAPEDGSADVFVHYSEIQGNGFRTLEENQRVEFEVGQGTKGPQATGVRAV,67,cold-shock protein, ,Derived by automated computational analysis using gene prediction method: Protein Homology.,OG0000013,Conserved,group_128,Conserved,Soft core,Soft core
GCF_001942025.1,BH682_RS02800,MADSLKARVKEKLLRQLAEDGRHPIQEAEGDDPRLVSINDDLEALEQAEEGDPIVEELAERYWVP,65,hypothetical protein, ,Derived by automated computational analysis using gene prediction method: Protein Homology.,OG0000014,Conserved,group_2342,Conserved,Soft core,Soft core
GCF_001942025.1,BH682_RS36280,MGSADVMAWLAEGYLAGDPIRYPLYVGSMFLAMPFQLIGVILGHPF,46,hypothetical protein, ,Derived by automated computational analysis using gene prediction method: Protein Homology.,OG0000061,Soft core,group_1542,Soft core,Soft core,Soft core
GCF_001942025.1,BH682_RS36285,MPEIVDALRAVLDHRKTVLDRETVLDGEIVELGPDGATELSPRHRLSG,48,hypothetical protein, ,Derived by automated computational analysis using gene prediction method: GeneMarkS-2+.,OG0000790,Cloud,group_2036,Cloud,Cloud,Cloud
GCF_001942025.1,BH682_RS35835,MATTAAVQNPTRSRARTMSLSEYVAEHPAQRVFPPTSERAARMAMLIMFALMAVTLVVLVLDEAGIFG,68,hypothetical protein, ,Derived by automated computational analysis using gene prediction method: GeneMarkS-2+.,OG0000095,Soft core,group_53,Soft core,Soft core,Soft core
GCF_001942025.1,BH682_RS03540,MALAYSPDTSIDSTRLAFLAAAVVLFAMLALYLVGFDQGAISRTGMYMHELMHDGRHLMGLPCH,64,cbtb domain-containing protein, ,Derived by automated computational analysis using gene prediction method: Protein Homology.,OG0000008,Conserved,group_2468,Conserved,Core,Conserved
GCF_001942025.1,BH682_RS03965,MNAYICPICDYKYTESTGAAREGFPPGTPWSSIPDDWCCPDCGVREKVDFTLVTQS,56,rubredoxin, ,Derived by automated computational analysis using gene prediction method: Protein Homology.,OG0000096,Soft core,group_2166,Soft core,Soft core,Soft core
GCF_001942025.1,BH682_RS03970,MSETATAYRLFRCLQCGFEYDEAIGWPDDGIEPGTRWDEIPEDWSCPDCGAAKVDFEMVEVDR,63,rubredoxin, ,Derived by automated computational analysis using gene prediction method: Protein Homology.,OG0000097,Soft core,group_421,Soft core,Soft core,Soft core
GCF_001942025.1,BH682_RS36305,MKNPNLTPSRVLAVVLAAALVIFVIARRRDDGALSRGEWLSDTVGPDDLAG,51,hypothetical protein, ,Derived by automated computational analysis using gene prediction method: Protein Homology.,OG0000077,Soft core,group_2167,Soft core,Soft core,Soft core
GCF_001942025.1,BH682_RS04620,MEVRVDLDRCEANGVCVGIAPDIFDLDDNEELVISSVRPPEDRWEDVRSAIAQCPRAALTEHP,63,ferredoxin, ,Derived by automated computational analysis using gene prediction method: Protein Homology.,OG0000005,Conserved,group_423,Soft core,Soft core,Soft core
GCF_001942025.1,BH682_RS36310,MAENTTVETEIADEDLEPVADETARQAQRVVAAYAEDADECRMLLSMLGISPAAKLD,57,hypothetical protein, ,Derived by automated computational analysis using gene prediction method: Protein Homology.,OG0000015,Conserved,group_2168,Soft core,Soft core,Soft core
GCF_001942025.1,BH682_RS05385,MTKFLVPGVASAVIGAVLGAGVIFGVTAAASDNTRPEIDRSGNADSSVLNQVEYGSR,57,duf2613 domain-containing protein, ,Derived by automated computational analysis using gene prediction method: Protein Homology.,OG0000016,Conserved,group_855,Soft core,Soft core,Soft core
GCF_001942025.1,BH682_RS05525,MSSLSGGRGARPAEVGSGILKTMWWMVGLIVLAALVLASVLVGFVFRRPIAEAKSAVLAFDDASSQPQRD,70,hypothetical protein, ,Derived by automated computational analysis using gene prediction method: Protein Homology.,OG0000098,Soft core,,,Soft core,Soft core
GCF_001942025.1,BH682_RS35840,MAFTTGSSKTDLATLGDFQKIIAGLGGVLVGIGAVAGLLGAIGGAGSSQPKA,52,hypothetical protein, ,Derived by automated computational analysis using gene prediction method: GeneMarkS-2+.,OG0000247,Shell,group_1186,Shell,Shell,Shell
GCF_001942025.1,BH682_RS36315,MPERGQSRVDAGIIAVVAVITGVFVALTGHGLVAALATVVGLALGMAIVRYLIKGR,56,hypothetical protein, ,Derived by automated computational analysis using gene prediction method: Protein Homology.,OG0000078,Soft core,group_2220,Soft core,Soft core,Soft core
GCF_001942025.1,BH682_RS05730,MMRIVTLIVLIWLIVGAVAAGQRGYYSSSPTNCAGVGTIALTVIAGPLNYFGVNPKVTDCTLPQPTE,67,hypothetical protein, ,Derived by automated computational analysis using gene prediction method: Protein Homology.,OG0000017,Conserved,group_129,Soft core,Soft core,Soft core
GCF_001942025.1,BH682_RS36325,MIILGVILLIIGFVVNIPILWTIGVVLLVIGIILYALGAAGHAIGGRRHYY,51,duf6131 family protein, ,Derived by automated computational analysis using gene prediction method: Protein Homology.,OG0000000,Conserved,group_1229,Soft core,Soft core,Soft core
GCF_001942025.1,BH682_RS36330,MTDKDDNDQSPKGGHPGPVDKGGDGGMATREQAPELVEETSDEKSDDE,48,hypothetical protein, ,Derived by automated computational analysis using gene prediction method: Protein Homology.,OG0000018,Core,group_2221,Soft core,Soft core,Soft core
GCF_001942025.1,BH682_RS35845,MSIRRCSLASGRALRTARFGVATFRRGRKAIDRRPSGLVWIERALAAPAGSV,52,hypothetical protein, ,Derived by automated computational analysis using gene prediction method: GeneMarkS-2+.,OG0000142,Shell,group_2080,Shell,Shell,Shell
GCF_001942025.1,BH682_RS36335,MIVLGIILALIGFFTGLSILTTVGIILVVVGAVLSILGATGRAVGGRKVWY,51,duf6131 family protein, ,Derived by automated computational analysis using gene prediction method: Protein Homology.,OG0000000,Conserved,group_1230,Soft core,Soft core,Soft core
GCF_001942025.1,BH682_RS36660,MRTNPSFGIVDETLGTLARGMLPRLRHVFEQHQALHRLAVEAIVNV,46,hypothetical protein, ,Derived by automated computational analysis using gene prediction method: GeneMarkS-2+.,OG0000267,Shell,group_2081,Cloud,Shell,Shell
GCF_001942025.1,BH682_RS36345,MPAPIMAPAAALAEPVVWNEDPQRQGWWKRILAATPPENPTNEEFQP,47,hypothetical protein, ,Derived by automated computational analysis using gene prediction method: Protein Homology.,OG0000118,Soft core,group_2222,Soft core,Soft core,Soft core
GCF_001942025.1,BH682_RS06255,MGALSPTHWAIVAVVLVVLFGSKKLPDAARGLGRSMRILKSEVGELQSDTDLALEQRD,58,sec-independent protein translocase subunit tata, ,Derived by automated computational analysis using gene prediction method: Protein Homology.,OG0000019,Conserved,tatA,Soft core,Soft core,Soft core
GCF_001942025.1,BH682_RS06300,MAQGSVKWFNGEKGFGFIEQEGGGPDVFVHYSEIQGSGYKSLDEGQKVEFEIGQGQKGPQAQNVRAI,67,cold-shock protein, ,Derived by automated computational analysis using gene prediction method: Protein Homology.,OG0000069,Soft core,group_130,Soft core,Soft core,Soft core
GCF_001942025.1,BH682_RS37030,MSADSRGTSTQTRREYQMFVLQQRLLFGSIVAGTALGVLAITYF,44,hypothetical protein, ,Derived by automated computational analysis using gene prediction method: GeneMarkS-2+.,OG0000122,Soft core,group_2138,Soft core,Soft core,Soft core
GCF_001942025.1,BH682_RS36350,MTTIDIPPTQGESTTGIGITVASATLTTEEVKRRIAMMYGDPVTEEPVALAH,52,hypothetical protein, ,Derived by automated computational analysis using gene prediction method: Protein Homology.,OG0000002,Conserved,group_2274,Soft core,Soft core,Soft core
GCF_001942025.1,BH682_RS06375,MSEQNSTDRTDQTDEPQTTGTDHGPGTGSDTAPKDVQTDPSGERTWADEGGASSTGPATDTD,62,pi-type proteinase, ,Derived by automated computational analysis using gene prediction method: Protein Homology.,OG0000020,Core,group_2297,Soft core,Soft core,Soft core
GCF_001942025.1,BH682_RS06410,MGGSADALNRALERVDRDFASPIGVVVRTSLRGTMRQIAKPVRAQYTRVRARFPGAKTYTEI,62,hypothetical protein, ,Derived by automated computational analysis using gene prediction method: GeneMarkS-2+.,OG0000115,Soft core,group_2190,Soft core,Soft core,Soft core
GCF_001942025.1,BH682_RS06415,MTTSTVGLLAGLLLGVAAAAGGFTGFLIALVLGVIGYLVGGQRDGEFDLGVMLKGRGRG,59,hypothetical protein, ,Derived by automated computational analysis using gene prediction method: Protein Homology.,OG0000099,Soft core,group_732,Soft core,Soft core,Soft core
GCF_001942025.1,BH682_RS37035,MDVAVALCVTVLLATVTSMAIAIVVTLIMCASVSVVSRMW,40,hypothetical protein, ,Derived by automated computational analysis using gene prediction method: GeneMarkS-2+.,OG0000187,Shell,group_2158,Soft core,Shell,Shell
GCF_001942025.1,BH682_RS06440,MSDFIDKAKHRAEDLIGEAKEKFGNATGNDDLAAEGVADQGEAKVKKAGDTVSDKVSDIKDKFTS,65,csbd family protein, ,Derived by automated computational analysis using gene prediction method: Protein Homology.,OG0000074,Soft core,group_2191,Soft core,Soft core,Soft core
GCF_001942025.1,BH682_RS37040,MGSLGNLLKANGMGWGILQLLPLVNMLKTLQGLDTASSNS,40,hypothetical protein, ,Derived by automated computational analysis using gene prediction method: GeneMarkS-2+.,OG0000080,Soft core,group_2512,Soft core,Soft core,Soft core
GCF_001942025.1,BH682_RS37045,MGSFEDFSGVVKTFIPVLKDLFTALGGGSLTPGTGSAADK,40,hypothetical protein, ,Derived by automated computational analysis using gene prediction method: GeneMarkS-2+.,OG0000108,Soft core,group_2511,Soft core,Soft core,Soft core
GCF_001942025.1,BH682_RS07165,MFGSLSTLGPLLTALGAFLKSVPTESLSGKGEGSSTGSLSGLSSGSAE,48,hypothetical protein, ,Derived by automated computational analysis using gene prediction method: Protein Homology.,OG0000081,Soft core,group_2510,Soft core,Soft core,Soft core
GCF_001942025.1,BH682_RS37185,MKAVEGGFDTAWSRRHVDLCRTAGSFCTN,29,putative leader peptide, ,Derived by automated computational analysis using gene prediction method: Protein Homology.,OG0000132,Shell,group_1947,Shell,Shell,Shell
GCF_001942025.1,BH682_RS37050,MGSLDTGSLSTESLEDLNLGKISELLKLGITAVSFITALNSLS,43,hypothetical protein, ,Derived by automated computational analysis using gene prediction method: GeneMarkS-2+.,OG0000067,Soft core,group_2503,Soft core,Soft core,Soft core
GCF_001942025.1,BH682_RS07540,MDEGTWTRGRAWALSIALVALPYYRDTNEQITAWAKHAIAQVVDDIRTEP,50,hypothetical protein, ,Derived by automated computational analysis using gene prediction method: Protein Homology.,OG0000155,Shell,group_2238,Shell,Shell,Shell
GCF_001942025.1,BH682_RS35860,MGFNMIVMFLQTTAALFTDLLGNVWSGSLMPGIDGVTGSLVSAIDLS,47,hypothetical protein, ,Derived by automated computational analysis using gene prediction method: Protein Homology.,OG0000184,Shell,group_2237,Shell,Shell,Shell
GCF_001942025.1,BH682_RS37055,MMDLGSIADVLEGEAGGLIKNILGMALFTPFIASVDFGWFPNVD,44,hypothetical protein, ,Derived by automated computational analysis using gene prediction method: Protein Homology.,OG0000306,Cloud,group_2050,Cloud,Cloud,Cloud
GCF_001942025.1,BH682_RS35865,MDTASLIGALASVDVGSLVDPLFYLVKVVDGIFVSITGSLNMGGALGEAAAGSVQSVLGSVAGL,64,hypothetical protein, ,Derived by automated computational analysis using gene prediction method: GeneMarkS-2+.,OG0000206,Shell,group_358,Shell,Shell,Shell
GCF_001942025.1,BH682_RS07630,MGSLMDILGGPNGDGAPMQALLTMLLGLDNVGANLFGSLADTAGGIFGSLDTLSFTPPVVP,61,hypothetical protein, ,Derived by automated computational analysis using gene prediction method: GeneMarkS-2+.,OG0000188,Shell,group_2425,Shell,Shell,Shell
GCF_001942025.1,BH682_RS36355,MLEGSVMDAAGSVGAIIGQGLGSVSGLAVKGLEALAALSGGELKAAK,47,hypothetical protein, ,Derived by automated computational analysis using gene prediction method: Protein Homology.,OG0000138,Shell,group_2381,Shell,Shell,Shell
GCF_001942025.1,BH682_RS07635,MTFESNTPRPFTRSNDKKMFAGVCGGIADYFGADVNLVRLLAVIAAICTGGTAALVYLAAWMLMPLG,67,pspc domain-containing protein, ,Derived by automated computational analysis using gene prediction method: Protein Homology.,OG0000021,Conserved,group_2380,Conserved,Soft core,Soft core
GCF_001942025.1,BH682_RS08130,MGSSHDGKPAVAGTQFLTVAEVATLMRVSKMTVYRLVHSGELPAVRVGRSFRVHAKAVHDYLETSYFDAG,70,helix-turn-helix domain-containing protein, ,Derived by automated computational analysis using gene prediction method: Protein Homology.,OG0000071,Soft core,,,Soft core,Soft core
GCF_001942025.1,BH682_RS08135,MGSVIKKRRKRMSKKKHRKLLRRTRVQRRKLGK,33,aurkaip1/cox24 domain-containing protein, ,Derived by automated computational analysis using gene prediction method: Protein Homology.,OG0000022,Conserved,group_1939,Conserved,Conserved,Conserved
GCF_001942025.1,BH682_RS36360,MSSQEALRTESTHDAPLRQRGSRTEVILFAILGASVLVTLLMLMIPGIVSG,51,hypothetical protein, ,Derived by automated computational analysis using gene prediction method: Protein Homology.,OG0000100,Soft core,group_1231,Soft core,Soft core,Soft core
GCF_001942025.1,BH682_RS08315,MLYLLALVGLVTLIVLMWKAFGPDPSTRTPVSGVRGPDDDPEFLWNVNQQTRRKRTEGPDVPPTDAST,68,hypothetical protein, ,Derived by automated computational analysis using gene prediction method: Protein Homology.,OG0000023,Conserved,group_2362,Soft core,Conserved,Soft core
GCF_001942025.1,BH682_RS08320,MSAPTFNTAADALMTPGQVAALFHVDPKTVTRWAHAGRLGSLRTPGGHRRFRETEVMQLLRSLTTEADNN,70,bldc family transcriptional regulator, ,Derived by automated computational analysis using gene prediction method: Protein Homology.,OG0000068,Soft core,,,Soft core,Soft core
GCF_001942025.1,BH682_RS08525,MASSTDVRPKITLACEVCKHRNYITKKNRRNDPDRLELKKFCPNCGTHQSHRESK,55,50s ribosomal protein l33, ,Derived by automated computational analysis using gene prediction method: Protein Homology.,OG0000024,Conserved,rpmG,Conserved,Soft core,Soft core
GCF_001942025.1,BH682_RS08660,MAGKKLDRTNARTALEVVRESPTIAFITVAPAVVVFGVVWWLFGFWAAILLALVFGVAAVATQKLR,66,hypothetical protein, ,Derived by automated computational analysis using gene prediction method: Protein Homology.,OG0000025,Conserved,group_2209,Conserved,Soft core,Soft core
GCF_001942025.1,BH682_RS08805,MNSTTVGLLVGLLLALAGIMGGFSGFVFAVLLGAAGMAIGAHRDGHLDLGAILRSRGRG,59,hypothetical protein, ,Derived by automated computational analysis using gene prediction method: Protein Homology.,OG0000026,Conserved,group_2303,Conserved,Soft core,Soft core
GCF_001942025.1,BH682_RS08935,MRLSTRNQLTGTITEVNLGTVMATVKVKLDGGNQIVTSSITRDAALDLDLEPGQAATVFVKSTEVTIGVE,70,tobe domain-containing protein, ,Derived by automated computational analysis using gene prediction method: Protein Homology.,OG0000064,Soft core,,,Soft core,Soft core
GCF_001942025.1,BH682_RS08940,MTEPVKGPASYFPSIEKKYGRPIGEWQELIRSSDLTKHMELVNWLKSEHGMGHGHANALVAHTLKEG,67,duf4287 domain-containing protein, ,Derived by automated computational analysis using gene prediction method: Protein Homology.,OG0000027,Conserved,group_2329,Soft core,Soft core,Soft core
GCF_001942025.1,BH682_RS08955,MSDRDNKALENDLVEESLVEEVSIDGMCGVY,31,mycofactocin precursor mfta, ,"Mycofactocin is a small molecule electron carrier derived from the final two amino acids, Val-Tyr, of MftA, the mycofactocin precursor. It plays a role in redox homeostasis and the metabolism of alcohols and aldehydes in Actinobacteria, including Mycobacterium tuberculosis; Derived by automated computational analysis using gene prediction method: Protein Homology.",OG0000009,Conserved,group_2326,Conserved,Soft core,Soft core
GCF_001942025.1,BH682_RS09310,MAKKALVNKANKKPKFAVRAYTRCQRCGRPHSVFRKFGLCRICVREMAHAGELPGVRKSSW,61,type z 30s ribosomal protein s14, ,Derived by automated computational analysis using gene prediction method: Protein Homology.,OG0000028,Conserved,group_2294,Conserved,Soft core,Soft core
GCF_001942025.1,BH682_RS09340,MADLKVTQIKSIIGTKQNQKDSLRTLGLKGIRQTVVREDNAQNRGLINVVRHLVTVEEV,59,50s ribosomal protein l30, ,Derived by automated computational analysis using gene prediction method: Protein Homology.,OG0000029,Conserved,rpmD,Conserved,Soft core,Soft core
GCF_001942025.1,BH682_RS09370,MKVQPSVKKICEKCKVIRRNGRVMVICENLRHKQRQG,37,50s ribosomal protein l36, ,Derived by automated computational analysis using gene prediction method: Protein Homology.,OG0000030,Conserved,rpmJ,Conserved,Soft core,Soft core
GCF_001942025.1,BH682_RS37060,MTIFEWILAIPALALAVAFLFSGIISAGIDFDAEDGVMTH,40,hypothetical protein, ,Derived by automated computational analysis using gene prediction method: GeneMarkS-2+.,OG0000082,Soft core,group_2186,Soft core,Soft core,Soft core
GCF_001942025.1,BH682_RS10685,MSSYRCPVCEYVYDESKGAPREGFPAGTPWDAVPDDWCCPDCGVREKLDFGPMPATAGSES,61,rubredoxin, ,Derived by automated computational analysis using gene prediction method: Protein Homology.,OG0000053,Core,group_2279,Soft core,Soft core,Soft core
GCF_001942025.1,BH682_RS10690,MNDYKLYQCAQCGFEYDEAVGWPEDGIEPGTRWDDIPEDWSCPDCGAAKSDFFMVEVERR,60,rubredoxin, ,Derived by automated computational analysis using gene prediction method: Protein Homology.,OG0000007,Conserved,group_2155,Soft core,Soft core,Soft core
GCF_001942025.1,BH682_RS35870,MSAPVRKTVAAAMHTTPPTLDRWIRAAKDRGYLDENDTPRRNQPTGGIQQ,50,hypothetical protein, ,Derived by automated computational analysis using gene prediction method: GeneMarkS-2+.,OG0001231,,group_1313,Cloud,,Probably not conserved
GCF_001942025.1,BH682_RS11260,MPEKLILSQQEMPTDEDFAATIATMMRDMGFTPPPTIDRSSTPTAPTDTDMSTWIRVSGTNDGTN,65,hypothetical protein, ,Derived by automated computational analysis using gene prediction method: GeneMarkS-2+.,OG0001232,,group_291,Cloud,,Probably not conserved
GCF_001942025.1,BH682_RS11390,MATDPAPRSERKKILLRLDPAVHDALARWAADDLRSTNAQIEFLLRRALTEHGRMPKNAGKMHGPGRPPA,70,hypothetical protein, ,Derived by automated computational analysis using gene prediction method: Protein Homology.,OG0000114,Soft core,,,Soft core,Soft core
GCF_001942025.1,BH682_RS11670,MSDLDSNTPSEPESQSEETKRKFREALERKNHQNAKSTDHRDGQSKVHNTHGPADHKREFRRKSG,65,duf5302 domain-containing protein, ,Derived by automated computational analysis using gene prediction method: Protein Homology.,OG0000031,Conserved,group_2470,Core,Soft core,Soft core
GCF_001942025.1,BH682_RS11755,MAAVCDVCAKGPGFGKSVSHSHRRTNRRWNPNIQSVRTEVAPGNTRKVNVCTSCLKAGKVARG,63,50s ribosomal protein l28, ,Derived by automated computational analysis using gene prediction method: Protein Homology.,OG0000032,Conserved,rpmB,Conserved,Soft core,Soft core
GCF_001942025.1,BH682_RS11795,MAVPKRKMSRSNTRSRRSQWKTTVPTLVTCPNRGCGEQTLPHIACPSCGTYKGRQVTAAV,60,50s ribosomal protein l32, ,Derived by automated computational analysis using gene prediction method: Protein Homology.,OG0000033,Conserved,group_2479,Conserved,Soft core,Soft core
GCF_001942025.1,BH682_RS36365,MKVPAFHSTVPSDLDVYHDNESCILAARIAVSHRAPGVDGRPWCTACASLD,51,hypothetical protein, ,Derived by automated computational analysis using gene prediction method: Protein Homology.,OG0000083,Soft core,group_2187,Soft core,Soft core,Soft core
GCF_001942025.1,BH682_RS36370,MFWKIVLAVVLVWVALAVVGALIKGLFWVLVVGAVGFGIYFLVKAMSGSDDNSPASRF,58,hypothetical protein, ,Derived by automated computational analysis using gene prediction method: Protein Homology.,OG0000034,Conserved,group_2296,Soft core,Soft core,Soft core
GCF_001942025.1,BH682_RS12990,MRLTEFHEMVREEFGQVRGDSMLIDHVLQSLDGMTAAEAVEAGWEPREVWRALCVEFDVPPARR,64,duf3046 domain-containing protein, ,Derived by automated computational analysis using gene prediction method: Protein Homology.,OG0000035,Conserved,group_2481,Conserved,Soft core,Soft core
GCF_001942025.1,BH682_RS13265,MPGTLTSPQLTAADRCDRCGAGARVRAVLPTGGELLFCGHHATEHADRLREMNAVVSESEPAI,63,hypothetical protein, ,Derived by automated computational analysis using gene prediction method: Protein Homology.,OG0000036,Conserved,group_2483,Conserved,Soft core,Soft core
GCF_001942025.1,BH682_RS13635,MKIRFELMIGILLVVGGGCLWLFARDAEFFWFRGGPLGVILAIIGAFDIVNAVRTRETAIPERRND,66,hypothetical protein, ,Derived by automated computational analysis using gene prediction method: Protein Homology.,OG0000101,Soft core,group_2126,Soft core,Soft core,Soft core
GCF_001942025.1,BH682_RS14120,MAGIDSKFDKAYAGKSVEELADAPVAALNGVSDSDAEHLKAAFNIKTVRDLGTNKFFLWAQATAKLAE,68,hypothetical protein, ,Derived by automated computational analysis using gene prediction method: Protein Homology.,OG0000070,Soft core,group_2484,Soft core,Soft core,Soft core
GCF_001942025.1,BH682_RS14945,MAQEQTQRAGGGEDDETTGGDGSAGQERREKLAAETDDLLDEIDDVLEENAEDFVRAYVQKGGQ,64,ubiquitin-like protein pup, ,Derived by automated computational analysis using gene prediction method: Protein Homology.,OG0000037,Conserved,group_340,Soft core,Soft core,Soft core
GCF_001942025.1,BH682_RS15525,MAIDSTLLSILACPQDKGPLLLVGDELLYNPRLRRAYPIENGIPVLLIDEARDVADDEHEKLLARAEG,68,trm112 family protein, ,Derived by automated computational analysis using gene prediction method: Protein Homology.,OG0000038,Conserved,group_54,Soft core,Soft core,Soft core
GCF_001942025.1,BH682_RS15620,MPKMKSHSGASKRFKVSGSGKLMRQKAGRRHLLEHKSSRVTRRLDGVAVVSPDDAPRIKRMLGI,64,50s ribosomal protein l35, ,Derived by automated computational analysis using gene prediction method: Protein Homology.,OG0000039,Conserved,group_2130,Soft core,Soft core,Soft core
GCF_001942025.1,BH682_RS15975,MHVEVDHDLCQGHAACELEAPEIFVVPKRGKVSLLDSDPPESLRGEAEMAVRYCPTGALRIVD,63,ferredoxin, ,Derived by automated computational analysis using gene prediction method: Protein Homology.,OG0000001,Conserved,group_2270,Soft core,Soft core,Soft core
GCF_001942025.1,BH682_RS37190,MWNTRVLVLDSRLRPVPVGVVGELYVGGVQVARGMRVVWI,40,hypothetical protein, ,Derived by automated computational analysis using gene prediction method: Protein Homology.,OG0000791,Cloud,group_1883,Cloud,Cloud,Cloud
GCF_001942025.1,BH682_RS37065,MAVFAVVRAGGVFVPVDVGAPVERVGFVVGVVDPVVVLSRVW,42,hypothetical protein, ,Derived by automated computational analysis using gene prediction method: GeneMarkS-2+.,OG0001233,,group_1772,Cloud,,Probably not conserved
GCF_001942025.1,BH682_RS36375,MSVLFTYLLFIGAGIAVGGAYSMFKVNKLASGILLALAVLAAVAGALRL,49,hypothetical protein, ,Derived by automated computational analysis using gene prediction method: Protein Homology.,OG0000040,Conserved,group_2410,Soft core,Conserved,Soft core
GCF_001942025.1,BH682_RS36380,MNESSSGLFSDLSASEPVVDAKSAEQLAAERETAAAERSNTDTAEQRQSRLFSG,54,hypothetical protein, ,Derived by automated computational analysis using gene prediction method: Protein Homology.,OG0000084,Soft core,group_2262,Soft core,Soft core,Soft core
GCF_001942025.1,BH682_RS37070,MLGIALGLGSAAVGIGLGLLGAGAGILLSDKTVKTARRELTA,42,hypothetical protein, ,Derived by automated computational analysis using gene prediction method: GeneMarkS-2+.,OG0000102,Soft core,group_2160,Soft core,Soft core,Soft core
GCF_001942025.1,BH682_RS16505,MHAEVGDRLHVQGRVVGQAEVTAEVLEVHGEDGGPPYLVRYDNGHEALVFPGSDGWIDHPGKGS,64,duf1918 domain-containing protein, ,Derived by automated computational analysis using gene prediction method: Protein Homology.,OG0000041,Conserved,group_2499,Soft core,Soft core,Soft core
GCF_001942025.1,BH682_RS37075,MTTYRYLDADRNLLEEKDFETEQDAQEYRLSVLGAEHIEPAGE,43,hypothetical protein, ,Derived by automated computational analysis using gene prediction method: Protein Homology.,OG0000054,Core,group_2400,Soft core,Soft core,Soft core
GCF_001942025.1,BH682_RS17225,MTDEDRLWYFDVSDGSVTQGKGASSLTRMGPYPDRDSAEHALKIAAERNKAADRADEDWNN,61,hypothetical protein, ,Derived by automated computational analysis using gene prediction method: Protein Homology.,OG0000042,Conserved,group_592,Soft core,Soft core,Soft core
GCF_001942025.1,BH682_RS36710,MKLALTEFKNSKATIRIIMSDGAKLNGTVTDFTEDTLVLNSPNGVYYINPSHIVRLFEPSDRAAK,65,hypothetical protein, ,Derived by automated computational analysis using gene prediction method: GeneMarkS-2+.,OG0000085,Soft core,group_2248,Soft core,Shell,Soft core
GCF_001942025.1,BH682_RS35900,MTSVRISVDSPAGDIDVTVEEPSFFGRTNVPEQIAELVANATLKVLRAYDYKTGDTK,57,hypothetical protein, ,Derived by automated computational analysis using gene prediction method: GeneMarkS-2+.,OG0001234,,group_879,Cloud,,Probably not conserved
GCF_001942025.1,BH682_RS17660,MSADPMPAPDTVRIYQDSLGEWRWIRRTPTGRTVNESTAGFPTRGAANADNSFWNQDTPNYLLEQART,68,hypothetical protein, ,Derived by automated computational analysis using gene prediction method: GeneMarkS-2+.,OG0001235,,group_72,Cloud,,Probably not conserved
GCF_001942025.1,BH682_RS35905,MSILASIVIGLVIPPVFLLIVQFLVGDPNMLKDAWECRRRPFNRKPSEESL,51,hypothetical protein, ,Derived by automated computational analysis using gene prediction method: GeneMarkS-2+.,OG0001236,,group_1246,Cloud,,Probably not conserved
GCF_001942025.1,BH682_RS35910,MSESKIHVLATYGDNLACPGCGETLTLDQMDGWRNDNGLTCVGRTTHSDHITTELR,56,hypothetical protein, ,Derived by automated computational analysis using gene prediction method: GeneMarkS-2+.,OG0001237,,group_939,Cloud,,Probably not conserved
GCF_001942025.1,BH682_RS17675,MSNYITIRVELDDGTVAEKRAEIERIGNRRFLAYETLTAAESLTGDVVEMLIANHPAQINPAEVSS,66,hypothetical protein, ,Derived by automated computational analysis using gene prediction method: GeneMarkS-2+.,OG0000792,Cloud,group_226,Cloud,,Cloud
GCF_001942025.1,BH682_RS35920,MSEHLDGFNKTVITQEGQRIRIDGFIDGKHVYSATHSAVAVVDAIEKDDQ,50,hypothetical protein, ,Derived by automated computational analysis using gene prediction method: GeneMarkS-2+.,OG0000529,Cloud,group_1314,Cloud,,Cloud
GCF_001942025.1,BH682_RS17740,MSTAQVAEAIQEIVKRDAELTRELERLSNWHSYDGPALHARDEFRRSTFERLLGLASEAVK,61,hypothetical protein, ,Derived by automated computational analysis using gene prediction method: GeneMarkS-2+.,OG0000793,Cloud,group_605,Cloud,,Cloud
GCF_001942025.1,BH682_RS37085,MSPHDPLQDPVTRDDWYDTEPGLFDLADHHYDRFKDVNGEQN,42,hypothetical protein, ,Derived by automated computational analysis using gene prediction method: GeneMarkS-2+.,OG0001238,,group_1773,Cloud,,Probably not conserved
GCF_001942025.1,BH682_RS35925,MNAEKMLQLAREIKTLDDQIECPQAPRTTKQHMALLEQVRGRAVALAAIVA,51,hypothetical protein, ,Derived by automated computational analysis using gene prediction method: GeneMarkS-2+.,OG0001239,,group_1247,Cloud,,Probably not conserved
GCF_001942025.1,BH682_RS17765,MKPTRLLTAVQAGELLGVDETTVRQMWREGELKCVHIGRGRKVSDAEISRYIEENEQFAPTA,62,helix-turn-helix domain-containing protein, ,Derived by automated computational analysis using gene prediction method: Protein Homology.,OG0000071,Soft core,group_524,Cloud,,Cloud
GCF_001942025.1,BH682_RS17945,MTVAGVVSVVLIAVAAALVIYLLVALVDPERF,32,k(+)-transporting atpase subunit f, ,Derived by automated computational analysis using gene prediction method: Protein Homology.,OG0000055,Core,kdpF,Soft core,Shell,Shell
GCF_001942025.1,BH682_RS37195,MSEATAPVIRHQLALIAVGMLDVADVACC,29,ms4533a family cys-rich leader peptide, ,Derived by automated computational analysis using gene prediction method: Protein Homology.,OG0000133,Shell,group_1948,Soft core,Shell,Shell
GCF_001942025.1,BH682_RS18090,MDRIADWWDSFELWMAGLPFIPQVALVLIVVVPLCRLVAIGLDRVLAAVLALPLFGWLRRNSREVEES,68,hypothetical protein, ,Derived by automated computational analysis using gene prediction method: Protein Homology.,OG0000056,Core,group_2078,Soft core,Soft core,Soft core
GCF_001942025.1,BH682_RS36735,MNLNTATEAELDELPGVGPVTAAAIISWRTSNGRFTDIEQLGEVDGIGPARLAKLRVLVSV,61,comea family dna-binding protein, ,Derived by automated computational analysis using gene prediction method: Protein Homology.,OG0001240,,group_606,Cloud,,Probably not conserved
GCF_001942025.1,BH682_RS36390,MKKALPKTLKSLARTVGILALAIVVVSVVERFTGAHQPTTGPASLTGPDQSL,52,hypothetical protein, ,Derived by automated computational analysis using gene prediction method: Protein Homology.,OG0000111,Soft core,group_2264,Soft core,Soft core,Soft core
GCF_001942025.1,BH682_RS36395,MIAAPTTGALAVVLNTVLQMFNAGSSFLYTDNSPIGGGGETPTTPAP,47,hypothetical protein, ,Derived by automated computational analysis using gene prediction method: Protein Homology.,OG0000086,Soft core,group_2210,Soft core,Soft core,Soft core
GCF_001942025.1,BH682_RS36400,MPTIPLTGDPIVINIIVQLLSAGSSNALALGGVGSSGLGSTGLGSFDSASLGSAA,55,hypothetical protein, ,Derived by automated computational analysis using gene prediction method: Protein Homology.,OG0000087,Soft core,group_1002,Soft core,Soft core,Soft core
GCF_001942025.1,BH682_RS37090,MYIHTCTYDTEDRNMGSINTLSAVIDIIKVVQPLIAKLNLS,41,hypothetical protein, ,Derived by automated computational analysis using gene prediction method: GeneMarkS-2+.,OG0000109,Soft core,group_2041,Soft core,Soft core,Soft core
GCF_001942025.1,BH682_RS35930,MNFVVTTSGVGAVRGVGRWLVYGIREFVGVVVSPAVLPDASHDSIPCSAL,50,hypothetical protein, ,Derived by automated computational analysis using gene prediction method: GeneMarkS-2+.,OG0001241,,group_1315,Cloud,,Probably not conserved
GCF_001942025.1,BH682_RS37095,MTENTTAWFIPDYKIDGVTWYEPGEYVNSETGEVEADVMCTL,42,hypothetical protein, ,Derived by automated computational analysis using gene prediction method: GeneMarkS-2+.,OG0000378,Cloud,group_2388,Cloud,Cloud,Cloud
GCF_001942025.1,BH682_RS37100,MAGFEVFLTDHDPLTQILSDLETPKREGIPLETWRALPNSADA,43,hypothetical protein, ,Derived by automated computational analysis using gene prediction method: GeneMarkS-2+.,OG0000794,Cloud,group_2331,Cloud,Cloud,Cloud
GCF_001942025.1,BH682_RS19445,MGTLKSGQDLAAKFSKKAVGGEDSLEKSLNSHIQVVTEMRDFFQQCVDRYGEVDDSNASALVSVETPR,68,hypothetical protein, ,Derived by automated computational analysis using gene prediction method: GeneMarkS-2+.,OG0000123,Soft core,group_2307,Soft core,Soft core,Soft core
GCF_001942025.1,BH682_RS36755,MSTALLTIYVLIWPALVLVVLGVISKGFFKDWATARRNGEDLV,43,putative transporter small subunit, ,Derived by automated computational analysis using gene prediction method: Protein Homology.,OG0000088,Soft core,group_2364,Soft core,Soft core,Soft core
GCF_001942025.1,BH682_RS20180,MAAMKPRTGDGPLEATKEGRGIVMRVPLEGGGRLVVELTPDEAAALGVELTNVTS,55,duf3117 domain-containing protein, ,Derived by automated computational analysis using gene prediction method: Protein Homology.,OG0000043,Conserved,group_1003,Soft core,Soft core,Soft core
GCF_001942025.1,BH682_RS20285,MTEQDATFDPEAPESDALEQSTPVDPNAPEEPDLTDIPLDAPVADVVDQRVEVAVDDDYRPS,62,hypothetical protein, ,Derived by automated computational analysis using gene prediction method: Protein Homology.,OG0000057,Core,group_2211,Soft core,Soft core,Soft core
GCF_001942025.1,BH682_RS36410,MYNWDLQNQIVAFVDSLRPMAGYYHDLYYGSLYAFADQQSHLLTLLGFPPVP,52,hypothetical protein, ,Derived by automated computational analysis using gene prediction method: Protein Homology.,OG0000058,Core,group_1175,Soft core,Soft core,Soft core
GCF_001942025.1,BH682_RS36415,MGKVKASKVSQLKPKKKCCRKKTRCIKCPVVIMRMKKLENEGASKKELKAGLKKARAA,58,hypothetical protein, ,Derived by automated computational analysis using gene prediction method: Protein Homology.,OG0000044,Conserved,group_2365,Soft core,Soft core,Soft core
GCF_001942025.1,BH682_RS37105,MGSLMSIVELALKGMGSLGAGDQLFETFIGSVQTNTGSLKPLL,43,hypothetical protein, ,Derived by automated computational analysis using gene prediction method: GeneMarkS-2+.,OG0000103,Soft core,group_2163,Cloud,Soft core,Cloud
GCF_001942025.1,BH682_RS20500,MTAKLTTAFRGTLWWVRSVMGDLDYQRYVEHTRRHHADSPVISEREFWRRRHAAADANPGARCC,64,ybdd/yjix family protein, ,Derived by automated computational analysis using gene prediction method: Protein Homology.,OG0000045,Conserved,group_2343,Soft core,Conserved,Soft core
GCF_001942025.1,BH682_RS36765,MARGAGNVEIAEELFVSRRTVATHLENIFVKTGTNSRVQAAVRAAKWGLIES,52,luxr c-terminal-related transcriptional regulator, ,Derived by automated computational analysis using gene prediction method: Protein Homology.,OG0000301,Cloud,group_1187,Cloud,,Cloud
GCF_001942025.1,BH682_RS20750,MSTNSDRRPRLPVRIAYLAAGVLFVAAMLLLASVVNPDRDRDFSMNHVPAGTSTTAFAATSDLG,64,hypothetical protein, ,Derived by automated computational analysis using gene prediction method: Protein Homology.,OG0000104,Soft core,group_2149,Soft core,Soft core,Soft core
GCF_001942025.1,BH682_RS21160,MAEGIVKWFNSEKGFGFIAPEDGSADVFVHYSEIQSGGFRTLEENQRVAFEIGQGNKGPQATGVTIV,67,cold-shock protein, ,Derived by automated computational analysis using gene prediction method: Protein Homology.,OG0000046,Conserved,group_132,Soft core,Soft core,Soft core
GCF_001942025.1,BH682_RS21165,MTTAEYTVSGMTCGHCVGSVKEEIGNIAGVTAVDVELASGRVVVTSDAPVSAADVVAAVDEAGYAVVPS,69,heavy-metal-associated domain-containing protein, ,Derived by automated computational analysis using gene prediction method: Protein Homology.,OG0000006,Conserved,group_2139,Soft core,Soft core,Soft core
GCF_001942025.1,BH682_RS36425,MKHMMSDDELRRAIREIQDRAHDARKRGDDVAAEELDRTVKGYQEQMMQRL,51,hypothetical protein, ,Derived by automated computational analysis using gene prediction method: Protein Homology.,OG0000059,Core,group_2336,Soft core,Soft core,Soft core
GCF_001942025.1,BH682_RS36435,MSEQRDTPKKPSVDKKRLARIFGDVFPETTSDERGPEGSSRSSDDDWLRSQRPPHHGG,58,hypothetical protein, ,Derived by automated computational analysis using gene prediction method: Protein Homology.,OG0000089,Soft core,group_2328,Soft core,Soft core,Soft core
GCF_001942025.1,BH682_RS21385,MAVPKRKMSRSNTRSRRAQWKATAPDLVEVTAFGQTHRVPRRLVKAVRLGVIDPSRI,57,50s ribosomal protein l32, ,Derived by automated computational analysis using gene prediction method: Protein Homology.,OG0000060,Soft core,group_2302,Soft core,Soft core,Soft core
GCF_001942025.1,BH682_RS21405,MARNEIRPIVKLKSTAGTGYTYVTRKNRRNDPDRLVLKKYDPVLRKHVDFREEK,54,50s ribosomal protein l33, ,Derived by automated computational analysis using gene prediction method: Protein Homology.,OG0000047,Conserved,group_2199,Soft core,Soft core,Soft core
GCF_001942025.1,BH682_RS35960,MHLTATTSTTTGAAGNSDPKDAESTLDMSGRPAALRARSAAATRPGGADVTA,52,hypothetical protein, ,Derived by automated computational analysis using gene prediction method: GeneMarkS-2+.,OG0000131,Shell,group_2058,Shell,Shell,Shell
GCF_001942025.1,BH682_RS22030,MGFLDNVKGLVEKGQELAAENSDKVHDAIDKVADIADDKTGNKYGDQIDKAAEAAKKAVPEKQ,63,antitoxin, ,Derived by automated computational analysis using gene prediction method: Protein Homology.,OG0000010,Conserved,group_425,Soft core,Soft core,Soft core
GCF_001942025.1,BH682_RS36785,MANNSKQHYVDPGWPETADGDHAVTELSSTRAGGLSPFGEDTTFPVPVESLPYVHPHTVINR,62,hypothetical protein, ,Derived by automated computational analysis using gene prediction method: Protein Homology.,OG0000048,Conserved,group_501,Soft core,Soft core,Soft core
GCF_001942025.1,BH682_RS37110,MADKAPGKNMKKPAQSIKERRAEKRAKSAESSEFIRKRKRS,41,hypothetical protein, ,Derived by automated computational analysis using gene prediction method: Protein Homology.,OG0000004,Core,group_2142,Soft core,Soft core,Soft core
GCF_001942025.1,BH682_RS23520,MGRGRAKAKQTKVARELKYSVPTTDFDSLQRELAGGSTNSHRSSVRSDQTSDREGHAREDDYDDWRR,67,duf3073 domain-containing protein, ,Derived by automated computational analysis using gene prediction method: Protein Homology.,OG0000049,Conserved,group_133,Soft core,Soft core,Soft core
GCF_001942025.1,BH682_RS23700,MRNNLQELRTAAGLSQQACADALGITRQTVISIEKGHFDPRLSLAFRIAEYFDKRVDDIFSS,62,helix-turn-helix transcriptional regulator, ,Derived by automated computational analysis using gene prediction method: Protein Homology.,OG0000105,Soft core,group_502,Soft core,Soft core,Soft core
GCF_001942025.1,BH682_RS23830,MTSPMNTRKLTRARSGAMFGGVCAGIARYFGWKSSTVRLLFVLSCLLPGPQFLIYIVMWIFIPREQI,67,pspc domain-containing protein, ,Derived by automated computational analysis using gene prediction method: Protein Homology.,OG0000106,Soft core,group_134,Soft core,Soft core,Soft core
GCF_001942025.1,BH682_RS35965,MAEGERPPGVLDDSTYQSPDGLRKFGRTKSEVWFRNKKAYNASRIDDAAVEAANG,55,hypothetical protein, ,Derived by automated computational analysis using gene prediction method: GeneMarkS-2+.,OG0000185,Shell,group_2143,Shell,Shell,Shell
GCF_001942025.1,BH682_RS24410,MTFFAALLILPILFGALIAGYSAFSEVDGSEALLPPAFWILIAAGGALGGYIGVKVGVVRGSALDYRL,68,hypothetical protein, ,Derived by automated computational analysis using gene prediction method: GeneMarkS-2+.,OG0000399,Cloud,group_73,Cloud,Cloud,Cloud
GCF_001942025.1,BH682_RS36795,MTVLCRAGKLQAGVLVADDDQGWASPFRSIAPTKMALLARALQDGLIAIDEL,52,hypothetical protein, ,Derived by automated computational analysis using gene prediction method: Protein Homology.,OG0000156,Shell,group_2040,Shell,Shell,Shell
GCF_001942025.1,BH682_RS36440,MSDWVKKVEAEAKGLLAEAEEELTVLEGVDTIDPLADDDPAPEDGTKPTSD,51,hypothetical protein, ,Derived by automated computational analysis using gene prediction method: Protein Homology.,OG0000090,Soft core,group_2192,Soft core,Soft core,Soft core
GCF_001942025.1,BH682_RS36800,MSTIETFGSFNAAVLATTRYVQAAPYGVVGPLLRPGRIVTSTTSADAEVAEQMAALAQRQRRLR,64,hypothetical protein, ,Derived by automated computational analysis using gene prediction method: GeneMarkS-2+.,OG0001242,,group_366,Cloud,,Probably not conserved
GCF_001942025.1,BH682_RS25540,MAQGIVKWFNGEKGFGFIAPDDGTPDVFVHYSEISGNGYKSLDENQRVEFEVGQGQKGPQATNVRAV,67,cold-shock protein, ,Derived by automated computational analysis using gene prediction method: Protein Homology.,OG0000003,Conserved,group_1991,Soft core,Soft core,Soft core
GCF_001942025.1,BH682_RS35985,MTITDADVPGLAVTARGRTPSAARVLATDAAEALCSMFEEANAMTSGGFTFTVVPPGN,58,hypothetical protein, ,Derived by automated computational analysis using gene prediction method: GeneMarkS-2+.,OG0000262,Shell,group_2251,Shell,Shell,Shell
GCF_001942025.1,BH682_RS35990,MGSINAFNEWVNQATYAGDPFATAIAIVQFFAVSLVNLFTGGPIL,45,hypothetical protein, ,Derived by automated computational analysis using gene prediction method: GeneMarkS-2+.,OG0000137,Shell,group_2383,Shell,Shell,Shell
GCF_001942025.1,BH682_RS25725,MKKTDFAPISCIHRWEIESRHRTSEGTVTYLRCHCGSWQTLLAEWVSGGAGSAVAAPIKVRSR,63,hypothetical protein, ,Derived by automated computational analysis using gene prediction method: GeneMarkS-2+.,OG0000116,Soft core,group_2290,Soft core,Soft core,Soft core
GCF_001942025.1,BH682_RS35995,MPTVIRTVHDLVRHARGPTHHHHHQSVHEARRMRAHHILVTHSLA,45,hypothetical protein, ,Derived by automated computational analysis using gene prediction method: GeneMarkS-2+.,OG0000112,Soft core,group_2176,Soft core,Soft core,Soft core
GCF_001942025.1,BH682_RS25965,MVGTPVIVTIVSVCVGFVIFMLAASGARGKWDRRLVIALFIGAVVCLTVVPVSVALSAGV,60,hypothetical protein, ,Derived by automated computational analysis using gene prediction method: Protein Homology.,OG0000091,Soft core,group_2382,Soft core,Soft core,Soft core
GCF_001942025.1,BH682_RS36445,MNETQPHNLERERWRTLPTPPSTELIEMVGDGPSSADFDPAAPVTQQG,48,hypothetical protein, ,Derived by automated computational analysis using gene prediction method: Protein Homology.,OG0000128,Shell,group_2355,Shell,Shell,Shell
GCF_001942025.1,BH682_RS26615,MTEPDPGTVETDFPKTGAPAQRALIAAGYTHLAQLTSVSEKELGALHGMGPKALRILREALAERGLSFAD,70,hypothetical protein, ,Derived by automated computational analysis using gene prediction method: Protein Homology.,OG0000050,Conserved,,,Soft core,Soft core
GCF_001942025.1,BH682_RS37115,MGSSDTDLKALDSVITVAGALAAIFGGIAGVAGLATFLGTGGGS,44,hypothetical protein, ,Derived by automated computational analysis using gene prediction method: GeneMarkS-2+.,OG0000065,Soft core,group_2088,Shell,Shell,Shell
GCF_001942025.1,BH682_RS27375,MNAPTRYQFLIDGEVSDRVKAAFPELSVASAAGGFTSLYGPVADHTAMRSIMARLDSLGLTVAEMRRLPD,70,hypothetical protein, ,Derived by automated computational analysis using gene prediction method: Protein Homology.,OG0000092,Soft core,,,Soft core,Soft core
GCF_001942025.1,BH682_RS27385,MHDRFTVTAPFGVLGHLALRLAVGPYLRRLLEQRAAHIKGRAEVGTPFIE,50,cyclase/dehydrase, ,Derived by automated computational analysis using gene prediction method: Protein Homology.,OG0000261,Shell,group_2085,Shell,Shell,Shell
GCF_001942025.1,BH682_RS37120,MSVVLISLLVAAGLTVLATSDGAGLDFGSRQLNRQLKTRTHR,42,hypothetical protein, ,Derived by automated computational analysis using gene prediction method: GeneMarkS-2+.,OG0000107,Soft core,group_1760,Soft core,Soft core,Soft core
GCF_001942025.1,BH682_RS36450,MKIVVLSFLVALTLMTVGIIAARKRSTRPAVTGAVTAASTVLAAAWTLFAVAFVLA,56,hypothetical protein, ,Derived by automated computational analysis using gene prediction method: Protein Homology.,OG0000110,Soft core,group_2239,Soft core,Soft core,Soft core
GCF_001942025.1,BH682_RS36015,MTIDVVDTVIYTDGDTHQQARESPPAAAPNLGCRMWVDCGLASSLPISYPHIVVR,55,hypothetical protein, ,Derived by automated computational analysis using gene prediction method: GeneMarkS-2+.,OG0001243,,group_1018,Cloud,,Probably not conserved
GCF_001942025.1,BH682_RS36025,MNHRESFQAVKWGTPRRTRRHRQLIRGRIAGGGATVEVSSEVLAYY,46,hypothetical protein, ,Derived by automated computational analysis using gene prediction method: GeneMarkS-2+.,OG0000141,Shell,group_2265,Shell,Shell,Shell
GCF_001942025.1,BH682_RS29045,MRRASRAQRMELIAGFISVFALMALIGAVVAIVKGDPGVTPSLVLLGCVVALGLAFRGYRNAVRAERRE,69,hypothetical protein, ,Derived by automated computational analysis using gene prediction method: Protein Homology.,OG0000051,Conserved,group_2375,Soft core,Shell,Shell
GCF_001942025.1,BH682_RS29620,MAKGKRTFQPNNRRRARVHGFRLRMRTRAGRAIVSARRRKGRDSLTA,47,50s ribosomal protein l34, ,Derived by automated computational analysis using gene prediction method: Protein Homology.,OG0000052,Conserved,rpmH,Conserved,Shell,Shell
GCF_001942025.1,BH682_RS29750,MKTEEEERLIAHAVTRLSVKYPSISADVVADAVASAHAHFDGHKVRDFVPLLVERMAGEKLSSLVAS,67,hypothetical protein, ,Derived by automated computational analysis using gene prediction method: Protein Homology.,OG0000062,Soft core,group_2496,Shell,Cloud,Cloud
GCF_001942025.1,BH682_RS29845,MTSSTDQQSTLPLAEDRTSIRRKIADMWLQEIASQPMSLCADDGTKVLVLAELTLRMVDKAGYARGAS,68,hypothetical protein, ,Derived by automated computational analysis using gene prediction method: GeneMarkS-2+.,OG0001244,,group_74,Cloud,,Probably not conserved
GCF_001942025.1,BH682_RS36460,MIAWQLFTIDEPGKLYDANALYLNVLRNVLIRLVQADWCMPGGPTGFFYEMFRNLAGLPAKCSL,64,hypothetical protein, ,Derived by automated computational analysis using gene prediction method: GeneMarkS-2+.,OG0001245,,group_367,Cloud,,Probably not conserved
GCF_001942025.1,BH682_RS36040,MKNLPRSIAEALRAELASQGFVGNDAMVKFGQEVVSDISKQRQSAFRGVSRGGLPGNRR,59,hypothetical protein, ,Derived by automated computational analysis using gene prediction method: GeneMarkS-2+.,OG0001246,,group_747,Cloud,,Probably not conserved
GCF_001942025.1,BH682_RS30150,MAKTNRIDGTVRPNSAQHSAIGFVGVMIVTQVRSELLPDVVVMILIVVWVVLVCGTTQSAA,61,hypothetical protein, ,Derived by automated computational analysis using gene prediction method: GeneMarkS-2+.,OG0001247,,group_607,Cloud,,Probably not conserved
GCF_001942025.1,BH682_RS30175,MSKEITKILAVVAGIGGIGFAIGTLIGCLFLSDTMEPWQFGLIFALVVLFLGLLGAAPLASRLFTGRS,68,hypothetical protein, ,Derived by automated computational analysis using gene prediction method: GeneMarkS-2+.,OG0000753,Cloud,group_75,Cloud,,Cloud
GCF_001942025.1,BH682_RS30300,MKRKTVGGDEVDAFAKTRRSRNWKAGERKALKAKASRRERRDARIALAR,49,hypothetical protein, ,Derived by automated computational analysis using gene prediction method: GeneMarkS-2+.,OG0000795,Cloud,group_1372,Cloud,,Cloud
GCF_001942025.1,BH682_RS37125,MTPSCVREFSRRQWRGAEMAPLNEESEDDETFYEGQIDETIFD,43,hypothetical protein, ,Derived by automated computational analysis using gene prediction method: GeneMarkS-2+.,OG0001248,,group_1721,Cloud,,Probably not conserved
GCF_001942025.1,BH682_RS30315,MTDTATESLEHQLNKQWSQSNPGKTPTDLDLAQMKGAATTTAVAAVLEQELYPQVTPQIVAQIERLAI,68,hypothetical protein, ,Derived by automated computational analysis using gene prediction method: GeneMarkS-2+.,OG0001249,,group_76,Cloud,,Probably not conserved
GCF_001942025.1,BH682_RS36045,MNEDDRALLIADGEDPDDPRIIAAYEYMETALALYAKVHRRMSPRSR,47,hypothetical protein, ,Derived by automated computational analysis using gene prediction method: GeneMarkS-2+.,OG0000700,Cloud,group_1494,Cloud,,Cloud
GCF_001942025.1,BH682_RS37130,MDNAADPVLNARSSKAMWAGGLVQINFEARPPDDLCRDAHS,41,hypothetical protein, ,Derived by automated computational analysis using gene prediction method: GeneMarkS-2+.,OG0001250,,group_1839,Cloud,,Probably not conserved
GCF_001942025.1,BH682_RS30490,MVISEGTAATSDEVHILDLDKTTDLDDVDLLEIVRGLRPVADSELKTKTVRTLMAMIEQKALADG,65,hypothetical protein, ,Derived by automated computational analysis using gene prediction method: GeneMarkS-2+.,OG0001251,,group_292,Cloud,,Probably not conserved
GCF_001942025.1,BH682_RS36480,MSDKLTQEQLDDIRAHLKEGMTPRAIADYYARIADLDLIEVQRIRTAANEIEQEEKP,57,hypothetical protein, ,Derived by automated computational analysis using gene prediction method: Protein Homology.,OG0000256,Shell,group_880,Cloud,,Cloud
GCF_001942025.1,BH682_RS36060,MTWNITSREKGSAINSPRPASADVALALAAATVLGITVGVLLADMVAGVSVGAGTAVVFRFVPRTIITRK,70,hypothetical protein, ,Derived by automated computational analysis using gene prediction method: Protein Homology.,OG0000124,Shell,,,,Probably not conserved
GCF_001942025.1,BH682_RS36485,MVGVVMGFGYFTTGALIDPDAPLFDDQQAAFIEKCLTRVLLGIFDS,46,hypothetical protein, ,Derived by automated computational analysis using gene prediction method: GeneMarkS-2+.,OG0001252,,group_1558,Cloud,,Probably not conserved
GCF_001942025.1,BH682_RS30885,MQKPPPWPTESLRTWATEALEQFIADVERGVVAEASAANRFLTLEDAHAELARRRRGQALHHLAPPA,67,hypothetical protein, ,Derived by automated computational analysis using gene prediction method: GeneMarkS-2+.,OG0000319,Cloud,group_2505,Cloud,,Cloud
GCF_001942025.1,BH682_RS36490,MNCVLVTGFGPYGDEADNPSGEIARRIDGTQIGSTEVGDRECSCSLLGRQ,50,hypothetical protein, ,Derived by automated computational analysis using gene prediction method: Protein Homology.,OG0001253,,group_1316,Cloud,,Probably not conserved
GCF_001942025.1,BH682_RS37225,MDGRQDCAGSVGDDLEVSVSPSGDVADAVVGGVESEQSGQDVGDGFGFDFGAASVQLCGVNVSAGVA,67,hypothetical protein, ,Derived by automated computational analysis using gene prediction method: GeneMarkS-2+.,OG0001254,,group_155,Cloud,,Probably not conserved
GCF_001942025.1,BH682_RS36495,MNDDEHDAWQLHHHGADWDEIGTEMGCSPTAAQTLAAAYEKRTDNAAAQTQNTLF,55,hypothetical protein, ,Derived by automated computational analysis using gene prediction method: Protein Homology.,OG0000063,Soft core,group_2464,Shell,Cloud,Cloud
GCF_001942025.1,BH682_RS31085,MSTAIINLEETAPRPLSEEERNEQVRSLVTWAAAELAHANRLPHGRVRSGHLTNAENALAVASELLAA,68,hypothetical protein, ,Derived by automated computational analysis using gene prediction method: GeneMarkS-2+.,OG0000384,Cloud,group_2450,Cloud,Cloud,Cloud
GCF_001942025.1,BH682_RS36500,MSDGYDYTEGGDYSAATSHYAGLTCGCGDYSCPRMHDDAAQCVNAE,46,hypothetical protein, ,Derived by automated computational analysis using gene prediction method: Protein Homology.,OG0000216,Shell,group_2501,Shell,Cloud,Shell
GCF_001942025.1,BH682_RS36850,MRVKTSALYMSGYLDGILRYWAKMHDGQWLAGVTVRVTDAGGTNLVEIDMLVTADAVTEAPG,62,hypothetical protein, ,Derived by automated computational analysis using gene prediction method: Protein Homology.,OG0000316,Cloud,group_2421,Cloud,Cloud,Cloud
GCF_001942025.1,BH682_RS36510,MAIVAATVLGVTVGVLLADVVAGVAVGAGTAVVFRFVLRTIIPRK,45,hypothetical protein, ,Derived by automated computational analysis using gene prediction method: GeneMarkS-2+.,OG0000124,Shell,group_2431,Cloud,Cloud,Cloud
GCF_001942025.1,BH682_RS36515,MSENAEPDGVQGWSPAPDEGQAGTVLTKDGQWAYRYKDGAELIMMKMPDRPAAK,54,hypothetical protein, ,Derived by automated computational analysis using gene prediction method: Protein Homology.,OG0000119,Shell,group_2472,Shell,Cloud,Shell
GCF_001942025.1,BH682_RS31485,MTETAAPTRFVAIPRTEEHGGYENECFTHYVQDNGGRYCLRGPMVQSDAEWLASKMNTQLS,61,hypothetical protein, ,Derived by automated computational analysis using gene prediction method: GeneMarkS-2+.,OG0000189,Shell,group_2471,Shell,Shell,Shell
GCF_001942025.1,BH682_RS37135,MAATVLGVTVGVLLADVVAGVAVGAGTAVVFRFVLRTIITRK,42,hypothetical protein, ,Derived by automated computational analysis using gene prediction method: Protein Homology.,OG0000124,Shell,group_1774,Cloud,Cloud,Cloud
GCF_001942025.1,BH682_RS31515,MSTETGTLAPALVAVVEATAALDAAMFDRSREGFIDVTALVDAFAASRAAARDAGHPEEDIDAAAAPTN,69,hypothetical protein, ,Derived by automated computational analysis using gene prediction method: Protein Homology.,OG0000226,Shell,group_2451,Shell,Shell,Shell
GCF_001942025.1,BH682_RS36090,MSLKARKLLWATTVAIFLVAAVLSYFSSGLGSAALWVTVGLALGASGFADLKVQARS,57,hypothetical protein, ,Derived by automated computational analysis using gene prediction method: GeneMarkS-2+.,OG0000375,Cloud,group_873,Cloud,Cloud,Cloud
GCF_001942025.1,BH682_RS31595,MNDKNIPVERSAVEAAMYQSTKHLNVITDADLAAVVEGLTGEPVARAQIDFAFPAPGTTDHLFD,64,hypothetical protein, ,Derived by automated computational analysis using gene prediction method: Protein Homology.,OG0000121,Shell,group_2475,Shell,Cloud,Shell
GCF_001942025.1,BH682_RS31750,MPTPSKGDRTRVVSRVPDPVYAELEKRRKAAGVSSVSQYVADLLAATTGHKNLVVELDQEVLQLTA,66,hypothetical protein, ,Derived by automated computational analysis using gene prediction method: Protein Homology.,OG0000139,Shell,group_216,Shell,Cloud,Shell
GCF_001942025.1,BH682_RS37145,MVERKVVTKTIANRYMRVDKAGKARILDELCATTGWHRDR,40,hypothetical protein, ,Derived by automated computational analysis using gene prediction method: GeneMarkS-2+.,OG0001255,,,,,Probably not conserved
GCF_001942025.1,BH682_RS32605,MNEIGYPNLSLRGFTGVVCVGEVSGFSLVIYECGGEPPIDHYRATGCRLAVVLLIAQTEVFDS,63,hypothetical protein, ,Derived by automated computational analysis using gene prediction method: GeneMarkS-2+.,OG0001256,,,,,Probably not conserved
GCF_001942025.1,BH682_RS37150,MSRSVSSPEWRRVAERLLARVAADFEVPAAVRTHFGHVLLRN,42,hypothetical protein, ,Derived by automated computational analysis using gene prediction method: GeneMarkS-2+.,OG0000244,Shell,,,,Probably not conserved
GCF_001942025.1,BH682_RS36530,MDVIVWAESEERERWWRQVMGLALAIERFEAEEPIARGLSATSRMRVSVRSIHGVTAA,58,hypothetical protein, ,Derived by automated computational analysis using gene prediction method: Protein Homology.,OG0000129,Shell,group_2349,Cloud,Cloud,Cloud
GCF_001942025.1,BH682_RS32840,MHFTFLYDGAAQRTAEYPTLEEAVRSIELGQVDRTLWSIQYTDREGGIRVYRFPTDRGVGGE,62,hypothetical protein, ,Derived by automated computational analysis using gene prediction method: Protein Homology.,OG0000387,Cloud,group_525,Cloud,Cloud,Cloud
GCF_001942025.1,BH682_RS33005,MSTVPVVGTELGRDCLQCGCPLFITVLEFYAGSPPELTDRRDSFVDCRSGCRGVIEQPVGIDISR,65,hypothetical protein, ,Derived by automated computational analysis using gene prediction method: GeneMarkS-2+.,OG0000248,Shell,group_2223,Cloud,Cloud,Cloud
GCF_001942025.1,BH682_RS36535,MIVLGIILALIGYFTAISILTTVGIILVVVGAILTLLGTMGRAVGGRKVWY,51,duf6131 family protein, ,Derived by automated computational analysis using gene prediction method: Protein Homology.,OG0000000,Conserved,group_1248,Cloud,Cloud,Cloud
GCF_001942025.1,BH682_RS33040,MGSEDLLTPKQVSELFRVTPKTVARWADEGKIGFTSTIGGHRRYHRTEIRMLLHSLHTPGPKTDPTAP,68,bldc family transcriptional regulator, ,Derived by automated computational analysis using gene prediction method: Protein Homology.,OG0000068,Soft core,group_2014,Cloud,Cloud,Cloud
GCF_001942025.1,BH682_RS36135,MLGFDAAASSGETVGTGRSSSVTTGWRRPPRSAFAQVSGSFAQWEHQAIDAKPT,54,hypothetical protein, ,Derived by automated computational analysis using gene prediction method: GeneMarkS-2+.,OG0000307,Cloud,group_2256,Cloud,Cloud,Cloud
GCF_001942025.1,BH682_RS36940,MDLSGRKDEEEKLSMTHNTRIKPSTKDRLRRGVDKLRYETGDREISEASMTEAALDEYLKARGL,64,hypothetical protein, ,Derived by automated computational analysis using gene prediction method: Protein Homology.,OG0000212,Shell,group_2308,Shell,Cloud,Shell
GCF_001942025.1,BH682_RS33300,MTTMANHLTALPSTTTVDEIVDVIHRDGGVIVEDFLDTPQLDELRAQLGPVLESTGYGEEGL,62,hypothetical protein, ,Derived by automated computational analysis using gene prediction method: GeneMarkS-2+.,OG0001257,,group_526,Cloud,,Probably not conserved
GCF_001942025.1,BH682_RS33335,MEDNRIRSALDATPDTDYLEQTIPADPNAVDAVDLEALTTELDTPWPAPEGDLLEQSTPAPLDDER,66,hypothetical protein, ,Derived by automated computational analysis using gene prediction method: Protein Homology.,OG0000199,Shell,"group_2011, group_2217",Cloud,Cloud,Cloud
GCF_001942025.1,BH682_RS36545,MTDSIPQGAVHVSDAQINAARTKLIIDKKLKRASKPQIERLAQLKTTGERRLIAS,55,hypothetical protein, ,Derived by automated computational analysis using gene prediction method: Protein Homology.,OG0000229,Shell,group_2517,Cloud,,Cloud
GCF_001942025.1,BH682_RS33545,MAQGIVKWFNGEKGFGFIAPDDGTPDVFVHFSEISGSGYKSLEENQRVEFEVGQGQKGPQATNVRTV,67,cold-shock protein, ,Derived by automated computational analysis using gene prediction method: Protein Homology.,OG0000003,Conserved,group_2643,Cloud,,Cloud
GCF_001942025.1,BH682_RS37240,MRRRRFPLLASPVRKPRPWSKRRVGRSVEQLKAIRDWAGKNGFDVSPRGRIKADVVDAFDAAH,63,histone-like nucleoid-structuring protein lsr2, ,Derived by automated computational analysis using gene prediction method: Protein Homology.,OG0000314,Cloud,,,,Probably not conserved
GCF_001942025.1,BH682_RS31785,MQLISTDPDYSGYVDEVRRYRTDAAGVLYAAVVLVANGRWYSGMAAVDVRADLLHTVRAA,60,hypothetical protein, ,Derived by automated computational analysis using gene prediction method: GeneMarkS-2+.,OG0000796,Cloud,,,,Probably not conserved
GCF_001942025.1,BH682_RS31790,MSEDGMFVSENTTGDAVERAYRAAIKDGLLEEHAYAVIRNALLSSRRDDLISERQWRALQLRLEGL,66,hypothetical protein, ,Derived by automated computational analysis using gene prediction method: GeneMarkS-2+.,OG0000797,Cloud,,,,Probably not conserved
GCF_001942025.1,BH682_RS36095,MTDVRHREPQDEKVLAQVAAGPSIDDAQAQALLDKHMSRWSTLLDRLK,48,hypothetical protein, ,Derived by automated computational analysis using gene prediction method: GeneMarkS-2+.,OG0001258,,,,,Probably not conserved
GCF_001942025.1,BH682_RS36100,MNRRAVAWPSAAAAPVALIAGCFAVLLDQLGDVTRIAHRYAKDKS,45,hypothetical protein, ,Derived by automated computational analysis using gene prediction method: GeneMarkS-2+.,OG0001259,,,,,Probably not conserved
GCF_001942025.1,BH682_RS31950,MPAISKGERERLTTRVPAAVHAELERRRLAAGVSSESQYLADLLSILTGHKELVVELDQEVLPLTA,66,toxin-antitoxin system, ,Derived by automated computational analysis using gene prediction method: GeneMarkS-2+.,OG0000139,Shell,,,,Probably not conserved
GCF_001942025.1,BH682_RS36110,MAGIVDRTEHLASEDDFTVGTRYASGEGCVDPSGVDLLAESVTVVSMATKFSP,53,hypothetical protein, ,Derived by automated computational analysis using gene prediction method: GeneMarkS-2+.,OG0001260,,,,,Probably not conserved
GCF_001942025.1,BH682_RS36150,MTLINRNRHNDSGSILRLWIMSAAVCLIAIFVLIQLGPTVQRYLATIV,48,hypothetical protein, ,Derived by automated computational analysis using gene prediction method: GeneMarkS-2+.,OG0000300,Cloud,group_2486,Cloud,Cloud,Cloud
GCF_001942025.1,BH682_RS36155,MDENSRLSLKEVIWGILFTGSITAALYFYSPDAIVTVILGTGHPIP,46,hypothetical protein, ,Derived by automated computational analysis using gene prediction method: GeneMarkS-2+.,OG0000798,Cloud,group_1559,Cloud,Cloud,Cloud
GCF_001942025.1,BH682_RS36170,MNNVGESRIGSRLSAMLSEFDTGEQQEGSVRMDFALGARADGGDR,45,hypothetical protein, ,Derived by automated computational analysis using gene prediction method: GeneMarkS-2+.,OG0000330,Cloud,group_2485,Cloud,Cloud,Cloud
GCF_001942025.1,BH682_RS34520,MTIADTYGAFVIVIGAPRLGAVSAGGTLFHTSVSSRLARQNRYALLLIPATVSAAAWPDKST,62,hypothetical protein, ,Derived by automated computational analysis using gene prediction method: GeneMarkS-2+.,OG0001261,,group_527,Cloud,,Probably not conserved
GCF_001942025.1,BH682_RS36180,MAGTLQDSYTGTTIEFEKANASAVQIDHVLSAALSRSLPLSAGHYVDVMPLMAVVAVRWARA,62,hypothetical protein, ,Derived by automated computational analysis using gene prediction method: GeneMarkS-2+.,OG0001262,,group_528,Cloud,,Probably not conserved
GCF_001942025.1,BH682_RS36190,MGYTDAQGRPEIFMHPDILAGKSTFNIVESASEDLSTADADNNDVVGEKKNRRSPKR,57,hypothetical protein, ,Derived by automated computational analysis using gene prediction method: GeneMarkS-2+.,OG0000217,Shell,,,Cloud,Cloud
GCF_001942025.1,BH682_RS36195,MRRLRADGFGERMLAASAPQFAMMRRLPAARWTGLLEDWAELDRWRAAPPWWELGLRASSSNRKES,66,hypothetical protein, ,Derived by automated computational analysis using gene prediction method: GeneMarkS-2+.,OG0000376,Cloud,group_218,Shell,Cloud,Cloud
GCF_001942025.1,BH682_RS36555,MQVGDHVRIHTTGKSVFSIVEIDEASGKAIVESVTDAPGKYPWPTDLTNLVAAGNPQG,58,hypothetical protein, ,Derived by automated computational analysis using gene prediction method: Protein Homology.,OG0000072,Soft core,group_2154,Cloud,Cloud,Cloud
GCF_001942025.1,BH682_RS34760,MNAVSGDLLRYAQQVLTGTGHAPDQVASVVAGTGEDAAARALRAGWECAANPVVGACEQTEDVS,64,hypothetical protein, ,Derived by automated computational analysis using gene prediction method: Protein Homology.,OG0000134,Shell,group_2278,Cloud,,Cloud
GCF_001942025.1,BH682_RS36565,MATKCAINGRQWGAYDGRRQNLGKISELLKLGITAVSFITALNSLS,46,hypothetical protein, ,Derived by automated computational analysis using gene prediction method: GeneMarkS-2+.,OG0000067,Soft core,group_1560,Cloud,,Cloud
GCF_001942025.1,BH682_RS36200,MSCSISNLGPISAELPSVDLGSIAADGLNLGGVTGDLGATVRVWMSSRGK,50,hypothetical protein, ,Derived by automated computational analysis using gene prediction method: GeneMarkS-2+.,OG0001263,,group_1317,Cloud,,Probably not conserved
GCF_001942025.1,BH682_RS34875,MGSEDLLTPKQVSELFRVTPKTVARWADEGKIGFTSTIGGHRRYHRTEIRMLLHSLHTPGPKTDPSAP,68,bldc family transcriptional regulator, ,Derived by automated computational analysis using gene prediction method: Protein Homology.,OG0000068,Soft core,group_1964,Cloud,,Cloud
GCF_001942025.1,BH682_RS36575,MIVLGIILALIGYFTAIDILTTFGIILVVVGAILTLLGTMGRSVGGRKVWY,51,duf6131 family protein, ,Derived by automated computational analysis using gene prediction method: Protein Homology.,OG0000000,Conserved,group_1249,Cloud,,Cloud
GCF_001942025.1,BH682_RS36205,MTIAMTSSTADVISLSTSRSSLGTAELKVRIAMMFGDPLPGKGERDDL,48,hypothetical protein, ,Derived by automated computational analysis using gene prediction method: GeneMarkS-2+.,OG0000002,Conserved,group_1433,Cloud,,Cloud
GCF_001942025.1,BH682_RS35805,MCVYINFAHPFVEGNGRTQREFVDQLLAVSGRGLAWDLIELAGA,44,fic family protein, ,Derived by automated computational analysis using gene prediction method: Protein Homology.,OG0001264,,group_1664,Cloud,,Probably not conserved
GCF_001942025.1,BH682_RS35200,MKFMGAAKALVDKGKEAASKNADKIENAIDKTAASAEAKTGGKLTSQIRRAALAAKRAIPPKK,63,antitoxin, ,Derived by automated computational analysis using gene prediction method: Protein Homology.,OG0000218,Shell,group_2424,Shell,,Shell
GCF_001942025.1,BH682_RS37255,MATCVAVNWPPSRVNVQTLRYYERRGLLQQPPRSASGYRSYPG,43,merr family dna-binding transcriptional regulator, ,Derived by automated computational analysis using gene prediction method: Protein Homology.,OG0000485,Cloud,group_1716,Cloud,,Cloud
GCF_001942025.1,BH682_RS37005,MIVYGISAERAFDILIWRLEQKNVKLRQVSEQLSARVRADFALLGGLRSQFDQLLLGL,58,antar domain-containing protein, ,Derived by automated computational analysis using gene prediction method: Protein Homology.,OG0000244,Shell,group_822,Cloud,,Cloud
GCF_001942025.1,BH682_RS36220,MSLAPFLVVVLGIPAGMAAIIGLMTAGNERKSRVDRPMRRMRAEISRLNSENAAQ,55,hypothetical protein, ,Derived by automated computational analysis using gene prediction method: GeneMarkS-2+.,OG0000386,Cloud,group_1017,Cloud,,Cloud
GCF_001942025.1,BH682_RS32095,MFPDRLTAVATAAHNAGARDHLHNLGAVHQAAHHATLTLDRYAPEQLPASTWAAILAEYRRPA,63,hypothetical protein, ,Derived by automated computational analysis using gene prediction method: GeneMarkS-2+.,OG0000538,Cloud,,,Cloud,Cloud
GCF_002079265.1,A0W34_RS33030,MLKHSIFGVLALAVAALDFTIGTKHMITAGIIALAASVYSFTKAASLRKAPNDKGNRP,58,hypothetical protein, ,Derived by automated computational analysis using gene prediction method: Protein Homology.,OG0000215,Shell,group_2115,Cloud,Cloud,Cloud
GCF_002079265.1,A0W34_RS00205,MTTEKDTSKPGWKAHTVVALISLAVGIIFLTGGTTISLIAGTSLLGLAVYHYVVALRLRRELKTPAEEEG,70,hypothetical protein, ,Derived by automated computational analysis using gene prediction method: GeneMarkS-2+.,OG0000287,Shell,,,Cloud,Cloud
GCF_002079265.1,A0W34_RS33035,MSDDEHDAWQLHHHGASWDDIGTEMGCSPTTAQTLATAYEKRTDNAAAQTQNTLF,55,hypothetical protein, ,Derived by automated computational analysis using gene prediction method: Protein Homology.,OG0000063,Soft core,group_2009,Cloud,Cloud,Cloud
GCF_002079265.1,A0W34_RS00235,MATYRVINPAGDVTATREIDSADDAHAWFVDARADNSELGWRMEVQHDGEWSFFDDTEGASS,62,hypothetical protein, ,Derived by automated computational analysis using gene prediction method: Protein Homology.,OG0000066,Soft core,group_2010,Cloud,Cloud,Cloud
GCF_002079265.1,A0W34_RS33040,MIILGIVLLIVGFLTGISILWTIGIILVVIGVVLFALGAAGHAVGGRRHYY,51,duf6131 family protein, ,Derived by automated computational analysis using gene prediction method: Protein Homology.,OG0000000,Conserved,group_1245,Cloud,Cloud,Cloud
GCF_002079265.1,A0W34_RS00295,MEDNRIRSALDATPDTDYLEQTIPADPNAVDAVDLEALTTELDTPWPAPEGDLLEQSTPAPLDDER,66,hypothetical protein, ,Derived by automated computational analysis using gene prediction method: Protein Homology.,OG0000199,Shell,group_2011,Cloud,Cloud,Cloud
GCF_002079265.1,A0W34_RS32670,MDVDDLDVVVWPESEEREAWWRQVVTGGSAGAATSTMTPNRSIEDASSRILHAA,54,hypothetical protein, ,Derived by automated computational analysis using gene prediction method: GeneMarkS-2+.,OG0000129,Shell,group_2012,Cloud,Cloud,Cloud
GCF_002079265.1,A0W34_RS33045,MNVQTSRSNSWPAVHSGSMSTAEIKARIESMYADRGALVPKGTGTKS,47,hypothetical protein, ,Derived by automated computational analysis using gene prediction method: Protein Homology.,OG0000002,Conserved,group_1493,Cloud,Cloud,Cloud
GCF_002079265.1,A0W34_RS33600,MRAEPGTHADSQQACRWIAATACTDDDVAHMRRRYGFPTAP,41,hypothetical protein, ,Derived by automated computational analysis using gene prediction method: GeneMarkS-2+.,OG0000489,Cloud,group_1838,Cloud,Cloud,Cloud
GCF_002079265.1,A0W34_RS32675,MKDVRKAMTETELVEELHRLENLTKRNRCEQIRLEIVHDELVGRQTDYRRMANNH,55,hypothetical protein, ,Derived by automated computational analysis using gene prediction method: GeneMarkS-2+.,OG0000238,Shell,group_2105,Cloud,Cloud,Cloud
GCF_002079265.1,A0W34_RS00660,MSNISFDSVSNSAPANALQGVGTNALVDNPFTFEPVAEATSAHALQGVGTNALVDNPFSFQS,62,streptamidine-related ripp repeat protein, ,Derived by automated computational analysis using gene prediction method: Protein Homology.,OG0000093,Soft core,group_2291,Soft core,Soft core,Soft core
GCF_002079265.1,A0W34_RS33065,MFNDVFNNVIHPMVTNFQQLGPQQFIPQQFIPQGVFQQAPQAAEQAVTIFGS,52,hypothetical protein, ,Derived by automated computational analysis using gene prediction method: Protein Homology.,OG0000075,Soft core,group_2178,Soft core,Soft core,Soft core
GCF_002079265.1,A0W34_RS01710,MGIADKAQNKAEDLGGKAKEAAGSATGDRDLENEGKGDQVKSAVKDAGEKVKDAASSIKDKLT,63,csbd family protein, ,Derived by automated computational analysis using gene prediction method: Protein Homology.,OG0000011,Conserved,group_2411,Conserved,Soft core,Soft core
GCF_002079265.1,A0W34_RS33070,MADLTLLTDDELRERRIALSRSLTTAADLIPTPPPSFFEKLKQDIDAAAAEWIARRS,57,hypothetical protein, ,Derived by automated computational analysis using gene prediction method: Protein Homology.,OG0000076,Soft core,group_2322,Soft core,Soft core,Soft core
GCF_002079265.1,A0W34_RS33075,MSEITSWEYTVTPLLVHNPKAILDNWGVDGWELVAVLPSASGEQHVAYMKRPKG,54,hypothetical protein, ,Derived by automated computational analysis using gene prediction method: Protein Homology.,OG0000012,Conserved,group_2273,Conserved,Soft core,Soft core
GCF_002079265.1,A0W34_RS02655,MISKTLRTVSARFALLVAEDDGMSTAEYAIGTIAAAAFGAVLYTVVTGDSIVSALTGIIDKALKTAV,67,duf4244 domain-containing protein, ,Derived by automated computational analysis using gene prediction method: Protein Homology.,OG0000094,Soft core,group_2136,Soft core,Soft core,Soft core
GCF_002079265.1,A0W34_RS02675,MAQGTVKWFNAEKGFGFIAPEDGSADVFVHYSEIQGNGFRTLEENQRVEFEVGQGTKGPQATGVRAV,67,cold-shock protein, ,Derived by automated computational analysis using gene prediction method: Protein Homology.,OG0000013,Conserved,group_128,Conserved,Soft core,Soft core
GCF_002079265.1,A0W34_RS02710,MADSLKARVKEKLLRQLAEDGRHPIQEAEGDDPRLVSINDDLEALEQAEEGDPIVEELAERYWVP,65,hypothetical protein, ,Derived by automated computational analysis using gene prediction method: Protein Homology.,OG0000014,Conserved,group_2342,Conserved,Soft core,Soft core
GCF_002079265.1,A0W34_RS33080,MGSADVMAWLAEGYLAGDPIRYPLYVGSMFLAMPFQLIGVILGHPF,46,hypothetical protein, ,Derived by automated computational analysis using gene prediction method: Protein Homology.,OG0000061,Soft core,group_1542,Soft core,Soft core,Soft core
GCF_002079265.1,A0W34_RS33605,MRALMWHGARLMGVFGLECARRGMTKRTAIADPQGHRADDLVQ,43,hypothetical protein, ,Derived by automated computational analysis using gene prediction method: Protein Homology.,OG0000481,Cloud,group_2084,Cloud,Cloud,Cloud
GCF_002079265.1,A0W34_RS33350,MPEFDEVPSSLCAEWFQVVAGPGPVEFCGEAGDPGGTLDVDVHAWMLSASVNMTCTWNGRS,61,hypothetical protein, ,Derived by automated computational analysis using gene prediction method: GeneMarkS-2+.,OG0000799,Cloud,group_608,Cloud,Cloud,Cloud
GCF_002079265.1,A0W34_RS03220,MGRLTELLKTVKSLGSRKDTAAKQEKRALDRWENEGGPVAEDPRQR,46,hypothetical protein, ,Derived by automated computational analysis using gene prediction method: GeneMarkS-2+.,OG0000490,Cloud,group_2100,Cloud,Cloud,Cloud
GCF_002079265.1,A0W34_RS32695,MRDGEAAAVTDTVQHVLGKPARDFESYVAAASWNPTIKHPIDPVNIAE,48,hypothetical protein, ,Derived by automated computational analysis using gene prediction method: GeneMarkS-2+.,OG0001265,,group_1434,Cloud,,Probably not conserved
GCF_002079265.1,A0W34_RS32710,MATTAAVQNPTRSRARTMSLSEYVAEHPAQRVFPPTSERAARMAMLIMFALMAVTLVVLVLDEAGIFG,68,hypothetical protein, ,Derived by automated computational analysis using gene prediction method: GeneMarkS-2+.,OG0000095,Soft core,group_53,Soft core,Soft core,Soft core
GCF_002079265.1,A0W34_RS33090,MTSAVEYPGVVTTSNCAEGGSHSLSAGIFVTVAAYRIAGRPEMVKFVGPP,50,hypothetical protein, ,Derived by automated computational analysis using gene prediction method: Protein Homology.,OG0000239,Shell,group_2037,Shell,Shell,Shell
GCF_002079265.1,A0W34_RS03540,MALAYSPDTSIDSTRLAFLAAAVVLFAMLALYLVGFDQGAISRTGMYMHELMHDGRHLMGLPCH,64,cbtb domain-containing protein, ,Derived by automated computational analysis using gene prediction method: Protein Homology.,OG0000008,Conserved,group_2468,Conserved,Soft core,Soft core
GCF_002079265.1,A0W34_RS03965,MNAYICPICDYTYTESTGAAREGFPPGTPWSSIPDDWCCPDCGVREKVDFTLVTQS,56,rubredoxin, ,Derived by automated computational analysis using gene prediction method: Protein Homology.,OG0000096,Soft core,group_2166,Soft core,Soft core,Soft core
GCF_002079265.1,A0W34_RS03970,MSETATAYKLFRCLQCGFEYDEAIGWPDDGIEPGTRWDEIPEDWSCPDCGAAKVDFEMVEVDR,63,rubredoxin, ,Derived by automated computational analysis using gene prediction method: Protein Homology.,OG0000097,Soft core,group_421,Soft core,Soft core,Soft core
GCF_002079265.1,A0W34_RS33100,MKNPNLTPSRVLAVVLAAALVIFVIARRRDDGALSRGEWLSDTVGPDDLAG,51,hypothetical protein, ,Derived by automated computational analysis using gene prediction method: Protein Homology.,OG0000077,Soft core,group_2167,Soft core,Soft core,Soft core
GCF_002079265.1,A0W34_RS04595,MEVRVDLDRCEANGVCVGIAPDIFDLDDNEELVISSVRPPEDRWEDVRSAIAQCPRAALTEHP,63,ferredoxin, ,Derived by automated computational analysis using gene prediction method: Protein Homology.,OG0000005,Conserved,group_423,Soft core,Soft core,Soft core
GCF_002079265.1,A0W34_RS33105,MAENTTVETEIADEDLEPVADETARQAQRVVAAYAEDADECRMLLSMLGISPAAKLD,57,hypothetical protein, ,Derived by automated computational analysis using gene prediction method: Protein Homology.,OG0000015,Conserved,group_2168,Soft core,Soft core,Soft core
GCF_002079265.1,A0W34_RS05345,MTKFLVPGVASAVIGAVLGAGVIFGVTAAASDNTRPEIDRSGNADSSVLNQVEYGSR,57,duf2613 domain-containing protein, ,Derived by automated computational analysis using gene prediction method: Protein Homology.,OG0000016,Conserved,group_855,Soft core,Soft core,Soft core
GCF_002079265.1,A0W34_RS33110,MVGLIVLAALVLASVLVGFVFRRPIAEAKSAVLAFDDASSQPQRD,45,hypothetical protein, ,Derived by automated computational analysis using gene prediction method: GeneMarkS-2+.,OG0000098,Soft core,group_2198,Soft core,Soft core,Soft core
GCF_002079265.1,A0W34_RS32720,MAFTTGSSKTDLATLGDFQKIIAGLGGVLVGIGAVAGLLGAIGGAGSSQPKA,52,hypothetical protein, ,Derived by automated computational analysis using gene prediction method: GeneMarkS-2+.,OG0000247,Shell,group_1186,Shell,Shell,Shell
GCF_002079265.1,A0W34_RS33115,MPERGQSRVDAGIIAVVAVITGVFVALTGHGLVAALATVVGLALGMAIVRYLIKGR,56,hypothetical protein, ,Derived by automated computational analysis using gene prediction method: Protein Homology.,OG0000078,Soft core,group_2220,Soft core,Soft core,Soft core
GCF_002079265.1,A0W34_RS05640,MMRIVTLIVLIWLIVGAVAAGQRGYYSSSPTNCAGVGTIALTVIAGPLNYFGVNPKVTDCTLPQPTE,67,hypothetical protein, ,Derived by automated computational analysis using gene prediction method: Protein Homology.,OG0000017,Conserved,group_129,Soft core,Soft core,Soft core
GCF_002079265.1,A0W34_RS33125,MIILGVILLIIGFVVNIPILWTIGVVLLVIGIILYALGAAGHAIGGRRHYY,51,duf6131 family protein, ,Derived by automated computational analysis using gene prediction method: Protein Homology.,OG0000000,Conserved,group_1229,Soft core,Soft core,Soft core
GCF_002079265.1,A0W34_RS33130,MTDKDDNDQSPKGGHPGPVDKGGDGGMATREQAPELVEETSDEKSDDE,48,hypothetical protein, ,Derived by automated computational analysis using gene prediction method: Protein Homology.,OG0000018,Core,group_2221,Soft core,Soft core,Soft core
GCF_002079265.1,A0W34_RS32725,MSIRLCSLASGRALRTARFGVATFRRGRKAIDRRPSGLVWIERALAAPAGSV,52,hypothetical protein, ,Derived by automated computational analysis using gene prediction method: GeneMarkS-2+.,OG0000142,Shell,group_2080,Shell,Shell,Shell
GCF_002079265.1,A0W34_RS33135,MIVLGIILALIGFFTGLSILTTVGIILVVVGAVLSILGATGRAVGGRKVWY,51,duf6131 family protein, ,Derived by automated computational analysis using gene prediction method: Protein Homology.,OG0000000,Conserved,group_1230,Soft core,Soft core,Soft core
GCF_002079265.1,A0W34_RS33140,MLAPIMAPAAALAEPVVWNEDPQRQGWWKRILAATPPENPTNEEFQP,47,hypothetical protein, ,Derived by automated computational analysis using gene prediction method: Protein Homology.,OG0000118,Soft core,group_2222,Soft core,Soft core,Soft core
GCF_002079265.1,A0W34_RS33610,MDVVDGEFTYALTETPVSIGNSPPNVNRRNPAASASGRNPQS,42,hypothetical protein, ,Derived by automated computational analysis using gene prediction method: GeneMarkS-2+.,OG0000800,Cloud,group_1775,Cloud,Cloud,Cloud
GCF_002079265.1,A0W34_RS33615,MENLRQVGLGSAVGVQNPRIVFGNHSVIAPAMGRHCPQNR,40,hypothetical protein, ,Derived by automated computational analysis using gene prediction method: GeneMarkS-2+.,OG0000343,Cloud,group_2215,Shell,Cloud,Cloud
GCF_002079265.1,A0W34_RS06150,MCSIPIAILVGRGIARRDRAEFDGRNQQWADEVVRSIEKQSEQDNADRRKPPLIS,55,hypothetical protein, ,Derived by automated computational analysis using gene prediction method: Protein Homology.,OG0000079,Soft core,group_2275,Shell,Shell,Shell
GCF_002079265.1,A0W34_RS06180,MGALSPTHWAIVAVVLVVLFGSKKLPDAARGLGRSMRILKSEVGELQSDTDLALEQRD,58,sec-independent protein translocase subunit tata, ,Derived by automated computational analysis using gene prediction method: Protein Homology.,OG0000019,Conserved,tatA,Soft core,Soft core,Soft core
GCF_002079265.1,A0W34_RS06225,MAQGSVKWFNGEKGFGFIEQEGGGPDVFVHYSEIQGSGYKSLDEGQKVEFEIGQGQKGPQAQNVRAI,67,cold-shock protein, ,Derived by automated computational analysis using gene prediction method: Protein Homology.,OG0000069,Soft core,group_130,Soft core,Soft core,Soft core
GCF_002079265.1,A0W34_RS33620,MSADSRGTSTQTRREYQMFVLQQRLLFGSILAGTALGVLAITYF,44,hypothetical protein, ,Derived by automated computational analysis using gene prediction method: GeneMarkS-2+.,OG0000122,Soft core,group_2138,Soft core,Soft core,Soft core
GCF_002079265.1,A0W34_RS33145,MTTIDIPPTQGESTTGIGITVASATLTTEEVKRRIAMMYGDPVTEEPVALAH,52,hypothetical protein, ,Derived by automated computational analysis using gene prediction method: Protein Homology.,OG0000002,Conserved,group_2274,Soft core,Soft core,Soft core
GCF_002079265.1,A0W34_RS06300,MSEQNSTDRTDQTDEPQTTGTDHGPGTGSDTAPKDVQTDPSGERTWADEGGASSTGPATDTD,62,pi-type proteinase, ,Derived by automated computational analysis using gene prediction method: Protein Homology.,OG0000020,Core,group_2297,Soft core,Soft core,Soft core
GCF_002079265.1,A0W34_RS06335,MGGSADALNRALERVDRDFASPIGVVVRTSLRGTMRQIAKPVRAQYTRLRARFPGAKTYTEI,62,hypothetical protein, ,Derived by automated computational analysis using gene prediction method: GeneMarkS-2+.,OG0000115,Soft core,group_2190,Soft core,Soft core,Soft core
GCF_002079265.1,A0W34_RS06340,MTTSTVGLLAGLLLGVAAAAGGFTGFLIALVLGVIGYLVGGQRDGEFDLGVMLKGRGRG,59,hypothetical protein, ,Derived by automated computational analysis using gene prediction method: Protein Homology.,OG0000099,Soft core,group_732,Soft core,Soft core,Soft core
GCF_002079265.1,A0W34_RS33625,MDVAVALCVTLLLATVTSMAIAIVVTLIMCASVSVVSRMW,40,hypothetical protein, ,Derived by automated computational analysis using gene prediction method: GeneMarkS-2+.,OG0000187,Shell,group_2158,Soft core,Shell,Shell
GCF_002079265.1,A0W34_RS06365,MSDFIDKAKHRAEDLIGEAKEKFGNATGNDDLAAEGVADQGEAKVKKAGDTVSDKVSDIKDKFTS,65,csbd family protein, ,Derived by automated computational analysis using gene prediction method: Protein Homology.,OG0000074,Soft core,group_2191,Soft core,Soft core,Soft core
GCF_002079265.1,A0W34_RS33630,MGSLGNLLKANGMGWGILQLLPLVNMLKTLQGLDTASSNS,40,hypothetical protein, ,Derived by automated computational analysis using gene prediction method: GeneMarkS-2+.,OG0000080,Soft core,group_2512,Soft core,Soft core,Soft core
GCF_002079265.1,A0W34_RS33635,MGSFEDFSGVVKTFIPVLKDLFTALGGGSLTPGTGSAADK,40,hypothetical protein, ,Derived by automated computational analysis using gene prediction method: GeneMarkS-2+.,OG0000108,Soft core,group_2511,Soft core,Soft core,Soft core
GCF_002079265.1,A0W34_RS07125,MFGSLSTLGPLLTALGAFLKSVPTESLSGKGEGSSTGSLSGLSSGSAE,48,hypothetical protein, ,Derived by automated computational analysis using gene prediction method: Protein Homology.,OG0000081,Soft core,group_2510,Soft core,Soft core,Soft core
GCF_002079265.1,A0W34_RS33730,MKAVEGGFDTAWSRRHVDLCRTAGSFCTN,29,putative leader peptide, ,Derived by automated computational analysis using gene prediction method: Protein Homology.,OG0000132,Shell,group_1947,Shell,Shell,Shell
GCF_002079265.1,A0W34_RS33640,MGSLDTGSLSTESLEDLNLGKISELLKLGITAVSFITALNSLS,43,hypothetical protein, ,Derived by automated computational analysis using gene prediction method: GeneMarkS-2+.,OG0000067,Soft core,group_2503,Soft core,Soft core,Soft core
GCF_002079265.1,A0W34_RS07500,MDEGTWTRGRAWALSIALVALPYYRDTNEQITAWAKHAIAQVVDDIRTGP,50,hypothetical protein, ,Derived by automated computational analysis using gene prediction method: Protein Homology.,OG0000155,Shell,group_2238,Shell,Shell,Shell
GCF_002079265.1,A0W34_RS07595,MTFESNTPRPFTRSNDKKMFAGVCGGIADYFGADVNLVRLLAVIAAICTGGTAALVYLAAWMLMPLG,67,pspc domain-containing protein, ,Derived by automated computational analysis using gene prediction method: Protein Homology.,OG0000021,Conserved,group_2380,Conserved,Soft core,Soft core
GCF_002079265.1,A0W34_RS08115,MGSSHDGKPAVAGTQFLTVAEVATLMRVSKMTVYRLVHSGELPAVRVGRSFRVHAKAVHDYLETSYFDAG,70,helix-turn-helix domain-containing protein, ,Derived by automated computational analysis using gene prediction method: Protein Homology.,OG0000071,Soft core,,,Soft core,Soft core
GCF_002079265.1,A0W34_RS08120,MGSVIKKRRKRMSKKKHRKLLRRTRVQRRKLGK,33,aurkaip1/cox24 domain-containing protein, ,Derived by automated computational analysis using gene prediction method: Protein Homology.,OG0000022,Conserved,group_1939,Conserved,Conserved,Conserved
GCF_002079265.1,A0W34_RS33150,MSSQEALRTESTHDAPLRQRGSRTEVILFAILGASVLVTLLMLMIPGIVSG,51,hypothetical protein, ,Derived by automated computational analysis using gene prediction method: Protein Homology.,OG0000100,Soft core,group_1231,Soft core,Soft core,Soft core
GCF_002079265.1,A0W34_RS08300,MLYLLALVGLVTLIVLMWKAFGPDPSTRTPVSGVRGPDDDPEFLWNVNQQTRRKRTEGPDVPPTDAST,68,hypothetical protein, ,Derived by automated computational analysis using gene prediction method: Protein Homology.,OG0000023,Conserved,group_2362,Soft core,Conserved,Soft core
GCF_002079265.1,A0W34_RS08305,MSAPTFNTAADALMTPGQVAALFHVDPKTVTRWAHAGRLGSLRTPGGHRRFRETEVMQLLRSLTTEADNN,70,bldc family transcriptional regulator, ,Derived by automated computational analysis using gene prediction method: Protein Homology.,OG0000068,Soft core,,,Soft core,Soft core
GCF_002079265.1,A0W34_RS08505,MASSTDVRPKITLACEVCKHRNYITKKNRRNDPDRLELKKFCPNCGTHQSHRESK,55,50s ribosomal protein l33, ,Derived by automated computational analysis using gene prediction method: Protein Homology.,OG0000024,Conserved,rpmG,Conserved,Soft core,Soft core
GCF_002079265.1,A0W34_RS08640,MAGKKLDRTNARTALEVVRESPTIAFITVAPAVVVFGVVWWLFGFWAAILLALVFGVAAVATQKLR,66,hypothetical protein, ,Derived by automated computational analysis using gene prediction method: Protein Homology.,OG0000025,Conserved,group_2209,Conserved,Soft core,Soft core
GCF_002079265.1,A0W34_RS08785,MNSTTVGLLVGLLLALAGIMGGFSGFVFAVLLGAAGMAIGAHRDGHLDLGAILRSRGRG,59,hypothetical protein, ,Derived by automated computational analysis using gene prediction method: Protein Homology.,OG0000026,Conserved,group_2303,Conserved,Soft core,Soft core
GCF_002079265.1,A0W34_RS08915,MRLSTRNQLTGTITEVNLGTVMATVKVKLDGGNQIVTSSITRDAALDLDLEPGQAATVFVKSTEVTIGVE,70,tobe domain-containing protein, ,Derived by automated computational analysis using gene prediction method: Protein Homology.,OG0000064,Soft core,,,Soft core,Soft core
GCF_002079265.1,A0W34_RS08920,MTEPVKGPASYFPSIEKKYGRPIGEWQELIRSSDLTKHMELVNWLKSEHGMGHGHANALVAHTLKEG,67,duf4287 domain-containing protein, ,Derived by automated computational analysis using gene prediction method: Protein Homology.,OG0000027,Conserved,group_2329,Soft core,Soft core,Soft core
GCF_002079265.1,A0W34_RS08935,MSDRDNKALENDLVEESLVEEVSIDGMCGVY,31,mycofactocin precursor mfta, ,"Mycofactocin is a small molecule electron carrier derived from the final two amino acids, Val-Tyr, of MftA, the mycofactocin precursor. It plays a role in redox homeostasis and the metabolism of alcohols and aldehydes in Actinobacteria, including Mycobacterium tuberculosis; Derived by automated computational analysis using gene prediction method: Protein Homology.",OG0000009,Conserved,group_2326,Conserved,Soft core,Soft core
GCF_002079265.1,A0W34_RS09275,MAKKALVNKANKKPKFAVRAYTRCQRCGRPHSVFRKFGLCRICVREMAHAGELPGVRKSSW,61,type z 30s ribosomal protein s14, ,Derived by automated computational analysis using gene prediction method: Protein Homology.,OG0000028,Conserved,group_2294,Conserved,Soft core,Soft core
GCF_002079265.1,A0W34_RS09300,MADLKVTQIKSIIGTKQNQKDSLRTLGLKGIRQTVVREDNAQNRGLINVVRHLVTVEEV,59,50s ribosomal protein l30, ,Derived by automated computational analysis using gene prediction method: Protein Homology.,OG0000029,Conserved,rpmD,Conserved,Soft core,Soft core
GCF_002079265.1,A0W34_RS09330,MKVQPSVKKICEKCKVIRRNGRVMVICENLRHKQRQG,37,50s ribosomal protein l36, ,Derived by automated computational analysis using gene prediction method: Protein Homology.,OG0000030,Conserved,rpmJ,Conserved,Soft core,Soft core
GCF_002079265.1,A0W34_RS32735,MKPLASKLEPLAPVADGDATKLETILANQKRISSQLRLITNLLVSALDDRDEDDVQ,56,hypothetical protein, ,Derived by automated computational analysis using gene prediction method: GeneMarkS-2+.,OG0000801,Cloud,group_940,Cloud,Cloud,Cloud
GCF_002079265.1,A0W34_RS32740,MTNRVSMTHEEWVQRVLDEAPPLSEDQKDLLRRAFFEVHDRVLTEEKAQQESD,53,hypothetical protein, ,Derived by automated computational analysis using gene prediction method: GeneMarkS-2+.,OG0000583,Cloud,group_1129,Cloud,,Cloud
GCF_002079265.1,A0W34_RS32745,MTNSKKPTLTTDEWIEAIVADAPPLTEEQIQILRQAFSVVVNAPRSPQATTSQSDTPHSETT,62,hypothetical protein, ,Derived by automated computational analysis using gene prediction method: GeneMarkS-2+.,OG0000583,Cloud,group_529,Cloud,,Cloud
GCF_002079265.1,A0W34_RS32750,MNRTKNVARATDKLSTSENVREVAAVILILAITYAATYGFLKALIALGWCA,51,hypothetical protein, ,Derived by automated computational analysis using gene prediction method: GeneMarkS-2+.,OG0000528,Cloud,group_1250,Cloud,Cloud,Cloud
GCF_002079265.1,A0W34_RS33645,MTIFEWILAIPALALAVAFLFSGIISAGIDFDAEDGVMTH,40,hypothetical protein, ,Derived by automated computational analysis using gene prediction method: GeneMarkS-2+.,OG0000082,Soft core,group_2186,Soft core,Soft core,Soft core
GCF_002079265.1,A0W34_RS10750,MSSYRCPVCEYVYDESKGAPREGFPAGTPWDAVPDDWCCPDCGVREKLDFEPMPATAGSES,61,rubredoxin, ,Derived by automated computational analysis using gene prediction method: Protein Homology.,OG0000053,Core,group_2279,Soft core,Soft core,Soft core
GCF_002079265.1,A0W34_RS10755,MNDYKLYQCAQCGFEYDEAVGWPEDGIEPGTRWDDIPEDWSCPDCGAAKSDFFMVEVERR,60,rubredoxin, ,Derived by automated computational analysis using gene prediction method: Protein Homology.,OG0000007,Conserved,group_2155,Soft core,Soft core,Soft core
GCF_002079265.1,A0W34_RS11695,MSDLDSNTPSEPESQSEETKRKFREALERKNHQNAKSTDHRDGQSKVHNTHGPADHKREFRRKSG,65,duf5302 domain-containing protein, ,Derived by automated computational analysis using gene prediction method: Protein Homology.,OG0000031,Conserved,group_2470,Core,Soft core,Soft core
GCF_002079265.1,A0W34_RS11780,MAAVCDVCAKGPGFGKSVSHSHRRTNRRWNPNIQSVRTEVAPGNTRKVNVCTSCLKAGKVARG,63,50s ribosomal protein l28, ,Derived by automated computational analysis using gene prediction method: Protein Homology.,OG0000032,Conserved,rpmB,Conserved,Soft core,Soft core
GCF_002079265.1,A0W34_RS11820,MAVPKRKMSRSNTRSRRSQWKTTVPTLVTCPNRGCGEQTLPHIACPSCGTYKGRQVTAAV,60,50s ribosomal protein l32, ,Derived by automated computational analysis using gene prediction method: Protein Homology.,OG0000033,Conserved,group_2479,Conserved,Soft core,Soft core
GCF_002079265.1,A0W34_RS32770,MQLLDSEVVRRCAVTAAAAAAVCRSIGPGVVDGDAVTGKSFFLQDGGWPGT,51,hypothetical protein, ,Derived by automated computational analysis using gene prediction method: GeneMarkS-2+.,OG0000147,Shell,group_2063,Shell,Shell,Shell
GCF_002079265.1,A0W34_RS33160,MKVPAFHSTVPSDLDVYHDNESCILAARIAVSHRAPGVDGRPWCTACASLD,51,hypothetical protein, ,Derived by automated computational analysis using gene prediction method: Protein Homology.,OG0000083,Soft core,group_2187,Soft core,Soft core,Soft core
GCF_002079265.1,A0W34_RS33165,MFWKIVLAVVLVWVALAVVGALIKGLFWVLVVGAVGFGIYFLVKAMSGSDDNSPASRF,58,hypothetical protein, ,Derived by automated computational analysis using gene prediction method: Protein Homology.,OG0000034,Conserved,group_2296,Soft core,Soft core,Soft core
GCF_002079265.1,A0W34_RS13100,MRLTEFHEMVREEFGQVRGDSMLIDHVLQSLDGMTAAEAVEAGWEPREVWRALCVEFDVPPARR,64,duf3046 domain-containing protein, ,Derived by automated computational analysis using gene prediction method: Protein Homology.,OG0000035,Conserved,group_2481,Conserved,Soft core,Soft core
GCF_002079265.1,A0W34_RS13380,MPGTLTSPQLTAADRCDRCGAGARVRAVLPTGGELLFCGHHATEHADRLREMNAVVSESEPAI,63,hypothetical protein, ,Derived by automated computational analysis using gene prediction method: Protein Homology.,OG0000036,Conserved,group_2483,Conserved,Soft core,Soft core
GCF_002079265.1,A0W34_RS32775,MSESVPGGGEGFQMATSAAPELDLDAVVSASRMRACGCLGGPTPPSVSAQ,50,hypothetical protein, ,Derived by automated computational analysis using gene prediction method: GeneMarkS-2+.,OG0001266,,group_1318,Cloud,,Probably not conserved
GCF_002079265.1,A0W34_RS32780,MSPVVLADCDVAEVVEDQLAGLCGEEFVDQLCAPQPRGCGGLAVGART,48,hypothetical protein, ,Derived by automated computational analysis using gene prediction method: GeneMarkS-2+.,OG0001267,,group_1435,Cloud,,Probably not conserved
GCF_002079265.1,A0W34_RS13755,MLRRPEKAGWGNAQDEDQIADDVQTRLPEPADKIQKATNKDEARKQELRGITDKLINTLFRPLQ,64,hypothetical protein, ,Derived by automated computational analysis using gene prediction method: GeneMarkS-2+.,OG0001268,,group_368,Cloud,,Probably not conserved
GCF_002079265.1,A0W34_RS33650,MTDARINAARTTLIIDKKLKRTSKPEIEKLAALKTTSERRLIAG,44,hypothetical protein, ,Derived by automated computational analysis using gene prediction method: Protein Homology.,OG0000229,Shell,group_2366,Cloud,Cloud,Cloud
GCF_002079265.1,A0W34_RS13865,MAEPWLSADDIAAHLGITKDTVYVWIAEKAMPAHKLGRLWKFQASEVDNWVRSGGAATSSEDEKIG,66,helix-turn-helix domain-containing protein, ,Derived by automated computational analysis using gene prediction method: Protein Homology.,OG0000200,Shell,group_207,Cloud,Cloud,Cloud
GCF_002079265.1,A0W34_RS13960,MKIRFELMIGILLVVGGGCLWLFARDAEFFWFRGGPLGVILAIIGAFDIVNAVRTRETAIPERRND,66,hypothetical protein, ,Derived by automated computational analysis using gene prediction method: Protein Homology.,OG0000101,Soft core,group_2126,Soft core,Soft core,Soft core
GCF_002079265.1,A0W34_RS14445,MAGIDSKFDKAYAGKSVEELADAPVAALNGVSDSDAEHLKAAFNIKTVRDLGTNKFFLWAQATAKLAE,68,hypothetical protein, ,Derived by automated computational analysis using gene prediction method: Protein Homology.,OG0000070,Soft core,group_2484,Soft core,Soft core,Soft core
GCF_002079265.1,A0W34_RS15255,MAQEQTQRAGGGEDDETTGGDGSAGQERREKLAAETDDLLDEIDDVLEENAEDFVRAYVQKGGQ,64,ubiquitin-like protein pup, ,Derived by automated computational analysis using gene prediction method: Protein Homology.,OG0000037,Conserved,group_340,Soft core,Soft core,Soft core
GCF_002079265.1,A0W34_RS15780,MAIDSTLLSILACPQDKGPLLLVGDELLYNPRLRRAYPIENGIPVLLIDEARDVADDEHEKLLARAEG,68,trm112 family protein, ,Derived by automated computational analysis using gene prediction method: Protein Homology.,OG0000038,Conserved,group_54,Soft core,Core,Soft core
GCF_002079265.1,A0W34_RS15875,MPKMKSHSGASKRFKVSGSGKLMRQKAGRRHLLEHKSSRVTRRLDGVAVVSPDDAPRIKRMLGI,64,50s ribosomal protein l35, ,Derived by automated computational analysis using gene prediction method: Protein Homology.,OG0000039,Conserved,group_2130,Soft core,Conserved,Soft core
GCF_002079265.1,A0W34_RS16230,MHVEVDLDLCQGHAACELEAPEIFVVPKRGKVSLLDSDPPESLRGEAEMAVRYCPTGALRIVD,63,ferredoxin, ,Derived by automated computational analysis using gene prediction method: Protein Homology.,OG0000001,Conserved,group_2270,Soft core,Soft core,Soft core
GCF_002079265.1,A0W34_RS33190,MSVLFTYLLFIGAGIAVGGAYSMFKVNKLASGILLALAVLAAVAGALRL,49,hypothetical protein, ,Derived by automated computational analysis using gene prediction method: Protein Homology.,OG0000040,Conserved,group_2410,Soft core,Conserved,Soft core
GCF_002079265.1,A0W34_RS33195,MNESSSGLFSDLSASEPVVDAKSAEQLAAERETAAAERSNTDTAEQRQSQLFSG,54,hypothetical protein, ,Derived by automated computational analysis using gene prediction method: Protein Homology.,OG0000084,Soft core,group_2262,Soft core,Soft core,Soft core
GCF_002079265.1,A0W34_RS33655,MLGIALGLGSAAVGIGLGLLGAGAGILLSDKTVKTARRELTA,42,hypothetical protein, ,Derived by automated computational analysis using gene prediction method: GeneMarkS-2+.,OG0000102,Soft core,group_2160,Soft core,Soft core,Soft core
GCF_002079265.1,A0W34_RS16735,MHAEVGDRLHVQGRVVGQAEVTAEVLEVHGEDGGPPYLVRYDNGHEALVFPGSDGWIDHPGKGS,64,duf1918 domain-containing protein, ,Derived by automated computational analysis using gene prediction method: Protein Homology.,OG0000041,Conserved,group_2499,Soft core,Conserved,Soft core
GCF_002079265.1,A0W34_RS33660,MTTYRYLDADRNLLEEKDFETEQDAQEYRLSVLGAEHIEPAGE,43,hypothetical protein, ,Derived by automated computational analysis using gene prediction method: Protein Homology.,OG0000054,Core,group_2400,Soft core,Core,Core
GCF_002079265.1,A0W34_RS17455,MTDEDRLWYFDVSDGSVTQGKGASSLTRMGPYPDRDSAEHALKIAAERNKAADRADEDWNN,61,hypothetical protein, ,Derived by automated computational analysis using gene prediction method: Protein Homology.,OG0000042,Conserved,group_592,Soft core,Core,Soft core
GCF_002079265.1,A0W34_RS33450,MKLALTEFKNSKATIRIIMSDGAKLNGTVTDFTEDTLVLNSPNGVYYINPSHIVRLFEPSDRAAK,65,hypothetical protein, ,Derived by automated computational analysis using gene prediction method: GeneMarkS-2+.,OG0000085,Soft core,group_2248,Soft core,Soft core,Soft core
GCF_002079265.1,A0W34_RS17840,MTVAGVVSVVLIAVAAALVIYLLVALVDPERF,32,k(+)-transporting atpase subunit f, ,Derived by automated computational analysis using gene prediction method: Protein Homology.,OG0000055,Core,kdpF,Soft core,Soft core,Soft core
GCF_002079265.1,A0W34_RS33750,MSEATAPVIRHQLALIAVGMLDVADVACC,29,ms4533a family cys-rich leader peptide, ,Derived by automated computational analysis using gene prediction method: Protein Homology.,OG0000133,Shell,group_1948,Soft core,Shell,Shell
GCF_002079265.1,A0W34_RS17985,MDRIADWWDSFELWMAGLPFIPQVALVLIVVVPLCRLVAIGLDRALAAVLALPLFGWLRRNSREVEES,68,hypothetical protein, ,Derived by automated computational analysis using gene prediction method: Protein Homology.,OG0000056,Core,group_2078,Soft core,Soft core,Soft core
GCF_002079265.1,A0W34_RS33200,MKKALPKTLKSLARTVGILALAIVVVSVVERFTGAHQPTTGPASLTGPDQSL,52,hypothetical protein, ,Derived by automated computational analysis using gene prediction method: Protein Homology.,OG0000111,Soft core,group_2264,Soft core,Soft core,Soft core
GCF_002079265.1,A0W34_RS33205,MIAAPTTGALAVVLNTVLQMFNAGSSFLYTDNSPIGGGGETPTTPAP,47,hypothetical protein, ,Derived by automated computational analysis using gene prediction method: Protein Homology.,OG0000086,Soft core,group_2210,Soft core,Soft core,Soft core
GCF_002079265.1,A0W34_RS33210,MPTIPLTGDPIVINIIVQLLSAGSSNALALGGVGSSGLGSTGLGSFDSASLGSAA,55,hypothetical protein, ,Derived by automated computational analysis using gene prediction method: Protein Homology.,OG0000087,Soft core,group_1002,Soft core,Soft core,Soft core
GCF_002079265.1,A0W34_RS33665,MYIHTCTYDTEDRNMGSINTLSAVIDIIKVVQPLIAKLNLS,41,hypothetical protein, ,Derived by automated computational analysis using gene prediction method: GeneMarkS-2+.,OG0000109,Soft core,group_2041,Soft core,Soft core,Soft core
GCF_002079265.1,A0W34_RS19270,MGTLQSGINLAEKFSKKAKDGEDSLEKSLTSHIQVVTEMRDFFQQCVDRYGEVEGSNASALASVDTPR,68,hypothetical protein, ,Derived by automated computational analysis using gene prediction method: GeneMarkS-2+.,OG0000123,Soft core,group_2307,Soft core,Soft core,Soft core
GCF_002079265.1,A0W34_RS33455,MSTALLTIYVLIWPALVLVVLGVISKGFFKDWATARRNGEDLV,43,putative transporter small subunit, ,Derived by automated computational analysis using gene prediction method: Protein Homology.,OG0000088,Soft core,group_2364,Soft core,Soft core,Soft core
GCF_002079265.1,A0W34_RS20045,MAAMKPRTGDGPLEATKEGRGIVMRVPLEGGGRLVVELTPDEAAALGVELTNVTS,55,duf3117 domain-containing protein, ,Derived by automated computational analysis using gene prediction method: Protein Homology.,OG0000043,Conserved,group_1003,Soft core,Soft core,Soft core
GCF_002079265.1,A0W34_RS20150,MTEQDATFDPEAPESDALEQSTPVDPNAPEEPDLTDIPLDAPVADVVDQRVEVAVDDDYRPS,62,hypothetical protein, ,Derived by automated computational analysis using gene prediction method: Protein Homology.,OG0000057,Core,group_2211,Soft core,Soft core,Soft core
GCF_002079265.1,A0W34_RS33215,MYNWDLQNQIVAFVDSLRPMAGYYHDLYYGSLYAFADQQSHLLTLLGFPPVP,52,hypothetical protein, ,Derived by automated computational analysis using gene prediction method: Protein Homology.,OG0000058,Core,group_1175,Soft core,Soft core,Soft core
GCF_002079265.1,A0W34_RS33220,MGKVKASKVSQLKPKKKCCRKKTRCIKCPVVIMRMKKLENEGASKKELKAGLKKARAA,58,hypothetical protein, ,Derived by automated computational analysis using gene prediction method: Protein Homology.,OG0000044,Conserved,group_2365,Soft core,Soft core,Soft core
GCF_002079265.1,A0W34_RS33670,MGSMEGILGAVVQGLGSLFSADGLLKTFMGSVETISKDPTP,41,hypothetical protein, ,Derived by automated computational analysis using gene prediction method: GeneMarkS-2+.,OG0000103,Soft core,group_2051,Soft core,Soft core,Soft core
GCF_002079265.1,A0W34_RS20355,MTAKLTTAFRGTLWWVRSVMGDLDYQRYVEHTRRHHADSPVISEREFWRRRHAAADANPGARCC,64,ybdd/yjix family protein, ,Derived by automated computational analysis using gene prediction method: Protein Homology.,OG0000045,Conserved,group_2343,Soft core,Conserved,Soft core
GCF_002079265.1,A0W34_RS20605,MSTNSDRRPRLPVRIAYLAAGVLFVAAMILLASVVNPDRDRDFSMNHVPAGTSTTAFAATSDLG,64,hypothetical protein, ,Derived by automated computational analysis using gene prediction method: Protein Homology.,OG0000104,Soft core,group_2149,Soft core,Soft core,Soft core
GCF_002079265.1,A0W34_RS21015,MAEGIVKWFNSEKGFGFIAPEDGSADVFVHYSEIQSGGFRTLEENQRVAFEIGQGNKGPQATGVTIV,67,cold-shock protein, ,Derived by automated computational analysis using gene prediction method: Protein Homology.,OG0000046,Conserved,group_132,Soft core,Soft core,Soft core
GCF_002079265.1,A0W34_RS21020,MTTAEYTVSGMTCGHCVGSVKEEIGNIAGVIAVDVELASGRVVVTSDAPVSAADVVAAVDEAGYAVVPS,69,heavy-metal-associated domain-containing protein, ,Derived by automated computational analysis using gene prediction method: Protein Homology.,OG0000006,Conserved,group_2139,Soft core,Soft core,Soft core
GCF_002079265.1,A0W34_RS33230,MKHTMSDDELRRAIREIQDRAHDARKRGDDVAAEELDRTVKGYQEQMMQRL,51,hypothetical protein, ,Derived by automated computational analysis using gene prediction method: Protein Homology.,OG0000059,Core,group_2336,Soft core,Soft core,Soft core
GCF_002079265.1,A0W34_RS33235,MSEQPDTPKKPSVDKKRLARIFGDVFPETTSDERGPEGSSRSSDDDWLRSQRPPHHGG,58,hypothetical protein, ,Derived by automated computational analysis using gene prediction method: Protein Homology.,OG0000089,Soft core,group_2328,Soft core,Soft core,Soft core
GCF_002079265.1,A0W34_RS21240,MAVPKRKMSRSNTRSRRAQWKATAPDLVEVTAFGQTHRVPRRLVKAVRLGVIDPSRI,57,50s ribosomal protein l32, ,Derived by automated computational analysis using gene prediction method: Protein Homology.,OG0000060,Soft core,group_2302,Soft core,Soft core,Soft core
GCF_002079265.1,A0W34_RS21260,MARNEIRPIVKLKSTAGTGYTYVTRKNRRNDPDRLVLKKYDPVLRKHVDFREEK,54,50s ribosomal protein l33, ,Derived by automated computational analysis using gene prediction method: Protein Homology.,OG0000047,Conserved,group_2199,Soft core,Soft core,Soft core
GCF_002079265.1,A0W34_RS32800,MHLTATTSTTTGAAGNSDPKDAESTLDMSGRPAALRARSAAATRPGGADVTA,52,hypothetical protein, ,Derived by automated computational analysis using gene prediction method: GeneMarkS-2+.,OG0000131,Shell,group_2058,Shell,Shell,Shell
GCF_002079265.1,A0W34_RS21885,MGFLDNVKGLVEKGQELAAENSDKVHDAIDKVADIADDKTGNKYGDQIDKAAEAAKKAVPEKQ,63,antitoxin, ,Derived by automated computational analysis using gene prediction method: Protein Homology.,OG0000010,Conserved,group_425,Soft core,Soft core,Soft core
GCF_002079265.1,A0W34_RS22415,MANNSKQHYVDPGWPETADGDHAVTELSSTRAGGLSPFGEDTTFPVPVESLPYVHPHTVINR,62,hypothetical protein, ,Derived by automated computational analysis using gene prediction method: Protein Homology.,OG0000048,Conserved,group_501,Soft core,Soft core,Soft core
GCF_002079265.1,A0W34_RS33675,MADKAPGKNMKKPAQSIKERRAEKRAKTAESSEFIRKRKRS,41,hypothetical protein, ,Derived by automated computational analysis using gene prediction method: Protein Homology.,OG0000004,Core,group_2142,Soft core,Soft core,Soft core
GCF_002079265.1,A0W34_RS22610,MAPMKDVRGFTDTELVDELNRLESLDEMTRCDEIRLDIVRDELVRRQSAERVEVRHGKGIEKSYGRS,67,hypothetical protein, ,Derived by automated computational analysis using gene prediction method: GeneMarkS-2+.,OG0000238,Shell,group_2459,Cloud,Cloud,Cloud
GCF_002079265.1,A0W34_RS32805,MSSDLTDRIVNDYEFAPSGVRATVVAVPGGVEIRRFDGASKFYPETD,47,hypothetical protein, ,Derived by automated computational analysis using gene prediction method: GeneMarkS-2+.,OG0001269,,group_1495,Cloud,,Probably not conserved
GCF_002079265.1,A0W34_RS22640,MNDDALPADSSSILDGDEFTRGKWKSEKRWAAERRWKRKQYQDWRDTQTLLGNPNNTWTDWENSK,65,hypothetical protein, ,Derived by automated computational analysis using gene prediction method: GeneMarkS-2+.,OG0000415,Cloud,group_2455,Cloud,Cloud,Cloud
GCF_002079265.1,A0W34_RS23445,MGRGRAKAKQTKVARELKYSVPTTDFDSLQRELAGGSTNSHRSSVRSDQTSDREGHAREDDYDDWRR,67,duf3073 domain-containing protein, ,Derived by automated computational analysis using gene prediction method: Protein Homology.,OG0000049,Conserved,group_133,Soft core,Soft core,Soft core
GCF_002079265.1,A0W34_RS32810,MRLTTLRDRVAEPLFAVIHFDLEPNLITFTATGLAVGLLAAALLYVRNYSLTRTN,55,hypothetical protein, ,Derived by automated computational analysis using gene prediction method: GeneMarkS-2+.,OG0000326,Cloud,group_2141,Cloud,Cloud,Cloud
GCF_002079265.1,A0W34_RS23620,MRNNLQELRTAAGLSQQACADALGITRQTVISIEKGHFDPRLSLAFRIAEYFDKRVDDIFSS,62,helix-turn-helix transcriptional regulator, ,Derived by automated computational analysis using gene prediction method: Protein Homology.,OG0000105,Soft core,group_502,Soft core,Soft core,Soft core
GCF_002079265.1,A0W34_RS23745,MTSPMNTRKLTRARSGAMFGGVCAGIARYFGWKSSTVRLLFVLSCLLPGPQFLIYIVMWIFIPREQI,67,pspc domain-containing protein, ,Derived by automated computational analysis using gene prediction method: Protein Homology.,OG0000106,Soft core,group_134,Soft core,Soft core,Soft core
GCF_002079265.1,A0W34_RS32820,MAEGERPPGVLDDSTYQSPDGLRKFGRTKSEVWFRNKKAYNASRIDDAAVEAANG,55,hypothetical protein, ,Derived by automated computational analysis using gene prediction method: GeneMarkS-2+.,OG0000185,Shell,group_2143,Shell,Shell,Shell
GCF_002079265.1,A0W34_RS24415,MTFFAALLILPILFGALIAGYSAFSEVDGSEALLPPAFWILIAAGGALGGYIGVKVGVVRGSALDYRL,68,hypothetical protein, ,Derived by automated computational analysis using gene prediction method: GeneMarkS-2+.,OG0000399,Cloud,group_73,Cloud,Cloud,Cloud
GCF_002079265.1,A0W34_RS33475,MTVLCRAGKLQAGEPVADDDQGWASPFRSIAPTKMALLARALQDGLIAIDEL,52,hypothetical protein, ,Derived by automated computational analysis using gene prediction method: Protein Homology.,OG0000156,Shell,group_2040,Shell,Shell,Shell
GCF_002079265.1,A0W34_RS33240,MSDWVKKVEAEAKGLLAEAEEELTVLEGVDTIDPLADDDPAPEDGTKPTSD,51,hypothetical protein, ,Derived by automated computational analysis using gene prediction method: Protein Homology.,OG0000090,Soft core,group_2192,Soft core,Soft core,Soft core
GCF_002079265.1,A0W34_RS25555,MAQGIVKWFNGEKGFGFIAPDDGTPDVFVHYSEISGNGYKSLDENQRVEFEVGQGQKGPQATNVRAV,67,cold-shock protein, ,Derived by automated computational analysis using gene prediction method: Protein Homology.,OG0000003,Conserved,group_1991,Soft core,Soft core,Soft core
GCF_002079265.1,A0W34_RS32830,MGSIIAFNEWVNQATYAGDPFATAIAIVQFFAVSLVNLFTGGPIL,45,hypothetical protein, ,Derived by automated computational analysis using gene prediction method: GeneMarkS-2+.,OG0000137,Shell,group_2383,Shell,Shell,Shell
GCF_002079265.1,A0W34_RS32835,MKKTDFAPISCIHRWEIESRHRTSEGTVTYLRCHCGSWQTLLAEWVSGGAGSAVAAPIKVRSR,63,hypothetical protein, ,Derived by automated computational analysis using gene prediction method: GeneMarkS-2+.,OG0000116,Soft core,group_2290,Soft core,Soft core,Soft core
GCF_002079265.1,A0W34_RS32840,MPTVIRTVHDLVRHARGPTHHHHHQSVHEARRMRAHHILVSHSLA,45,hypothetical protein, ,Derived by automated computational analysis using gene prediction method: GeneMarkS-2+.,OG0000112,Soft core,group_2176,Soft core,Soft core,Soft core
GCF_002079265.1,A0W34_RS25945,MVGTPVIVTIVSVCVGFVIFMLAASGARGKWDRRLVIALFVGAVVCLTVVPVSVALSAGV,60,hypothetical protein, ,Derived by automated computational analysis using gene prediction method: Protein Homology.,OG0000091,Soft core,group_2382,Soft core,Soft core,Soft core
GCF_002079265.1,A0W34_RS33245,MNETQPHNLERERWRTLPTPPSTELIEMVGDGPSSADFDPAAPVTQQG,48,hypothetical protein, ,Derived by automated computational analysis using gene prediction method: Protein Homology.,OG0000128,Shell,group_2355,Shell,Shell,Shell
GCF_002079265.1,A0W34_RS33490,MHEVAAAAVFLAGSGSSYLTGTTVDGGLGLTAAEENARYAVDHSPVQGLTKGIA,54,hypothetical protein, ,Derived by automated computational analysis using gene prediction method: GeneMarkS-2+.,OG0001270,,group_1078,Cloud,,Probably not conserved
GCF_002079265.1,A0W34_RS26575,MTEPDPGTVETDFPKTGAPAQRALIAAGYTHLAQLTSVSEKELGALHGMGPKALRILREALAERGLSFAD,70,hypothetical protein, ,Derived by automated computational analysis using gene prediction method: Protein Homology.,OG0000050,Conserved,,,Soft core,Soft core
GCF_002079265.1,A0W34_RS32845,MRPGDMARLGQLMVQRGAWRDQTLIDSAYLDELSAPSPSNGGTAS,45,hypothetical protein, ,Derived by automated computational analysis using gene prediction method: GeneMarkS-2+.,OG0000491,Cloud,group_2098,Cloud,Cloud,Cloud
GCF_002079265.1,A0W34_RS33680,MGSSDTDLKALDSVITVAGALAAIFGGIAGVAGLATFLGTGGGS,44,hypothetical protein, ,Derived by automated computational analysis using gene prediction method: GeneMarkS-2+.,OG0000065,Soft core,group_2088,Shell,Shell,Shell
GCF_002079265.1,A0W34_RS32855,MTKESETVAPAADRSHIVVVLVALIMISAVGVLFGRRKR,39,lpxtg cell wall anchor domain-containing protein, ,Derived by automated computational analysis using gene prediction method: GeneMarkS-2+.,OG0000281,Shell,group_2086,Shell,Shell,Shell
GCF_002079265.1,A0W34_RS27325,MNAPTRYQFLIDGEVSDRVKAAFPELSVASAAGGFTSLYGPVADHTAMRSIMARLDSLGLTVAEMRRLPD,70,hypothetical protein, ,Derived by automated computational analysis using gene prediction method: Protein Homology.,OG0000092,Soft core,,,Soft core,Soft core
GCF_002079265.1,A0W34_RS27335,MHDRFTVTAPFGALGHLALRLAVGPYLRRLLEQRAAHIKGRAEVGTPFIE,50,hypothetical protein, ,Derived by automated computational analysis using gene prediction method: Protein Homology.,OG0000261,Shell,group_2085,Shell,Shell,Shell
GCF_002079265.1,A0W34_RS33685,MSVVLISLLVAAGLTVLATSDGAGLDFGSRQLNRQLKTRTHR,42,hypothetical protein, ,Derived by automated computational analysis using gene prediction method: GeneMarkS-2+.,OG0000107,Soft core,group_1760,Soft core,Soft core,Soft core
GCF_002079265.1,A0W34_RS33250,MKIVVLSFLVALTLMTVGIIAARNRSTRPAVTGAVTAASTVLAAAWTLFAVAFVLA,56,hypothetical protein, ,Derived by automated computational analysis using gene prediction method: Protein Homology.,OG0000110,Soft core,group_2239,Soft core,Soft core,Soft core
GCF_002079265.1,A0W34_RS32865,MNHRESFQAVKWGTPRRTRRHRQLIRGRIAGGGATVEVSSEVLAYY,46,hypothetical protein, ,Derived by automated computational analysis using gene prediction method: GeneMarkS-2+.,OG0000141,Shell,group_2265,Shell,Shell,Shell
GCF_002079265.1,A0W34_RS28740,MRRASRAQRMELIAGFISVFALMALIGAVVAIVKGDPGVMPSLVLLGCVVALGLAFRGYRNAVRAERRE,69,hypothetical protein, ,Derived by automated computational analysis using gene prediction method: Protein Homology.,OG0000051,Conserved,group_2375,Soft core,Shell,Shell
GCF_002079265.1,A0W34_RS29290,MAKGKRTFQPNNRRRARVHGFRLRMRTRAGRAIVSARRRKGRDSLTA,47,50s ribosomal protein l34, ,Derived by automated computational analysis using gene prediction method: Protein Homology.,OG0000052,Conserved,rpmH,Conserved,Shell,Shell
GCF_002079265.1,A0W34_RS32875,MRNLQISVLALFVLIVVVAVSVWSESEYVRTPLLIASAVTLILVILLEINIRRLK,55,hypothetical protein, ,Derived by automated computational analysis using gene prediction method: GeneMarkS-2+.,OG0000564,Cloud,group_1016,Cloud,Cloud,Cloud
GCF_002079265.1,A0W34_RS29335,MKTEEEERLIAHAVSRLSAKYPSISADVVADAVASAHAHFDDKVRDFVPLLVERMAGEKLSSLVAS,66,hypothetical protein, ,Derived by automated computational analysis using gene prediction method: Protein Homology.,OG0000062,Soft core,group_2496,Shell,Cloud,Cloud
GCF_002079265.1,A0W34_RS32890,MTGSAAVVLSCIMGTSRPSANYPLVGSFGPFIAAADGPLGPSMARMTRAKT,51,hypothetical protein, ,Derived by automated computational analysis using gene prediction method: GeneMarkS-2+.,OG0000758,Cloud,group_1242,Cloud,Cloud,Cloud
GCF_002079265.1,A0W34_RS32895,MRSENVTRSVVGQIGGRGVEAVGQRGRVEIGDALAGGSTATTAAVPAAQAARSAAIVSGV,60,hypothetical protein, ,Derived by automated computational analysis using gene prediction method: GeneMarkS-2+.,OG0000759,Cloud,group_676,Cloud,Cloud,Cloud
GCF_002079265.1,A0W34_RS29795,MTYSNVLPDAGAENTVIVGPGDAVTGLGWSAPEGPDEAIALGRFEGSPVVTITQPNGDLISGF,63,hypothetical protein, ,Derived by automated computational analysis using gene prediction method: GeneMarkS-2+.,OG0000760,Cloud,group_439,Cloud,Cloud,Cloud
GCF_002079265.1,A0W34_RS32905,MRVTPLRGLLSAPLLQCRECARLCRRSAVTPGGNVCPWCGERALSTAVLGSPLRSSS,57,hypothetical protein, ,Derived by automated computational analysis using gene prediction method: GeneMarkS-2+.,OG0000385,Cloud,group_875,Cloud,Cloud,Cloud
GCF_002079265.1,A0W34_RS33690,MTARPLTANDPMNPPLPSLTAAMASAAAVVLAMTAVFYILTA,42,hypothetical protein, ,Derived by automated computational analysis using gene prediction method: GeneMarkS-2+.,OG0000565,Cloud,group_2205,Cloud,Cloud,Cloud
GCF_002079265.1,A0W34_RS33255,MRFRYIGTEEMIYQGPPARVLGYGDIVRALTNPNPRYFEPLEANPELDGQEQ,52,hypothetical protein, ,Derived by automated computational analysis using gene prediction method: Protein Homology.,OG0000232,Shell,group_2360,Cloud,Cloud,Cloud
GCF_002079265.1,A0W34_RS33515,MSAQESGAATRTRNKNYNLIRFVEASLSKALCMQTSIEDTERDGYP,46,hypothetical protein, ,Derived by automated computational analysis using gene prediction method: GeneMarkS-2+.,OG0000761,Cloud,group_1554,Cloud,Cloud,Cloud
GCF_002079265.1,A0W34_RS29970,MNAVSGDLLRYAQQVLTGTGHEPAQVASVVAGTGEDAAARALRAGWECAANPVVLACEQTEDVS,64,hypothetical protein, ,Derived by automated computational analysis using gene prediction method: Protein Homology.,OG0000134,Shell,group_2356,Shell,Cloud,Shell
GCF_002079265.1,A0W34_RS32920,MSGTLINLGTDVVPHLALTGYFALITVSTMTALCARTKTRRRHALEVLRTLLLRKQG,57,hypothetical protein, ,Derived by automated computational analysis using gene prediction method: GeneMarkS-2+.,OG0001271,,group_881,Cloud,,Probably not conserved
GCF_002079265.1,A0W34_RS30440,MKLTVDTNKCSGHARCYAVAPEVFDIDDVGYAVPMDRDVSEPLDAQIVAGIAACPERAISVS,62,ferredoxin, ,Derived by automated computational analysis using gene prediction method: Protein Homology.,OG0000245,Shell,group_530,Cloud,,Cloud
GCF_002079265.1,A0W34_RS30535,MEDSILYDLPTEFFADMAASSGYCDAQSILPVEGKYLCHCTCGAWDIETPDRDTGLALARAHTAQTDVTR,70,hypothetical protein, ,Derived by automated computational analysis using gene prediction method: Protein Homology.,OG0001272,,,,,Probably not conserved
GCF_002079265.1,A0W34_RS32940,MTEGRDKVGLGQIFSSRMIDSHLNLVHRLHGLIEDWNNHEVGFCEA,46,hypothetical protein, ,Derived by automated computational analysis using gene prediction method: GeneMarkS-2+.,OG0001273,,group_1561,Cloud,,Probably not conserved
GCF_002079265.1,A0W34_RS33540,MTHNTRIKPSTKDRLRRGVDKLRYETGDREISEASMTEAALDEYLKARGL,50,hypothetical protein, ,Derived by automated computational analysis using gene prediction method: Protein Homology.,OG0000212,Shell,group_2308,Shell,Cloud,Shell
GCF_002079265.1,A0W34_RS30975,MEDNRIRSALDATPDTDYLEQTIPADPNAVDAVDLEALTTELDTPWPTPEGDLLEQSTPAPLDDER,66,hypothetical protein, ,Derived by automated computational analysis using gene prediction method: Protein Homology.,OG0000199,Shell,group_2217,Cloud,Cloud,Cloud
GCF_002079265.1,A0W34_RS32945,MDVSDLDVVVWPVSEEREAWWREIVGGGRDGLSAAMTRNRPGEDTPPRVLHAA,53,hypothetical protein, ,Derived by automated computational analysis using gene prediction method: GeneMarkS-2+.,OG0000129,Shell,group_2405,Cloud,Cloud,Cloud
GCF_002079265.1,A0W34_RS31000,MATYRVINPAGDVTATRDIDSADDAHAWFVDARADNSELGWRMEVQHDGEWSFFDDTEGASS,62,hypothetical protein, ,Derived by automated computational analysis using gene prediction method: Protein Homology.,OG0000066,Soft core,group_2490,Shell,Cloud,Cloud
GCF_002079265.1,A0W34_RS33700,MNSSDVGSVSALLPMMLTAFKSIITMPVALSVDFGLDVPFNPFK,44,hypothetical protein, ,Derived by automated computational analysis using gene prediction method: GeneMarkS-2+.,OG0000186,Shell,group_2414,Cloud,Cloud,Cloud
GCF_002079265.1,A0W34_RS31305,MTRKFTISLPDEDVHLLDEYVRDHGLRGRSAGIRAALRLLSTSGLERDYAIAFAEDDVDEVWDAVSADAE,70,ribbon-helix-helix domain-containing protein, ,Derived by automated computational analysis using gene prediction method: Protein Homology.,OG0000213,Shell,,,Cloud,Cloud
GCF_002079265.1,A0W34_RS31345,MTDRFDEELMMLADIRAYLRTTEGPDFPISTSVIDRVLDERNSARLGRSAESDIGLPVDEQQG,63,hypothetical protein, ,Derived by automated computational analysis using gene prediction method: Protein Homology.,OG0000117,Shell,group_2225,Cloud,Cloud,Cloud
GCF_002079265.1,A0W34_RS33295,MSLQNRMRLEGGVRPRPWGQAGTVMMTDGQWAYRYKDGAELIMMKMPERPDAK,53,hypothetical protein, ,Derived by automated computational analysis using gene prediction method: GeneMarkS-2+.,OG0000119,Shell,group_1130,Cloud,,Cloud
GCF_002079265.1,A0W34_RS32960,MAVPQLVLFTAVGTGLVSLALQATSLAFTGHRTLTGAATSTAVLAFTLLALGLLI,55,hypothetical protein, ,Derived by automated computational analysis using gene prediction method: GeneMarkS-2+.,OG0000140,Shell,group_1019,Cloud,,Cloud
GCF_002079265.1,A0W34_RS33705,MGSLTDTEVSAFSATVDYMRSVISAAFGLEWSGTIRCFPATDMS,44,hypothetical protein, ,Derived by automated computational analysis using gene prediction method: GeneMarkS-2+.,OG0001274,,group_1665,Cloud,,Probably not conserved
GCF_002079265.1,A0W34_RS32965,MFEELYLVEDIPIRTMLLEISTTAKYNDQKAHADELLDTHNLSADGQGVLKETTQ,55,hypothetical protein, ,Derived by automated computational analysis using gene prediction method: GeneMarkS-2+.,OG0001275,,group_1020,Cloud,,Probably not conserved
GCF_002079265.1,A0W34_RS33710,MRRVQLAATPLDNRDPTWSLLGHDRWAPRVMARVAADAERGFLL,44,hypothetical protein, ,Derived by automated computational analysis using gene prediction method: GeneMarkS-2+.,OG0001276,,group_1666,Cloud,,Probably not conserved
GCF_002079265.1,A0W34_RS32980,MVLVRFVASSVVFDEQLCSVGAACEREECGEGVGFAAREALSESPVGIGMAEHF,54,hypothetical protein, ,Derived by automated computational analysis using gene prediction method: GeneMarkS-2+.,OG0000802,Cloud,group_1079,Cloud,Cloud,Cloud
GCF_002079265.1,A0W34_RS31825,MATYRVISPAGDVTATRDIESADDAHAWFVDSRADNSELGWRMEVHHDGEWSFFDDTEGASS,62,hypothetical protein, ,Derived by automated computational analysis using gene prediction method: Protein Homology.,OG0000066,Soft core,group_2504,Cloud,Cloud,Cloud
GCF_002079265.1,A0W34_RS31935,MQCNATYRALDKAGIEYHVIDITENVQARDYVMSLGYLQAPVVVAGENHWSGFRPDEISKLTPAA,65,glutaredoxin-like protein nrdh, ,Derived by automated computational analysis using gene prediction method: Protein Homology.,OG0000584,Cloud,group_293,Cloud,Cloud,Cloud
GCF_002079265.1,A0W34_RS33300,MNDDEHDAWQLHDHGASWEDIGIEMGCSQATAQTLAAAYEKRTDTAAHDAQNALF,55,hypothetical protein, ,Derived by automated computational analysis using gene prediction method: Protein Homology.,OG0000063,Soft core,group_2464,Shell,Cloud,Cloud
GCF_002079265.1,A0W34_RS32995,MLGFDAAASSGETVGTGRSSSVTTGWRRPPRSAFAQVSGSFAQWAHQAIDAKPT,54,hypothetical protein, ,Derived by automated computational analysis using gene prediction method: GeneMarkS-2+.,OG0000307,Cloud,group_2256,Cloud,Cloud,Cloud
GCF_002079265.1,A0W34_RS32050,MTEEQPVETLSRWSDSGATWRVLRRTSTSITVSLRRCDGGEEVERLTSSDPDLLEWIGNRSTSED,65,hypothetical protein, ,Derived by automated computational analysis using gene prediction method: Protein Homology.,OG0000285,Shell,group_2491,Cloud,Cloud,Cloud
GCF_002079265.1,A0W34_RS33305,MSDDYDYTEGDDYSAATIHYAGLTCGCGDYSCPRMHNDAAQCVNAE,46,hypothetical protein, ,Derived by automated computational analysis using gene prediction method: Protein Homology.,OG0000216,Shell,group_2501,Shell,Cloud,Shell
GCF_002079265.1,A0W34_RS33780,MIVERTHAGLETARRQGRHGGRPTVMTPERTELARTLREQGKSLDAIAKALGVGRSSGSRALLTAAQ,67,helix-turn-helix domain-containing protein, ,Derived by automated computational analysis using gene prediction method: Protein Homology.,OG0000373,Cloud,group_2554,Cloud,,Cloud
GCF_002079265.1,A0W34_RS33715,MDPTRTVFVDDAQIAVDGAAAVRMTTVLHHDTRSTIAQLDTLLT,44,hypothetical protein, ,Derived by automated computational analysis using gene prediction method: GeneMarkS-2+.,OG0000803,Cloud,group_2555,Cloud,Cloud,Cloud
GCF_002079265.1,A0W34_RS33720,MTPEGREHAVDARYRVVTAAKEFVLRMAFEYCINWSAVAR,40,hypothetical protein, ,Derived by automated computational analysis using gene prediction method: GeneMarkS-2+.,OG0000804,Cloud,,,Cloud,Cloud
GCF_002079265.1,A0W34_RS32155,MTSVQLDVAALGKGFQRRTGRMEIREEVGVSVWRTIAPTVDAAHEPARLKKALCSTPIIGKSAGRTTL,68,hypothetical protein, ,Derived by automated computational analysis using gene prediction method: GeneMarkS-2+.,OG0000805,Cloud,,,,Probably not conserved
GCF_002079265.1,A0W34_RS33310,MATNETPTLTQEQREAFWRRWGWSPELPEAERLAIEQEWHDTAIELAKFHGF,52,hypothetical protein, ,Derived by automated computational analysis using gene prediction method: Protein Homology.,OG0000153,Shell,,,,Probably not conserved
GCF_002079265.1,A0W34_RS33010,MRPDCTPREALITVLTLRGEDVFRTPAGHAVGENAARADGTPQAL,45,hypothetical protein, ,Derived by automated computational analysis using gene prediction method: GeneMarkS-2+.,OG0001277,,,,,Probably not conserved
GCF_002079265.1,A0W34_RS33015,MSEQVGGAVIVGAGTFLDGRGGEFGDRGSPSGALGFADVTPHRGV,45,hypothetical protein, ,Derived by automated computational analysis using gene prediction method: GeneMarkS-2+.,OG0001278,,,,,Probably not conserved
GCF_002079265.1,A0W34_RS33020,MKQLALDEIQITPQAEPAPASSEVYAFIAREGRKLQVNLLVGAEDSRSTPRARRAR,56,hypothetical protein, ,Derived by automated computational analysis using gene prediction method: GeneMarkS-2+.,OG0000492,Cloud,,,,Probably not conserved
GCF_002079265.1,A0W34_RS33315,MQQGDQVRIGTAGVSVFTIVSVDEDAHSAIVESSVDAPGKYPFPVKLANLVPAT,54,hypothetical protein, ,Derived by automated computational analysis using gene prediction method: Protein Homology.,OG0000072,Soft core,,,Cloud,Cloud
GCF_002079265.1,A0W34_RS33025,MDTNNSRPANSRPANSGHAITIAGSTLVAIASGSPIAAVILAVAVVLAILAVSLFLFLGDRP,62,hypothetical protein, ,Derived by automated computational analysis using gene prediction method: GeneMarkS-2+.,OG0000806,Cloud,,,,Probably not conserved
GCF_002501585.1,CPI83_RS00130,MAKGKRTFQPNNRRRARVHGFRLRMRTRAGRAIVSARRRKGRDSLTA,47,50s ribosomal protein l34, ,Derived by automated computational analysis using gene prediction method: Protein Homology.,OG0000052,Conserved,rpmH,Conserved,Shell,Shell
GCF_002501585.1,CPI83_RS00670,MRRASRAQRMELIAGFISVFALMALIGAVVAIVKGDPGVMPSLVLLGCVVALGLAFRGYRNAVRAERRE,69,hypothetical protein, ,Derived by automated computational analysis using gene prediction method: Protein Homology.,OG0000051,Conserved,group_2375,Soft core,Shell,Shell
GCF_002501585.1,CPI83_RS01065,MDARQLFALGALGTGMLSLALQLTALCLGAEDVERYVFVRAANATAVLSLALLSAAFVF,59,hypothetical protein, ,Derived by automated computational analysis using gene prediction method: GeneMarkS-2+.,OG0000140,Shell,group_2266,Shell,Shell,Shell
GCF_002501585.1,CPI83_RS01455,MDRYKITMPDGSSTEEPFDSDKEAIACAVDANRGVSKHLVVEKYAADGRLIPTAQAPAKHKGHHKNRSNS,70,hypothetical protein, ,Derived by automated computational analysis using gene prediction method: Protein Homology.,OG0000113,Soft core,,,Cloud,Cloud
GCF_002501585.1,CPI83_RS30930,MKIVVLSFLMALTLMTVGIIAARNCSTRPAVTGAVTAASTVLAAAWTLFAVAFVLT,56,hypothetical protein, ,Derived by automated computational analysis using gene prediction method: Protein Homology.,OG0000110,Soft core,group_2239,Soft core,Soft core,Soft core
GCF_002501585.1,CPI83_RS31285,MSVVLISLLVAAGLTVLATSDGAGLDFGSRQLNRQLKTRTHR,42,hypothetical protein, ,Derived by automated computational analysis using gene prediction method: GeneMarkS-2+.,OG0000107,Soft core,group_1760,Soft core,Soft core,Soft core
GCF_002501585.1,CPI83_RS01970,MNAPTRYQFLIDGEVSDRVKAAFPELSVASAAGGFTSLYGPVADHTAMRSIMARLDSLGLTVAELRRLPD,70,hypothetical protein, ,Derived by automated computational analysis using gene prediction method: Protein Homology.,OG0000092,Soft core,,,Soft core,Soft core
GCF_002501585.1,CPI83_RS30610,MTKESETVAPAADRSHIVVVLVALIMISAVGVLFGRRKR,39,lpxtg cell wall anchor domain-containing protein, ,Derived by automated computational analysis using gene prediction method: GeneMarkS-2+.,OG0000281,Shell,group_2086,Shell,Shell,Shell
GCF_002501585.1,CPI83_RS31125,MREKTRPRRAGAAAAWSATGGLVERPGMIPGAPEIWVYADKFSYFAGDTVSVRVHTTADE,60,hypothetical protein, ,Derived by automated computational analysis using gene prediction method: GeneMarkS-2+.,OG0001279,,group_678,Cloud,,Probably not conserved
GCF_002501585.1,CPI83_RS02680,MTEPDPGTVETDFPKTGAPAQRALIGAGYTHLAQLTSVSEKELGALHGMGPKALRILREALAERGLSFAD,70,hypothetical protein, ,Derived by automated computational analysis using gene prediction method: Protein Homology.,OG0000050,Conserved,,,Soft core,Soft core
GCF_002501585.1,CPI83_RS31295,MSSDYWAGMVNLMSSFVGVVLFGLSTASAEGAGWSSAESLSAGR,44,hypothetical protein, ,Derived by automated computational analysis using gene prediction method: GeneMarkS-2+.,OG0000475,Cloud,group_1658,Cloud,Cloud,Cloud
GCF_002501585.1,CPI83_RS30935,MNETQPHNLERERWRTLPTPPSTELIEMVGDGPSSADFDPATPVAQQG,48,hypothetical protein, ,Derived by automated computational analysis using gene prediction method: Protein Homology.,OG0000128,Shell,group_2355,Shell,Shell,Shell
GCF_002501585.1,CPI83_RS03355,MVGTPVIVTIVSVCVGFVIFMLAASGARGKWDRRLVIALFVGAVVCLTVVPVSVALSAGV,60,hypothetical protein, ,Derived by automated computational analysis using gene prediction method: Protein Homology.,OG0000091,Soft core,group_2382,Soft core,Soft core,Soft core
GCF_002501585.1,CPI83_RS30680,MPTVIRTVHDLVRHARGPTHHHHHQSVHEARRMRAHHILVTHSLA,45,hypothetical protein, ,Derived by automated computational analysis using gene prediction method: GeneMarkS-2+.,OG0000112,Soft core,group_2176,Soft core,Soft core,Soft core
GCF_002501585.1,CPI83_RS03595,MKKTEITPIGCIHRWEVESRHRTSEGTVTYLRCHCGSWQTLLAEWMSGGAASAVAAPIKVRSR,63,hypothetical protein, ,Derived by automated computational analysis using gene prediction method: Protein Homology.,OG0000116,Soft core,group_2290,Soft core,Soft core,Soft core
GCF_002501585.1,CPI83_RS30685,MGSINAFNEWVNQATYAGDPFATAIAIVQFFAVSLVNLFTGGPIL,45,hypothetical protein, ,Derived by automated computational analysis using gene prediction method: GeneMarkS-2+.,OG0000137,Shell,group_2383,Shell,Shell,Shell
GCF_002501585.1,CPI83_RS03770,MAQGIVKWFNGEKGFGFIAPDDGTPDVFVHYSEISGNGYKSLDENQRVEFEVGQGQKGPQATNVRAV,67,cold-shock protein, ,Derived by automated computational analysis using gene prediction method: Protein Homology.,OG0000003,Conserved,group_1991,Soft core,Soft core,Soft core
GCF_002501585.1,CPI83_RS04035,MDPSVMKPRIPNGEVPTVEEFVTAPPAVRALPIPRIEAVDGRIQIN,46,hypothetical protein, ,Derived by automated computational analysis using gene prediction method: GeneMarkS-2+.,OG0000260,Shell,group_2250,Shell,Shell,Shell
GCF_002501585.1,CPI83_RS04850,MSDWEKKFEAEAKGLLAEVEEELTVLEGVDTIDPFGEDDPDPVAGDDPSAGDDDTKPASG,60,hypothetical protein, ,Derived by automated computational analysis using gene prediction method: Protein Homology.,OG0000090,Soft core,group_2192,Soft core,Soft core,Soft core
GCF_002501585.1,CPI83_RS31165,MSAPVAIVTGAAAELGAAIAERLAEDFGTLLLLDIEEAALADTAARLESLGVDRCPLGR,59,hypothetical protein, ,Derived by automated computational analysis using gene prediction method: GeneMarkS-2+.,OG0000356,Cloud,group_733,Cloud,Cloud,Cloud
GCF_002501585.1,CPI83_RS31300,MPSEPYPDLGQVVVQFPAHPGEGTHTVEADFERMNPGKRIGK,42,hypothetical protein, ,Derived by automated computational analysis using gene prediction method: GeneMarkS-2+.,OG0000562,Cloud,group_2340,Cloud,Cloud,Cloud
GCF_002501585.1,CPI83_RS30695,MNSTSPDKTGHDGHRQTPRSAAVVAMLSFTYPTLRGAALPRPHNT,45,hypothetical protein, ,Derived by automated computational analysis using gene prediction method: GeneMarkS-2+.,OG0000807,Cloud,group_2102,Cloud,Cloud,Cloud
GCF_002501585.1,CPI83_RS05800,MTSPMKTRKLTRARSGAMFGGVCAGIARYFGWKSSTVRLLFVLSCLLPGPQFLIYIVMWIFIPREQI,67,pspc domain-containing protein, ,Derived by automated computational analysis using gene prediction method: Protein Homology.,OG0000106,Soft core,group_134,Soft core,Soft core,Soft core
GCF_002501585.1,CPI83_RS05935,MRNNLQELRTAAGLSQQACADALGITRQTVISIEKGHFDPRLSLAFRIAEYFDKRVDDIFSS,62,helix-turn-helix transcriptional regulator, ,Derived by automated computational analysis using gene prediction method: Protein Homology.,OG0000105,Soft core,group_502,Soft core,Soft core,Soft core
GCF_002501585.1,CPI83_RS30700,MRFTTLRDRVAEPLFAVIHFDLEPNLITFTATGLAVGLLAAALLYVRNYSLTRSN,55,hypothetical protein, ,Derived by automated computational analysis using gene prediction method: GeneMarkS-2+.,OG0000326,Cloud,group_2141,Cloud,Cloud,Cloud
GCF_002501585.1,CPI83_RS06110,MGRGRAKAKQTKVARELKYSVPTTDFDSLQRELAGGSTNSHRSSVRSDQTSDREGHAREDDYDDWRR,67,duf3073 domain-containing protein, ,Derived by automated computational analysis using gene prediction method: Protein Homology.,OG0000049,Conserved,group_133,Soft core,Soft core,Soft core
GCF_002501585.1,CPI83_RS31305,MADKAPGKNMKKPAQSIKERRAEKRAKNTESSEFIRKRKRS,41,hypothetical protein, ,Derived by automated computational analysis using gene prediction method: Protein Homology.,OG0000004,Core,group_2142,Soft core,Soft core,Soft core
GCF_002501585.1,CPI83_RS07070,MANNSKQHYVDPGWPETADGDHAVTELSSTRAGGLSPFGEDTTFPVPVESLPYVHPHTVINR,62,hypothetical protein, ,Derived by automated computational analysis using gene prediction method: Protein Homology.,OG0000048,Conserved,group_501,Soft core,Soft core,Soft core
GCF_002501585.1,CPI83_RS07600,MGFLDNVKGLVEKGQELAAENSDKVHDAIDKVADIADDKTGNKYGDQIDKAAEAAKKAVPEKQ,63,antitoxin, ,Derived by automated computational analysis using gene prediction method: Protein Homology.,OG0000010,Conserved,group_425,Soft core,Soft core,Soft core
GCF_002501585.1,CPI83_RS08215,MARNEIRPIVKLKSTAGTGYTYVTRKNRRNDPDRLVLKKYDPVVRKHVDFREEK,54,50s ribosomal protein l33, ,Derived by automated computational analysis using gene prediction method: Protein Homology.,OG0000047,Conserved,group_2199,Soft core,Soft core,Soft core
GCF_002501585.1,CPI83_RS08235,MAVPKRKMSRSNTRSRRAQWKATAPDLVEVTAFGQTHRVPRRLVKAVRLGVIDPSRI,57,50s ribosomal protein l32, ,Derived by automated computational analysis using gene prediction method: Protein Homology.,OG0000060,Soft core,group_2302,Soft core,Soft core,Soft core
GCF_002501585.1,CPI83_RS30945,MSEQPDTPKKPPVDKKRLAHIFGDVFPETTSDERGPEGSSRSSDDDWLRSQRPPHHGG,58,hypothetical protein, ,Derived by automated computational analysis using gene prediction method: Protein Homology.,OG0000089,Soft core,group_2328,Soft core,Soft core,Soft core
GCF_002501585.1,CPI83_RS30950,MSDDELRRAIREIQDRAHDARKRGDDVAAEELDRTVRGYQEQMAQRL,47,hypothetical protein, ,Derived by automated computational analysis using gene prediction method: Protein Homology.,OG0000059,Core,group_2336,Soft core,Soft core,Soft core
GCF_002501585.1,CPI83_RS08445,MTTAEYTVSGMTCGHCVGSVKEEIGSIAGVTAVDVELASGRVVVTSDAPVSAADVVAAVDEAGYAVVPS,69,heavy-metal-associated domain-containing protein, ,Derived by automated computational analysis using gene prediction method: Protein Homology.,OG0000006,Conserved,group_2139,Soft core,Soft core,Soft core
GCF_002501585.1,CPI83_RS08450,MAEGIVKWFNSEKGFGFIAPEDGSADVFVHYSEIQSGGFRTLEENQRVAFEIGQGNKGPQATGVTIV,67,cold-shock protein, ,Derived by automated computational analysis using gene prediction method: Protein Homology.,OG0000046,Conserved,group_132,Soft core,Soft core,Soft core
GCF_002501585.1,CPI83_RS31405,MNASDCLGAVDRKSAVAVALLEPLLVERLLAEPLPVGRLLAEPLLAELLALDPLPEPLGPVIP,63,hypothetical protein, ,Derived by automated computational analysis using gene prediction method: GeneMarkS-2+.,OG0000327,Cloud,group_2140,Cloud,Cloud,Cloud
GCF_002501585.1,CPI83_RS08880,MSTNSDRRPRLPVRIAYLTAGVLFVAAMLLLASVVNPDRDRDFSMNHVPAGTSATSVVATTDLG,64,hypothetical protein, ,Derived by automated computational analysis using gene prediction method: Protein Homology.,OG0000104,Soft core,group_2149,Soft core,Soft core,Soft core
GCF_002501585.1,CPI83_RS09130,MTMTAKLTTAFRGTLWWVRSVMGDLDYQRYVEHTRRHHADSPVISEREFWRRRHAAADANPGARCC,66,ybdd/yjix family protein, ,Derived by automated computational analysis using gene prediction method: Protein Homology.,OG0000045,Conserved,group_2343,Soft core,Conserved,Soft core
GCF_002501585.1,CPI83_RS31315,MGSMEGILGAVVQGLGSLFSADGLLKTFMGSVETISKDPTP,41,hypothetical protein, ,Derived by automated computational analysis using gene prediction method: GeneMarkS-2+.,OG0000103,Soft core,group_2051,Soft core,Soft core,Soft core
GCF_002501585.1,CPI83_RS30955,MGKIKASKVSKLKPKKKCCRKKTRCIKCPVVIMRMKKLENEGASKKELKAGLKKARAA,58,hypothetical protein, ,Derived by automated computational analysis using gene prediction method: Protein Homology.,OG0000044,Conserved,group_2365,Soft core,Soft core,Soft core
GCF_002501585.1,CPI83_RS30960,MYNWDLQNQIVAFVDSLRPMAGYYHDMYYGSLYAFADQQSHLLTLLGFPPVP,52,hypothetical protein, ,Derived by automated computational analysis using gene prediction method: Protein Homology.,OG0000058,Core,group_1175,Soft core,Soft core,Soft core
GCF_002501585.1,CPI83_RS09340,MTEQDATFDPEAPESDALEQSTPVDPNAPEEPDLTDIPLDAPVADVVDQRVEVAVDDDYRPS,62,hypothetical protein, ,Derived by automated computational analysis using gene prediction method: Protein Homology.,OG0000057,Core,group_2211,Soft core,Soft core,Soft core
GCF_002501585.1,CPI83_RS09445,MAAMKPRTGDGPLEATKEGRGIVMRVPLEGGGRLVVELTPDEAAALGVELTNVTS,55,duf3117 domain-containing protein, ,Derived by automated computational analysis using gene prediction method: Protein Homology.,OG0000043,Conserved,group_1003,Soft core,Soft core,Soft core
GCF_002501585.1,CPI83_RS31185,MSTALLTIYVLIWPALVLVVLGVISKGFFKDWATARRNGEDLV,43,putative transporter small subunit, ,Derived by automated computational analysis using gene prediction method: Protein Homology.,OG0000088,Soft core,group_2364,Soft core,Soft core,Soft core
GCF_002501585.1,CPI83_RS10150,MGTLKSGQDLAAKFSKKAVGGEDSLGKSLTSHIQVVTEMRDFFQQCVDRYGEVEGSNASALARVDTPR,68,hypothetical protein, ,Derived by automated computational analysis using gene prediction method: GeneMarkS-2+.,OG0000123,Soft core,group_2307,Soft core,Soft core,Soft core
GCF_002501585.1,CPI83_RS31320,MYIQTCTYDTEDRNMGSINTLSAVIDIIKVVQPLIAKLNLS,41,hypothetical protein, ,Derived by automated computational analysis using gene prediction method: GeneMarkS-2+.,OG0000109,Soft core,group_2041,Soft core,Soft core,Soft core
GCF_002501585.1,CPI83_RS30965,MPTIPLTGDPIVINIIVQLLSAGSSNALALGGVGSSGLGSTGLGSFDSASLGSAA,55,hypothetical protein, ,Derived by automated computational analysis using gene prediction method: Protein Homology.,OG0000087,Soft core,group_1002,Soft core,Soft core,Soft core
GCF_002501585.1,CPI83_RS30970,MIAAPTTGALAVVLNTVLQMFNAGSSFLYTNNSPIGGGGGETPTTPAP,48,hypothetical protein, ,Derived by automated computational analysis using gene prediction method: Protein Homology.,OG0000086,Soft core,group_2210,Soft core,Soft core,Soft core
GCF_002501585.1,CPI83_RS30975,MSFLPFPIVIEGIETTGSAAIDGLGRLSVLLYDLLGGTGSATINAGS,47,hypothetical protein, ,Derived by automated computational analysis using gene prediction method: Protein Homology.,OG0000125,Shell,group_2228,Shell,Shell,Shell
GCF_002501585.1,CPI83_RS30980,MRENDLNLRGLEIFEEASDVAFSEIHSHPRQCLIRVHKSVAKSRCGA,47,hypothetical protein, ,Derived by automated computational analysis using gene prediction method: GeneMarkS-2+.,OG0000241,Shell,group_2309,Shell,Shell,Shell
GCF_002501585.1,CPI83_RS30985,MKKALPKTLKSLARTVGILALAIVVVSVVERFTGAHQPTTGPASLTGPDQSL,52,hypothetical protein, ,Derived by automated computational analysis using gene prediction method: Protein Homology.,OG0000111,Soft core,group_2264,Soft core,Soft core,Soft core
GCF_002501585.1,CPI83_RS11440,MDRIADWWDSFELWMAGLPFIPQVALVLIVVVPLCRLVAVGLDRALAAVLALPLFGWLRRNSREVEES,68,hypothetical protein, ,Derived by automated computational analysis using gene prediction method: Protein Homology.,OG0000056,Core,group_2078,Soft core,Soft core,Soft core
GCF_002501585.1,CPI83_RS31410,MSEATAPVIRHQLALIAVGMLDVADVACC,29,ms4533a family cys-rich leader peptide, ,Derived by automated computational analysis using gene prediction method: Protein Homology.,OG0000133,Shell,group_1948,Soft core,Shell,Shell
GCF_002501585.1,CPI83_RS11585,MTVAGVVSVVLIAVAAALVIYLLVALVDPERF,32,k(+)-transporting atpase subunit f, ,Derived by automated computational analysis using gene prediction method: Protein Homology.,OG0000055,Core,kdpF,Soft core,Soft core,Soft core
GCF_002501585.1,CPI83_RS31200,MKLALTEFKNSKATIRIIMSDGAKLNGTVTDFTEDTLVLNSPNGVYYINPSHIIRLFEPSDRAAK,65,hypothetical protein, ,Derived by automated computational analysis using gene prediction method: GeneMarkS-2+.,OG0000085,Soft core,group_2248,Soft core,Soft core,Soft core
GCF_002501585.1,CPI83_RS11980,MTDEDRLWYFDVSDGSVTQGKGASSLTRMGPYPDRDSAEHALKIAAERNKAADRADEDWNN,61,hypothetical protein, ,Derived by automated computational analysis using gene prediction method: Protein Homology.,OG0000042,Conserved,group_592,Soft core,Core,Soft core
GCF_002501585.1,CPI83_RS31325,MVWFSSVGGGLVFDRRSQQARSNWDSFPPSARKQMLWWIVCAARDATRAGRIAHIVNNAAIGERARG,67,ydei/ompd-associated family protein, ,Derived by automated computational analysis using gene prediction method: Protein Homology.,OG0001280,,group_156,Cloud,,Probably not conserved
GCF_002501585.1,CPI83_RS31330,MTTYRYLDADRNLLEEKDFETEQDAQEYRLSVLGAEHIEPAGE,43,hypothetical protein, ,Derived by automated computational analysis using gene prediction method: Protein Homology.,OG0000054,Core,group_2400,Soft core,Core,Core
GCF_002501585.1,CPI83_RS12685,MHAEVGDRLHVQGRVVGQAEVTAEVLEVHGEDGGPPYLVRYDNGHEALVFPGSDGWIDHPGKGS,64,duf1918 domain-containing protein, ,Derived by automated computational analysis using gene prediction method: Protein Homology.,OG0000041,Conserved,group_2499,Soft core,Conserved,Soft core
GCF_002501585.1,CPI83_RS31335,MLGIALGLGSAAVGIGLGLLGAGAGILLSDKTVKTARRDLTA,42,hypothetical protein, ,Derived by automated computational analysis using gene prediction method: GeneMarkS-2+.,OG0000102,Soft core,group_2160,Soft core,Soft core,Soft core
GCF_002501585.1,CPI83_RS30990,MNESSNGLFSDLSASEPVVDAKSAEQLAAERETAAAERSNTDTAEQRQSQLFSG,54,hypothetical protein, ,Derived by automated computational analysis using gene prediction method: Protein Homology.,OG0000084,Soft core,group_2262,Soft core,Soft core,Soft core
GCF_002501585.1,CPI83_RS30995,MSVLFTYLLFIGAGIAVGGAYSMFKVNKLASGILLALAVLAAVAGALRL,49,hypothetical protein, ,Derived by automated computational analysis using gene prediction method: Protein Homology.,OG0000040,Conserved,group_2410,Soft core,Conserved,Soft core
GCF_002501585.1,CPI83_RS13195,MHVEVDLDLCQGHAACELEAPEIFVVPKRGKVSLLDSDPPESLRGEAELAVRYCPTGALRIVD,63,ferredoxin, ,Derived by automated computational analysis using gene prediction method: Protein Homology.,OG0000001,Conserved,group_2270,Soft core,Soft core,Soft core
GCF_002501585.1,CPI83_RS13550,MPKMKSHSGASKRFKVSGSGKLMRQKAGRRHLLEHKSSRVTRRLDGVAVVSPDDAPRIKRMLGI,64,50s ribosomal protein l35, ,Derived by automated computational analysis using gene prediction method: Protein Homology.,OG0000039,Conserved,group_2130,Soft core,Core,Soft core
GCF_002501585.1,CPI83_RS13645,MAIDSTLLSILACPQDKGPLLLVGDELLYNPRLRRAYPIENGIPVLLIDEARDVADDEHEKLLARAED,68,trm112 family protein, ,Derived by automated computational analysis using gene prediction method: Protein Homology.,OG0000038,Conserved,group_54,Soft core,Core,Soft core
GCF_002501585.1,CPI83_RS31000,MTVLGPVDTASTPHFTAAGITYEIDEEYVAVVNAADAELTSPQDFPRDPLPNL,53,hypothetical protein, ,Derived by automated computational analysis using gene prediction method: Protein Homology.,OG0000298,Cloud,group_2131,Cloud,Cloud,Cloud
GCF_002501585.1,CPI83_RS14190,MAQEQTQRAGGGEDDETTGGDGSAGQERREKLAAETDDLLDEIDDVLEENAEDFVRAYVQKGGQ,64,ubiquitin-like protein pup, ,Derived by automated computational analysis using gene prediction method: Protein Homology.,OG0000037,Conserved,group_340,Soft core,Soft core,Soft core
GCF_002501585.1,CPI83_RS31215,MAYLTTPGIAIPLSANSGATVLAGWDPDATFWLRSNNITVEGEPPS,46,hypothetical protein, ,Derived by automated computational analysis using gene prediction method: GeneMarkS-2+.,OG0001281,,group_2556,Cloud,,Probably not conserved
GCF_002501585.1,CPI83_RS14990,MAGIDSKFDKAYAGKSVEELADAPVAALNGVSDSDAEHLKAAFNIKTVRDLGTNKFFLWAQATAKLAE,68,hypothetical protein, ,Derived by automated computational analysis using gene prediction method: Protein Homology.,OG0000070,Soft core,group_2484,Soft core,Soft core,Soft core
GCF_002501585.1,CPI83_RS15480,MKIRFELMIGILLVVGGGCLWLFARDAEFFWFRGGPLGVILAIIGAFDIVNAVRTRETAIPERRND,66,hypothetical protein, ,Derived by automated computational analysis using gene prediction method: Protein Homology.,OG0000101,Soft core,group_2126,Soft core,Soft core,Soft core
GCF_002501585.1,CPI83_RS15855,MPGTLTSPQLTAADRCDRCGAGARVRAVLPTGGELLFCGHHATEHADRLREMNAVVSESEPAI,63,hypothetical protein, ,Derived by automated computational analysis using gene prediction method: Protein Homology.,OG0000036,Conserved,group_2483,Conserved,Soft core,Soft core
GCF_002501585.1,CPI83_RS16150,MRLTEFHEMVREEFGQVRGDSMLIDHVLQSLDGMTAAEAVEAGWEPREVWRALCVEFDVPPARR,64,duf3046 domain-containing protein, ,Derived by automated computational analysis using gene prediction method: Protein Homology.,OG0000035,Conserved,group_2481,Conserved,Soft core,Soft core
GCF_002501585.1,CPI83_RS31005,MFWKIVLAVVLVWVALAVVGALIKGLFWVLVVGAVGFGIYFLVKAMSGSEDNSPASRF,58,hypothetical protein, ,Derived by automated computational analysis using gene prediction method: Protein Homology.,OG0000034,Conserved,group_2296,Soft core,Soft core,Soft core
GCF_002501585.1,CPI83_RS30735,MTTEVDMKVPAFHSTVPSDLDVYHDNESCILAARIAVPHRAPGVDGRPWCTACASLD,57,hypothetical protein, ,Derived by automated computational analysis using gene prediction method: Protein Homology.,OG0000083,Soft core,group_2187,Soft core,Soft core,Soft core
GCF_002501585.1,CPI83_RS17400,MAVPKRKMSRSNTRSRRSQWKTTVPTLVTCPNRGCGEQTLPHIACPSCGTYKGRQVTAAV,60,50s ribosomal protein l32, ,Derived by automated computational analysis using gene prediction method: Protein Homology.,OG0000033,Conserved,group_2479,Conserved,Soft core,Soft core
GCF_002501585.1,CPI83_RS17440,MAAVCDVCAKGPGFGKSVSHSHRRTNRRWNPNIQSVRTEVAPGNTRKVNVCTSCLKAGKVARG,63,50s ribosomal protein l28, ,Derived by automated computational analysis using gene prediction method: Protein Homology.,OG0000032,Conserved,rpmB,Conserved,Soft core,Soft core
GCF_002501585.1,CPI83_RS17525,MSDLDSNTPSEPESQSEETKRKFREALERKNHQNAKSTDHRDGQSKVHNTHGPADHKREFRRKSG,65,duf5302 domain-containing protein, ,Derived by automated computational analysis using gene prediction method: Protein Homology.,OG0000031,Conserved,group_2470,Core,Soft core,Soft core
GCF_002501585.1,CPI83_RS31010,MSRNSVWALTFHPFSCERSPWTLRRLKVAMRKFLRVGVVVECAADDAYQTDAMIGLGCGACSYNTG,66,hypothetical protein, ,Derived by automated computational analysis using gene prediction method: GeneMarkS-2+.,OG0000808,Cloud,group_227,Cloud,Cloud,Cloud
GCF_002501585.1,CPI83_RS17810,MATDPAPRSERKKILLRLDPAVHDALARWAADDLRSTNAQIEFLLRRALTEHGRMPKNAGKMHGPGRPPA,70,hypothetical protein, ,Derived by automated computational analysis using gene prediction method: Protein Homology.,OG0000114,Soft core,,,Soft core,Soft core
GCF_002501585.1,CPI83_RS18485,MNDYKLYQCAQCGFEYDEAVGWPEDGIEPGTRWDDIPEDWSCPDCGAAKSDFFMVEVERR,60,rubredoxin, ,Derived by automated computational analysis using gene prediction method: Protein Homology.,OG0000007,Conserved,group_2155,Soft core,Soft core,Soft core
GCF_002501585.1,CPI83_RS18490,MSSYRCPVCEYVYDESKGAPREGFPAGTPWDAVPDDWCCPDCGVREKLDFEPMPATAGNES,61,rubredoxin, ,Derived by automated computational analysis using gene prediction method: Protein Homology.,OG0000053,Core,group_2279,Soft core,Soft core,Soft core
GCF_002501585.1,CPI83_RS31340,MTIFEWILAIPALALAVAFLFSGIIAAGIDFDTEDGVMTH,40,hypothetical protein, ,Derived by automated computational analysis using gene prediction method: GeneMarkS-2+.,OG0000082,Soft core,group_2186,Soft core,Soft core,Soft core
GCF_002501585.1,CPI83_RS30740,MPAPDSGGEHGFVGVVVGSDADRRYGPDLTDPSVSLSADVVSDGGSWRDSSLATAALRSRKSSS,64,hypothetical protein, ,Derived by automated computational analysis using gene prediction method: GeneMarkS-2+.,OG0000344,Cloud,group_2244,Cloud,Cloud,Cloud
GCF_002501585.1,CPI83_RS19790,MKVQPSVKKICEKCKVIRRNGRVMVICENLRHKQRQG,37,50s ribosomal protein l36, ,Derived by automated computational analysis using gene prediction method: Protein Homology.,OG0000030,Conserved,rpmJ,Conserved,Soft core,Soft core
GCF_002501585.1,CPI83_RS19820,MADLKVTQIKSIIGTKQNQKDSLRTLGLKGIRQTVVREDNAQNRGLINVVRHLVTVEEV,59,50s ribosomal protein l30, ,Derived by automated computational analysis using gene prediction method: Protein Homology.,OG0000029,Conserved,rpmD,Conserved,Soft core,Soft core
GCF_002501585.1,CPI83_RS19850,MAKKALVNKANKKPKFAVRAYTRCQRCGRPHSVFRKFGLCRICVREMAHAGELPGVRKSSW,61,type z 30s ribosomal protein s14, ,Derived by automated computational analysis using gene prediction method: Protein Homology.,OG0000028,Conserved,group_2294,Conserved,Soft core,Soft core
GCF_002501585.1,CPI83_RS20185,MSDRDNKALENDLVEESLVEEVSIDGMCGVY,31,mycofactocin precursor mfta, ,"Mycofactocin is a small molecule electron carrier derived from the final two amino acids, Val-Tyr, of MftA, the mycofactocin precursor. It plays a role in redox homeostasis and the metabolism of alcohols and aldehydes in Actinobacteria, including Mycobacterium tuberculosis; Derived by automated computational analysis using gene prediction method: Protein Homology.",OG0000009,Conserved,group_2326,Conserved,Soft core,Soft core
GCF_002501585.1,CPI83_RS20200,MTEPVKGPASYFPSIEKKYGRPIGEWQELIRSSDLTKHMELVNWLKSEHGMGHGHANALVAHTLKEG,67,duf4287 domain-containing protein, ,Derived by automated computational analysis using gene prediction method: Protein Homology.,OG0000027,Conserved,group_2329,Soft core,Soft core,Soft core
GCF_002501585.1,CPI83_RS20205,MRLSTRNQLTGTITEVNLGTVMATVKVKLDGGNQIVTSSITRDAALDLDLEPGQAATVFVKSTEVTIGVE,70,tobe domain-containing protein, ,Derived by automated computational analysis using gene prediction method: Protein Homology.,OG0000064,Soft core,,,Soft core,Soft core
GCF_002501585.1,CPI83_RS20335,MNSTTVGLLVGLLLALAGIMGGFSGFVFAVLLGAAGMAIGAHRDGHLDLGAILRSRGRG,59,hypothetical protein, ,Derived by automated computational analysis using gene prediction method: Protein Homology.,OG0000026,Conserved,group_2303,Conserved,Soft core,Soft core
GCF_002501585.1,CPI83_RS20480,MAGKKLDRTNARTALEVVRESPTIAFITVAPAVVVFGVVWWLFGFWAAILLALVFGVAAVATQKLR,66,hypothetical protein, ,Derived by automated computational analysis using gene prediction method: Protein Homology.,OG0000025,Conserved,group_2209,Conserved,Soft core,Soft core
GCF_002501585.1,CPI83_RS20615,MASSTDVRPKITLACEVCKHRNYITKKNRRNDPDRLELKKFCPNCGTHQSHRESK,55,50s ribosomal protein l33, ,Derived by automated computational analysis using gene prediction method: Protein Homology.,OG0000024,Conserved,rpmG,Conserved,Soft core,Soft core
GCF_002501585.1,CPI83_RS20820,MSAPTFNTAADALMTPGQVAALFHVDPKTVTRWAHAGRLGSLRTPGGHRRFRETEVMQLLRSLTTEADNN,70,bldc family transcriptional regulator, ,Derived by automated computational analysis using gene prediction method: Protein Homology.,OG0000068,Soft core,,,Soft core,Soft core
GCF_002501585.1,CPI83_RS20825,MLYLLALVGLVTLIVLMWKAFGPDPSTRTPVSGVRGPDDDPEFLWNVNQQTRRKRTEGPDVPPTDTST,68,hypothetical protein, ,Derived by automated computational analysis using gene prediction method: Protein Homology.,OG0000023,Conserved,group_2362,Soft core,Conserved,Soft core
GCF_002501585.1,CPI83_RS31015,MSSQEALRTESTHDAPLRQRGSRTEVILFAILGASVLVTLLVLMIPGIVSG,51,hypothetical protein, ,Derived by automated computational analysis using gene prediction method: Protein Homology.,OG0000100,Soft core,group_1231,Soft core,Soft core,Soft core
GCF_002501585.1,CPI83_RS21005,MGSVIKKRRKRMSKKKHRKLLRRTRVQRRKLGK,33,aurkaip1/cox24 domain-containing protein, ,Derived by automated computational analysis using gene prediction method: Protein Homology.,OG0000022,Conserved,group_1939,Conserved,Conserved,Conserved
GCF_002501585.1,CPI83_RS21010,MGSSHDGKPAVAGTQFLTVAEVATLMRVSKMTVYRLVHSGELPAVRVGRSFRVHAKAVHDYLETSYFDAG,70,helix-turn-helix domain-containing protein, ,Derived by automated computational analysis using gene prediction method: Protein Homology.,OG0000071,Soft core,,,Soft core,Soft core
GCF_002501585.1,CPI83_RS21520,MTFESNTPRPFTRSNDKKMFAGVCGGIADYFGADVNLVRLLAVIAAICTGGTAALVYLAAWMLMPLG,67,pspc domain-containing protein, ,Derived by automated computational analysis using gene prediction method: Protein Homology.,OG0000021,Conserved,group_2380,Conserved,Soft core,Soft core
GCF_002501585.1,CPI83_RS31025,MLEGSVMDAAGSVGAIIGQGLGSVSGLAVKGLEALAALSGGELKAAK,47,hypothetical protein, ,Derived by automated computational analysis using gene prediction method: Protein Homology.,OG0000138,Shell,group_2381,Shell,Shell,Shell
GCF_002501585.1,CPI83_RS21525,MGSLMDILGGPNGDGAPMQALLTMLLGLDNVGANLFGSLADTAGGIFGSLDTLSFTPPVVP,61,hypothetical protein, ,Derived by automated computational analysis using gene prediction method: GeneMarkS-2+.,OG0000188,Shell,group_2425,Shell,Shell,Shell
GCF_002501585.1,CPI83_RS21540,MDTASLIDAVGSIDANSVQLPLAALKGIIEGVFAAISSFIELGVTGSAASAGSIQSGLGSIAGT,64,hypothetical protein, ,Derived by automated computational analysis using gene prediction method: Protein Homology.,OG0000206,Shell,,,Shell,Shell
GCF_002501585.1,CPI83_RS31345,MIVMFLQATAQLFTDLLANTWSGSMLPGVEAGTGSLVSAIELS,43,hypothetical protein, ,Derived by automated computational analysis using gene prediction method: Protein Homology.,OG0000184,Shell,group_2237,Shell,Shell,Shell
GCF_002501585.1,CPI83_RS31350,MGSLDTGSLSTESLEDLNLGKISELLKLGITAVSFITALNSLS,43,hypothetical protein, ,Derived by automated computational analysis using gene prediction method: GeneMarkS-2+.,OG0000067,Soft core,group_2503,Soft core,Soft core,Soft core
GCF_002501585.1,CPI83_RS22000,MFGSLSTLGPLLTALGAFLKSVPTESLSGEGEGSSTGSLSGLSSGSAE,48,hypothetical protein, ,Derived by automated computational analysis using gene prediction method: Protein Homology.,OG0000081,Soft core,group_2510,Soft core,Soft core,Soft core
GCF_002501585.1,CPI83_RS31355,MGSFEDFSGVVKTFIPVLKDLFTALGGGSLTPGSGSAADK,40,hypothetical protein, ,Derived by automated computational analysis using gene prediction method: GeneMarkS-2+.,OG0000108,Soft core,group_2511,Soft core,Soft core,Soft core
GCF_002501585.1,CPI83_RS31360,MGSLGNLLKANGMGWGILQLLPLVNMLKTLQGLDTASSNS,40,hypothetical protein, ,Derived by automated computational analysis using gene prediction method: GeneMarkS-2+.,OG0000080,Soft core,group_2512,Soft core,Soft core,Soft core
GCF_002501585.1,CPI83_RS22325,MSKEVSAGLAVGAMVLVAGLIWTGLPLDAYSVVAVIFAICGGFITWIYLRENVDGVPHTATKEGSR,66,hypothetical protein, ,Derived by automated computational analysis using gene prediction method: Protein Homology.,OG0000144,Shell,group_2282,Shell,Shell,Shell
GCF_002501585.1,CPI83_RS22705,MSDFIDKAKHRAEDLIGEAKEKIGNATGNDDLAAEGVADQGEAKVKKAGDTVSDKVSDIKDKFTS,65,csbd family protein, ,Derived by automated computational analysis using gene prediction method: Protein Homology.,OG0000074,Soft core,group_2191,Soft core,Soft core,Soft core
GCF_002501585.1,CPI83_RS22730,MTTSTVGLLAGLLLGVAAAAGGFTGFLIALVLGVIGYLVGGQRDGEFDLGVMLKGRGRG,59,hypothetical protein, ,Derived by automated computational analysis using gene prediction method: Protein Homology.,OG0000099,Soft core,group_732,Soft core,Soft core,Soft core
GCF_002501585.1,CPI83_RS22735,MGGSADALNRALERVDRDFASPIGVVVRTSLRGTMRQIAKPVRAQYTRVRARFPGAKTYTEI,62,hypothetical protein, ,Derived by automated computational analysis using gene prediction method: GeneMarkS-2+.,OG0000115,Soft core,group_2190,Soft core,Soft core,Soft core
GCF_002501585.1,CPI83_RS22770,MSERNSTDRTDQTDEPQTTGTDHGPGTGADAAHKDVQTDPSGERTWADEGGASSTGPATDTD,62,pi-type proteinase, ,Derived by automated computational analysis using gene prediction method: Protein Homology.,OG0000020,Core,group_2297,Soft core,Soft core,Soft core
GCF_002501585.1,CPI83_RS31030,MTTIDIPPTQGESTTGIGITVASATLTTEEVKRRIAMMYGDPVTEEPVALAH,52,hypothetical protein, ,Derived by automated computational analysis using gene prediction method: Protein Homology.,OG0000002,Conserved,group_2274,Soft core,Soft core,Soft core
GCF_002501585.1,CPI83_RS31365,MSADSRGTSAQTRREYQMFVLQQRLLFGSIVAGTALGVLAINYF,44,hypothetical protein, ,Derived by automated computational analysis using gene prediction method: GeneMarkS-2+.,OG0000122,Soft core,group_2138,Soft core,Soft core,Soft core
GCF_002501585.1,CPI83_RS22845,MAQGSVKWFNGEKGFGFIEQEGGGPDVFVHYSEIQGSGYKSLDEGQKVEFEIGQGQKGPQAQNVRAI,67,cold-shock protein, ,Derived by automated computational analysis using gene prediction method: Protein Homology.,OG0000069,Soft core,group_130,Soft core,Soft core,Soft core
GCF_002501585.1,CPI83_RS22890,MGALSPTHWAIVAVVLVVLFGSKKLPDAARGLGRSMRILKTEVGELHSDTDLALEKRD,58,sec-independent protein translocase subunit tata, ,Derived by automated computational analysis using gene prediction method: Protein Homology.,OG0000019,Conserved,tatA,Soft core,Soft core,Soft core
GCF_002501585.1,CPI83_RS22920,MWWIVGGVLLVWVVCSIPIAIMVGRGIARRDRAEFDGRNQQWADEVVRSIEKQSDQDNADRRKPPLIS,68,hypothetical protein, ,Derived by automated computational analysis using gene prediction method: Protein Homology.,OG0000079,Soft core,group_2275,Shell,Shell,Shell
GCF_002501585.1,CPI83_RS31035,MPAPIMAPTAALAEPVVWNEDPQRQRWWTRILAAGSPENSSNDEFQP,47,hypothetical protein, ,Derived by automated computational analysis using gene prediction method: Protein Homology.,OG0000118,Soft core,group_2222,Soft core,Soft core,Soft core
GCF_002501585.1,CPI83_RS23145,MEPLKSADLRWWPVDELPEKLVDHERFVIEAHHAGQLAPIHSYGF,45,hypothetical protein, ,Derived by automated computational analysis using gene prediction method: GeneMarkS-2+.,OG0000559,Cloud,group_2079,Cloud,Cloud,Cloud
GCF_002501585.1,CPI83_RS31040,MIVLGIILALIGFFTGLSILTTVGIILVVVGAVLSILGATGRAVGGRKVWY,51,duf6131 family protein, ,Derived by automated computational analysis using gene prediction method: Protein Homology.,OG0000000,Conserved,group_1230,Soft core,Soft core,Soft core
GCF_002501585.1,CPI83_RS31045,MTEKDNNDQSPKGGHPGPVDKGGDGGMATREQAPELVEETSEKKSDDK,48,hypothetical protein, ,Derived by automated computational analysis using gene prediction method: Protein Homology.,OG0000018,Core,group_2221,Soft core,Soft core,Soft core
GCF_002501585.1,CPI83_RS31050,MIILGVILLIIGFVVNIPILWTIGVVLLVIGIILYALGAAGHAIGGRRHYY,51,duf6131 family protein, ,Derived by automated computational analysis using gene prediction method: Protein Homology.,OG0000000,Conserved,group_1229,Soft core,Soft core,Soft core
GCF_002501585.1,CPI83_RS23425,MMRIVTLIVLIWLIVGAVAAGQRGYYSSSPTNCAGVGTIALTVIAGPLNYFGVNPKVTDCTLPQPTE,67,hypothetical protein, ,Derived by automated computational analysis using gene prediction method: Protein Homology.,OG0000017,Conserved,group_129,Soft core,Soft core,Soft core
GCF_002501585.1,CPI83_RS30765,MADKQSKPWLGPLIFYRLNDYAPYGATTDRESYFGAVRSDGTVKPSAAYVKSELCP,56,hypothetical protein, ,Derived by automated computational analysis using gene prediction method: GeneMarkS-2+.,OG0000412,Cloud,group_2137,Cloud,Cloud,Cloud
GCF_002501585.1,CPI83_RS31060,MPERGQSRVDAGIIAVVAVITGVFVALTGHGLVAALATVLGLALGMAIVRYLIKGR,56,hypothetical protein, ,Derived by automated computational analysis using gene prediction method: Protein Homology.,OG0000078,Soft core,group_2220,Soft core,Soft core,Soft core
GCF_002501585.1,CPI83_RS30770,MAFTTGSSKTDLAQLGDFQKIIAGLGGVLVGIGAVAGLLGAIGGAGSSQPKA,52,hypothetical protein, ,Derived by automated computational analysis using gene prediction method: GeneMarkS-2+.,OG0000247,Shell,group_1186,Shell,Shell,Shell
GCF_002501585.1,CPI83_RS31065,MVGLIVLAALVLASVLVGFVFRRPIAEAKSAVLAFDDASSQPQRD,45,hypothetical protein, ,Derived by automated computational analysis using gene prediction method: GeneMarkS-2+.,OG0000098,Soft core,group_2198,Soft core,Soft core,Soft core
GCF_002501585.1,CPI83_RS23700,MTKFLVPGVASAVIGAVLGAGVIFGVTAAASDNTRPEIDRSGNADSSVLNQVEYGSR,57,duf2613 domain-containing protein, ,Derived by automated computational analysis using gene prediction method: Protein Homology.,OG0000016,Conserved,group_855,Soft core,Soft core,Soft core
GCF_002501585.1,CPI83_RS31070,MMAENTTVETEIADEEIETVAEETARMAQHVVAAYAEDADECRMLLSMLGISPAAKLD,58,hypothetical protein, ,Derived by automated computational analysis using gene prediction method: GeneMarkS-2+.,OG0000015,Conserved,group_2168,Soft core,Soft core,Soft core
GCF_002501585.1,CPI83_RS24465,MEVRVDLDRCEANGVCVGIAPDIFDLDDNEELVISSVRPPEDRWEDVRSAIAQCPRAALTEHP,63,ferredoxin, ,Derived by automated computational analysis using gene prediction method: Protein Homology.,OG0000005,Conserved,group_423,Soft core,Soft core,Soft core
GCF_002501585.1,CPI83_RS31075,MKNPNLTPSRVLAVVLAAALVIFVIARRRDDGALSRGEWLSDSVGPDDLAG,51,hypothetical protein, ,Derived by automated computational analysis using gene prediction method: Protein Homology.,OG0000077,Soft core,group_2167,Soft core,Soft core,Soft core
GCF_002501585.1,CPI83_RS25095,MSETATAYKLFRCLQCGFEYDEAIGWPDDGIEPGTRWDEIPEDWSCPDCGAAKVDFEMVEVDR,63,rubredoxin, ,Derived by automated computational analysis using gene prediction method: Protein Homology.,OG0000097,Soft core,group_421,Soft core,Soft core,Soft core
GCF_002501585.1,CPI83_RS25100,MNAYICPICDYTYTESTGAAREGFPPGTALSSIPDDWCCPDCGVREKVDFTLVAQS,56,rubredoxin, ,Derived by automated computational analysis using gene prediction method: Protein Homology.,OG0000096,Soft core,group_2166,Soft core,Soft core,Soft core
GCF_002501585.1,CPI83_RS25530,MALAYSPDTSIDSTRLAFLAAAVVLFAMLALYLVGFDQGAISRTGMYMHELMHDGRHLMGLPCH,64,cbtb domain-containing protein, ,Derived by automated computational analysis using gene prediction method: Protein Homology.,OG0000008,Conserved,group_2468,Conserved,Core,Conserved
GCF_002501585.1,CPI83_RS30785,MATTAAVQNPTRSRARTMSLSEYVAEHPAQRVFPPTSERAARMAMLIMFALMAVTLVVLVLDEAGIFG,68,hypothetical protein, ,Derived by automated computational analysis using gene prediction method: GeneMarkS-2+.,OG0000095,Soft core,group_53,Soft core,Soft core,Soft core
GCF_002501585.1,CPI83_RS30790,MGRLTELLKSVRSLGSRKDTAAKQEKRALDRWENEGGPVAEDPRQR,46,hypothetical protein, ,Derived by automated computational analysis using gene prediction method: GeneMarkS-2+.,OG0000490,Cloud,group_2100,Cloud,Cloud,Cloud
GCF_002501585.1,CPI83_RS31085,MGSADVMAWLAEGYLAGDPIRYPLYVGSMFLAMPFQLIGVILGHPF,46,hypothetical protein, ,Derived by automated computational analysis using gene prediction method: Protein Homology.,OG0000061,Soft core,group_1542,Soft core,Soft core,Soft core
GCF_002501585.1,CPI83_RS26310,MADSLKARVKEKLLRQLAEDGRHPIQEAEGDDPRLVSINDDLEALEQAEEGDPIVEELAERYWVP,65,hypothetical protein, ,Derived by automated computational analysis using gene prediction method: Protein Homology.,OG0000014,Conserved,group_2342,Conserved,Soft core,Soft core
GCF_002501585.1,CPI83_RS26345,MAQGTVKWFNAEKGFGFIAPEDGSADVFVHYSEIQGNGFRTLEENQRVEFEVGQGTKGPQATGVRAV,67,cold-shock protein, ,Derived by automated computational analysis using gene prediction method: Protein Homology.,OG0000013,Conserved,group_128,Conserved,Soft core,Soft core
GCF_002501585.1,CPI83_RS26365,MISKTLRTVSARFALLVTEDDGMSTAEYAIGTIAAAAFGAVLYTVVTGDSIVSALTGIIDKALKTAV,67,duf4244 domain-containing protein, ,Derived by automated computational analysis using gene prediction method: Protein Homology.,OG0000094,Soft core,group_2136,Soft core,Soft core,Soft core
GCF_002501585.1,CPI83_RS31090,MSEITSWEYTVTPLLVHNPKAILDNWGVDGWELVAVLPSASGEQHVAYMKRPKG,54,hypothetical protein, ,Derived by automated computational analysis using gene prediction method: Protein Homology.,OG0000012,Conserved,group_2273,Conserved,Soft core,Soft core
GCF_002501585.1,CPI83_RS31095,MADLTLLTDDELRERRIALSRSLTTAADLIPTPPPSFFEKLKQDIDAAAAEWIARRS,57,hypothetical protein, ,Derived by automated computational analysis using gene prediction method: Protein Homology.,OG0000076,Soft core,group_2322,Soft core,Soft core,Soft core
GCF_002501585.1,CPI83_RS27325,MGIADKAQNKAEDLGGKAKEAAGSATGDRDLENEGKGDQVKSAVKDAGEKVKDAASSIKDKLT,63,csbd family protein, ,Derived by automated computational analysis using gene prediction method: Protein Homology.,OG0000011,Conserved,group_2411,Conserved,Soft core,Soft core
GCF_002501585.1,CPI83_RS31100,MFNDVFNNVIHPMVTNFQQLGPQQFIPQQFIPQGVFQQAPQAAEQAVTIFGS,52,hypothetical protein, ,Derived by automated computational analysis using gene prediction method: Protein Homology.,OG0000075,Soft core,group_2178,Soft core,Soft core,Soft core
GCF_002501585.1,CPI83_RS28285,MCVDVDVNVKNCGILAAVLVGSVAKMGEKKIVSRITRGAGDMVGPAIVVVVIGAAAVFE,59,hypothetical protein, ,Derived by automated computational analysis using gene prediction method: GeneMarkS-2+.,OG0000324,Cloud,group_2179,Cloud,Cloud,Cloud
GCF_002501585.1,CPI83_RS28340,MSNISFDSISNSAPANALQGVGTNALVDNPFTFEPVAEATSAHALQGVGTNALVDNPFSFQS,62,streptamidine-related ripp repeat protein, ,Derived by automated computational analysis using gene prediction method: Protein Homology.,OG0000093,Soft core,group_2291,Soft core,Soft core,Soft core
GCF_002501585.1,CPI83_RS31105,MQNIRLRTATDVLAAIPALLGFVPANSVVMIALTGSPATFAFVARTDVIGTGPVGGRRT,59,duf4192 family protein, ,Derived by automated computational analysis using gene prediction method: Protein Homology.,OG0000585,Cloud,,,,Probably not conserved
GCF_002501585.1,CPI83_RS31440,MLFGYARVSSAEQNPAHQVDALARAGVEAENIHLDHAGGATEFSFSNIGAALSSVVRIVDQTVLRMPLA,69,recombinase family protein, ,Derived by automated computational analysis using gene prediction method: Protein Homology.,OG0000400,Cloud,,,,Probably not conserved
GCF_002501585.1,CPI83_RS30815,MSIVDLVVGLGEYQLGWICAGGVPALSAGAAGVCDGGVLVAVDGAFVIVWS,51,hypothetical protein, ,Derived by automated computational analysis using gene prediction method: GeneMarkS-2+.,OG0001282,,,,,Probably not conserved
GCF_002501585.1,CPI83_RS30820,MSSPAAESDSPLKTFRFHWKDGHPSTDYQGTSARDALTRNGYGQGVMVGLDYWEPLDS,58,hypothetical protein, ,Derived by automated computational analysis using gene prediction method: GeneMarkS-2+.,OG0000809,Cloud,,,,Probably not conserved
GCF_002501585.1,CPI83_RS30825,MTTNEPTRSDLVSGIPENIAGPDPDRPKYVPGVQWNPEAGHYESADADRV,50,hypothetical protein, ,Derived by automated computational analysis using gene prediction method: GeneMarkS-2+.,OG0001283,,,,,Probably not conserved
GCF_002501585.1,CPI83_RS28955,MASDANTEKIARYIAEAKVKGLELRESDFKERDGDLTLDSMDPSEWIAAMTMD,53,hypothetical protein, ,Derived by automated computational analysis using gene prediction method: GeneMarkS-2+.,OG0001284,,,,,Probably not conserved
GCF_002501585.1,CPI83_RS29005,MHYDHQAIMDAGEDLGEGWKKAVITLAEGDSAYSGVSSKWDYSGPGVVVYRMHPSGWEISPSDEVGRRYL,70,hypothetical protein, ,Derived by automated computational analysis using gene prediction method: GeneMarkS-2+.,OG0001285,,,,,Probably not conserved
GCF_002501585.1,CPI83_RS30830,MTEQADEQMAHNTDRSGAGTVPVIGYPQPGDEHNWHVATADEIDAYTTYWNSQPD,55,hypothetical protein, ,Derived by automated computational analysis using gene prediction method: GeneMarkS-2+.,OG0001286,,,,,Probably not conserved
GCF_002501585.1,CPI83_RS29050,MISHNNQTPLEVGARVRHRGQQYPEAIARGTATIVEVVKQHAVDGTWEYLVRTDAGEIKSWNIVDTPIS,69,hypothetical protein, ,Derived by automated computational analysis using gene prediction method: GeneMarkS-2+.,OG0001287,,,,,Probably not conserved
GCF_002501585.1,CPI83_RS30835,MRIAPHADRPDAPLAVLVPGETCCLTVQPVESTHHKVASPPDTLHR,46,hypothetical protein, ,Derived by automated computational analysis using gene prediction method: GeneMarkS-2+.,OG0001288,,,,,Probably not conserved
GCF_002501585.1,CPI83_RS29280,MDDIEKIAKAAAAYKNAEQRLHAKRAELRTAIRESSPDTTRQVDIIKVTGWSREHIRRIRNGDLS,65,hypothetical protein, ,Derived by automated computational analysis using gene prediction method: GeneMarkS-2+.,OG0000493,Cloud,group_2565,Cloud,,Cloud
GCF_002501585.1,CPI83_RS29555,MIHYLSLRDVAAKTNLAVNTVKGYARKGLLPEHDATIGTHRGWTDATIEQWMLDRGMTKKLPETTIPEGT,70,xre family transcriptional regulator, ,Derived by automated computational analysis using gene prediction method: GeneMarkS-2+.,OG0000237,Shell,,,,Probably not conserved
GCF_002501585.1,CPI83_RS29790,MLNGTVKWFNSEKGFGFITPEDGGADVFVHYSQISVTGYKSLEDGEHVEFAIGDGAKGPQAVDVRPL,67,cold-shock protein, ,Derived by automated computational analysis using gene prediction method: Protein Homology.,OG0000069,Soft core,group_2568,Cloud,,Cloud
GCF_002501585.1,CPI83_RS29855,MAELLNFDEWNRAVTARICANEDPVTGVAVRRERSGASAYINFWDDYLADCAAENRACEPKPF,63,hypothetical protein, ,Derived by automated computational analysis using gene prediction method: GeneMarkS-2+.,OG0001289,,group_2571,Cloud,,Probably not conserved
GCF_002501585.1,CPI83_RS30860,MNETSHIICETPPAAQPGIHVECPLCRSFTFIPQTQLTSPTFDCEYCHHTCNTDPTRSSGR,61,hypothetical protein, ,Derived by automated computational analysis using gene prediction method: GeneMarkS-2+.,OG0001290,,group_2564,Cloud,,Probably not conserved
GCF_002501585.1,CPI83_RS30870,MMMLMITCDGGCLTHMETPTEHGDKCSDIDRELELGWIHQGETDYCPNCAKKLAR,55,hypothetical protein, ,Derived by automated computational analysis using gene prediction method: GeneMarkS-2+.,OG0000586,Cloud,group_2560,Cloud,,Cloud
GCF_002501585.1,CPI83_RS29890,MQEFNVEWHMPIEADSPREAAEKALRIHRNPESTATAFVVDGVGIDLGEDFR,52,hypothetical protein, ,Derived by automated computational analysis using gene prediction method: GeneMarkS-2+.,OG0000810,Cloud,group_2570,Cloud,,Cloud
GCF_002501585.1,CPI83_RS30875,MHQKVLFEGEHLVIAEAAGDERAIGIELAHQGLIRAVTVGLWNQFIILRWKAKK,54,hypothetical protein, ,Derived by automated computational analysis using gene prediction method: GeneMarkS-2+.,OG0001291,,group_2563,Cloud,,Probably not conserved
GCF_002501585.1,CPI83_RS30880,MAHNESVLVEQFGVWGEHPLHPARGWQDEVADGDTRLGYWAWVAAQLDNADT,52,hypothetical protein, ,Derived by automated computational analysis using gene prediction method: GeneMarkS-2+.,OG0000811,Cloud,group_2576,Cloud,,Cloud
GCF_002501585.1,CPI83_RS30890,MKPGDTVTIGEHGASVFKVVADGGPDHLIIEPVEDAPGKYQFPSRRDGLFPHQP,54,hypothetical protein, ,Derived by automated computational analysis using gene prediction method: GeneMarkS-2+.,OG0000072,Soft core,,,,Probably not conserved
GCF_002501585.1,CPI83_RS29960,MVVMDEKNYDSGSRAGDCPQCGGDSKGVKLLADGIHELRQCFDEPTHRFESEAVFDVPFKDATIIPH,67,hypothetical protein, ,Derived by automated computational analysis using gene prediction method: GeneMarkS-2+.,OG0001292,,,,,Probably not conserved
GCF_002501585.1,CPI83_RS29980,MTNPTATSRTSRRNTDISCAHPAPEQADTTHSFKIAAYALGVPITGYFAAMGFMSFLVDHGWHA,64,hypothetical protein, ,Derived by automated computational analysis using gene prediction method: GeneMarkS-2+.,OG0001293,,,,,Probably not conserved
GCF_002501585.1,CPI83_RS30895,MPLSAREIAWITGHPAVEANESHRGRLHAHVLARLDSTSEILTGHLTTYAMFVAADDD,58,hypothetical protein, ,Derived by automated computational analysis using gene prediction method: GeneMarkS-2+.,OG0001294,,,,,Probably not conserved
GCF_002501585.1,CPI83_RS30900,MSRRPLPSVEFVWHGVEFERGTANAISRTIKVQTLMCCRNRSWTHRGFDDL,51,hypothetical protein, ,Derived by automated computational analysis using gene prediction method: GeneMarkS-2+.,OG0001295,,,,,Probably not conserved
GCF_002501585.1,CPI83_RS30080,MAEPTTTNRWDIELKNSYGEFWKLSTIVAPNAEAAQADALARWGHLNGGGWTICSCNAA,59,hypothetical protein, ,Derived by automated computational analysis using gene prediction method: GeneMarkS-2+.,OG0000812,Cloud,,,,Probably not conserved
GCF_002501585.1,CPI83_RS30905,MSGNETQNLRVVLDTLDAFFAGGAEDIESLDGLRDKVRTKLASSD,45,hypothetical protein, ,Derived by automated computational analysis using gene prediction method: GeneMarkS-2+.,OG0000813,Cloud,,,,Probably not conserved
GCF_002501585.1,CPI83_RS30440,MAQSQCFYIAGFLTAVIAAALRFTVLLIEDHGDRRLVTNLAVATAALAIALFGMGVVNTC,60,hypothetical protein, ,Derived by automated computational analysis using gene prediction method: GeneMarkS-2+.,OG0000587,Cloud,,,,Probably not conserved
GCF_002501585.1,CPI83_RS30915,MTARARTPGAATALANDAARALSSYLNDMPTTTTNKITYRVSSLAQ,46,hypothetical protein, ,Derived by automated computational analysis using gene prediction method: Protein Homology.,OG0001296,,,,,Probably not conserved
GCF_002501585.1,CPI83_RS30920,MRNWIVYDDENNHIGTVTADDRYSAQDKAQEIEGCSWIEPEDAPHTPVP,49,hypothetical protein, ,Derived by automated computational analysis using gene prediction method: GeneMarkS-2+.,OG0001297,,,,,Probably not conserved
GCF_002501585.1,CPI83_RS31370,MSKVVIAEVNKVELTGDGSSEVVETHLIVAGEDSVTTQSSE,41,hypothetical protein, ,Derived by automated computational analysis using gene prediction method: GeneMarkS-2+.,OG0000814,Cloud,,,,Probably not conserved
GCF_002893965.1,C1M55_RS31670,MNWNAFLLMSIGGAIALVSYPIKEEMGAKIGTPILFIGAVLGLSGLVRLLA,51,hypothetical protein, ,Derived by automated computational analysis using gene prediction method: GeneMarkS-2+.,OG0000588,Cloud,group_1251,Cloud,Cloud,Cloud
GCF_002893965.1,C1M55_RS32330,MGAPAKTTADKSAARREQAAALHESITAKVAQLTDTDAWAAYLTAAQRSTPTASTTSC,58,hypothetical protein, ,Derived by automated computational analysis using gene prediction method: GeneMarkS-2+.,OG0000589,Cloud,group_823,Cloud,Cloud,Cloud
GCF_002893965.1,C1M55_RS32335,MQNIRLRTATDVLAAIPALLGFVPANSVVMIALTDHPRACREPMSSVPMRQPTTASHLSKP,61,duf4192 family protein, ,Derived by automated computational analysis using gene prediction method: Protein Homology.,OG0000585,Cloud,group_609,Cloud,Cloud,Cloud
GCF_002893965.1,C1M55_RS32345,MRNANQPGCQEFHHSTMGTSQGVQIFQLSPSPYGGIGIMTIVS,43,hypothetical protein, ,Derived by automated computational analysis using gene prediction method: GeneMarkS-2+.,OG0000590,Cloud,group_1722,Cloud,Cloud,Cloud
GCF_002893965.1,C1M55_RS00500,MAAEARIVDTVSVEDSRASDPRVASKTEQKDAPKAGAVDLTSADTVGLTSVKPAQRSVPRWAYSEVPLSR,70,hypothetical protein, ,Derived by automated computational analysis using gene prediction method: Protein Homology.,OG0000283,Shell,,,Cloud,Cloud
GCF_002893965.1,C1M55_RS00505,MGLLRGAAVAVAAGGTAEQVAKAEAILAEARRALFEMLAEKPADAQQAHAESTATLPAE,59,hypothetical protein, ,Derived by automated computational analysis using gene prediction method: Protein Homology.,OG0000228,Shell,group_2177,Shell,Shell,Shell
GCF_002893965.1,C1M55_RS00575,MSNISFDSISNSAPANALQGVGTNALVDNPFTFEPVAEATSAHALQGVGTNALVDNPFSFQS,62,streptamidine-related ripp repeat protein, ,Derived by automated computational analysis using gene prediction method: Protein Homology.,OG0000093,Soft core,group_2291,Soft core,Shell,Soft core
GCF_002893965.1,C1M55_RS32035,MFNDVFNNVIHPMVTNFQQLGPQQFIPQQFIPQGVFQQAPQAAEQAVTIFGS,52,hypothetical protein, ,Derived by automated computational analysis using gene prediction method: Protein Homology.,OG0000075,Soft core,group_2178,Soft core,Shell,Soft core
GCF_002893965.1,C1M55_RS31685,MACLERSALPQVAVIEELPTDTLIRLGDKPMHVHAADIVAVRAVSGYGDQVGLERTGR,58,hypothetical protein, ,Derived by automated computational analysis using gene prediction method: GeneMarkS-2+.,OG0000280,Shell,group_2056,Cloud,Cloud,Cloud
GCF_002893965.1,C1M55_RS01670,MGIADKAQNKAEDLGGKAKEAAGSATGDRDLENEGKGDQVKSAVKDAGEKVKDAASSIKDKLT,63,csbd family protein, ,Derived by automated computational analysis using gene prediction method: Protein Homology.,OG0000011,Conserved,group_2411,Conserved,Shell,Shell
GCF_002893965.1,C1M55_RS32350,MLTVTEGVLATLLVMQSIAWIVTDYRRFDTKPSGVTEHGRQ,41,hypothetical protein, ,Derived by automated computational analysis using gene prediction method: GeneMarkS-2+.,OG0000815,Cloud,group_1840,Cloud,,Cloud
GCF_002893965.1,C1M55_RS31695,MTASAALHAEDSRTTATVEEIAATQLDSVRRALEVTPEQDAFLAGAAAALRTARHIE,57,hypothetical protein, ,Derived by automated computational analysis using gene prediction method: GeneMarkS-2+.,OG0000816,Cloud,group_882,Cloud,,Cloud
GCF_002893965.1,C1M55_RS01780,MGEPRLLNAVEAGKLLGVNESTVRKLWCSGDLKCVHIGRGRKVSTTEIQRYINDHERFEVSPS,63,helix-turn-helix domain-containing protein, ,Derived by automated computational analysis using gene prediction method: Protein Homology.,OG0000071,Soft core,group_446,Cloud,Cloud,Cloud
GCF_002893965.1,C1M55_RS32040,MADLTLLTDDELRERRIALSRSLTTAADLIPTPPPSFFEKLKQDIDAAAAEWIARRY,57,hypothetical protein, ,Derived by automated computational analysis using gene prediction method: Protein Homology.,OG0000076,Soft core,group_2322,Soft core,Soft core,Soft core
GCF_002893965.1,C1M55_RS02520,MTTPVNPTPRRWASKREAAQHAGGYTERTIDRWIKEKRLPSYRVGRNIRIDLYELDRLIESNAA,64,helix-turn-helix domain-containing protein, ,Derived by automated computational analysis using gene prediction method: Protein Homology.,OG0000200,Shell,group_1965,Cloud,Cloud,Cloud
GCF_002893965.1,C1M55_RS02580,MSEISRPRIPLVKPAEVAAYLGKTVQGLAVWRMNGIGPKFIKFDNGSVRYRWSDVDAWLEKQEVGGK,67,helix-turn-helix domain-containing protein, ,Derived by automated computational analysis using gene prediction method: Protein Homology.,OG0000311,Cloud,group_1966,Cloud,,Cloud
GCF_002893965.1,C1M55_RS32045,MSEITSWEYTVTPLLVHNPKAILDNWGVDGWELVAVLPSASGEQHVAYMKRPKG,54,hypothetical protein, ,Derived by automated computational analysis using gene prediction method: Protein Homology.,OG0000012,Conserved,group_2273,Conserved,Soft core,Soft core
GCF_002893965.1,C1M55_RS02830,MISKTLRTVSARFALLVAEDDGMSTAEYAIGTIAAAAFGAVLYTVVTGDSIVSALTGIIDKALKTAV,67,duf4244 domain-containing protein, ,Derived by automated computational analysis using gene prediction method: Protein Homology.,OG0000094,Soft core,group_2136,Soft core,Soft core,Soft core
GCF_002893965.1,C1M55_RS02850,MAQGTVKWFNAEKGFGFIAPEDGSADVFVHYSEIQGNGFRTLEENQRVEFEVGQGTKGPQATGVRAV,67,cold-shock protein, ,Derived by automated computational analysis using gene prediction method: Protein Homology.,OG0000013,Conserved,group_128,Conserved,Soft core,Soft core
GCF_002893965.1,C1M55_RS02885,MADSLKARVKEKLLRQLAEDGRHPIQEAEGDDPRLVSINDDLEALEQAEEGDPIVEELAERYWVP,65,hypothetical protein, ,Derived by automated computational analysis using gene prediction method: Protein Homology.,OG0000014,Conserved,group_2342,Conserved,Soft core,Soft core
GCF_002893965.1,C1M55_RS32050,MGSADVMAWLAEGYLAGDPIRYPLYVGSMFLAMPFQLIGVILGHPF,46,hypothetical protein, ,Derived by automated computational analysis using gene prediction method: Protein Homology.,OG0000061,Soft core,group_1542,Soft core,Soft core,Soft core
GCF_002893965.1,C1M55_RS31705,MATTAAVQNPTRSRARTMSLSEYVAEHPAQRVFPPTSERAARMAMLIMFALMAVTLVVLVLDEAGIFG,68,hypothetical protein, ,Derived by automated computational analysis using gene prediction method: GeneMarkS-2+.,OG0000095,Soft core,group_53,Soft core,Soft core,Soft core
GCF_002893965.1,C1M55_RS32055,MTSAVEYPGVVTTSNCAEGGSHSLSAGIFVTVAVYRIAGRPEMVKFVGPP,50,hypothetical protein, ,Derived by automated computational analysis using gene prediction method: Protein Homology.,OG0000239,Shell,group_2037,Shell,Shell,Shell
GCF_002893965.1,C1M55_RS03690,MALAYSPDTSIDSTRLAFLAAAVVLFAMLALYLVGFDQGAISRTGMYMHELMHDGRHLMGLPCH,64,cbtb domain-containing protein, ,Derived by automated computational analysis using gene prediction method: Protein Homology.,OG0000008,Conserved,group_2468,Conserved,Core,Conserved
GCF_002893965.1,C1M55_RS04115,MNAYICPICDYTYTESTGAAREGFPPGTPWSSIPDDWCCPDCGVREKVDFTLVTQS,56,rubredoxin, ,Derived by automated computational analysis using gene prediction method: Protein Homology.,OG0000096,Soft core,group_2166,Soft core,Soft core,Soft core
GCF_002893965.1,C1M55_RS04120,MSETATAYKLFRCLQCGFEYDEAIGWPDDGIEPGTRWDEIPEDWSCPDCGAAKVDFEMVEVNR,63,rubredoxin, ,Derived by automated computational analysis using gene prediction method: Protein Homology.,OG0000097,Soft core,group_421,Soft core,Soft core,Soft core
GCF_002893965.1,C1M55_RS32060,MKNPNLTPSRVLAVVLAAALVIFVIARRRDDGALSRGEWLSDTVGPDDLAG,51,hypothetical protein, ,Derived by automated computational analysis using gene prediction method: Protein Homology.,OG0000077,Soft core,group_2167,Soft core,Soft core,Soft core
GCF_002893965.1,C1M55_RS04750,MEVRVDLDRCEANGVCVGIAPDIFDLDDNEELVISSVRPPEDRWEDVRSAIAQCPRAALTEHP,63,ferredoxin, ,Derived by automated computational analysis using gene prediction method: Protein Homology.,OG0000005,Conserved,group_423,Soft core,Soft core,Soft core
GCF_002893965.1,C1M55_RS32070,MAENTTVETEIADEDLEPVADETARQAQRVVAAYAEDADECRMLLSMLGISPAAKLD,57,hypothetical protein, ,Derived by automated computational analysis using gene prediction method: Protein Homology.,OG0000015,Conserved,group_2168,Soft core,Soft core,Soft core
GCF_002893965.1,C1M55_RS05495,MTKFLVPGVASAVIGAVLGAGVIFGVTAAASDNTRPEIDRSGNADSSVLNQVEYGSR,57,duf2613 domain-containing protein, ,Derived by automated computational analysis using gene prediction method: Protein Homology.,OG0000016,Conserved,group_855,Soft core,Soft core,Soft core
GCF_002893965.1,C1M55_RS32015,MVGLIVLAALVLASVLVGFVFRRPIAEAKSAVLAFDDASSQPQRD,45,hypothetical protein, ,Derived by automated computational analysis using gene prediction method: GeneMarkS-2+.,OG0000098,Soft core,group_2198,Soft core,Soft core,Soft core
GCF_002893965.1,C1M55_RS31715,MAYTSSIAANATTGPLTDLAKVLGPIAGIVSGIAAVATIAALFGGNSAS,49,hypothetical protein, ,Derived by automated computational analysis using gene prediction method: GeneMarkS-2+.,OG0000265,Shell,group_1373,Cloud,Shell,Shell
GCF_002893965.1,C1M55_RS32075,MPERGQSRVDAGIIAVVAVITGVFVALTGHGLVAALATVVGLALGMAIVRYLIKGR,56,hypothetical protein, ,Derived by automated computational analysis using gene prediction method: Protein Homology.,OG0000078,Soft core,group_2220,Soft core,Soft core,Soft core
GCF_002893965.1,C1M55_RS05800,MMRIVTLIVLIWLIVGAVAAGQRGYYSSSPTNCAGVGTIALTVIAGPLNYFGVNPKVTDCTLPQPTE,67,hypothetical protein, ,Derived by automated computational analysis using gene prediction method: Protein Homology.,OG0000017,Conserved,group_129,Soft core,Soft core,Soft core
GCF_002893965.1,C1M55_RS32385,MIILGVILLIIGFVVNIPILWTIGVVLLVIGIILYALGAAGHAIGGRRHYY,51,duf6131 family protein, ,Derived by automated computational analysis using gene prediction method: Protein Homology.,OG0000000,Conserved,group_1229,Soft core,Soft core,Soft core
GCF_002893965.1,C1M55_RS32080,MTDKDDNDQSPKGGHPGPVDKGGDGGMATREQAPELVEETSGEKSDDE,48,hypothetical protein, ,Derived by automated computational analysis using gene prediction method: Protein Homology.,OG0000018,Core,group_2221,Soft core,Soft core,Soft core
GCF_002893965.1,C1M55_RS05965,MSMRRCSLASGRALRTARFGVATFRRGRKAIDRRPSGLVWIERALAAPAGSV,52,hypothetical protein, ,Derived by automated computational analysis using gene prediction method: GeneMarkS-2+.,OG0000142,Shell,group_2080,Shell,Shell,Shell
GCF_002893965.1,C1M55_RS32085,MIVLGIILALIGFFTGLSILTTVGIILVVVGAVLSILGATGRAVGGRKVWY,51,duf6131 family protein, ,Derived by automated computational analysis using gene prediction method: Protein Homology.,OG0000000,Conserved,group_1230,Soft core,Soft core,Soft core
GCF_002893965.1,C1M55_RS32090,MPAPIMAPAAALAEPVVWNEDPQRQGWWKRILAATPPENPTNEEFQP,47,hypothetical protein, ,Derived by automated computational analysis using gene prediction method: Protein Homology.,OG0000118,Soft core,group_2222,Soft core,Soft core,Soft core
GCF_002893965.1,C1M55_RS06375,MGALSPTHWAIVAVVLVVLFGSKKLPDAARGLGRSMRILKSEVGELQSDTDLALEPRD,58,sec-independent protein translocase subunit tata, ,Derived by automated computational analysis using gene prediction method: Protein Homology.,OG0000019,Conserved,tatA,Soft core,Soft core,Soft core
GCF_002893965.1,C1M55_RS06420,MAQGSVKWFNGEKGFGFIEQEGGGPDVFVHYSEIQGSGYKSLDEGQKVEFEIGQGQKGPQAQNVRAI,67,cold-shock protein, ,Derived by automated computational analysis using gene prediction method: Protein Homology.,OG0000069,Soft core,group_130,Soft core,Soft core,Soft core
GCF_002893965.1,C1M55_RS32395,MSADSRGTSTQTRREYQMFVLQQRLLFGSILAGTALGVLAINYF,44,hypothetical protein, ,Derived by automated computational analysis using gene prediction method: GeneMarkS-2+.,OG0000122,Soft core,group_2138,Soft core,Soft core,Soft core
GCF_002893965.1,C1M55_RS32095,MTTIDIPPTQGESTTGIGITVASATLTTEEVKRRIAMMYGDPVTEEPVALAH,52,hypothetical protein, ,Derived by automated computational analysis using gene prediction method: Protein Homology.,OG0000002,Conserved,group_2274,Soft core,Soft core,Soft core
GCF_002893965.1,C1M55_RS06495,MSEQNSTDRTDQTDEPQTTGTDHGPGTGSDTAPKDVQTDPSGERTWADEGGASSTGPATDTD,62,pi-type proteinase, ,Derived by automated computational analysis using gene prediction method: Protein Homology.,OG0000020,Core,group_2297,Soft core,Soft core,Soft core
GCF_002893965.1,C1M55_RS06535,MTTSTVGLLAGLLLGVAAAAGGFTGFLIALVLGVIGYLVGGQRDGEFDLGVMLKGRGRG,59,hypothetical protein, ,Derived by automated computational analysis using gene prediction method: Protein Homology.,OG0000099,Soft core,group_732,Soft core,Soft core,Soft core
GCF_002893965.1,C1M55_RS32400,MDVAVALCVTVLLATVTSMAIAIVVTLIMCASVSVVSRMW,40,hypothetical protein, ,Derived by automated computational analysis using gene prediction method: GeneMarkS-2+.,OG0000187,Shell,group_2158,Soft core,Shell,Shell
GCF_002893965.1,C1M55_RS06560,MSDFIDKAKHRAEDLIGEAKEKFGNATGNDDLAAEGVADQGEAKVKKAGDTVSDKVSDIKDKFTS,65,csbd family protein, ,Derived by automated computational analysis using gene prediction method: Protein Homology.,OG0000074,Soft core,group_2191,Soft core,Soft core,Soft core
GCF_002893965.1,C1M55_RS32420,MGSLGNLLKANGMGWGILQLLPLVNMLKTLQGLDTASSNS,40,hypothetical protein, ,Derived by automated computational analysis using gene prediction method: GeneMarkS-2+.,OG0000080,Soft core,group_2512,Soft core,Soft core,Soft core
GCF_002893965.1,C1M55_RS32425,MGSFEDFSGVVKTFIPVLKDLFTALGGGSLTPGTGSAADK,40,hypothetical protein, ,Derived by automated computational analysis using gene prediction method: GeneMarkS-2+.,OG0000108,Soft core,group_2511,Soft core,Soft core,Soft core
GCF_002893965.1,C1M55_RS07285,MFGSLSTLGPLLTALGAFLKSVPTESLSGKGEGSSTGSLSGLSSGSAE,48,hypothetical protein, ,Derived by automated computational analysis using gene prediction method: Protein Homology.,OG0000081,Soft core,group_2510,Soft core,Soft core,Soft core
GCF_002893965.1,C1M55_RS32430,MGSLDTGSLSTESLEDLNLGKISELLKLGITAVSFITALNSLS,43,hypothetical protein, ,Derived by automated computational analysis using gene prediction method: GeneMarkS-2+.,OG0000067,Soft core,group_2503,Soft core,Soft core,Soft core
GCF_002893965.1,C1M55_RS07660,MDEGTWTRGRAWALSIALVALPYYRDTNEQITAWAKHAIAQVVDDVHTEL,50,hypothetical protein, ,Derived by automated computational analysis using gene prediction method: Protein Homology.,OG0000155,Shell,group_2238,Shell,Shell,Shell
GCF_002893965.1,C1M55_RS07755,MTFESNTPRPFTRSNDKKMFAGVCGGIADYFGADVNLVRLLAVIAAICTGGTAALVYLAAWMLMPLG,67,pspc domain-containing protein, ,Derived by automated computational analysis using gene prediction method: Protein Homology.,OG0000021,Conserved,group_2380,Conserved,Soft core,Soft core
GCF_002893965.1,C1M55_RS08275,MGSSHDGKPAVAGTQFLTVAEVATLMRVSKMTVYRLVHSGELPAVRVGRSFRVHAKAVHDYLETSYFDAG,70,helix-turn-helix domain-containing protein, ,Derived by automated computational analysis using gene prediction method: Protein Homology.,OG0000071,Soft core,,,Soft core,Soft core
GCF_002893965.1,C1M55_RS08280,MGSVIKKRRKRMSKKKHRKLLRRTRVQRRKLGK,33,aurkaip1/cox24 domain-containing protein, ,Derived by automated computational analysis using gene prediction method: Protein Homology.,OG0000022,Conserved,group_1939,Conserved,Conserved,Conserved
GCF_002893965.1,C1M55_RS32100,MSSQEALRTESTHDAPLRQRGSRTEVILFAILGASVLVTLLMLMIPGIVSG,51,hypothetical protein, ,Derived by automated computational analysis using gene prediction method: Protein Homology.,OG0000100,Soft core,group_1231,Soft core,Soft core,Soft core
GCF_002893965.1,C1M55_RS08460,MLYLLALVGLVTLIVLMWKAFGPDPSTRTPVSGVRGPDDDPEFLWNVNQQTRRKRTEGPDVPPTDAST,68,hypothetical protein, ,Derived by automated computational analysis using gene prediction method: Protein Homology.,OG0000023,Conserved,group_2362,Soft core,Conserved,Soft core
GCF_002893965.1,C1M55_RS08465,MSAPTFNTAADALMTPGQVAALFHVDPKTVTRWAHAGRLGSLRTPGGHRRFRETEVMQLLRSLTTEADNN,70,bldc family transcriptional regulator, ,Derived by automated computational analysis using gene prediction method: Protein Homology.,OG0000068,Soft core,,,Soft core,Soft core
GCF_002893965.1,C1M55_RS08665,MASSTDVRPKITLACEVCKHRNYITKKNRRNDPDRLELKKFCPNCGTHQSHRESK,55,50s ribosomal protein l33, ,Derived by automated computational analysis using gene prediction method: Protein Homology.,OG0000024,Conserved,rpmG,Conserved,Soft core,Soft core
GCF_002893965.1,C1M55_RS08800,MAGKKLDRTNARTALEVVRESPTIAFITVAPAVVVFGVVWWLFGFWAAILLALVFGVAAVATQKLR,66,hypothetical protein, ,Derived by automated computational analysis using gene prediction method: Protein Homology.,OG0000025,Conserved,group_2209,Conserved,Soft core,Soft core
GCF_002893965.1,C1M55_RS08945,MNSTTVGLLVGLLLALAGIMGGFSGFVFAVLLGAAGMAIGAHRDGHLDLGAILRSRGRG,59,hypothetical protein, ,Derived by automated computational analysis using gene prediction method: Protein Homology.,OG0000026,Conserved,group_2303,Conserved,Soft core,Soft core
GCF_002893965.1,C1M55_RS09075,MRLSTRNQLTGTITEVNLGTVMATVKVKLDGGNQIVTSSITRDAALDLDLEPGQAATVFVKSTEVTIGVE,70,tobe domain-containing protein, ,Derived by automated computational analysis using gene prediction method: Protein Homology.,OG0000064,Soft core,,,Soft core,Soft core
GCF_002893965.1,C1M55_RS09080,MTEPVKGPASYFPSIEKKYGRPIGEWQELIRSSDLTKHMELVNWLKSEHGMGHGHANALVAHTLKEG,67,duf4287 domain-containing protein, ,Derived by automated computational analysis using gene prediction method: Protein Homology.,OG0000027,Conserved,group_2329,Soft core,Soft core,Soft core
GCF_002893965.1,C1M55_RS09095,MSDRDNKALENDLVEESLVEEVSIDGMCGVY,31,mycofactocin precursor mfta, ,"Mycofactocin is a small molecule electron carrier derived from the final two amino acids, Val-Tyr, of MftA, the mycofactocin precursor. It plays a role in redox homeostasis and the metabolism of alcohols and aldehydes in Actinobacteria, including Mycobacterium tuberculosis; Derived by automated computational analysis using gene prediction method: Protein Homology.",OG0000009,Conserved,group_2326,Conserved,Soft core,Soft core
GCF_002893965.1,C1M55_RS09440,MAKKALVNKANKKPKFAVRAYTRCQRCGRPHSVFRKFGLCRICVREMAHAGELPGVRKSSW,61,type z 30s ribosomal protein s14, ,Derived by automated computational analysis using gene prediction method: Protein Homology.,OG0000028,Conserved,group_2294,Conserved,Soft core,Soft core
GCF_002893965.1,C1M55_RS09465,MADLKVTQIKSIIGTKQNQKDSLRTLGLKGIRQTVVREDNAQNRGLINVVRHLVTVEEV,59,50s ribosomal protein l30, ,Derived by automated computational analysis using gene prediction method: Protein Homology.,OG0000029,Conserved,rpmD,Conserved,Soft core,Soft core
GCF_002893965.1,C1M55_RS09495,MKVQPSVKKICEKCKVIRRNGRVMVICENLRHKQRQG,37,50s ribosomal protein l36, ,Derived by automated computational analysis using gene prediction method: Protein Homology.,OG0000030,Conserved,rpmJ,Conserved,Soft core,Soft core
GCF_002893965.1,C1M55_RS32435,MTIFEWILAIPALALAVAFLFSGIISAGIDFDAEDGVMTH,40,hypothetical protein, ,Derived by automated computational analysis using gene prediction method: GeneMarkS-2+.,OG0000082,Soft core,group_2186,Soft core,Soft core,Soft core
GCF_002893965.1,C1M55_RS31730,MAEVRSTRRVNAPWTVERRIGGDNKPLAVLQLGTRSGVSISLYADEVAQLATALTDYLDSLD,62,hypothetical protein, ,Derived by automated computational analysis using gene prediction method: GeneMarkS-2+.,OG0000689,Cloud,group_498,Cloud,Cloud,Cloud
GCF_002893965.1,C1M55_RS10370,MPRIRVNDTDRVEAAKAVQALKTNNHQNFRATVDEAFQRYGGVERLIYALSEELANHNETETKE,64,hypothetical protein, ,Derived by automated computational analysis using gene prediction method: GeneMarkS-2+.,OG0000690,Cloud,group_2180,Cloud,Cloud,Cloud
GCF_002893965.1,C1M55_RS10380,MTDPLMQATVRPSQYSPPQPELKPMTPAPTQPSTGDSAKLDAIIADQKKMGRQLRLVTDLLVSALEDRVL,70,hypothetical protein, ,Derived by automated computational analysis using gene prediction method: GeneMarkS-2+.,OG0000801,Cloud,,,Cloud,Cloud
GCF_002893965.1,C1M55_RS10425,MLELHTPNEAAAIAKCHPNMIYTALQSGELKGIQRKFKGRWLIENSELEKWLLGM,55,helix-turn-helix domain-containing protein, ,Derived by automated computational analysis using gene prediction method: Protein Homology.,OG0000207,Shell,group_2292,Cloud,Cloud,Cloud
GCF_002893965.1,C1M55_RS32450,MNYTDGYFLRQDLDKANNWLKKKAEAAKADKAKRKAEKKARKHT,44,hypothetical protein, ,Derived by automated computational analysis using gene prediction method: GeneMarkS-2+.,OG0001298,,group_1667,Cloud,,Probably not conserved
GCF_002893965.1,C1M55_RS31740,MNKSPKNMTIEELTSTIQYLKDLKAQRIAEKQSLVDAMEELEEAINDTIEK,51,hypothetical protein, ,Derived by automated computational analysis using gene prediction method: GeneMarkS-2+.,OG0000710,Cloud,group_1252,Cloud,,Cloud
GCF_002893965.1,C1M55_RS10510,MSNYAEKRFEYNEYLARLDKEQLIWIINKWMDTSEDDDLEDFDSEEELQEIIEIATEGGEQE,62,hypothetical protein, ,Derived by automated computational analysis using gene prediction method: GeneMarkS-2+.,OG0001299,,group_531,Cloud,,Probably not conserved
GCF_002893965.1,C1M55_RS32300,MSKVSQALRAYKAKQDQQEQPAPKVTPENQDPRDFKGFKVYRVTPDHRETQDQSACQESKENLDRRAFEV,70,hypothetical protein, ,Derived by automated computational analysis using gene prediction method: GeneMarkS-2+.,OG0001300,,,,,Probably not conserved
GCF_002893965.1,C1M55_RS31750,MTDSESPLITSLFKAAEVLDKRTTASLLGEFRQIMRELHRRKPGVPLAEKLDEFDEMMLNFK,62,hypothetical protein, ,Derived by automated computational analysis using gene prediction method: GeneMarkS-2+.,OG0001301,,group_532,Cloud,,Probably not conserved
GCF_002893965.1,C1M55_RS10565,MAASFPSYDEQDLLNDVIMQQAKDKASFCLATGVQPSEYDELTQIEINAFIAEANRRAKKGA,62,hypothetical protein, ,Derived by automated computational analysis using gene prediction method: GeneMarkS-2+.,OG0001302,,group_533,Cloud,,Probably not conserved
GCF_002893965.1,C1M55_RS11000,MSSYRCPVCEYVYDESKGAPREGFPAGTPWDAVPDDWCCPDCGVREKLDFEPMPATAGSES,61,rubredoxin, ,Derived by automated computational analysis using gene prediction method: Protein Homology.,OG0000053,Core,group_2279,Soft core,,Soft core
GCF_002893965.1,C1M55_RS11005,MNDYKLYQCAQCGFEYDEAVGWPEDGIEPGTRWDDIPEDWSCPDCGAAKSDFFMVEVERR,60,rubredoxin, ,Derived by automated computational analysis using gene prediction method: Protein Homology.,OG0000007,Conserved,group_2155,Soft core,,Soft core
GCF_002893965.1,C1M55_RS11525,MNGTNTLAGAEFVLKLMAAWELEFHDLFKDTPPKPRRLQASEKRLASSQRMKVPA,55,hypothetical protein, ,Derived by automated computational analysis using gene prediction method: GeneMarkS-2+.,OG0001303,,group_1021,Cloud,,Probably not conserved
GCF_002893965.1,C1M55_RS11530,MPTQDITPELQAAVDRFDDVFDFHYPHLRVPGKVGVVREGCTVKALDAATDLFIDSLPVSVIL,63,hypothetical protein, ,Derived by automated computational analysis using gene prediction method: GeneMarkS-2+.,OG0000817,Cloud,group_447,Cloud,,Cloud
GCF_002893965.1,C1M55_RS31765,MSLYFRDTCTCSGPVPGWSQHEAWCGTREDRGGPYNRWSHPDANVPTETPKDAA,54,hypothetical protein, ,Derived by automated computational analysis using gene prediction method: GeneMarkS-2+.,OG0000379,Cloud,group_2514,Cloud,Cloud,Cloud
GCF_002893965.1,C1M55_RS11570,MNRPAMLRATICTPWGYYAPGMQVTAVRIEGPTVTICLDNNHHPAGVCHFVRVPRTQVTIAHDRQTQAA,69,hypothetical protein, ,Derived by automated computational analysis using gene prediction method: GeneMarkS-2+.,OG0000374,Cloud,group_14,Cloud,Cloud,Cloud
GCF_002893965.1,C1M55_RS31775,MTVLAFRSRGRHRTGVPALELIASARAVNAPVCGNCTSINLSAHTDPGFGDYFVCEDCMTQLDTDGSRI,69,hypothetical protein, ,Derived by automated computational analysis using gene prediction method: GeneMarkS-2+.,OG0000818,Cloud,group_15,Cloud,,Cloud
GCF_002893965.1,C1M55_RS11595,MKTLASHCDRLESLALMDDLTDRHERMERRKLWRGRTYVAVTLTGLCITFAYTLTGYLNGYAA,63,hypothetical protein, ,Derived by automated computational analysis using gene prediction method: GeneMarkS-2+.,OG0000380,Cloud,group_2513,Cloud,Cloud,Cloud
GCF_002893965.1,C1M55_RS11630,MSEIKVGDLVDLKPEVMFGRIGPPLKVTRITRNWLYARREGRLAVAVQVRIDDVTPAKPEGVTS,64,hypothetical protein, ,Derived by automated computational analysis using gene prediction method: GeneMarkS-2+.,OG0000819,Cloud,"group_1967, group_1969",Cloud,,Cloud
GCF_002893965.1,C1M55_RS11650,MSDLETRLRDALQTAARNEILRNPNSATQFKAQTKPNQDRIIQAYSAWVLPTILPIIKEYAGDH,64,hypothetical protein, ,Derived by automated computational analysis using gene prediction method: GeneMarkS-2+.,OG0000494,Cloud,"group_2507, group_2386",Cloud,Cloud,Cloud
GCF_002893965.1,C1M55_RS31785,MTSISITVKSAQLGDITIELEPFTREIGDSEADTIDTLISNATASIRRAYKIA,53,hypothetical protein, ,Derived by automated computational analysis using gene prediction method: GeneMarkS-2+.,OG0000820,Cloud,group_1131,Cloud,,Cloud
GCF_002893965.1,C1M55_RS31790,MQSLQDQLDQNEWDLEQARRAGNPNAIDTLLDQRNILLADIHNTRTTR,48,hypothetical protein, ,Derived by automated computational analysis using gene prediction method: GeneMarkS-2+.,OG0000591,Cloud,group_2493,Cloud,Cloud,Cloud
GCF_002893965.1,C1M55_RS31795,MRWRRRQRAENETVTEARLLDEEVDKRLAASRRARPDHERRGQRVQDQMVRNHFGELFRLSMEGR,65,hypothetical protein, ,Derived by automated computational analysis using gene prediction method: GeneMarkS-2+.,OG0000495,Cloud,"group_2487, group_2015",Cloud,Cloud,Cloud
GCF_002893965.1,C1M55_RS32110,MAFEPDPDTGQPGTVKLADGRWAYRWKDAPDAELIIMKQPETPAESAE,48,hypothetical protein, ,Derived by automated computational analysis using gene prediction method: Protein Homology.,OG0000119,Shell,"group_1968, group_1970",Cloud,,Cloud
GCF_002893965.1,C1M55_RS31810,MSIYFRDTCTCSGPVPGWNQHESWCGTREDRGGPYNGWSHPDANLPTETPKDAA,54,hypothetical protein, ,Derived by automated computational analysis using gene prediction method: GeneMarkS-2+.,OG0000379,Cloud,group_2280,Cloud,Cloud,Cloud
GCF_002893965.1,C1M55_RS11940,MIREASLRVPITHPNIGTYSALSEVTIVHKDEHGYTICLDNGHPRGGLCHLAVVQRNQLYIPHEKREAA,69,hypothetical protein, ,Derived by automated computational analysis using gene prediction method: GeneMarkS-2+.,OG0000374,Cloud,group_8,Cloud,,Cloud
GCF_002893965.1,C1M55_RS11960,MTVLAFRSRGRHRTGVPALELIASARTVNAPVCGNCTSINLSEHTDPGFGDYFVCEDCMTQLDTDGSRI,69,hypothetical protein, ,Derived by automated computational analysis using gene prediction method: GeneMarkS-2+.,OG0000818,Cloud,group_16,Cloud,,Cloud
GCF_002893965.1,C1M55_RS31815,MRSLASHCDRLESLALMDDLTDRRERLERRKLWRGRTYVAVTIAGLCICFAYTMTGYLNGYAA,63,hypothetical protein, ,Derived by automated computational analysis using gene prediction method: GeneMarkS-2+.,OG0000380,Cloud,group_2412,Cloud,Cloud,Cloud
GCF_002893965.1,C1M55_RS11980,MSANHIEALAKALYENGNPQHTAADRAMLGPFEELDLLQQTIWIDLANAAHNHLTQAGAQ,60,hypothetical protein, ,Derived by automated computational analysis using gene prediction method: GeneMarkS-2+.,OG0000592,Cloud,group_2436,Cloud,Cloud,Cloud
GCF_002893965.1,C1M55_RS12000,MSEIKVGDLVDLKPEVMFGRIGPPLKVTRITRNWLYARREGRLAVAVQVRIDDVTPAKPEGVTS,64,hypothetical protein, ,Derived by automated computational analysis using gene prediction method: GeneMarkS-2+.,OG0000819,Cloud,"group_1967, group_1969",Cloud,,Cloud
GCF_002893965.1,C1M55_RS12020,MSDLETRLRDALQTAARNEILRNPNSATQFKAQTKPNQDRIIQAYSAWVLPTILPIIKEYAGDH,64,hypothetical protein, ,Derived by automated computational analysis using gene prediction method: GeneMarkS-2+.,OG0000494,Cloud,"group_2507, group_2386",Cloud,Cloud,Cloud
GCF_002893965.1,C1M55_RS31825,MTNVRITVSSEELGNTTIDIDPFTRDIGENERDCIERLLENALRMTRRAYELKQPT,56,hypothetical protein, ,Derived by automated computational analysis using gene prediction method: GeneMarkS-2+.,OG0000820,Cloud,group_941,Cloud,,Cloud
GCF_002893965.1,C1M55_RS31830,MRWRRRQRAENETVTEARLLDEEVDKRLAASRRARPDHERRGQRVQDQMVRNHFGELFRLSMEGR,65,hypothetical protein, ,Derived by automated computational analysis using gene prediction method: GeneMarkS-2+.,OG0000495,Cloud,"group_2487, group_2015",Cloud,Cloud,Cloud
GCF_002893965.1,C1M55_RS32115,MAFEPDPDTGQPGTVKLADGRWAYRWKDAPDAELIIMKQPETPAESAE,48,hypothetical protein, ,Derived by automated computational analysis using gene prediction method: Protein Homology.,OG0000119,Shell,"group_1968, group_1970",Cloud,,Cloud
GCF_002893965.1,C1M55_RS12275,MATDPAPRSERKKILLRLDPAVHDALARWAADDLRSTNAQIEFLLRRALTEHGRMPKNAGKMHGPGRPPA,70,hypothetical protein, ,Derived by automated computational analysis using gene prediction method: Protein Homology.,OG0000114,Soft core,,,Shell,Shell
GCF_002893965.1,C1M55_RS12555,MSDLDSNTPSEPESQSEETKRKFREALERKNHQNAKSTDHRDGQSKVHNTHGPADHKREFRRKSG,65,duf5302 domain-containing protein, ,Derived by automated computational analysis using gene prediction method: Protein Homology.,OG0000031,Conserved,group_2470,Core,Soft core,Soft core
GCF_002893965.1,C1M55_RS12640,MAAVCDVCAKGPGFGKSVSHSHRRTNRRWNPNIQSVRTEVAPGNTRKVNVCTSCLKAGKVARG,63,50s ribosomal protein l28, ,Derived by automated computational analysis using gene prediction method: Protein Homology.,OG0000032,Conserved,rpmB,Conserved,Soft core,Soft core
GCF_002893965.1,C1M55_RS12680,MAVPKRKMSRSNTRSRRSQWKTTVPTLVTCPNRGCGEQTLPHIACPSCGTYKGRQVTAAV,60,50s ribosomal protein l32, ,Derived by automated computational analysis using gene prediction method: Protein Homology.,OG0000033,Conserved,group_2479,Conserved,Soft core,Soft core
GCF_002893965.1,C1M55_RS32120,MKVPAFHSTVPSDLDVYHDNESCILAARIAVSHRAPGVDGRPWCTACASLD,51,hypothetical protein, ,Derived by automated computational analysis using gene prediction method: Protein Homology.,OG0000083,Soft core,group_2187,Soft core,Soft core,Soft core
GCF_002893965.1,C1M55_RS32125,MFWKIVLAVVLVWVALAVVGALIKGLFWVLVVGAVGFGIYFLVKAMSGSDDNSPASRF,58,hypothetical protein, ,Derived by automated computational analysis using gene prediction method: Protein Homology.,OG0000034,Conserved,group_2296,Soft core,Soft core,Soft core
GCF_002893965.1,C1M55_RS13895,MRLTEFHEMVREEFGQVRGDSMLIDHVLQSLDGMTAAEAVEAGWEPREVWRALCVEFDVPPARR,64,duf3046 domain-containing protein, ,Derived by automated computational analysis using gene prediction method: Protein Homology.,OG0000035,Conserved,group_2481,Conserved,Soft core,Soft core
GCF_002893965.1,C1M55_RS14170,MPGTLTSPQLTAADRCDRCGAGARVRAVLPTGGELLFCGHHATEHADRLREMNAVVSESEPAI,63,hypothetical protein, ,Derived by automated computational analysis using gene prediction method: Protein Homology.,OG0000036,Conserved,group_2483,Conserved,Soft core,Soft core
GCF_002893965.1,C1M55_RS14540,MKIRFELMIGILLVVGGGCLWLFARDAEFFWFRGGPLGVILAIIGAFDIVNAVRTRETAIPERRND,66,hypothetical protein, ,Derived by automated computational analysis using gene prediction method: Protein Homology.,OG0000101,Soft core,group_2126,Soft core,Soft core,Soft core
GCF_002893965.1,C1M55_RS14670,MTLLARFDDRALGPDGAVIYRNRTVLLVRTKWGKIIEQEDYYEDTARIGDFDRRLREIEAGRACGTVVE,69,hypothetical protein, ,Derived by automated computational analysis using gene prediction method: Protein Homology.,OG0000308,Cloud,group_2128,Cloud,Cloud,Cloud
GCF_002893965.1,C1M55_RS15025,MAGIDSKFDKAYAGKSVEELADAPVAALNGVSDSDAEHLKAAFNIKTVRDLGTNKFFLWAQATAKLAE,68,hypothetical protein, ,Derived by automated computational analysis using gene prediction method: Protein Homology.,OG0000070,Soft core,group_2484,Soft core,Soft core,Soft core
GCF_002893965.1,C1M55_RS15825,MAQEQTQRAGGGEDDETTGGDGSAGQERREKLAAETDDLLDEIDDVLEENAEDFVRAYVQKGGQ,64,ubiquitin-like protein pup, ,Derived by automated computational analysis using gene prediction method: Protein Homology.,OG0000037,Conserved,group_340,Soft core,Soft core,Soft core
GCF_002893965.1,C1M55_RS16360,MAIDSTLLSILACPQDKGPLLLVGDELLYNPRLRRAYPIENGIPVLLIDEARDVADDEHEKLLARAEG,68,trm112 family protein, ,Derived by automated computational analysis using gene prediction method: Protein Homology.,OG0000038,Conserved,group_54,Soft core,Soft core,Soft core
GCF_002893965.1,C1M55_RS16455,MPKMKSHSGASKRFKVSGSGKLMRQKAGRRHLLEHKSSRVTRRLDGVAVVSPDDAPRIKRMLGI,64,50s ribosomal protein l35, ,Derived by automated computational analysis using gene prediction method: Protein Homology.,OG0000039,Conserved,group_2130,Soft core,Core,Soft core
GCF_002893965.1,C1M55_RS16805,MHVEVDLDLCQGHAACELEAPEIFVVPKRGKVSLLDSDPPESLRGEAEMAVRYCPTGALRIVD,63,ferredoxin, ,Derived by automated computational analysis using gene prediction method: Protein Homology.,OG0000001,Conserved,group_2270,Soft core,Soft core,Soft core
GCF_002893965.1,C1M55_RS32640,MVVSHAGVVNRLLWMQGSFRWVWGNVVLQKTPVSFDVVGVGVVLAVDGGCAVGGGGSGWAS,61,hypothetical protein, ,Derived by automated computational analysis using gene prediction method: Protein Homology.,OG0001304,,group_610,Cloud,,Probably not conserved
GCF_002893965.1,C1M55_RS32130,MSVLFTYLLFIGAGIAVGGAYSMFKVNKLASGILLALAVLAAVAGALRL,49,hypothetical protein, ,Derived by automated computational analysis using gene prediction method: Protein Homology.,OG0000040,Conserved,group_2410,Soft core,Conserved,Soft core
GCF_002893965.1,C1M55_RS32135,MNESSSGLFSDLSASEPVVDAKSAEQLAAERETAAAERSNTDTAEQRQSQLFSG,54,hypothetical protein, ,Derived by automated computational analysis using gene prediction method: Protein Homology.,OG0000084,Soft core,group_2262,Soft core,Soft core,Soft core
GCF_002893965.1,C1M55_RS32460,MLGIALGLGSAAVGIGLGLLGAGAGILLSDKTVKTARRELTA,42,hypothetical protein, ,Derived by automated computational analysis using gene prediction method: GeneMarkS-2+.,OG0000102,Soft core,group_2160,Soft core,Soft core,Soft core
GCF_002893965.1,C1M55_RS17310,MHAEVGDRLHVQGRVVGQAEVTAEVLEVHGEDGGPPYLVRYDNGHEALVFPGSDGWIDHPGKGS,64,duf1918 domain-containing protein, ,Derived by automated computational analysis using gene prediction method: Protein Homology.,OG0000041,Conserved,group_2499,Soft core,Conserved,Soft core
GCF_002893965.1,C1M55_RS32465,MTTYRYLDADRNLLEEKDFETEQDAQEYRLSVLGAEHIEPTDE,43,hypothetical protein, ,Derived by automated computational analysis using gene prediction method: Protein Homology.,OG0000054,Core,group_2400,Soft core,Core,Core
GCF_002893965.1,C1M55_RS17995,MTDEDRLWYFDVSDGSVTQGKGASSLTRMGPYPDRDSAEHALKIAAERNKAADRADEDWNN,61,hypothetical protein, ,Derived by automated computational analysis using gene prediction method: Protein Homology.,OG0000042,Conserved,group_592,Soft core,Core,Soft core
GCF_002893965.1,C1M55_RS32475,MKLALTEFKNSKATIRIIMSDGAKLNGTVTDFTEDTLVLNSPNGVYYINPSHIIRLFEPSDRAAK,65,hypothetical protein, ,Derived by automated computational analysis using gene prediction method: GeneMarkS-2+.,OG0000085,Soft core,group_2248,Soft core,Soft core,Soft core
GCF_002893965.1,C1M55_RS18380,MTVAGVVSVVLIAVAAALVIYLLVALVDPERF,32,k(+)-transporting atpase subunit f, ,Derived by automated computational analysis using gene prediction method: Protein Homology.,OG0000055,Core,kdpF,Soft core,Soft core,Soft core
GCF_002893965.1,C1M55_RS18525,MDRIADWWDSFELWMAGLPFIPQVALVLIVVVPLCRLVAIGLDRVLAAVLALPLFGWLRRNSREVEES,68,hypothetical protein, ,Derived by automated computational analysis using gene prediction method: Protein Homology.,OG0000056,Core,group_2078,Soft core,Soft core,Soft core
GCF_002893965.1,C1M55_RS32485,MRPILANGIDEWLGYIASSSPGTPVVQVLASAARVALNSPAATPDAIALIRRLQRIVPGDPALRNAW,67,hypothetical protein, ,Derived by automated computational analysis using gene prediction method: GeneMarkS-2+.,OG0000234,Shell,group_157,Shell,Shell,Shell
GCF_002893965.1,C1M55_RS32145,MKKALPKTLKSLARTVGILALAIVVVSVVERFTGAHQPTTGPASLTGPDQSL,52,hypothetical protein, ,Derived by automated computational analysis using gene prediction method: Protein Homology.,OG0000111,Soft core,group_2264,Soft core,Soft core,Soft core
GCF_002893965.1,C1M55_RS31845,MKSKPVHRAEAREDDVNLWGLAIFEEASDVAFSEIHTHPRQCLIRAHKSVAKSRCGARSAGLT,63,hypothetical protein, ,Derived by automated computational analysis using gene prediction method: GeneMarkS-2+.,OG0000241,Shell,group_2309,Shell,Shell,Shell
GCF_002893965.1,C1M55_RS32150,MSFLPFPTVIEGIETTGSAAIDGLGRLSVLLYDLLGGTGSATINAGS,47,hypothetical protein, ,Derived by automated computational analysis using gene prediction method: Protein Homology.,OG0000125,Shell,group_2228,Shell,Shell,Shell
GCF_002893965.1,C1M55_RS32155,MIAAPTTGALAVVLNTVLQMFNAGSSFLYTDNSPIGGGGETPTTPAP,47,hypothetical protein, ,Derived by automated computational analysis using gene prediction method: Protein Homology.,OG0000086,Soft core,group_2210,Soft core,Soft core,Soft core
GCF_002893965.1,C1M55_RS32160,MPTIPLTGDPIVINIIVQLLSAGSSNALALGGVGSSGLGSTGLGSFDSASLGSAA,55,hypothetical protein, ,Derived by automated computational analysis using gene prediction method: Protein Homology.,OG0000087,Soft core,group_1002,Soft core,Soft core,Soft core
GCF_002893965.1,C1M55_RS32505,MYIQTCTYDTEDRNMGSINTLSAVIDIIKVVQPLIAKLNLS,41,hypothetical protein, ,Derived by automated computational analysis using gene prediction method: GeneMarkS-2+.,OG0000109,Soft core,group_2041,Soft core,Soft core,Soft core
GCF_002893965.1,C1M55_RS19910,MAGKFAQKATGGADSLEKSLLSHALVITEMRDFFQQCVDRYGEVDDSNVSALASVETPR,59,hypothetical protein, ,Derived by automated computational analysis using gene prediction method: GeneMarkS-2+.,OG0000123,Soft core,group_2307,Soft core,Soft core,Soft core
GCF_002893965.1,C1M55_RS32315,MSTALLTIYVLIWPALVLVVLGVISKGFFKDWATARRNGEDLV,43,putative transporter small subunit, ,Derived by automated computational analysis using gene prediction method: Protein Homology.,OG0000088,Soft core,group_2364,Soft core,Soft core,Soft core
GCF_002893965.1,C1M55_RS20550,MAAMKPRTGDGPLEATKEGRGIVMRVPLEGGGRLVVELTPDEAAALGVELTNVTS,55,duf3117 domain-containing protein, ,Derived by automated computational analysis using gene prediction method: Protein Homology.,OG0000043,Conserved,group_1003,Soft core,Soft core,Soft core
GCF_002893965.1,C1M55_RS20655,MTEQDATFDPEAPESDALEQSTPVDPNAPEEPDLTDIPLDAPVADVVDQRVEVAVDDDYRPS,62,hypothetical protein, ,Derived by automated computational analysis using gene prediction method: Protein Homology.,OG0000057,Core,group_2211,Soft core,Soft core,Soft core
GCF_002893965.1,C1M55_RS32170,MYNWDLQNQIVAFVDSLRPMAGYYHDLYYGSLYAFADQQSHLLTLLGFPPVP,52,hypothetical protein, ,Derived by automated computational analysis using gene prediction method: Protein Homology.,OG0000058,Core,group_1175,Soft core,Soft core,Soft core
GCF_002893965.1,C1M55_RS32175,MGKVKASKVSQLKPKKKCCRKKTRCIKCPVVIMRMKKLENEGASKKELKAGLKKARAA,58,hypothetical protein, ,Derived by automated computational analysis using gene prediction method: Protein Homology.,OG0000044,Conserved,group_2365,Soft core,Soft core,Soft core
GCF_002893965.1,C1M55_RS32515,MGSMEGILGAVVQGLGSLFSADGLLKTFMGSVETISKDPTP,41,hypothetical protein, ,Derived by automated computational analysis using gene prediction method: GeneMarkS-2+.,OG0000103,Soft core,group_2051,Soft core,Soft core,Soft core
GCF_002893965.1,C1M55_RS20860,MTAKLTTAFRGTLWWVRSVMGDLDYQRYVEHTRRHHADSPVISEREFWRRRHAAADANPGARCC,64,ybdd/yjix family protein, ,Derived by automated computational analysis using gene prediction method: Protein Homology.,OG0000045,Conserved,group_2343,Soft core,Soft core,Soft core
GCF_002893965.1,C1M55_RS21110,MSTNSDQRPRLPVRIAYLAAGVLFVAAMLLLASVVNPDRDRDFSMNHVPAGTSTTAFAATSDLG,64,hypothetical protein, ,Derived by automated computational analysis using gene prediction method: Protein Homology.,OG0000104,Soft core,group_2149,Soft core,Soft core,Soft core
GCF_002893965.1,C1M55_RS32180,MTAFVLAKGSPMFDFFGAISGFFGLLFGTGSSSGSSGGSSDAPVAPPT,48,hypothetical protein, ,Derived by automated computational analysis using gene prediction method: Protein Homology.,OG0000268,Shell,,,Shell,Shell
GCF_002893965.1,C1M55_RS31860,MSNSDLTERIEQLRTSATDAYRQGDLGAMESWLQIIERYKAVATERGLI,49,hypothetical protein, ,Derived by automated computational analysis using gene prediction method: GeneMarkS-2+.,OG0000593,Cloud,group_1374,Cloud,,Cloud
GCF_002893965.1,C1M55_RS31865,MIRFLSRTEVAERIGVKPTSLGRYNLPEPDALTGDVRGWTKETIDKWNEERTKRS,55,xre family transcriptional regulator, ,Derived by automated computational analysis using gene prediction method: Protein Homology.,OG0000237,Shell,group_1022,Cloud,,Cloud
GCF_002893965.1,C1M55_RS21175,MPTRENNMNAYRTTDTTGSDMIVMGTSADNAREVATQILRDFAADYPAMIGSKTTIATVSGI,62,hypothetical protein, ,Derived by automated computational analysis using gene prediction method: GeneMarkS-2+.,OG0000381,Cloud,group_534,Cloud,,Cloud
GCF_002893965.1,C1M55_RS32185,MLRRNYDILGTISTGAVLAILSAPWPLWIVWGGIVAYQVQNRVRFRKPVGA,51,hypothetical protein, ,Derived by automated computational analysis using gene prediction method: Protein Homology.,OG0000401,Cloud,group_1253,Cloud,,Cloud
GCF_002893965.1,C1M55_RS31870,MRARPGAFSRHAVLGVPLQVPTDAERDRSSVGGALELSGTGAGLGGPPTSGVNIQSADHACRDR,64,hypothetical protein, ,Derived by automated computational analysis using gene prediction method: GeneMarkS-2+.,OG0001305,,group_369,Cloud,,Probably not conserved
GCF_002893965.1,C1M55_RS31875,MLDVETIMNGRGTGLVRVTIDGAEKAFLISAGALVTFHVPVGTLDEDPDE,50,hypothetical protein, ,Derived by automated computational analysis using gene prediction method: GeneMarkS-2+.,OG0001306,,group_1319,Cloud,,Probably not conserved
GCF_002893965.1,C1M55_RS21315,MSSEQLEIPTAEALSRYARELKEGGFSQPVIDQLVIHASEHLVLGRARRDECGQESGALRVKVIANA,67,hypothetical protein, ,Derived by automated computational analysis using gene prediction method: GeneMarkS-2+.,OG0000594,Cloud,group_2438,Cloud,Cloud,Cloud
GCF_002893965.1,C1M55_RS31880,MPTLEDMIADDIAHLRRERCPANKPAVAFLTATLNARLYELTHDGQAH,48,hypothetical protein, ,Derived by automated computational analysis using gene prediction method: GeneMarkS-2+.,OG0000296,Cloud,group_2415,Cloud,Cloud,Cloud
GCF_002893965.1,C1M55_RS21380,MPDIEHLDLMAIIREHGLNQAISFMQLTGAFQQEEDGRIQWTSHPITVLFAPEGAG,56,hypothetical protein, ,Derived by automated computational analysis using gene prediction method: GeneMarkS-2+.,OG0001307,,group_942,Cloud,,Probably not conserved
GCF_002893965.1,C1M55_RS21440,MKLSEAIENVGKRVIYTHPVTLATEPGIIRSADIANRGLVNVQYGANIWATHHDNLTLDRSRR,63,hypothetical protein, ,Derived by automated computational analysis using gene prediction method: GeneMarkS-2+.,OG0000289,Cloud,group_2319,Cloud,Cloud,Cloud
GCF_002893965.1,C1M55_RS21455,MTDHIHNTECTKLGQPCHGRGLPCKQSHPTQPDLTCAKLAGHGPNHEGWGNAMKRIEWTTEATA,64,hypothetical protein, ,Derived by automated computational analysis using gene prediction method: Protein Homology.,OG0000496,Cloud,group_2269,Cloud,Cloud,Cloud
GCF_002893965.1,C1M55_RS31885,MTAVVAVQRQRALAAIEVYEAALEEYELPSAPRSEGDRIVAADRVIDAAAGLRAAIPM,58,hypothetical protein, ,Derived by automated computational analysis using gene prediction method: GeneMarkS-2+.,OG0000497,Cloud,group_2320,Cloud,Cloud,Cloud
GCF_002893965.1,C1M55_RS32525,MTVAIAAVPDGDEFWQATQCQAATGVPKGTWLYWAHIGKGPASFKLGRRRVWRKSVILAWIAEQEAAAS,69,helix-turn-helix domain-containing protein, ,Derived by automated computational analysis using gene prediction method: Protein Homology.,OG0000331,Cloud,group_17,Cloud,Cloud,Cloud
GCF_002893965.1,C1M55_RS21735,MFESKTSADALFRQHAEIARAHFLEIDAVTALYLDRCEEDAAVGVNEAFGVNSRTWRSRRY,61,hypothetical protein, ,Derived by automated computational analysis using gene prediction method: GeneMarkS-2+.,OG0000595,Cloud,group_611,Cloud,Cloud,Cloud
GCF_002893965.1,C1M55_RS21945,MAEGIVKWFNSEKGFGFIAPEDGSADVFVHYSEIQSGGFRTLEENQRVAFEIGQGNKGPQATGVTIV,67,cold-shock protein, ,Derived by automated computational analysis using gene prediction method: Protein Homology.,OG0000046,Conserved,group_132,Soft core,Soft core,Soft core
GCF_002893965.1,C1M55_RS21950,MTTAEYTVSGMTCGHCVGSVKEEIGNIAGVTAVDVELASGRVVVTSDAPVSAADVVAAVDEAGYAVVPS,69,heavy-metal-associated domain-containing protein, ,Derived by automated computational analysis using gene prediction method: Protein Homology.,OG0000006,Conserved,group_2139,Soft core,Soft core,Soft core
GCF_002893965.1,C1M55_RS32025,MKHTMSDDELRRAIREIQDRAHDARKRGDDVAAEELDRTVKGYQEQMMQRL,51,hypothetical protein, ,Derived by automated computational analysis using gene prediction method: Protein Homology.,OG0000059,Core,group_2336,Soft core,Soft core,Soft core
GCF_002893965.1,C1M55_RS32190,MSEQPDTPKKPSVDKKRLARIFGDVFPETTSDERGPEGSSRSSDDDWLRSQRPPHHGG,58,hypothetical protein, ,Derived by automated computational analysis using gene prediction method: Protein Homology.,OG0000089,Soft core,group_2328,Soft core,Soft core,Soft core
GCF_002893965.1,C1M55_RS22165,MAVPKRKMSRSNTRSRRAQWKATAPDLVEVTAFGQTHRVPRRLVKAVRLGVIDPSRI,57,50s ribosomal protein l32, ,Derived by automated computational analysis using gene prediction method: Protein Homology.,OG0000060,Soft core,group_2302,Soft core,Soft core,Soft core
GCF_002893965.1,C1M55_RS22185,MARNEIRPIVKLKSTAGTGYTYVTRKNRRNDPDRLVLKKYDPMLRKHVDFREEK,54,50s ribosomal protein l33, ,Derived by automated computational analysis using gene prediction method: Protein Homology.,OG0000047,Conserved,group_2199,Soft core,Soft core,Soft core
GCF_002893965.1,C1M55_RS31905,MHLTATTSTTTGAAGNSDPKDAESTLDMSGRPAALRARSAAATRPGGADVTA,52,hypothetical protein, ,Derived by automated computational analysis using gene prediction method: GeneMarkS-2+.,OG0000131,Shell,group_2058,Shell,Shell,Shell
GCF_002893965.1,C1M55_RS22810,MGFLDNVKGLVEKGQELAAENSDKVHDAIDKVADIADDKTGNKYGDQIDKAAEAAKKAVPEKQ,63,antitoxin, ,Derived by automated computational analysis using gene prediction method: Protein Homology.,OG0000010,Conserved,group_425,Soft core,Soft core,Soft core
GCF_002893965.1,C1M55_RS32530,MANNSKQHYVDPGWPETADGDHAVTELSSTRAGGLSPFGEDTTFPVPVESLPYVHPHTVINR,62,hypothetical protein, ,Derived by automated computational analysis using gene prediction method: Protein Homology.,OG0000048,Conserved,group_501,Soft core,Soft core,Soft core
GCF_002893965.1,C1M55_RS32535,MADKAPGKNMKKPAQSIKERRAEKRAKTAESSEFIRKRKRS,41,hypothetical protein, ,Derived by automated computational analysis using gene prediction method: Protein Homology.,OG0000004,Core,group_2142,Soft core,Soft core,Soft core
GCF_002893965.1,C1M55_RS32545,MSQFVLADTGAGSFSTHLGGQLAASACAIRHIQDFTHVSKYYP,43,hypothetical protein, ,Derived by automated computational analysis using gene prediction method: GeneMarkS-2+.,OG0001308,,group_2581,Cloud,,Probably not conserved
GCF_002893965.1,C1M55_RS24115,MNTDPHGQPIRIDLADPRLPAKSGPITHAVYVECVVCARRSESLPVSLETGVCTRCEPVAHANYVKKENN,70,hypothetical protein, ,Derived by automated computational analysis using gene prediction method: GeneMarkS-2+.,OG0001309,,,,,Probably not conserved
GCF_002893965.1,C1M55_RS31915,MHHVELLGVRERGGQGSTAEYFAIDNFLALLSDEMLSDSATPGVRVQIQWH,51,hypothetical protein, ,Derived by automated computational analysis using gene prediction method: GeneMarkS-2+.,OG0001310,,group_2579,Cloud,,Probably not conserved
GCF_002893965.1,C1M55_RS31920,MSSAIVADDWWHGLPPDRRVQIWQWVAGKEAAPHQEVEGQFALPLHPHRR,50,hypothetical protein, ,Derived by automated computational analysis using gene prediction method: GeneMarkS-2+.,OG0000821,Cloud,group_2580,Cloud,,Cloud
GCF_002893965.1,C1M55_RS24140,MHIQKLTYEKETREALAGTYTPAGIQLWLTVTNPRTYNFTPLEAIREGFGAKVLDLAKSLAAGRSQ,66,hypothetical protein, ,Derived by automated computational analysis using gene prediction method: GeneMarkS-2+.,OG0001311,,group_2578,Cloud,,Probably not conserved
GCF_002893965.1,C1M55_RS31925,MTRTQLAALFTACSLAAIGTSFAVFIAIDGLIGPLEKLAVRRSTR,45,hypothetical protein, ,Derived by automated computational analysis using gene prediction method: GeneMarkS-2+.,OG0001312,,group_2582,Cloud,,Probably not conserved
GCF_002893965.1,C1M55_RS24575,MGRGRAKAKQTKVARELKYSVPTTDFDSLQRELAGGSTNSHRSSVRSDQTSDREGHAREDDYDDWRR,67,duf3073 domain-containing protein, ,Derived by automated computational analysis using gene prediction method: Protein Homology.,OG0000049,Conserved,group_133,Soft core,Soft core,Soft core
GCF_002893965.1,C1M55_RS24750,MRNNLQELRTAAGLSQQACADALGITRQTVISIEKGHFDPRLSLAFRIAEYFDKRVDDIFSS,62,helix-turn-helix transcriptional regulator, ,Derived by automated computational analysis using gene prediction method: Protein Homology.,OG0000105,Soft core,group_502,Soft core,Shell,Soft core
GCF_002893965.1,C1M55_RS24880,MTSPMNTRKLTRARSGAMFGGVCAGIARYFGWKSSTVRLLFVLSCLLPGPQFLIYIVMWIFIPREQI,67,pspc domain-containing protein, ,Derived by automated computational analysis using gene prediction method: Protein Homology.,OG0000106,Soft core,group_134,Soft core,Soft core,Soft core
GCF_002893965.1,C1M55_RS31940,MAEGERPPGVLDDSTYQSPDGLRKFGRTKSEVWFRNKKAYNASRIDDAAVEAANG,55,hypothetical protein, ,Derived by automated computational analysis using gene prediction method: GeneMarkS-2+.,OG0000185,Shell,group_2143,Shell,Shell,Shell
GCF_002893965.1,C1M55_RS32205,MSDWVKKVEAEAKGLLAEAEEELTVLEGVDTIDPLADDDPAPEDGTKPTSD,51,hypothetical protein, ,Derived by automated computational analysis using gene prediction method: Protein Homology.,OG0000090,Soft core,group_2192,Soft core,Soft core,Soft core
GCF_002893965.1,C1M55_RS31945,MAATTPVSGYVIVPHPSDVDAVGNREVEVDELPEQYSKPGTPPITGGPTVPS,52,hypothetical protein, ,Derived by automated computational analysis using gene prediction method: GeneMarkS-2+.,OG0000204,Shell,group_2298,Shell,Shell,Shell
GCF_002893965.1,C1M55_RS26700,MAQGIVKWFNGEKGFGFIAPDDGTPDVFVHYSEISGNGYKSLDENQRVEFEVGQGQKGPQATNVRAV,67,cold-shock protein, ,Derived by automated computational analysis using gene prediction method: Protein Homology.,OG0000003,Conserved,group_1991,Soft core,Soft core,Soft core
GCF_002893965.1,C1M55_RS32210,MTITDADVPGLAVTARGRTPSAARALATDAAEALCSMFEGANAMTSGGFTFTVVPPGN,58,hypothetical protein, ,Derived by automated computational analysis using gene prediction method: Protein Homology.,OG0000262,Shell,group_2251,Shell,Shell,Shell
GCF_002893965.1,C1M55_RS31950,MGSINALNEWVNQATYAGDPFATAIAIVQFFAVSLLNLFTGGPIL,45,hypothetical protein, ,Derived by automated computational analysis using gene prediction method: GeneMarkS-2+.,OG0000137,Shell,group_2383,Shell,Shell,Shell
GCF_002893965.1,C1M55_RS31955,MPTVIRTVHDLVRHARGPTHHHHHQSVHEARRMRAHHILVTHSLA,45,hypothetical protein, ,Derived by automated computational analysis using gene prediction method: GeneMarkS-2+.,OG0000112,Soft core,group_2176,Soft core,Soft core,Soft core
GCF_002893965.1,C1M55_RS32215,MNGYDFEQGGDHQAGTSHYAGLNCGCGDYSCPRMHDSTARCVNWEY,46,hypothetical protein, ,Derived by automated computational analysis using gene prediction method: Protein Homology.,OG0000216,Shell,group_1562,Cloud,Cloud,Cloud
GCF_002893965.1,C1M55_RS27160,MVGTPVIVTIVSVCVGFVIFMLAASGARGKWDRRLVIALFIGAVVCLTVVPVSVALSAGV,60,hypothetical protein, ,Derived by automated computational analysis using gene prediction method: Protein Homology.,OG0000091,Soft core,group_2382,Soft core,Soft core,Soft core
GCF_002893965.1,C1M55_RS32220,MNETQPHNLERERWRTLPTPPSTELIEMVGDGPSSADFDPAAPAAQQG,48,hypothetical protein, ,Derived by automated computational analysis using gene prediction method: Protein Homology.,OG0000128,Shell,group_2355,Shell,Shell,Shell
GCF_002893965.1,C1M55_RS32560,MPATCSTGAPGHVPGAIDDSEYVDFAPKAEFLELIDGVRKAMGG,44,hypothetical protein, ,Derived by automated computational analysis using gene prediction method: GeneMarkS-2+.,OG0000498,Cloud,group_1668,Cloud,Cloud,Cloud
GCF_002893965.1,C1M55_RS27755,MTEPDPGTVETDFPKTGAPAQRALIAAGYTHLAQLTSVSEKELGALHGMGPKALRILREALAERGLSFAD,70,hypothetical protein, ,Derived by automated computational analysis using gene prediction method: Protein Homology.,OG0000050,Conserved,,,Shell,Shell
GCF_002893965.1,C1M55_RS32565,MLGNVKCSHPSGYLHGEVLAVDAAMNLITAKVDDFENVREGVPGSSLVGGGYVPL,55,hypothetical protein, ,Derived by automated computational analysis using gene prediction method: GeneMarkS-2+.,OG0000198,Shell,group_2094,Shell,Shell,Shell
GCF_002893965.1,C1M55_RS28070,MRLKVDGVVVKTITDYPLAGYATTNVPIASDPMAVTAGQVVTIECWFVNYANYFTIQSGANTYVRIT,67,hypothetical protein, ,Derived by automated computational analysis using gene prediction method: GeneMarkS-2+.,OG0001313,,group_158,Cloud,,Probably not conserved
GCF_002893965.1,C1M55_RS28160,MYVSYCNPYDFERAHGYKPGEEPNTDIPQAVDDGTRQVMTTDGDGGSKVVTAKVVTPDDTGVKTK,65,hypothetical protein, ,Derived by automated computational analysis using gene prediction method: GeneMarkS-2+.,OG0001314,,group_294,Cloud,,Probably not conserved
GCF_002893965.1,C1M55_RS28225,MIAEQPTRKVQKELRDAGFQPDRTKGSHTMWISADGKHRIEVPDGHRNISPGVYRKILKVIKEATK,66,type ii toxin-antitoxin system hica family toxin, ,Derived by automated computational analysis using gene prediction method: Protein Homology.,OG0000596,Cloud,group_228,Cloud,,Cloud
GCF_002893965.1,C1M55_RS28240,MTGLMDIDGPVPVTLKEAAALVGISYSGIKHWTSRGLLTPIAVDERGYVVDRNDVFALAEKMRRRRRLRS,70,merr family transcriptional regulator, ,Derived by automated computational analysis using gene prediction method: Protein Homology.,OG0000499,Cloud,,,,Probably not conserved
GCF_002893965.1,C1M55_RS31965,MTRRQVMNLGLIYLIVGNGLGILGFRNVEEVFVSCGFAIVVVGWHL,46,hypothetical protein, ,Derived by automated computational analysis using gene prediction method: GeneMarkS-2+.,OG0001315,,group_1563,Cloud,,Probably not conserved
GCF_002893965.1,C1M55_RS32570,MTKHIIDALRERIEFLSPLARTEYDHGTVDGLKEALTMLEQVHA,44,hypothetical protein, ,Derived by automated computational analysis using gene prediction method: GeneMarkS-2+.,OG0001316,,group_1669,Cloud,,Probably not conserved
GCF_002893965.1,C1M55_RS32575,MKLTKEDLNAVAFALGIPAKELPAVAQSAARAKAQPKPRTRK,42,hypothetical protein, ,Derived by automated computational analysis using gene prediction method: GeneMarkS-2+.,OG0001317,,group_1776,Cloud,,Probably not conserved
GCF_002893965.1,C1M55_RS31970,MTREFTEAERAWLDKVAAARKPATAQQLDLIRGAYARSLPQQHKQSA,47,hypothetical protein, ,Derived by automated computational analysis using gene prediction method: GeneMarkS-2+.,OG0001318,,group_1496,Cloud,,Probably not conserved
GCF_002893965.1,C1M55_RS28350,MPDAIAAAIERAMRDRSVTAVDVGEAINQPVRTVFDWLADASSMTLPTLVDIANFLQVLPSSFF,64,helix-turn-helix transcriptional regulator, ,Derived by automated computational analysis using gene prediction method: GeneMarkS-2+.,OG0001319,,group_370,Cloud,,Probably not conserved
GCF_002893965.1,C1M55_RS32580,MGSSDTDLKALDSVITVAGALAAIFGGIAGVAGLATFLGTGGGS,44,hypothetical protein, ,Derived by automated computational analysis using gene prediction method: GeneMarkS-2+.,OG0000065,Soft core,group_2088,Shell,Shell,Shell
GCF_002893965.1,C1M55_RS32585,MNSSDLGSVSALLPMMLTAFKSIITMPFALSVDFGLDVPFNPFK,44,hypothetical protein, ,Derived by automated computational analysis using gene prediction method: GeneMarkS-2+.,OG0000186,Shell,group_2240,Shell,Shell,Shell
GCF_002893965.1,C1M55_RS28805,MNAPTRYQFLIDGEVSDRVKAAFPELSVASAAGGFTSLYGPVADHTAMRSIMARLDSLGLTVAEMRRLPD,70,hypothetical protein, ,Derived by automated computational analysis using gene prediction method: Protein Homology.,OG0000092,Soft core,,,Shell,Shell
GCF_002893965.1,C1M55_RS32600,MSVVLISLLVAAGLTVLATSDGAGLDFGSRQLNRQLKTRTHR,42,hypothetical protein, ,Derived by automated computational analysis using gene prediction method: GeneMarkS-2+.,OG0000107,Soft core,group_1760,Soft core,Soft core,Soft core
GCF_002893965.1,C1M55_RS32225,MKIVVLSFLVALTLMTVGIIAARKRSTRPAVTGAVTAASTVLAAAWTLFAVAFVLA,56,hypothetical protein, ,Derived by automated computational analysis using gene prediction method: Protein Homology.,OG0000110,Soft core,group_2239,Soft core,Soft core,Soft core
GCF_002893965.1,C1M55_RS29760,MDSRQLFALGALGTGMLSLALQLTPLCLGTEDAEQYVFVRAANATAVLTLALLSAAFVFWPPAG,64,hypothetical protein, ,Derived by automated computational analysis using gene prediction method: GeneMarkS-2+.,OG0000140,Shell,group_2266,Shell,Shell,Shell
GCF_002893965.1,C1M55_RS31980,MNHRESFQAVKWGTPRRTRRHRQLIRGRIAGGGATVEVSSEVLAYY,46,hypothetical protein, ,Derived by automated computational analysis using gene prediction method: GeneMarkS-2+.,OG0000141,Shell,group_2265,Shell,Shell,Shell
GCF_002893965.1,C1M55_RS30215,MRRASRAQRMELIAGFISVFALMALIGAVVAIAKGDPGVTPSLVLLGCVVALGLAFRGYRNAVRAERRE,69,hypothetical protein, ,Derived by automated computational analysis using gene prediction method: Protein Homology.,OG0000051,Conserved,group_2375,Soft core,Soft core,Soft core
GCF_002893965.1,C1M55_RS30770,MAKGKRTFQPNNRRRARVHGFRLRMRTRAGRAIVSARRRKGRDSLTA,47,50s ribosomal protein l34, ,Derived by automated computational analysis using gene prediction method: Protein Homology.,OG0000052,Conserved,rpmH,Conserved,Shell,Shell
GCF_002893965.1,C1M55_RS32230,MSESAEPDEVQGWSPAPDEGQAGTVLTKDGQWAYRYKDGADLIIMKMPERDAPK,54,hypothetical protein, ,Derived by automated computational analysis using gene prediction method: Protein Homology.,OG0000119,Shell,group_2472,Shell,Cloud,Shell
GCF_002893965.1,C1M55_RS30800,MTETAAPTRFVAIPRTAEHGGYENECFTHYVQDNRGRYCLRGPMVQSDAEWLANKMNTQLG,61,hypothetical protein, ,Derived by automated computational analysis using gene prediction method: GeneMarkS-2+.,OG0000189,Shell,group_2471,Shell,Shell,Shell
GCF_002893965.1,C1M55_RS31985,MARGRPSKGERRRVETRVPVDVKDRLTLMREARGLTESELVADILSAAVTRFDPAAVHTERLTMTA,66,hypothetical protein, ,Derived by automated computational analysis using gene prediction method: GeneMarkS-2+.,OG0000563,Cloud,group_219,Cloud,Cloud,Cloud
GCF_002893965.1,C1M55_RS31020,MNEKNIPVERSAVEAAMYQASKHLNVITDADLAAVVEGLTGESVTRDRIDFAFPAPGTTDHLFD,64,hypothetical protein, ,Derived by automated computational analysis using gene prediction method: Protein Homology.,OG0000121,Shell,group_2475,Shell,Shell,Shell
GCF_002893965.1,C1M55_RS32235,MTDDERDAWQLHHHGADWDEIGTEMGCSPTAAQTLATAYEKRTDNAAAQTQNTLF,55,hypothetical protein, ,Derived by automated computational analysis using gene prediction method: Protein Homology.,OG0000063,Soft core,group_2464,Shell,Cloud,Cloud
GCF_002893965.1,C1M55_RS31070,MTNKPGVVKHSIFGVLALAVAALDFTIGTSRTLIAGVGLLALSTYSFLKAAKLRRSPSRADRNPDHDR,68,hypothetical protein, ,Derived by automated computational analysis using gene prediction method: GeneMarkS-2+.,OG0000215,Shell,group_2441,Cloud,Cloud,Cloud
GCF_002893965.1,C1M55_RS31100,MSTAIINLEETAPRPLSEEERNEQVRSLATWAAAELAHANRLPHGRVRSGHLTNAENALAVASELLAA,68,hypothetical protein, ,Derived by automated computational analysis using gene prediction method: GeneMarkS-2+.,OG0000384,Cloud,group_2450,Cloud,Cloud,Cloud
GCF_002893965.1,C1M55_RS31105,MSTETPTLAPALAAVTSATAALDAAMFDPNREGFTDITALVDAFAAARAAARDAGHTEEDIDAAATPTN,69,hypothetical protein, ,Derived by automated computational analysis using gene prediction method: Protein Homology.,OG0000226,Shell,group_2451,Shell,Cloud,Shell
GCF_002893965.1,C1M55_RS32610,MSEGYDYSAATIHYAGLTCGCGDYSCPRMHNNAAQCVNAE,40,hypothetical protein, ,Derived by automated computational analysis using gene prediction method: Protein Homology.,OG0000216,Shell,group_2501,Shell,Cloud,Shell
GCF_002893965.1,C1M55_RS32240,MAIVAATVLGVTVGVLLTDVVAGVAVGAGTAVVFRFVLRTIIPRK,45,hypothetical protein, ,Derived by automated computational analysis using gene prediction method: GeneMarkS-2+.,OG0000124,Shell,group_2431,Cloud,Cloud,Cloud
GCF_002893965.1,C1M55_RS32000,MTITSDASTRLHALSEWINDHPTATFVVLFVLAVLLVVLAVWAIFR,46,hypothetical protein, ,Derived by automated computational analysis using gene prediction method: GeneMarkS-2+.,OG0000416,Cloud,group_1543,Cloud,,Cloud
GCF_002893965.1,C1M55_RS31215,MAKGIVKWFNGEKGFGFISPEDGSPDIFVHFSQILGDAPKSLQEGQCVEFEVSEGRQGAQANSVRTVA,68,cold-shock protein, ,Derived by automated computational analysis using gene prediction method: Protein Homology.,OG0000069,Soft core,,,,Probably not conserved
GCF_002893965.1,C1M55_RS31330,MGRRSKGKRGEYKARVPAHVDVEALAAARGCSSVSVYISDLICLDAGRPELAEELRQGVLPISA,64,hypothetical protein, ,Derived by automated computational analysis using gene prediction method: GeneMarkS-2+.,OG0000139,Shell,,,Cloud,Cloud
GCF_002893965.1,C1M55_RS31385,MFTARLLALLGAMTAVAVLAVLIAVHRRNCNGCSTCRRFYIGIFGALGVAGIAVGPGVIWIGVQ,64,hypothetical protein, ,Derived by automated computational analysis using gene prediction method: GeneMarkS-2+.,OG0000402,Cloud,,,,Probably not conserved
GCF_002893965.1,C1M55_RS31525,MSDDEHDDEHDAWQMHISGESWDQIGIEMGCSGAAAQSLASAYERRTDAAAQATQNTLF,59,hypothetical protein, ,Derived by automated computational analysis using gene prediction method: Protein Homology.,OG0000063,Soft core,,,Cloud,Cloud
GCF_002893965.1,C1M55_RS31530,MTTEKDTSKPGWKAHSVVALISVAVGIVFLTGGATISIIAGTSLLGLGIYHFVVALRLRRELNTPTDEKG,70,hypothetical protein, ,Derived by automated computational analysis using gene prediction method: GeneMarkS-2+.,OG0000287,Shell,,,,Probably not conserved
GCF_002893965.1,C1M55_RS31595,MTTPVNPTPRRWASKREAAQHAGGYTERTIDRWIKEKRLPSYRVGRNIRIDLYELDRLIESNAA,64,helix-turn-helix domain-containing protein, ,Derived by automated computational analysis using gene prediction method: Protein Homology.,OG0000200,Shell,group_1965,Cloud,,Cloud
GCF_002893965.1,C1M55_RS31655,MSEISRPRIPLVKPAEVAAYLGKTVQGLAVWRMNGIGPKFIKFDNGSVRYRWSDVDAWLEKQEVGGK,67,helix-turn-helix domain-containing protein, ,Derived by automated computational analysis using gene prediction method: Protein Homology.,OG0000311,Cloud,group_1966,Cloud,,Cloud
GCF_007558985.1,FND50_RS00035,MSTSSVTVTGMTCNHCVSSVTEEISALPGVTNVNVDLTTGKVVIDSTTDLDPSAVAGAVEEAGYSVEHAG,70,heavy metal-associated domain-containing protein, ,Derived by automated computational analysis using gene prediction method: Protein Homology.,OG0000006,Conserved,,,,Probably not conserved
GCF_007558985.1,FND50_RS00480,MIDTCHGTLIVHTLYGAECTDESCVELSEARHALIIDCDEFGDCVCSAEFAEQLRHAS,58,hypothetical protein, ,Derived by automated computational analysis using gene prediction method: Protein Homology.,OG0000169,Shell,group_2231,Shell,Cloud,Shell
GCF_007558985.1,FND50_RS00650,MAKGKRTFQPNNRRRARVHGFRLRMRTRAGRAIVSARRRKGRESLTA,47,50s ribosomal protein l34, ,Derived by automated computational analysis using gene prediction method: Protein Homology.,OG0000052,Conserved,rpmH,Conserved,Shell,Shell
GCF_007558985.1,FND50_RS01400,MATARLDASQGGGGTKILMTQWQGTAAAPVFGGPSKQYYVLGIHNSSTSGVWFHLEGGVLA,61,hypothetical protein, ,Derived by automated computational analysis using gene prediction method: GeneMarkS-2+.,OG0000500,Cloud,group_612,Cloud,Cloud,Cloud
GCF_007558985.1,FND50_RS01800,MSDRDASIFESERELDEESVRKAQRTVAHHSIDAEDCRMLLAALGIPLVRDLDNESVSGAAGAESL,66,hypothetical protein, ,Derived by automated computational analysis using gene prediction method: Protein Homology.,OG0000170,Shell,group_2353,Shell,Shell,Shell
GCF_007558985.1,FND50_RS36610,MNSHTAAPDTLDLVYGLWTTPHSWNGAWLTRSSICSTNLSNAER,44,hypothetical protein, ,Derived by automated computational analysis using gene prediction method: GeneMarkS-2+.,OG0000332,Cloud,group_2286,Cloud,Cloud,Cloud
GCF_007558985.1,FND50_RS35965,MTFAADIERHFLVVGVVGGLQHEGRHRREEHDLGDRAGPVPSDVSTHLTTPVEKPTGVVS,60,hypothetical protein, ,Derived by automated computational analysis using gene prediction method: GeneMarkS-2+.,OG0000822,Cloud,group_679,Cloud,Cloud,Cloud
GCF_007558985.1,FND50_RS02180,MSLYLQPRQSGTAPTQYERKLAGAIEEVFGTGVHHLEGLVKGLNALGIHSPGGDAWTTDTFTDEIRRMGA,70,hypothetical protein, ,Derived by automated computational analysis using gene prediction method: Protein Homology.,OG0000171,Shell,,,Shell,Shell
GCF_007558985.1,FND50_RS02495,MFVCICKAVTEDEVHEHCAAGADSADAIGERCGAGWGCGTCVDRLKEILERSAADSVAA,59,(2fe-2s)-binding protein, ,Derived by automated computational analysis using gene prediction method: Protein Homology.,OG0000150,Shell,group_2172,Shell,Shell,Shell
GCF_007558985.1,FND50_RS03005,MGIADKASNKAEDLKGQAKEATGKATGDPDLRDEGKADQASSAVKDAGEKVKDAAKNVKDKLT,63,csbd family protein, ,Derived by automated computational analysis using gene prediction method: Protein Homology.,OG0000011,Conserved,group_2411,Conserved,Shell,Shell
GCF_007558985.1,FND50_RS03425,MAKYRVIDPRGTVVETKEIPSADDAHAWFVDVRADNSELGWRMEVDEDGTWAFFDDTEGATEK,63,hypothetical protein, ,Derived by automated computational analysis using gene prediction method: Protein Homology.,OG0000066,Soft core,group_2173,Shell,Shell,Shell
GCF_007558985.1,FND50_RS03815,MSELTSWEYATVPLLTHATKQILDQWGTDGWELVTVLPGPTGEQHVAYLKRPKG,54,duf4177 domain-containing protein, ,Derived by automated computational analysis using gene prediction method: Protein Homology.,OG0000012,Conserved,group_2273,Conserved,Shell,Shell
GCF_007558985.1,FND50_RS03985,MAQGTVKWFNAEKGFGFIAPEDGSADVFVHYSEIQGSGFRTLEENQRVEFEVGQGTKGPQATGVRAV,67,cold-shock protein, ,Derived by automated computational analysis using gene prediction method: Protein Homology.,OG0000013,Conserved,group_128,Conserved,Shell,Shell
GCF_007558985.1,FND50_RS36650,MAMQVFSLIAILGALIVLIPTALRVFGKSDNVKAPDETEE,40,hypothetical protein, ,Derived by automated computational analysis using gene prediction method: Protein Homology.,OG0000172,Shell,group_2042,Shell,Shell,Shell
GCF_007558985.1,FND50_RS04020,MSDSLKDRVREKLLRQLAEDGGHPVQEAEGDDPRLVSIDADLAALEQASDGDVVIEELAAKYWVP,65,hypothetical protein, ,Derived by automated computational analysis using gene prediction method: Protein Homology.,OG0000014,Conserved,group_2342,Conserved,Soft core,Soft core
GCF_007558985.1,FND50_RS04385,MVYVSSPSKSVESLGIVLIVVGVVLLALLTLYLVGFDQGAISRSGMYLHELMHDGRHLLGVPCH,64,cbtb domain-containing protein, ,Derived by automated computational analysis using gene prediction method: Protein Homology.,OG0000173,Shell,group_2252,Shell,Shell,Shell
GCF_007558985.1,FND50_RS04410,MALAYAPGSSVDTTRLAVISFAIVLFAMLALYLVGFDQGAISRSGMYMHELMHDGRHLLGLPCH,64,cbtb domain-containing protein, ,Derived by automated computational analysis using gene prediction method: Protein Homology.,OG0000008,Conserved,group_2468,Conserved,Soft core,Soft core
GCF_007558985.1,FND50_RS35975,MTPNTLTAPSFHSPPPGEASVRERDGGTARLRLWGSLTEAGRAGLES,47,hypothetical protein, ,Derived by automated computational analysis using gene prediction method: Protein Homology.,OG0000225,Shell,group_2145,Shell,Shell,Shell
GCF_007558985.1,FND50_RS06040,MAQGVVKWFNSEKGFGFIAPDDGSADVFVHYSEISGSGYKSLEENQRVEFEVGQGQKGPQAQNVRAV,67,cold-shock protein, ,Derived by automated computational analysis using gene prediction method: Protein Homology.,OG0000003,Conserved,group_141,Shell,Shell,Shell
GCF_007558985.1,FND50_RS06320,MEVRVDFDRCEANGVCVGIAPDIFELDDDDQLHISSAIPPADREEDVRTAIAQCPRAALTEHP,63,ferredoxin, ,Derived by automated computational analysis using gene prediction method: Protein Homology.,OG0000005,Conserved,group_2144,Shell,Shell,Shell
GCF_007558985.1,FND50_RS35990,MAAKTTAENDIADEDLEPLADETARQAQRVVAAYAEDADECRMLLSMLGIGPTKLD,56,hypothetical protein, ,Derived by automated computational analysis using gene prediction method: Protein Homology.,OG0000015,Conserved,group_859,Shell,Shell,Shell
GCF_007558985.1,FND50_RS06450,MQVNSCRSAVLDAVESLPALERETLALVYYRGMSCDEVADTMQISVATVRDRLHEGARRLLAGVGDL,67,sigma factor-like helix-turn-helix dna-binding protein, ,Derived by automated computational analysis using gene prediction method: Protein Homology.,OG0000174,Shell,group_2332,Shell,Shell,Shell
GCF_007558985.1,FND50_RS35995,MPASSTSHASATTTASRGGATMSTEEIKARIEAMFADEAADTSPALVE,48,hypothetical protein, ,Derived by automated computational analysis using gene prediction method: Protein Homology.,OG0000002,Conserved,group_2311,Shell,Shell,Shell
GCF_007558985.1,FND50_RS36000,MTTHNPQNAPHDGEVLVLGARSGGAIAGGLIATLALSALTLLSSLPT,47,hypothetical protein, ,Derived by automated computational analysis using gene prediction method: Protein Homology.,OG0000146,Shell,group_2277,Shell,Shell,Shell
GCF_007558985.1,FND50_RS06880,MSSRIATTLAAIAMTLSLGALAAPAAVAAPLAPAPTPAVGSIAVCLNLPLGSASISFCI,59,hypothetical protein, ,Derived by automated computational analysis using gene prediction method: Protein Homology.,OG0000175,Shell,group_2150,Shell,Shell,Shell
GCF_007558985.1,FND50_RS07000,MGRGRAKAKQTKVARELKYSVPTTDFDSLQRELSGGSSNSHRDEVFADQRADREGHSREDDDDWRR,66,duf3073 domain-containing protein, ,Derived by automated computational analysis using gene prediction method: Protein Homology.,OG0000049,Conserved,group_209,Shell,Shell,Shell
GCF_007558985.1,FND50_RS07275,MTPKDASGPKTTTTDSGAPGADKDVMSDPAEDDKSSGADWSGEGGATPEGPATDTDTDTDTDTED,65,hypothetical protein, ,Derived by automated computational analysis using gene prediction method: Protein Homology.,OG0000020,Core,group_2276,Shell,Shell,Shell
GCF_007558985.1,FND50_RS36015,MTRAIVLRAIGPRSRTVRSTVPALAPERPAPRRVSGWVRAIVPTFPVRSDLG,52,hypothetical protein, ,Derived by automated computational analysis using gene prediction method: GeneMarkS-2+.,OG0001320,,group_1188,Cloud,,Probably not conserved
GCF_007558985.1,FND50_RS36020,MLTHHTRFRVDPATGRETDADRDGYVAVSGGVGHRQMDAVDDEAAVVEVHRDVWPSQTGGSRDLGQFRQ,69,hypothetical protein, ,Derived by automated computational analysis using gene prediction method: GeneMarkS-2+.,OG0001321,,group_18,Cloud,,Probably not conserved
GCF_007558985.1,FND50_RS07560,MANNSKKQYVDPGWPETADGDHAVTELSSTRAGGLSPFGEDTEFPLPAESLPYAHPHTVINR,62,hypothetical protein, ,Derived by automated computational analysis using gene prediction method: Protein Homology.,OG0000048,Conserved,group_2147,Shell,Shell,Shell
GCF_007558985.1,FND50_RS36685,MLGIMLGLGGAAIGLGIGVMALGVGLLLSDATIKHDVGELPD,42,hypothetical protein, ,Derived by automated computational analysis using gene prediction method: GeneMarkS-2+.,OG0000176,Shell,group_1761,Shell,Shell,Shell
GCF_007558985.1,FND50_RS07940,MSFVDTLKGLLGKGREAASQNADKVHGAIDKAADVADSKTGGKYSDKIDKAADAAKKAVPPKE,63,antitoxin, ,Derived by automated computational analysis using gene prediction method: Protein Homology.,OG0000010,Conserved,group_2241,Shell,Shell,Shell
GCF_007558985.1,FND50_RS08020,MARGDHPQRTPFYGVVLIVVALAAAMIVNRTAPVWVQVPVYVLAVLAAMAGFVMTFRDLS,60,hypothetical protein, ,Derived by automated computational analysis using gene prediction method: Protein Homology.,OG0000209,Shell,group_2174,Shell,Shell,Shell
GCF_007558985.1,FND50_RS08370,MKANSDRHDQHLPEHQRIADLVDDMEDRLVAEREAKGIAGNASERKQAEQVEPDDQAPE,59,hypothetical protein, ,Derived by automated computational analysis using gene prediction method: Protein Homology.,OG0000177,Shell,group_2271,Shell,Shell,Shell
GCF_007558985.1,FND50_RS36025,MKSFVAVAEELNYGRAAEVLPWPDAVPDEQ,30,lysr family transcriptional regulator, ,Derived by automated computational analysis using gene prediction method: GeneMarkS-2+.,OG0000570,Cloud,group_2194,Cloud,Cloud,Cloud
GCF_007558985.1,FND50_RS36030,MIVLGIILLVIGLVAGISILTTIGIILLVIGLVLLLLGTTGRAVGGRKYWY,51,duf6131 family protein, ,Derived by automated computational analysis using gene prediction method: Protein Homology.,OG0000193,Shell,group_2133,Shell,Shell,Shell
GCF_007558985.1,FND50_RS08415,MRIGRLVTLIVIIWLIIGAVAVWQRGYFKDTTADCASAGTIAVTVIAGPLNYAGVNPKIDCEVPQPSQ,68,hypothetical protein, ,Derived by automated computational analysis using gene prediction method: Protein Homology.,OG0000017,Conserved,group_2272,Shell,Shell,Shell
GCF_007558985.1,FND50_RS08700,MGKFLVPGVVSAVVGVALGTVATLGITAAAQDNTRPEIDRSGNADSSLLNQVEYGSR,57,duf2613 domain-containing protein, ,Derived by automated computational analysis using gene prediction method: Protein Homology.,OG0000016,Conserved,group_860,Shell,Shell,Shell
GCF_007558985.1,FND50_RS36710,MEHGPGAMLRRQEALGRGYSDDEIRRLYTWRVAAHRARRVPLRVDVLGAE,50,hypothetical protein, ,Derived by automated computational analysis using gene prediction method: GeneMarkS-2+.,OG0001322,,group_1320,Cloud,,Probably not conserved
GCF_007558985.1,FND50_RS08935,MFWALASTTAPCTKRRSSSSACRRAALGLAVTLTVGLVGGLLSRAFAIHAGVLFMGYYVAVLSVPAILAL,70,hypothetical protein, ,Derived by automated computational analysis using gene prediction method: GeneMarkS-2+.,OG0000501,Cloud,,,Cloud,Cloud
GCF_007558985.1,FND50_RS36040,MDFTQIDEATEAGHDYGAEICDDEAVRLGLLGQIVADDEIQTEALRVPQFR,51,hypothetical protein, ,Derived by automated computational analysis using gene prediction method: GeneMarkS-2+.,OG0001323,,group_1254,Cloud,,Probably not conserved
GCF_007558985.1,FND50_RS36715,MSTALEESRRHAIELTNEKIQAVKDFFTNIFRLDTTHRTEA,41,hypothetical protein, ,Derived by automated computational analysis using gene prediction method: GeneMarkS-2+.,OG0000178,Shell,group_2433,Shell,Shell,Shell
GCF_007558985.1,FND50_RS36045,MWWIAWVALVWVALSVPLAILIGRAIRQKDLRELPAREDATRKNDPPDRTVA,52,hypothetical protein, ,Derived by automated computational analysis using gene prediction method: Protein Homology.,OG0000079,Soft core,group_2417,Shell,Shell,Shell
GCF_007558985.1,FND50_RS36720,MSADRANRPARPADGFVDAHCEVRSSTADRAAEVDRWCGVHELV,44,hypothetical protein, ,Derived by automated computational analysis using gene prediction method: GeneMarkS-2+.,OG0000240,Shell,group_1670,Cloud,,Cloud
GCF_007558985.1,FND50_RS36055,MIMHVTETPTPTVSRTMWTTEEIKARLEEMNIPRSRTRRGPRWGNRDR,48,hypothetical protein, ,Derived by automated computational analysis using gene prediction method: Protein Homology.,OG0000179,Shell,group_2404,Shell,Shell,Shell
GCF_007558985.1,FND50_RS09935,MASEGEAGVGWELGVMGLYLHASNAFGTPERAATAAGVRTTAFYTGADTGAG,52,hypothetical protein, ,Derived by automated computational analysis using gene prediction method: GeneMarkS-2+.,OG0000302,Cloud,group_2213,Cloud,Cloud,Cloud
GCF_007558985.1,FND50_RS10105,MTTVITLACMVLLAAAVAHYGPKEGGKGIFRLEQFRVGAPLGGIFPDEPSSPDSADWTSHT,61,hypothetical protein, ,Derived by automated computational analysis using gene prediction method: Protein Homology.,OG0000194,Shell,group_2330,Cloud,Shell,Shell
GCF_007558985.1,FND50_RS10410,MAARNEIRPIVKLKSTAGTGYTYVTRKNRRNDPDRLVMKKYDPVVRKHVDFREEK,55,50s ribosomal protein l33, ,Derived by automated computational analysis using gene prediction method: Protein Homology.,OG0000047,Conserved,group_2305,Shell,Shell,Shell
GCF_007558985.1,FND50_RS10430,MAVPKRRMSRSNTRSRRSQWKAQAPDLVEVTVGGATHRVPRRLVKAVKLGLVDPAGK,57,50s ribosomal protein l32, ,Derived by automated computational analysis using gene prediction method: Protein Homology.,OG0000060,Soft core,group_2234,Shell,Shell,Shell
GCF_007558985.1,FND50_RS36060,MSDAELRKAIRVLRERADDARHRGNDDDANGIERTIRTYQEEMTQRL,47,hypothetical protein, ,Derived by automated computational analysis using gene prediction method: Protein Homology.,OG0000059,Core,group_1481,Shell,Soft core,Shell
GCF_007558985.1,FND50_RS10715,MAEGIVKWFNSEKGFGFIAPEDGSADVFVHYSEIQSGGFRTLEENQRVSFEIGQGNKGPQATGVTLI,67,cold-shock protein, ,Derived by automated computational analysis using gene prediction method: Protein Homology.,OG0000046,Conserved,group_2233,Shell,Soft core,Shell
GCF_007558985.1,FND50_RS11560,MSEDRRISRLLPVRRVLAAAGIAGLVAGGGMAAAADPATPDSAVAAPLVSAGFGAPDAVSSGS,63,hypothetical protein, ,Derived by automated computational analysis using gene prediction method: Protein Homology.,OG0000180,Shell,group_2175,Shell,Shell,Shell
GCF_007558985.1,FND50_RS11710,MRAVRTAWWWTGSLMGDHDYSRYVEHLRRNHPDAEVPTEREYWKARYADADANPGARCC,59,ybdd/yjix family protein, ,Derived by automated computational analysis using gene prediction method: Protein Homology.,OG0000045,Conserved,group_2289,Shell,Core,Shell
GCF_007558985.1,FND50_RS11785,MAEPVKGPASYFPSIEEKYGRPISEWQTLIRSSELTKHMELVSWLKSEHGLGHGHANALVAYTLKEAAAD,70,duf4287 domain-containing protein, ,Derived by automated computational analysis using gene prediction method: Protein Homology.,OG0000027,Conserved,,,Shell,Shell
GCF_007558985.1,FND50_RS36070,MDLAFLSEFFSAFSDLAGALDFFSGSADALGGGADAATAAAATIG,45,hypothetical protein, ,Derived by automated computational analysis using gene prediction method: Protein Homology.,OG0000181,Shell,group_2197,Shell,Shell,Shell
GCF_007558985.1,FND50_RS36075,MKASKVSGLKPKKKCCRSKTRCIKCPVVIMRMKKLENEGASKKELKKGLKKARAA,55,hypothetical protein, ,Derived by automated computational analysis using gene prediction method: GeneMarkS-2+.,OG0000044,Conserved,group_2219,Shell,Core,Shell
GCF_007558985.1,FND50_RS36080,MYNWDVQNAIVAFVDTLRPSWPAQHDLYYSVLYGFADMQSHLLTLLGYPPVA,52,hypothetical protein, ,Derived by automated computational analysis using gene prediction method: Protein Homology.,OG0000058,Core,group_1177,Shell,Soft core,Shell
GCF_007558985.1,FND50_RS12035,MTSFDAADSPEVPEADRLEQELAVDDDSSDEVEEVSSLEVNEADVAEQSRAVPVDEDYPRE,61,hypothetical protein, ,Derived by automated computational analysis using gene prediction method: Protein Homology.,OG0000057,Core,group_2212,Shell,Soft core,Shell
GCF_007558985.1,FND50_RS36085,MPILLLHAVIAGFSVVSGWLSAPLKRPVAALAHSYAVMRWSALIAVEDAAEHR,53,hypothetical protein, ,Derived by automated computational analysis using gene prediction method: Protein Homology.,OG0000251,Shell,group_1124,Cloud,Cloud,Cloud
GCF_007558985.1,FND50_RS12275,MAAMKPRTGDGPLEATKEGRGIVMRVPLEGGGRLVVELTPEEAAALGEELKGVTS,55,duf3117 domain-containing protein, ,Derived by automated computational analysis using gene prediction method: Protein Homology.,OG0000043,Conserved,group_1006,Shell,Shell,Shell
GCF_007558985.1,FND50_RS12670,MIDRPQFNHTATVIVRAFDYDSPIAGNVVFLGADGRGGNVSLTDDHTKLLRKMAEMVMGGDE,62,hypothetical protein, ,Derived by automated computational analysis using gene prediction method: GeneMarkS-2+.,OG0001324,,group_535,Cloud,,Probably not conserved
GCF_007558985.1,FND50_RS12855,MSDRDNNVLENDLVEESLVEEVSIDGMCGVY,31,mycofactocin precursor mfta, ,"Mycofactocin is a small molecule electron carrier derived from the final two amino acids, Val-Tyr, of MftA, the mycofactocin precursor. It plays a role in redox homeostasis and the metabolism of alcohols and aldehydes in Actinobacteria, including Mycobacterium tuberculosis; Derived by automated computational analysis using gene prediction method: Protein Homology.",OG0000009,Conserved,group_2326,Conserved,Shell,Shell
GCF_007558985.1,FND50_RS13220,MAKKALVNKANKKPKFAVRAYTRCQRCGRPHSVFRKFGLCRICVREMAHAGELPGVHKSSW,61,type z 30s ribosomal protein s14, ,Derived by automated computational analysis using gene prediction method: Protein Homology.,OG0000028,Conserved,group_2294,Conserved,Shell,Shell
GCF_007558985.1,FND50_RS13245,MAELKVTQIKSTIGTKQNQRNSLRTLGLKGIRQTVVREDNAQNRGLINVVRHLVTVEEV,59,50s ribosomal protein l30, ,Derived by automated computational analysis using gene prediction method: Protein Homology.,OG0000029,Conserved,rpmD,Conserved,Shell,Shell
GCF_007558985.1,FND50_RS13280,MKVQPSVKKICEKCKVIRRNGRVMVICENLRHKQRQG,37,50s ribosomal protein l36, ,Derived by automated computational analysis using gene prediction method: Protein Homology.,OG0000030,Conserved,rpmJ,Conserved,Soft core,Soft core
GCF_007558985.1,FND50_RS13400,MRADLEMFRERIDERRARDEEAAANRSGRGRTESATAPPAAAQPSTLDDDEFYRPRSWLV,60,hypothetical protein, ,Derived by automated computational analysis using gene prediction method: Protein Homology.,OG0000263,Shell,group_2245,Shell,Shell,Shell
GCF_007558985.1,FND50_RS36095,MAESVPFEFDAFDLAGHTTLEDVTYLPTPEPRTDEMPLSQTVVDFAGE,48,hypothetical protein, ,Derived by automated computational analysis using gene prediction method: Protein Homology.,OG0000389,Cloud,group_2114,Cloud,Cloud,Cloud
GCF_007558985.1,FND50_RS36100,MFKLIRAVALALLAVGAYVVISEHEPATVELPSPSFAPATAKLTTV,46,hypothetical protein, ,Derived by automated computational analysis using gene prediction method: GeneMarkS-2+.,OG0000220,Shell,group_2379,Shell,Shell,Shell
GCF_007558985.1,FND50_RS36750,MLIIGILLTLSLASVAWLCVSTAHGGRSGLAGPPRSHLHSD,41,hypothetical protein, ,Derived by automated computational analysis using gene prediction method: GeneMarkS-2+.,OG0000182,Shell,group_2124,Shell,Shell,Shell
GCF_007558985.1,FND50_RS14630,MTFTVTHRSFDQLAEFAVTDFGDDDSYSIHESGALVIVRAARELIYAPGSWFLVEREDGQEDGSPGNYM,69,hypothetical protein, ,Derived by automated computational analysis using gene prediction method: GeneMarkS-2+.,OG0000151,Shell,group_2,Shell,Shell,Shell
GCF_007558985.1,FND50_RS36105,MTDASNEDTKKKFREALERKNHQAGLSTDHKDGHSKAHEAHGPADHKREFRRKTG,55,duf5302 domain-containing protein, ,Derived by automated computational analysis using gene prediction method: Protein Homology.,OG0000031,Conserved,group_2470,Core,Soft core,Soft core
GCF_007558985.1,FND50_RS15105,MAAVCDVCAKGPGFGKSVSHSHRRTNRRWNPNIQTVRAEVAPGNTRKVNVCTSCLKAGKVARG,63,50s ribosomal protein l28, ,Derived by automated computational analysis using gene prediction method: Protein Homology.,OG0000032,Conserved,rpmB,Conserved,Soft core,Soft core
GCF_007558985.1,FND50_RS15145,MAVPKRRMSRSNTRSRRSQWKTTVPTLVTCPNRGCGEKTLPHVACPSCGTYKGRQVTAAV,60,50s ribosomal protein l32, ,Derived by automated computational analysis using gene prediction method: Protein Homology.,OG0000033,Conserved,group_2479,Conserved,Soft core,Soft core
GCF_007558985.1,FND50_RS15655,MRGTLDARRQRAEAAECSALDEQCRCASRERLAIARKLHDVLAHSL,46,hypothetical protein, ,Derived by automated computational analysis using gene prediction method: Protein Homology.,OG0000345,Cloud,group_2188,Cloud,Cloud,Cloud
GCF_007558985.1,FND50_RS36765,MVDPFGEGSTNLRGAAVRRIVFGDKLICPFVTRLRPTAFAPGRPQSKRRP,50,hypothetical protein, ,Derived by automated computational analysis using gene prediction method: GeneMarkS-2+.,OG0000334,Cloud,group_2101,Cloud,Cloud,Cloud
GCF_007558985.1,FND50_RS15820,MPAAAHVLLDELTVWGTPDTARDQLQHWYTAGAEMPILTLPPHRTIAELDYMLETMRPHP,60,hypothetical protein, ,Derived by automated computational analysis using gene prediction method: Protein Homology.,OG0001325,,,,,Probably not conserved
GCF_007558985.1,FND50_RS15825,MRLLRGLLDVVLGILTAILGTVLGIVAAVVWLVGGVLCVTVILLPLGLPVVRLARRLFTLARKLMHLP,68,hypothetical protein, ,Derived by automated computational analysis using gene prediction method: Protein Homology.,OG0000152,Shell,group_2196,Shell,Shell,Shell
GCF_007558985.1,FND50_RS36110,MFWKIVLAVAAIWIALAVVGALVKGLFWILVVSAVVFGVYLLIKAMSGSGEKSDITRS,58,hypothetical protein, ,Derived by automated computational analysis using gene prediction method: Protein Homology.,OG0000034,Conserved,group_808,Shell,Soft core,Shell
GCF_007558985.1,FND50_RS16040,MRLTEFHQLVREEFGQMRGDALLVDHVLLSLGGKTAAEAIEDGREPREVWRELCVEFDVPPQRR,64,duf3046 domain-containing protein, ,Derived by automated computational analysis using gene prediction method: Protein Homology.,OG0000035,Conserved,group_2481,Conserved,Shell,Shell
GCF_007558985.1,FND50_RS16320,MPGTLTSPPLTAADRCDRCGAGARVRAVLPTGGELLFCGHHANEHADRLREMNATIVSEAEAAI,64,hypothetical protein, ,Derived by automated computational analysis using gene prediction method: Protein Homology.,OG0000036,Conserved,group_2483,Conserved,Shell,Shell
GCF_007558985.1,FND50_RS36115,MSAGCRRDAVDVGLFPVAVIRRRGMGRRAGGVFGAWVMEKVGASQLPR,48,hypothetical protein, ,Derived by automated computational analysis using gene prediction method: GeneMarkS-2+.,OG0001326,,group_1436,Cloud,,Probably not conserved
GCF_007558985.1,FND50_RS36775,MYESYRGADAHAILDALDKEYHLDTPWFTPARWLEGHGVDF,41,hypothetical protein, ,Derived by automated computational analysis using gene prediction method: GeneMarkS-2+.,OG0000278,Shell,group_2313,Shell,Cloud,Shell
GCF_007558985.1,FND50_RS36120,MLASIAAQCADRDMIRYLLDGGPYVVSTLRGLRDDQLHGLWRPEWTPVPSAFLDAVSATNGPTLI,65,hypothetical protein, ,Derived by automated computational analysis using gene prediction method: GeneMarkS-2+.,OG0000335,Cloud,group_2243,Cloud,Cloud,Cloud
GCF_007558985.1,FND50_RS16960,MAEFDPPTTQRPPRPAITTELAADGFEDARETGRGGFGIVYRCRQPSLDRTVAVKVLTEDLDSDTRSTD,69,hypothetical protein, ,Derived by automated computational analysis using gene prediction method: GeneMarkS-2+.,OG0000823,Cloud,,,Cloud,Cloud
GCF_007558985.1,FND50_RS16970,MSELIAAGGADVTQIAAVAERYGLHFGEPDWFPDVIARYALTRS,44,hypothetical protein, ,Derived by automated computational analysis using gene prediction method: GeneMarkS-2+.,OG0001327,,group_1671,Cloud,,Probably not conserved
GCF_007558985.1,FND50_RS36780,MVEHIATRQDVREFRRALDELFALLLDNDDPSTRNGTAPGFTR,43,hypothetical protein, ,Derived by automated computational analysis using gene prediction method: GeneMarkS-2+.,OG0001328,,group_1723,Cloud,,Probably not conserved
GCF_007558985.1,FND50_RS36125,MTLSRASSPLSLPSDAAIGRAFVDELLDPLREFRDGLRLDEHDLSAAPMVRCSR,54,hypothetical protein, ,Derived by automated computational analysis using gene prediction method: GeneMarkS-2+.,OG0000303,Cloud,group_2482,Cloud,Cloud,Cloud
GCF_007558985.1,FND50_RS17090,MFAARCAATDRSRRADDVAEVLTLLGDPTVTIEPVVAPAGVGKTAVAAAVPQELVASATTRRC,63,hypothetical protein, ,Derived by automated computational analysis using gene prediction method: GeneMarkS-2+.,OG0001329,,group_448,Cloud,,Probably not conserved
GCF_007558985.1,FND50_RS36785,MQRVRYSAVVHRAGSREKRLGQKMSAEYSLIEAVWWMSDEAIRSDRSQRQSVGE,54,hypothetical protein, ,Derived by automated computational analysis using gene prediction method: GeneMarkS-2+.,OG0000403,Cloud,group_2506,Cloud,,Cloud
GCF_007558985.1,FND50_RS36140,MPKTIIPTVAALWLVLAALAAWNTVAFAIASLTAVVLGCYLLASAVTGPRHR,52,hypothetical protein, ,Derived by automated computational analysis using gene prediction method: Protein Homology.,OG0000205,Shell,group_2509,Cloud,,Cloud
GCF_007558985.1,FND50_RS36145,MSEPRPGGRRDRVTDLGQRQFSPAAAAVLSERYLRRDEHGRIESR,45,hypothetical protein, ,Derived by automated computational analysis using gene prediction method: GeneMarkS-2+.,OG0001330,,group_1617,Cloud,,Probably not conserved
GCF_007558985.1,FND50_RS36150,MGHSTVPVSAPLLFTANDCLDIGTCLGSPVSLDYYDRAPFSFTGTIDMVVVEYS,54,hypothetical protein, ,Derived by automated computational analysis using gene prediction method: GeneMarkS-2+.,OG0001331,,group_1080,Cloud,,Probably not conserved
GCF_007558985.1,FND50_RS36155,MASILALISAVLIVLGRRSVRGVDTEIVGFVGVAMGNLPSSLFLGGAAVSGRVGVVSNHAHM,62,hypothetical protein, ,Derived by automated computational analysis using gene prediction method: GeneMarkS-2+.,OG0000769,Cloud,group_2520,Cloud,,Cloud
GCF_007558985.1,FND50_RS36160,MPAHSSVYTYGVDAAAVRADRAVREVVTAPAGVRVFRVRWRERMVAGAGARRRR,54,hypothetical protein, ,Derived by automated computational analysis using gene prediction method: GeneMarkS-2+.,OG0001332,,group_1081,Cloud,,Probably not conserved
GCF_007558985.1,FND50_RS17665,MCSGNRARSAIAEALMREHTSERIEAISAGTRPETGHAPPNGVGAA,46,hypothetical protein, ,Derived by automated computational analysis using gene prediction method: Protein Homology.,OG0001333,,group_1564,Cloud,,Probably not conserved
GCF_007558985.1,FND50_RS36815,MSTRRRVVLGDQCVMAGGIGHQRLGDPIAELRCQRATKFHIEGFR,45,hypothetical protein, ,Derived by automated computational analysis using gene prediction method: GeneMarkS-2+.,OG0001334,,group_1618,Cloud,,Probably not conserved
GCF_007558985.1,FND50_RS18480,MDLTAIGVGFGYVVVVLTILVVVVGVSALFVFSIKSDFIPPESPGTPTGRKRIGRAE,57,hypothetical protein, ,Derived by automated computational analysis using gene prediction method: Protein Homology.,OG0000195,Shell,group_868,Shell,Cloud,Shell
GCF_007558985.1,FND50_RS18580,MSDGNTGAAGGGAIYALGIFGAWVWFWQQADAFWEYVLAIIQGLFWPAWMVYDVFKVLAG,60,hypothetical protein, ,Derived by automated computational analysis using gene prediction method: Protein Homology.,OG0000202,Shell,group_2473,Shell,Cloud,Shell
GCF_007558985.1,FND50_RS36170,MTLPVVTSSGKRKRIYCPNLHRDEVAFQRVSGGSRPSFCKRIGMR,45,hypothetical protein, ,Derived by automated computational analysis using gene prediction method: GeneMarkS-2+.,OG0001335,,group_1619,Cloud,,Probably not conserved
GCF_007558985.1,FND50_RS36835,MESDSPLVGPLLTRRVNTELVAGHWDDLLRLAGSLKFGTRARRCWSGSFPRRAGRTPLPRR,61,transposase, ,Derived by automated computational analysis using gene prediction method: Protein Homology.,OG0001336,,group_613,Cloud,,Probably not conserved
GCF_007558985.1,FND50_RS36175,MPKTIIPVIGALWLVLAAIGAWSTIAFAIAAPAAVLLGTYLPASAVTGSDGH,52,hypothetical protein, ,Derived by automated computational analysis using gene prediction method: Protein Homology.,OG0000205,Shell,group_2416,Cloud,Cloud,Cloud
GCF_007558985.1,FND50_RS18965,MPPWTSLEGHMIRVEEHLDKGRYTLRAELPGIPHEGTAARGIRKGSL,47,hypothetical protein, ,Derived by automated computational analysis using gene prediction method: GeneMarkS-2+.,OG0001337,,group_1497,Cloud,,Probably not conserved
GCF_007558985.1,FND50_RS19205,MRTGTVRWFNAEQGFGFLAPADGSDDIFVHVSEIAGDGHRILEEGQRVSFTVCRTETGNQARDVRVS,67,cold shock domain-containing protein, ,Derived by automated computational analysis using gene prediction method: Protein Homology.,OG0000157,Shell,group_2429,Shell,Shell,Shell
GCF_007558985.1,FND50_RS36180,MTKDTHGETDEPKGGRPGPADHGKDGGMATRENAPELADDSADAETD,47,hypothetical protein, ,Derived by automated computational analysis using gene prediction method: Protein Homology.,OG0000018,Core,group_2420,Shell,Shell,Shell
GCF_007558985.1,FND50_RS36185,MNTFTTPTSARNRGFAPSRGSMSTMEIKNRIEAMFREDDERESKAIRAE,49,hypothetical protein, ,Derived by automated computational analysis using gene prediction method: GeneMarkS-2+.,OG0000190,Shell,group_2397,Shell,Shell,Shell
GCF_007558985.1,FND50_RS19525,MHSDTTTRELLHDHTKVTRRFALADVALTMFVCLVCATGIGIITGSVLAAATGGLIVVLATALMVAAV,68,hypothetical protein, ,Derived by automated computational analysis using gene prediction method: Protein Homology.,OG0000158,Shell,group_2345,Shell,Shell,Shell
GCF_007558985.1,FND50_RS36870,MADKSAVKSSKQSARALRERRAEKRAKAQESTKIIRKRKG,40,hypothetical protein, ,Derived by automated computational analysis using gene prediction method: Protein Homology.,OG0000004,Core,group_2338,Shell,Shell,Shell
GCF_007558985.1,FND50_RS36875,MAAGLAGLFAAIPDAQWSLDDTLIGGNRAAVTYALSGHLNGRLGPYEPKGQSVHLE,56,hypothetical protein, ,Derived by automated computational analysis using gene prediction method: Protein Homology.,OG0000733,Cloud,group_943,Cloud,Cloud,Cloud
GCF_007558985.1,FND50_RS19610,METGTDETKTCSFCRGPIGYEIKDAHAGFASLPPGKRYRVFHCMNRCPRSAPDGLECGHRHEYL,64,hypothetical protein, ,Derived by automated computational analysis using gene prediction method: Protein Homology.,OG0000203,Shell,group_350,Shell,Shell,Shell
GCF_007558985.1,FND50_RS19740,MSEMVPADDTRRIALVDLLDRVLGGGVVITGEITLSLADVDMVRISLRTLIASVSALVPDPAGPDPADD,69,gas vesicle protein, ,Derived by automated computational analysis using gene prediction method: Protein Homology.,OG0000145,Shell,group_2318,Shell,Shell,Shell
GCF_007558985.1,FND50_RS19750,MNMGKKIRHKVETAEGATKKAVGRATGNAHLEAEGSKEQAKGNTKQMGDKFKDAGKKIKNAFKH,64,csbd family protein, ,Derived by automated computational analysis using gene prediction method: Protein Homology.,OG0000073,Shell,group_2267,Shell,Shell,Shell
GCF_007558985.1,FND50_RS36890,MSAVESAASCTACPHSTDSHDALGIRFCAVTSARSLDRKCICAGEQVSGQHYSRY,55,rgcvc family protein, ,Derived by automated computational analysis using gene prediction method: Protein Homology.,OG0000210,Shell,group_2316,Cloud,Cloud,Cloud
GCF_007558985.1,FND50_RS36895,MPSASWESVLCGHAVHDAADSTADTGLGDSDTSKFDTSVGFDAMAALQFSALGLRAGVGAEDDMA,65,hypothetical protein, ,Derived by automated computational analysis using gene prediction method: Protein Homology.,OG0000346,Cloud,group_2333,Cloud,Cloud,Cloud
GCF_007558985.1,FND50_RS20000,MSTNTYPTIETIRIGQSGHECRYCGHAVAKDGPGYRHTTTGQYRCDPASRALNEARLSNSMVRS,64,hypothetical protein, ,Derived by automated computational analysis using gene prediction method: Protein Homology.,OG0000148,Shell,group_2334,Shell,Shell,Shell
GCF_007558985.1,FND50_RS36190,MGSSEVFTDLVAWGAEGFLNGNPVQSAVGTVLFLGLGLWDLVTGAPIVI,49,hypothetical protein, ,Derived by automated computational analysis using gene prediction method: Protein Homology.,OG0000061,Soft core,group_2418,Shell,Cloud,Cloud
GCF_007558985.1,FND50_RS36480,MLTLACEADFDAAQHVAGTSLAERYFADRSDGLRPSNGEDLLVAIT,46,hypothetical protein, ,Derived by automated computational analysis using gene prediction method: GeneMarkS-2+.,OG0001338,,group_1565,Cloud,,Probably not conserved
GCF_007558985.1,FND50_RS20665,MNRTELPQTLRRSSKEVQAAFATAHEMAVRRYGDGEEAQRAAYGELKQSYELVTDHWVPKQD,62,chab family protein, ,Derived by automated computational analysis using gene prediction method: Protein Homology.,OG0000159,Shell,group_518,Shell,Cloud,Shell
GCF_007558985.1,FND50_RS20675,MNNDQRRALEHVRDTCAMLDSFLTTHPSDRPPERVRSATFEQLTDDLLDAVTAAQNAGVPEQRIFDSM,68,hypothetical protein, ,Derived by automated computational analysis using gene prediction method: Protein Homology.,OG0000135,Shell,group_2185,Shell,Cloud,Shell
GCF_007558985.1,FND50_RS36930,MGLGLGVLVALSANTGGNLEGPTAVTDHVGAAITGGTILLAVALVVVLTVIVPAARHRGSGSALHRPAA,69,hypothetical protein, ,Derived by automated computational analysis using gene prediction method: GeneMarkS-2+.,OG0000775,Cloud,group_2134,Cloud,Cloud,Cloud
GCF_007558985.1,FND50_RS36205,MTIDHDKTELPLFSAQRTLTHRTQEPGTDAPRTDDPPTQTSAEIHRSLFSDE,52,hypothetical protein, ,Derived by automated computational analysis using gene prediction method: Protein Homology.,OG0000222,Shell,group_2253,Shell,Cloud,Shell
GCF_007558985.1,FND50_RS20865,MAQGIVKWFNGEKGFGFIAPDDGTPDVFVHYSEISGSGFKSLDENQRVEFEVGQGQKGPQATNVRSV,67,cold-shock protein, ,Derived by automated computational analysis using gene prediction method: Protein Homology.,OG0000003,Conserved,group_1996,Shell,Cloud,Cloud
GCF_007558985.1,FND50_RS20885,MVESGRVDPSDHVDQAAVGGHLEHEQLYQALRARDADGAEELARRHLVGTRVEALRSLAPETETT,65,fcd domain-containing protein, ,Derived by automated computational analysis using gene prediction method: Protein Homology.,OG0000502,Cloud,group_2254,Cloud,Cloud,Cloud
GCF_007558985.1,FND50_RS36210,MATTSIAPTTPTGRQTPRHSGTMSTAEIKSRIEAMFADDRRPTRPAVTN,49,hypothetical protein, ,Derived by automated computational analysis using gene prediction method: Protein Homology.,OG0000002,Conserved,group_2516,Shell,Cloud,Cloud
GCF_007558985.1,FND50_RS20925,MGSPVGEQLRQALSDSGLALVCVRGPQCRWADLLLLGDGSVRELTWLARDADEIAERSPALHRSR,65,hypothetical protein, ,Derived by automated computational analysis using gene prediction method: Protein Homology.,OG0000143,Shell,group_2488,Shell,Cloud,Shell
GCF_007558985.1,FND50_RS36215,MSTRIAAALSAVAVTLPLGALTAPAASAAPAVPAATPAAGSVTICFGVPLGSASLNWCF,59,hypothetical protein, ,Derived by automated computational analysis using gene prediction method: Protein Homology.,OG0000233,Shell,group_2315,Cloud,Cloud,Cloud
GCF_007558985.1,FND50_RS36945,MLDVEDEVTIGGLDRPRGGALLAIVLTGLALRILSQPDESWAR,43,hypothetical protein, ,Derived by automated computational analysis using gene prediction method: GeneMarkS-2+.,OG0000824,Cloud,,,Cloud,Cloud
GCF_007558985.1,FND50_RS36960,MVEQEQARQALQLLRDVGPAGDTLDVTVAGTAESVHLPRAVLV,43,hypothetical protein, ,Derived by automated computational analysis using gene prediction method: GeneMarkS-2+.,OG0001339,,group_1724,Cloud,,Probably not conserved
GCF_007558985.1,FND50_RS36970,MGVDAETADPATLAYLDEVTSVAEAGYVRSLLALARYRPLVG,42,hypothetical protein, ,Derived by automated computational analysis using gene prediction method: GeneMarkS-2+.,OG0000120,Shell,group_1777,Cloud,,Cloud
GCF_007558985.1,FND50_RS37005,MITEALVEQVYRVRAGVAVDPVTGYPTVTHRPRSSRHLSLR,41,hypothetical protein, ,Derived by automated computational analysis using gene prediction method: GeneMarkS-2+.,OG0001340,,group_1841,Cloud,,Probably not conserved
GCF_007558985.1,FND50_RS37010,MNLSRQPIAIAPDATVLLASTDLTDTRSLPPDTTLWLRTNQ,41,hypothetical protein, ,Derived by automated computational analysis using gene prediction method: GeneMarkS-2+.,OG0000825,Cloud,group_2119,Cloud,,Cloud
GCF_007558985.1,FND50_RS37015,MTIPNNGSGFSDVLAWIAEHAPGPASWSDSKAPAATESAWLAR,43,hypothetical protein, ,Derived by automated computational analysis using gene prediction method: GeneMarkS-2+.,OG0000577,Cloud,group_2346,Cloud,,Cloud
GCF_007558985.1,FND50_RS37030,MRPATPDSLPSIGPVPGHRGLYIAAGHGMVGVTSP,35,fad-binding oxidoreductase, ,Derived by automated computational analysis using gene prediction method: Protein Homology.,OG0000780,Cloud,group_2118,Cloud,,Cloud
GCF_007558985.1,FND50_RS36235,MTDQLHADLTERLGRAVARAAMDGDPLFGTVEITIAELAELLESRTSPGE,50,hypothetical protein, ,Derived by automated computational analysis using gene prediction method: Protein Homology.,OG0000136,Shell,group_2495,Shell,Cloud,Shell
GCF_007558985.1,FND50_RS36240,MEGKKKIAAPVRGGDAESLAADVFEEGRCLFLLEDAVDLEEIGGDVVRD,49,hypothetical protein, ,Derived by automated computational analysis using gene prediction method: GeneMarkS-2+.,OG0000578,Cloud,group_2072,Cloud,Cloud,Cloud
GCF_007558985.1,FND50_RS36245,MENFAIAGTTTRQFPLLISASAMIERAARETNLQLGHLDEKRAGAVIDAGKEIRQA,56,hypothetical protein, ,Derived by automated computational analysis using gene prediction method: GeneMarkS-2+.,OG0000339,Cloud,group_2095,Cloud,Cloud,Cloud
GCF_007558985.1,FND50_RS37055,MFENYWTELNLLDIGKYTADEHLDKSDAIDAIRRTTPPTTPTF,43,hypothetical protein, ,Derived by automated computational analysis using gene prediction method: GeneMarkS-2+.,OG0001341,,group_1725,Cloud,,Probably not conserved
GCF_007558985.1,FND50_RS21905,MVEDGARRWRDSTWFDVVVILSTIAAGTVVAGLLNDPGTGEPTTDREYSYGTAPALVDT,59,hypothetical protein, ,Derived by automated computational analysis using gene prediction method: GeneMarkS-2+.,OG0001342,,group_748,Cloud,,Probably not conserved
GCF_007558985.1,FND50_RS37065,MATAGDADNTDPKARTRHSGQIPLKRVGDDLIGQQLVVTGWTR,43,hypothetical protein, ,Derived by automated computational analysis using gene prediction method: GeneMarkS-2+.,OG0001343,,group_1726,Cloud,,Probably not conserved
GCF_007558985.1,FND50_RS21975,MNLDNAVGLVLVVLLAVFLIAALLFPERF,29,k(+)-transporting atpase subunit f, ,Derived by automated computational analysis using gene prediction method: GeneMarkS-2+.,OG0000395,Cloud,group_1949,Cloud,Cloud,Cloud
GCF_007558985.1,FND50_RS36250,MGNLLITFVLLGSFLGAALMIRYLNTRSARPAPGTTQRRREATSVERQQRSIRL,54,hypothetical protein, ,Derived by automated computational analysis using gene prediction method: GeneMarkS-2+.,OG0000242,Shell,group_2249,Cloud,Cloud,Cloud
GCF_007558985.1,FND50_RS22190,MAQEQTKRTGGGDEDDTPGGDGATGQERREKLAEDTDDLLDEIDDVLEENAEDFVRAYVQKGGQ,64,ubiquitin-like protein pup, ,Derived by automated computational analysis using gene prediction method: Protein Homology.,OG0000037,Conserved,group_343,Shell,Shell,Shell
GCF_007558985.1,FND50_RS22305,MSTSDTAGHTEFPASMGKVSRRELASHGYTRFDQLTTVTALELSKIHGVGPKAIRILEEELAERGLGFAN,70,hypothetical protein, ,Derived by automated computational analysis using gene prediction method: Protein Homology.,OG0000050,Conserved,,,Shell,Shell
GCF_007558985.1,FND50_RS22705,MVIDPTLLGILACPQDKGPLLLVGDELLYNPRLRRAYPIENGIPVLLIDEARDVGADEHETLLARAAGEA,70,trm112 family protein, ,Derived by automated computational analysis using gene prediction method: Protein Homology.,OG0000038,Conserved,,,Soft core,Soft core
GCF_007558985.1,FND50_RS22780,MPKSKTHSGTAKRFKVSGSGKILRQKAGRRHLLEHKATKVTRRLDGVAVVSKADTPRIKRLLDI,64,50s ribosomal protein l35, ,Derived by automated computational analysis using gene prediction method: Protein Homology.,OG0000039,Conserved,rpmI,Shell,Soft core,Shell
GCF_007558985.1,FND50_RS23070,MPLIQISQTPGLTAEQKRATIEAVTKAYADATGKDPAKVWVTITEVPRDSWGVGGTPLG,59,2-hydroxymuconate tautomerase family protein, ,Derived by automated computational analysis using gene prediction method: Protein Homology.,OG0000160,Shell,group_2162,Shell,Shell,Shell
GCF_007558985.1,FND50_RS36265,MSVVLVYVLFIAAGIAAGGAYSMWKFNKLASGVLLALAVLAAVAGVLRLM,50,hypothetical protein, ,Derived by automated computational analysis using gene prediction method: Protein Homology.,OG0000040,Conserved,group_1297,Shell,Core,Shell
GCF_007558985.1,FND50_RS23280,MHVAVGDRLHVQGRVVGVHETTAEVVEVHGENGAPPYLVRYDDGHEALVFPGSDAWVEHPKS,62,duf1918 domain-containing protein, ,Derived by automated computational analysis using gene prediction method: Protein Homology.,OG0000041,Conserved,group_504,Shell,Soft core,Shell
GCF_007558985.1,FND50_RS36280,MATYRYLDKDRNVLEEQDFGTVQDAEEHRLSVLGAEIIEEVEDSGTPES,49,hypothetical protein, ,Derived by automated computational analysis using gene prediction method: Protein Homology.,OG0000054,Core,group_2183,Shell,Soft core,Shell
GCF_007558985.1,FND50_RS23840,MTDEDHLWYYNVEDGTVTQGKAASSMSRMGPYPDRASAEKALQIAAERNKAADRADEEWNN,61,hypothetical protein, ,Derived by automated computational analysis using gene prediction method: Protein Homology.,OG0000042,Conserved,group_2293,Shell,Soft core,Shell
GCF_007558985.1,FND50_RS23940,MPRYKVTLRNGTSSDKSFESDFQAVNETHRPTESGAGIVKIDRYEEGGGVTGVWSAPATSRTSRT,65,hypothetical protein, ,Derived by automated computational analysis using gene prediction method: Protein Homology.,OG0000113,Soft core,group_2295,Shell,Shell,Shell
GCF_007558985.1,FND50_RS24155,MTGAGILAVALVAIAAALVVYLLIALIDPERF,32,potassium-transporting atpase subunit f, ,Derived by automated computational analysis using gene prediction method: Protein Homology.,OG0000055,Core,group_2327,Shell,Soft core,Shell
GCF_007558985.1,FND50_RS24340,MDRMASWWDGFELWIAGLPFVPQVALVLLVMVPVCRGLAWLLDRGLAAVFVLLRRDVSKVEEP,63,hypothetical protein, ,Derived by automated computational analysis using gene prediction method: Protein Homology.,OG0000056,Core,group_427,Shell,Shell,Shell
GCF_007558985.1,FND50_RS36285,MSESERTDLDVDDELDAGQVWRAQRVVAAQSLDAEDCRMLLSMLGIAGNPDAPEVD,56,hypothetical protein, ,Derived by automated computational analysis using gene prediction method: Protein Homology.,OG0000161,Shell,group_2171,Shell,Shell,Shell
GCF_007558985.1,FND50_RS37090,MNDHHVQLFSELHTTAGSQAGGEDAGEALRPVDPEHRTATEVHRALFSDQ,50,hypothetical protein, ,Derived by automated computational analysis using gene prediction method: GeneMarkS-2+.,OG0000162,Shell,group_2285,Shell,Shell,Shell
GCF_007558985.1,FND50_RS36290,MIPTLLYYGVPTAVVTVTLWVGFLGWRFYVKEVLRGDSGDTTAGEPDHG,49,hypothetical protein, ,Derived by automated computational analysis using gene prediction method: Protein Homology.,OG0000223,Shell,group_2268,Shell,Shell,Shell
GCF_007558985.1,FND50_RS36295,MRALPAAHAPRLQPSRTGAASSFPAGRQGECGIMPAPKTYRSTRHA,46,hypothetical protein, ,Derived by automated computational analysis using gene prediction method: GeneMarkS-2+.,OG0000208,Shell,group_2409,Shell,Shell,Shell
GCF_007558985.1,FND50_RS36315,MPSLEDQLIDISAKIKHARDTGDLTTLSVLEPQMELLLEQRYPSEVSG,48,hypothetical protein, ,Derived by automated computational analysis using gene prediction method: GeneMarkS-2+.,OG0000296,Cloud,group_1437,Cloud,Cloud,Cloud
GCF_007558985.1,FND50_RS36320,MKTAYHEGKYWRVGAIRRNPIAYAELHRPDAKSVAVPLSKLRLEEPRP,48,hypothetical protein, ,Derived by automated computational analysis using gene prediction method: GeneMarkS-2+.,OG0000826,Cloud,group_2452,Cloud,Cloud,Cloud
GCF_007558985.1,FND50_RS25240,MTTLRVTTVRTAVQIEKVAPTSVGFGTASVSVANALRRGGGMWQVTYSDGATDVVHGDEITVRP,64,hypothetical protein, ,Derived by automated computational analysis using gene prediction method: GeneMarkS-2+.,OG0000531,Cloud,group_371,Cloud,,Cloud
GCF_007558985.1,FND50_RS25325,MVGKFERRKDTVQELTESAATHVGHIATIIAGAVRDVTREIGDWVSDGIEMREAAKKAREDEGEDNPVD,69,hypothetical protein, ,Derived by automated computational analysis using gene prediction method: Protein Homology.,OG0000149,Shell,group_2446,Shell,Shell,Shell
GCF_007558985.1,FND50_RS37125,MFVAPVVVGGGTRSLPERVRCRLELLDERRFGSGFASLHYRVAS,44,hypothetical protein, ,Derived by automated computational analysis using gene prediction method: Protein Homology.,OG0001344,,group_1672,Cloud,,Probably not conserved
GCF_007558985.1,FND50_RS36335,MTTHRDEAPPITDPDDDLGGDPVCWLDRVCPDCGLFLTDHTASTCPRCGSARER,54,hypothetical protein, ,Derived by automated computational analysis using gene prediction method: Protein Homology.,OG0000163,Shell,group_2435,Shell,Shell,Shell
GCF_007558985.1,FND50_RS37135,MADKSPRNSMSKKSGKSLKEKRADKKMKTNGQSDPEIVSHVKKR,44,hypothetical protein, ,Derived by automated computational analysis using gene prediction method: Protein Homology.,OG0000004,Core,group_2437,Shell,Shell,Shell
GCF_007558985.1,FND50_RS36340,MTDERPGKNQTPPDKTTRPTPKEATPDVSKTDLAAVVDALTATNEKNFDF,50,hypothetical protein, ,Derived by automated computational analysis using gene prediction method: Protein Homology.,OG0000164,Shell,group_2447,Shell,Shell,Shell
GCF_007558985.1,FND50_RS37140,MTKATHLFWGDLVGRVRDPFGNLWWVQTHIEDVDEAEMTRRMGDPTFTAAMEYVQSADFFPGR,63,hypothetical protein, ,Derived by automated computational analysis using gene prediction method: GeneMarkS-2+.,OG0001345,,group_449,Cloud,,Probably not conserved
GCF_007558985.1,FND50_RS36345,MTSLTDLQALERDLRDLALVLARAATDTGVRTDLDAAIERYGFTRADLGSDPTSPA,56,hypothetical protein, ,Derived by automated computational analysis using gene prediction method: Protein Homology.,OG0000597,Cloud,group_2391,Cloud,Cloud,Cloud
GCF_007558985.1,FND50_RS26730,MNLQTAQNMIQAAGVFFSRSADATGAGRMQVLDSNWIVVGQQPSPGALVGEGDAVLSVVKIGEPNNC,67,calcium-binding protein, ,Derived by automated computational analysis using gene prediction method: Protein Homology.,OG0000253,Shell,group_2453,Shell,Cloud,Shell
GCF_007558985.1,FND50_RS37155,MSSNPVDALTEPDGSDPVPDMLENAVGLSFLSPSFYIHSSAPQ,43,hypothetical protein, ,Derived by automated computational analysis using gene prediction method: GeneMarkS-2+.,OG0001346,,group_1727,Cloud,,Probably not conserved
GCF_007558985.1,FND50_RS27710,MGSGPVKAIMWSLLFVGLVGAGVGISELHVPWTVASLIVASVSGLVLLRIRADAHPELHSDRRMAAG,67,hypothetical protein, ,Derived by automated computational analysis using gene prediction method: Protein Homology.,OG0000165,Shell,group_2193,Shell,Shell,Shell
GCF_007558985.1,FND50_RS27750,MNSTITGLIVGLLLAIAGILGGFSGFVFAVLLGALGMAVGAHRDGHLDLGAILRSRGRG,59,hypothetical protein, ,Derived by automated computational analysis using gene prediction method: Protein Homology.,OG0000026,Conserved,group_2303,Conserved,Shell,Shell
GCF_007558985.1,FND50_RS27950,MSEKKIDRVKTESALEVLRESPTIALITVAPALVVFGVVWWLFGFWSALVLVLILGVVAVVGRKLF,66,hypothetical protein, ,Derived by automated computational analysis using gene prediction method: Protein Homology.,OG0000025,Conserved,group_2209,Conserved,Soft core,Soft core
GCF_007558985.1,FND50_RS28085,MASSTDVRPKITLACEVCKHRNYITKKNRRNDPDRLEIKKFCPNCGTHQSHRESK,55,50s ribosomal protein l33, ,Derived by automated computational analysis using gene prediction method: Protein Homology.,OG0000024,Conserved,rpmG,Conserved,Conserved,Conserved
GCF_007558985.1,FND50_RS28235,MGALSPSHWAIIAVVLVVLFGSKKLPDAARGLGRSMRILKTEVGELQADAPELEK,55,sec-independent protein translocase subunit tata, ,Derived by automated computational analysis using gene prediction method: Protein Homology.,OG0000019,Conserved,group_2146,Shell,Shell,Shell
GCF_007558985.1,FND50_RS28375,MIYLLALIGLVTVAVLLWKAFGPNTRPVLSNRVQGPDDDPDFLWKVDRETRRKKSDEPDTGPADPAG,67,hypothetical protein, ,Derived by automated computational analysis using gene prediction method: Protein Homology.,OG0000023,Conserved,group_2246,Shell,Conserved,Shell
GCF_007558985.1,FND50_RS28520,MGSVIKKRRKRMSKKKHRKLLRRTRVQRRKLGK,33,aurkaip1/cox24 domain-containing protein, ,Derived by automated computational analysis using gene prediction method: Protein Homology.,OG0000022,Conserved,group_1939,Conserved,Conserved,Conserved
GCF_007558985.1,FND50_RS37185,MTRPISTITALARNGTRQPQDRNTSSLTENVANAASVPATEEKDGKNNGPNTIAAAMP,58,hypothetical protein, ,Derived by automated computational analysis using gene prediction method: GeneMarkS-2+.,OG0000292,Cloud,group_824,Cloud,Cloud,Cloud
GCF_007558985.1,FND50_RS36360,MIVLGLILLLIGWLTGLTWLWTIGIILLVIGAILWILGATGRAVGGRRRWY,51,duf6131 family protein, ,Derived by automated computational analysis using gene prediction method: Protein Homology.,OG0000000,Conserved,group_2247,Shell,Shell,Shell
GCF_007558985.1,FND50_RS28915,MTFESNNPRQFTRSDNQKMLAGVCGGIAEYFSVDVNLVRLLTVVATLVTGGTAALVYLAAWMLMPAGH,68,pspc domain-containing protein, ,Derived by automated computational analysis using gene prediction method: Protein Homology.,OG0000021,Conserved,group_2380,Conserved,Shell,Shell
GCF_007558985.1,FND50_RS37200,MTPSVLATVESGSLGSVRVLVVAGEVLGPELVARWAPGRELFDAYGPTEVTVQATVSGALVAGVW,65,hypothetical protein, ,Derived by automated computational analysis using gene prediction method: Protein Homology.,OG0001347,,group_295,Cloud,,Probably not conserved
GCF_007558985.1,FND50_RS29815,MATIEEFEQTVTDKVVAGLHAKFADYERRGVGLAELGDPDRFVERILAAVPAPHPWYEQFGTAWSSAPA,69,hypothetical protein, ,Derived by automated computational analysis using gene prediction method: Protein Homology.,OG0000166,Shell,group_2132,Shell,Shell,Shell
GCF_007558985.1,FND50_RS37215,MPVDLGMMVGEDAAVDVEAEPDRWLRFDCTGPRGRLAGHVGLR,43,hypothetical protein, ,Derived by automated computational analysis using gene prediction method: GeneMarkS-2+.,OG0000404,Cloud,group_1728,Cloud,Cloud,Cloud
GCF_007558985.1,FND50_RS30355,MNPVNDPDIVFLADHSVLLAIPAFVPAFLVAGLVIYLAVRDRKAEAAENAESAKHGPSEKDEEN,64,hypothetical protein, ,Derived by automated computational analysis using gene prediction method: Protein Homology.,OG0000167,Shell,group_2396,Shell,Shell,Shell
GCF_007558985.1,FND50_RS30380,MTAAISEKSRPLDADMADAVRRSLESGTMGRFGLTTTDCHETYRDLVARVVEFTQPPAEGLTASRR,66,hypothetical protein, ,Derived by automated computational analysis using gene prediction method: GeneMarkS-2+.,OG0000827,Cloud,group_2164,Cloud,Cloud,Cloud
GCF_007558985.1,FND50_RS30970,MAAYQCPVCDYVYDEASGAPREGFPAGTAWADVPDDWCCPDCGVREKIDFDPRVA,55,rubredoxin, ,Derived by automated computational analysis using gene prediction method: Protein Homology.,OG0000053,Core,group_2321,Shell,Shell,Shell
GCF_007558985.1,FND50_RS30975,MSTDFKLYRCVQCGFEYDEAEGWPEDGIEPGTRWDDIPEDWSCPDCGAAKADFDMVEVSRA,61,rubredoxin, ,Derived by automated computational analysis using gene prediction method: Protein Homology.,OG0000007,Conserved,group_2335,Shell,Shell,Shell
GCF_007558985.1,FND50_RS31010,MGDDSSAAMVSVSLTTSAARRASRAPEVSAAFPFFFAFVCFDVAFLGAFLAEFPGVLLDGFLIEFNAF,68,hypothetical protein, ,Derived by automated computational analysis using gene prediction method: GeneMarkS-2+.,OG0001348,,group_77,Cloud,,Probably not conserved
GCF_007558985.1,FND50_RS37245,MTDQVDETIRRLEEAGLAERVSHKGAVVKGLTLAELVHVYDVRRLPEVEAARLGAQQIGPTDVDRM,66,hypothetical protein, ,Derived by automated computational analysis using gene prediction method: GeneMarkS-2+.,OG0001349,,group_229,Cloud,,Probably not conserved
GCF_007558985.1,FND50_RS37275,MTVSRNARGQYHISILVEDTIAEPPSTGRVVGLDAGITSLYTLSTGGEDHQPAARAHGP,59,transposase, ,Derived by automated computational analysis using gene prediction method: GeneMarkS-2+.,OG0001350,,group_749,Cloud,,Probably not conserved
GCF_007558985.1,FND50_RS36370,MESTSQPSPRECPDCHALTADLEAHKLWHSRLVHDIATAVDKDISRRAHT,50,hypothetical protein, ,Derived by automated computational analysis using gene prediction method: Protein Homology.,OG0000227,Shell,group_1293,Shell,Cloud,Shell
GCF_007558985.1,FND50_RS36375,MCEHIAAGATTAYHVAKAMRWTHRRRQLDELPPEHRLSAVMEIGAHLDVLTLHGRRKPH,59,hypothetical protein, ,Derived by automated computational analysis using gene prediction method: GeneMarkS-2+.,OG0000828,Cloud,group_750,Cloud,,Cloud
GCF_007558985.1,FND50_RS37320,MAPTEAGAVLVRYAQKMLADFNDLHAEPTTLTAQVEDRLVVAAAHSVIIDLLAPAP,56,hypothetical protein, ,Derived by automated computational analysis using gene prediction method: GeneMarkS-2+.,OG0001351,,group_944,Cloud,,Probably not conserved
GCF_007558985.1,FND50_RS36380,MLRRLSAHEDNGAVSAMVDTVRILPVEVIERTPVITGAHQQDRHQEEWMHYENTE,55,hypothetical protein, ,Derived by automated computational analysis using gene prediction method: GeneMarkS-2+.,OG0001352,,group_1023,Cloud,,Probably not conserved
GCF_007558985.1,FND50_RS33095,MAVVKANLGACQGYANCVVAADDYFDIDDDGVVELLSVEVPESERGRVDSAARSCPVSALWIED,64,ferredoxin, ,Derived by automated computational analysis using gene prediction method: Protein Homology.,OG0000001,Conserved,group_2005,Shell,,Shell
GCF_007558985.1,FND50_RS37340,MVELEGKIAVVTGGASGIGFAVAESFASEGVKVVLADIQEDSLNAQFRL,49,sdr family nad(p)-dependent oxidoreductase, ,Derived by automated computational analysis using gene prediction method: Protein Homology.,OG0000740,Cloud,group_1375,Cloud,,Cloud
GCF_007558985.1,FND50_RS37345,MAERLADVGAERAEEYGRLNAGEGMLLVRITPEKVISENITGE,43,hypothetical protein, ,Derived by automated computational analysis using gene prediction method: GeneMarkS-2+.,OG0000369,Cloud,group_2385,Cloud,,Cloud
GCF_007558985.1,FND50_RS37355,MNNPRYASVNDRHTHMGELHSAIREAVPSRTTREWLNLCQTQ,42,coa transferase, ,Derived by automated computational analysis using gene prediction method: Protein Homology.,OG0001353,,group_1778,Cloud,,Probably not conserved
GCF_007558985.1,FND50_RS37370,MTRGRIDADQTRLELELEPESQVRAGGDAVVRSHSSEVLWADLAGTY,47,hypothetical protein, ,Derived by automated computational analysis using gene prediction method: GeneMarkS-2+.,OG0000396,Cloud,group_2372,Cloud,Cloud,Cloud
GCF_007558985.1,FND50_RS36395,MAVGGRFQQHMLLRETNLPEPVDSQKSRRRPPLPQRFGVVAQCGGAVEATT,51,hypothetical protein, ,Derived by automated computational analysis using gene prediction method: GeneMarkS-2+.,OG0000294,Cloud,group_2151,Shell,Cloud,Cloud
GCF_007558985.1,FND50_RS33620,MPLLHVTQTPGQSAEAKRELLKKLTAAYVDATGAKPASVWVTIEEVSKDDWAIGGETLTERASKPA,66,4-oxalocrotonate tautomerase family protein, ,Derived by automated computational analysis using gene prediction method: Protein Homology.,OG0000224,Shell,group_213,Shell,Cloud,Shell
GCF_007558985.1,FND50_RS36400,MRELRVSINTLDTSSNDEFFAGYVRNSLRADARVAQQHAGTTPAHVLDFP,50,hypothetical protein, ,Derived by automated computational analysis using gene prediction method: GeneMarkS-2+.,OG0000580,Cloud,group_2152,Cloud,Cloud,Cloud
GCF_007558985.1,FND50_RS33685,MATWFNGEKGFGFIAPDDGTPDVLVHCAEISGTRPQLSAGRAVSST,46,cold shock domain-containing protein, ,Derived by automated computational analysis using gene prediction method: Protein Homology.,OG0000157,Shell,group_1566,Cloud,,Cloud
GCF_007558985.1,FND50_RS33750,MGFDATAAATIREHRLEACHQAMVAPRNAPRSLTDIATRFGFVELSVLGRAFTATHGISPIRYHEQHR,68,helix-turn-helix domain-containing protein, ,Derived by automated computational analysis using gene prediction method: Protein Homology.,OG0000829,Cloud,group_78,Cloud,,Cloud
GCF_007558985.1,FND50_RS36405,MLVDYIDAHKADYGVEPICRALVQAGAEDRPVDVLCRESPGRRRPGRSETPN,52,hypothetical protein, ,Derived by automated computational analysis using gene prediction method: GeneMarkS-2+.,OG0001354,,group_1189,Cloud,,Probably not conserved
GCF_007558985.1,FND50_RS33955,MSADDTEKLMLDRLYAAVLAVAGLGYGGYILLDELTGGSDTPGEEDQHLRRESSEQVSTA,60,hypothetical protein, ,Derived by automated computational analysis using gene prediction method: Protein Homology.,OG0000168,Shell,group_2489,Shell,Cloud,Shell
GCF_007558985.1,FND50_RS36410,MAWVVVSYLEWVQNLQAFTSTGVEVVVRWLCVFMQSLPQPRHGVGQVARCTRRGGLFP,58,hypothetical protein, ,Derived by automated computational analysis using gene prediction method: GeneMarkS-2+.,OG0001355,,group_825,Cloud,,Probably not conserved
GCF_007558985.1,FND50_RS34210,MYSGFLRHAEAAADRFGVDARTLLVEAGRRGLVGGQEDRHCHVNGSGVRLAGSAW,55,hypothetical protein, ,Derived by automated computational analysis using gene prediction method: Protein Homology.,OG0001356,,group_1024,Cloud,,Probably not conserved
GCF_007558985.1,FND50_RS34250,MSIGKKLRHKAETAEGAAKKTVGKALGNERMEAEGRAQEAKGKMKQAGDQVKQAGQKIKNIFKH,64,csbd family protein, ,Derived by automated computational analysis using gene prediction method: Protein Homology.,OG0000073,Shell,group_2502,Shell,,Shell
GCF_007558985.1,FND50_RS36420,MPEEFDRFTRLAQARIEGGYPTPDARRQLEDELYFQRAVHVYLPDPYPGAARRMSNEYV,59,hypothetical protein, ,Derived by automated computational analysis using gene prediction method: GeneMarkS-2+.,OG0001357,,group_751,Cloud,,Probably not conserved
GCF_007558985.1,FND50_RS37440,MLTAPGVHRDWDRVALRAWTVCVSTSVVAVAVVAVLIMVG,40,hypothetical protein, ,Derived by automated computational analysis using gene prediction method: GeneMarkS-2+.,OG0001358,,group_1884,Cloud,,Probably not conserved
GCF_007558985.1,FND50_RS34880,MYLAIMSLAPEGTAHQRWSNRGKAALDALEITFDGRLSTGRK,42,hypothetical protein, ,Derived by automated computational analysis using gene prediction method: GeneMarkS-2+.,OG0000830,Cloud,group_1779,Cloud,,Cloud
GCF_007558985.1,FND50_RS36430,MGLAEAVEKTVTRRRADLRLPAEDAENVDVVNVDVVTAGSTRSSTLRASRSTAGSSLEPASGMQLSGS,68,hypothetical protein, ,Derived by automated computational analysis using gene prediction method: GeneMarkS-2+.,OG0001359,,group_79,Cloud,,Probably not conserved
GCF_007558985.1,FND50_RS37460,MTELARALTDRELSDRVLAAGVTNALALAQPPTTPSSSPQQ,41,hypothetical protein, ,Derived by automated computational analysis using gene prediction method: GeneMarkS-2+.,OG0001360,,group_1842,Cloud,,Probably not conserved
GCF_007558985.1,FND50_RS36440,MTLVRGKATTRRSATTRRSAGNRPDRVPAPISATTPGQVVEIDSTPVNVLCLMPDGKAVG,60,hypothetical protein, ,Derived by automated computational analysis using gene prediction method: GeneMarkS-2+.,OG0001361,,group_680,Cloud,,Probably not conserved
GCF_007558985.1,FND50_RS35365,MNSTTEDQHISVVRQRLAARFPTIDSGVIDQAVDTAHHQFDGRPVRDFVPLLVERAALRSLTDDT,65,hypothetical protein, ,Derived by automated computational analysis using gene prediction method: Protein Homology.,OG0000062,Soft core,group_296,Cloud,,Cloud
GCF_007558985.1,FND50_RS37475,MGSMLFAVLGVAAQLDGDYIREKTLKSSRPLPTAATTADRILA,43,hypothetical protein, ,Derived by automated computational analysis using gene prediction method: GeneMarkS-2+.,OG0000788,Cloud,group_1720,Cloud,,Cloud
GCF_007558985.1,FND50_RS37495,MSITACTRRHRRLEPLLAVVDELVRSEGLRTLHGQMADTARGGMDQHALPAL,52,hypothetical protein, ,Derived by automated computational analysis using gene prediction method: GeneMarkS-2+.,OG0001362,,,,,Probably not conserved
GCF_007558985.1,FND50_RS35555,MHPVAKRQRLEVLIGILGFFTVMAFIAAVVEVVRGDPGVTPALVLLGCLVLSGLAVVARNRMY,63,hypothetical protein, ,Derived by automated computational analysis using gene prediction method: Protein Homology.,OG0000051,Conserved,,,Cloud,Cloud
GCF_007558985.1,FND50_RS36445,MSDAINEQPWLPNGPIPFDVQWTLEGDGSNVRTREARMQETDLVVRP,47,hypothetical protein, ,Derived by automated computational analysis using gene prediction method: GeneMarkS-2+.,OG0001363,,,,,Probably not conserved
GCF_008306195.1,D6M20_RS32170,MADKAPGKNMKKPAQSIKERRAEKRAKTAESSEFIRKRKRS,41,hypothetical protein, ,Derived by automated computational analysis using gene prediction method: Protein Homology.,OG0000004,Core,group_2142,Soft core,Soft core,Soft core
GCF_008306195.1,D6M20_RS02845,MANNSKQHYVDPGWPETADGDHAVTELSSTRAGGLSPFGEDTTFPVPVESLPYVHPHTVINR,62,hypothetical protein, ,Derived by automated computational analysis using gene prediction method: Protein Homology.,OG0000048,Conserved,group_501,Soft core,Soft core,Soft core
GCF_008306195.1,D6M20_RS03385,MGFLDNVKGLVEKGQELAAENSDKVHDAIDKVADIADDKTGNKYGDQIDKAAEAAKKAVPEKQ,63,antitoxin, ,Derived by automated computational analysis using gene prediction method: Protein Homology.,OG0000010,Conserved,group_425,Soft core,Soft core,Soft core
GCF_008306195.1,D6M20_RS31750,MHLTATTSTTTGAAGNSDPKDAESTLDMSGRPAALRARSAAATRPGGADVTA,52,hypothetical protein, ,Derived by automated computational analysis using gene prediction method: GeneMarkS-2+.,OG0000131,Shell,group_2058,Shell,Shell,Shell
GCF_008306195.1,D6M20_RS04010,MARNEIRPIVKLKSTAGTGYTYVTRKNRRNDPDRLVLKKYDPMLRKHVDFREEK,54,50s ribosomal protein l33, ,Derived by automated computational analysis using gene prediction method: Protein Homology.,OG0000047,Conserved,group_2199,Soft core,Soft core,Soft core
GCF_008306195.1,D6M20_RS04030,MAVPKRKMSRSNTRSRRAQWKATAPDLVEVTAFGQTHRVPRRLVKAVRLGVIDPSRI,57,50s ribosomal protein l32, ,Derived by automated computational analysis using gene prediction method: Protein Homology.,OG0000060,Soft core,group_2302,Soft core,Soft core,Soft core
GCF_008306195.1,D6M20_RS31755,MSEQPDTPKKPSVDKKRLARIFGDVFPETTSDERGPEGSSRSSDDDWLRSQRPPHHGG,58,hypothetical protein, ,Derived by automated computational analysis using gene prediction method: Protein Homology.,OG0000089,Soft core,group_2328,Soft core,Soft core,Soft core
GCF_008306195.1,D6M20_RS31765,MKHTMSDDELRRAIREIQDRAHDARKRGDDVAAEELDRTVKGYQEQMMQRL,51,hypothetical protein, ,Derived by automated computational analysis using gene prediction method: Protein Homology.,OG0000059,Core,group_2336,Soft core,Soft core,Soft core
GCF_008306195.1,D6M20_RS04250,MTTAEYTVSGMTCGHCVGSVKEEIGNIAGVTAVDVELASGRVVVTSDAPVSAADVVAAVDEAGYAVVPS,69,heavy-metal-associated domain-containing protein, ,Derived by automated computational analysis using gene prediction method: Protein Homology.,OG0000006,Conserved,group_2139,Soft core,Soft core,Soft core
GCF_008306195.1,D6M20_RS04255,MAEGIVKWFNSEKGFGFIAPEDGSADVFVHYSEIQSGGFRTLEENQRVAFEIGQGNKGPQATGVTIV,67,cold-shock protein, ,Derived by automated computational analysis using gene prediction method: Protein Homology.,OG0000046,Conserved,group_132,Soft core,Soft core,Soft core
GCF_008306195.1,D6M20_RS04465,MFESKTSADALFRQHAEIARAHFLEIDAVTALYLDRCEEDAAVGVNEAFGVNSRTWRSRRY,61,hypothetical protein, ,Derived by automated computational analysis using gene prediction method: GeneMarkS-2+.,OG0000595,Cloud,group_611,Cloud,Cloud,Cloud
GCF_008306195.1,D6M20_RS04710,MSTNSDQRPRLPVRIAYLAAGVLFVAAMLLLASVVNPDRDRDFSMNHVPAGTSTTAFAATSDLG,64,hypothetical protein, ,Derived by automated computational analysis using gene prediction method: Protein Homology.,OG0000104,Soft core,group_2149,Soft core,Soft core,Soft core
GCF_008306195.1,D6M20_RS04960,MTAKLTTAFRGTLWWVRSVMGDLDYQRYVEHTRRHHADSPVISEREFWRRRHAAADANPGARCC,64,ybdd/yjix family protein, ,Derived by automated computational analysis using gene prediction method: Protein Homology.,OG0000045,Conserved,group_2343,Soft core,Conserved,Soft core
GCF_008306195.1,D6M20_RS32175,MGSMEGILGAVVQGLGSLFSADGLLKTFMGSVETISKDPTP,41,hypothetical protein, ,Derived by automated computational analysis using gene prediction method: GeneMarkS-2+.,OG0000103,Soft core,group_2051,Soft core,Soft core,Soft core
GCF_008306195.1,D6M20_RS31770,MGKVKASKVSQLKPKKKCCRKKTRCIKCPVVIMRMKKLENEGASKKELKAGLKKARAA,58,hypothetical protein, ,Derived by automated computational analysis using gene prediction method: Protein Homology.,OG0000044,Conserved,group_2365,Soft core,Soft core,Soft core
GCF_008306195.1,D6M20_RS31775,MYNWDLQNQIVAFVDSLRPMAGYYHDLYYGSLYAFADQQSHLLTLLGFPPVP,52,hypothetical protein, ,Derived by automated computational analysis using gene prediction method: Protein Homology.,OG0000058,Core,group_1175,Soft core,Soft core,Soft core
GCF_008306195.1,D6M20_RS05165,MTEQDATFDPEAPESDALEQSTPVDPNAPEEPDLTDIPLDAPVADVVDQRVEVAVDDDYRPS,62,hypothetical protein, ,Derived by automated computational analysis using gene prediction method: Protein Homology.,OG0000057,Core,group_2211,Soft core,Soft core,Soft core
GCF_008306195.1,D6M20_RS05270,MAAMKPRTGDGPLEATKEGRGIVMRVPLEGGGRLVVELTPDEAAALGVELTNVTS,55,duf3117 domain-containing protein, ,Derived by automated computational analysis using gene prediction method: Protein Homology.,OG0000043,Conserved,group_1003,Soft core,Soft core,Soft core
GCF_008306195.1,D6M20_RS31995,MSTALLTIYVLIWPALVLVVLGVISKGFFKDWATARRNGEDLV,43,putative transporter small subunit, ,Derived by automated computational analysis using gene prediction method: Protein Homology.,OG0000088,Soft core,group_2364,Soft core,Soft core,Soft core
GCF_008306195.1,D6M20_RS32205,MYIQTCTYDTEDRNMGSINTLSAVIDIIKVVQPLIAKLNLS,41,hypothetical protein, ,Derived by automated computational analysis using gene prediction method: GeneMarkS-2+.,OG0000109,Soft core,group_2041,Soft core,Soft core,Soft core
GCF_008306195.1,D6M20_RS31780,MPTIPLTGDPIVINIIVQLLSAGSSNALALGGVGSSGLGSTGLGSFDSASLGSAA,55,hypothetical protein, ,Derived by automated computational analysis using gene prediction method: Protein Homology.,OG0000087,Soft core,group_1002,Soft core,Soft core,Soft core
GCF_008306195.1,D6M20_RS31785,MIAAPTTGALAVVLNTVLQMFNAGSSFLYTDNSPIGGGGETPTTPAP,47,hypothetical protein, ,Derived by automated computational analysis using gene prediction method: Protein Homology.,OG0000086,Soft core,group_2210,Soft core,Soft core,Soft core
GCF_008306195.1,D6M20_RS31790,MSFLPFPTVIEGIETTGSAAIDGLGRLSVLLYDLLGGTGSATINAGS,47,hypothetical protein, ,Derived by automated computational analysis using gene prediction method: Protein Homology.,OG0000125,Shell,group_2228,Shell,Shell,Shell
GCF_008306195.1,D6M20_RS31795,MKSKPVHRAEAREDDVNLWGLAIFEEASDVAFSEIHTHPRQCLIRAHKSVAKSRCGARSAGLT,63,hypothetical protein, ,Derived by automated computational analysis using gene prediction method: GeneMarkS-2+.,OG0000241,Shell,group_2309,Shell,Shell,Shell
GCF_008306195.1,D6M20_RS31800,MKKALPKTLKSLARTVGILALAIVVVSVVERFTGAHQPTTGPASLTGPDQSL,52,hypothetical protein, ,Derived by automated computational analysis using gene prediction method: Protein Homology.,OG0000111,Soft core,group_2264,Soft core,Soft core,Soft core
GCF_008306195.1,D6M20_RS32220,MRPILANGIDEWLGYIASSSPGTPVVQVLASAARVALNSPAATPDAIALIRRLQRIVPGDPALRNAW,67,hypothetical protein, ,Derived by automated computational analysis using gene prediction method: GeneMarkS-2+.,OG0000234,Shell,group_157,Shell,Shell,Shell
GCF_008306195.1,D6M20_RS07365,MDRIADWWDSFELWMAGLPFIPQVALVLIVVVPLCRLVAIGLDRVLAAVLALPLFGWLRRNSREVEES,68,hypothetical protein, ,Derived by automated computational analysis using gene prediction method: Protein Homology.,OG0000056,Core,group_2078,Soft core,Soft core,Soft core
GCF_008306195.1,D6M20_RS07510,MTVAGVVSVVLIAVAAALVIYLLVALVDPERF,32,k(+)-transporting atpase subunit f, ,Derived by automated computational analysis using gene prediction method: Protein Homology.,OG0000055,Core,kdpF,Soft core,Soft core,Soft core
GCF_008306195.1,D6M20_RS32230,MKLALTEFKNSKATIRIIMSDGAKLNGTVTDFTEDTLVLNSPNGVYYINPSHIIRLFEPSDRAAK,65,hypothetical protein, ,Derived by automated computational analysis using gene prediction method: GeneMarkS-2+.,OG0000085,Soft core,group_2248,Soft core,Soft core,Soft core
GCF_008306195.1,D6M20_RS07895,MTDEDRLWYFDVSDGSVTQGKGASSLTRMGPYPDRDSAEHALKIAAERNKAADRADEDWNN,61,hypothetical protein, ,Derived by automated computational analysis using gene prediction method: Protein Homology.,OG0000042,Conserved,group_592,Soft core,Core,Soft core
GCF_008306195.1,D6M20_RS32240,MTTYRYLDADRNLLEEKDFETEQDAQEYRLSVLGAEHIEPTDE,43,hypothetical protein, ,Derived by automated computational analysis using gene prediction method: Protein Homology.,OG0000054,Core,group_2400,Soft core,Core,Core
GCF_008306195.1,D6M20_RS08580,MHAEVGDRLHVQGRVVGQAEVTAEVLEVHGEDGGPPYLVRYDNGHEALVFPGSDGWIDHPGKGS,64,duf1918 domain-containing protein, ,Derived by automated computational analysis using gene prediction method: Protein Homology.,OG0000041,Conserved,group_2499,Soft core,Conserved,Soft core
GCF_008306195.1,D6M20_RS32245,MLGIALGLGSAAVGIGLGLLGAGAGILLSDKTVKTARRELTA,42,hypothetical protein, ,Derived by automated computational analysis using gene prediction method: GeneMarkS-2+.,OG0000102,Soft core,group_2160,Soft core,Soft core,Soft core
GCF_008306195.1,D6M20_RS31805,MNESSSGLFSDLSASEPVVDAKSAEQLAAERETAAAERSNTDTAEQRQSQLFSG,54,hypothetical protein, ,Derived by automated computational analysis using gene prediction method: Protein Homology.,OG0000084,Soft core,group_2262,Soft core,Soft core,Soft core
GCF_008306195.1,D6M20_RS31810,MSVLFTYLLFIGAGIAVGGAYSMFKVNKLASGILLALAVLAAVAGALRL,49,hypothetical protein, ,Derived by automated computational analysis using gene prediction method: Protein Homology.,OG0000040,Conserved,group_2410,Soft core,Conserved,Soft core
GCF_008306195.1,D6M20_RS09090,MHVEVDLDLCQGHAACELEAPEIFVVPKRGKVSLLDSDPPESLRGEAEMAVRYCPTGALRIVD,63,ferredoxin, ,Derived by automated computational analysis using gene prediction method: Protein Homology.,OG0000001,Conserved,group_2270,Soft core,Soft core,Soft core
GCF_008306195.1,D6M20_RS09440,MPKMKSHSGASKRFKVSGSGKLMRQKAGRRHLLEHKSSRVTRRLDGVAVVSPDDAPRIKRMLGI,64,50s ribosomal protein l35, ,Derived by automated computational analysis using gene prediction method: Protein Homology.,OG0000039,Conserved,group_2130,Soft core,Conserved,Soft core
GCF_008306195.1,D6M20_RS09535,MAIDSTLLSILACPQDKGPLLLVGDELLYNPRLRRAYPIENGIPVLLIDEARDVADDEHEKLLARAEG,68,trm112 family protein, ,Derived by automated computational analysis using gene prediction method: Protein Homology.,OG0000038,Conserved,group_54,Soft core,Core,Soft core
GCF_008306195.1,D6M20_RS10070,MAQEQTQRAGGGEDDETTGGDGSAGQERREKLAAETDDLLDEIDDVLEENAEDFVRAYVQKGGQ,64,ubiquitin-like protein pup, ,Derived by automated computational analysis using gene prediction method: Protein Homology.,OG0000037,Conserved,group_340,Soft core,Soft core,Soft core
GCF_008306195.1,D6M20_RS10865,MAGIDSKFDKAYAGKSVEELADAPVAALNGVSDSDAEHLKAAFNIKTVRDLGTNKFFLWAQATAKLAE,68,hypothetical protein, ,Derived by automated computational analysis using gene prediction method: Protein Homology.,OG0000070,Soft core,group_2484,Soft core,Soft core,Soft core
GCF_008306195.1,D6M20_RS11220,MTLLARFDDRALGPDGAVIYRNRTVLLVRTKWGKIIEQEDYYEDTARIGDFDRRLREIEAGRACGTVVE,69,hypothetical protein, ,Derived by automated computational analysis using gene prediction method: Protein Homology.,OG0000308,Cloud,group_2128,Cloud,Cloud,Cloud
GCF_008306195.1,D6M20_RS11350,MKIRFELMIGILLVVGGGCLWLFARDAEFFWFRGGPLGVILAIIGAFDIVNAVRTRETAIPERRND,66,hypothetical protein, ,Derived by automated computational analysis using gene prediction method: Protein Homology.,OG0000101,Soft core,group_2126,Soft core,Soft core,Soft core
GCF_008306195.1,D6M20_RS11720,MPGTLTSPQLTAADRCDRCGAGARVRAVLPTGGELLFCGHHATEHADRLREMNAVVSESEPAI,63,hypothetical protein, ,Derived by automated computational analysis using gene prediction method: Protein Homology.,OG0000036,Conserved,group_2483,Conserved,Soft core,Soft core
GCF_008306195.1,D6M20_RS11995,MRLTEFHEMVREEFGQVRGDSMLIDHVLQSLDGMTAAEAVEAGWEPREVWRALCVEFDVPPARR,64,duf3046 domain-containing protein, ,Derived by automated computational analysis using gene prediction method: Protein Homology.,OG0000035,Conserved,group_2481,Conserved,Soft core,Soft core
GCF_008306195.1,D6M20_RS31815,MFWKIVLAVVLVWVALAVVGALIKGLFWVLVVGAVGFGIYFLVKAMSGSDDNSPASRF,58,hypothetical protein, ,Derived by automated computational analysis using gene prediction method: Protein Homology.,OG0000034,Conserved,group_2296,Soft core,Soft core,Soft core
GCF_008306195.1,D6M20_RS31820,MKVPAFHSTVPSDLDVYHDNESCILAARIAVSHRAPGVDGRPWCTACASLD,51,hypothetical protein, ,Derived by automated computational analysis using gene prediction method: Protein Homology.,OG0000083,Soft core,group_2187,Soft core,Soft core,Soft core
GCF_008306195.1,D6M20_RS13210,MAVPKRKMSRSNTRSRRSQWKTTVPTLVTCPNRGCGEQTLPHIACPSCGTYKGRQVTAAV,60,50s ribosomal protein l32, ,Derived by automated computational analysis using gene prediction method: Protein Homology.,OG0000033,Conserved,group_2479,Conserved,Soft core,Soft core
GCF_008306195.1,D6M20_RS13250,MAAVCDVCAKGPGFGKSVSHSHRRTNRRWNPNIQSVRTEVAPGNTRKVNVCTSCLKAGKVARG,63,50s ribosomal protein l28, ,Derived by automated computational analysis using gene prediction method: Protein Homology.,OG0000032,Conserved,rpmB,Conserved,Soft core,Soft core
GCF_008306195.1,D6M20_RS13335,MSDLDSNTPSEPESQSEETKRKFREALERKNHQNAKSTDHRDGQSKVHNTHGPADHKREFRRKSG,65,duf5302 domain-containing protein, ,Derived by automated computational analysis using gene prediction method: Protein Homology.,OG0000031,Conserved,group_2470,Core,Soft core,Soft core
GCF_008306195.1,D6M20_RS13615,MATDPAPRSERKKILLRLDPAVHDALARWAADDLRSTNAQIEFLLRRALTEHGRMPKNAGKMHGPGRPPA,70,hypothetical protein, ,Derived by automated computational analysis using gene prediction method: Protein Homology.,OG0000114,Soft core,,,Soft core,Soft core
GCF_008306195.1,D6M20_RS14295,MNDYKLYQCAQCGFEYDEAVGWPEDGIEPGTRWDDIPEDWSCPDCGAAKSDFFMVEVERR,60,rubredoxin, ,Derived by automated computational analysis using gene prediction method: Protein Homology.,OG0000007,Conserved,group_2155,Soft core,Soft core,Soft core
GCF_008306195.1,D6M20_RS14300,MSSYRCPVCEYVYDESKGAPREGFPAGTPWDAVPDDWCCPDCGVREKLDFEPMPATAGSES,61,rubredoxin, ,Derived by automated computational analysis using gene prediction method: Protein Homology.,OG0000053,Core,group_2279,Soft core,Soft core,Soft core
GCF_008306195.1,D6M20_RS32260,MTIFEWILAIPALALAVAFLFSGIISAGIDFDAEDGVMTH,40,hypothetical protein, ,Derived by automated computational analysis using gene prediction method: GeneMarkS-2+.,OG0000082,Soft core,group_2186,Soft core,Soft core,Soft core
GCF_008306195.1,D6M20_RS15635,MKVQPSVKKICEKCKVIRRNGRVMVICENLRHKQRQG,37,50s ribosomal protein l36, ,Derived by automated computational analysis using gene prediction method: Protein Homology.,OG0000030,Conserved,rpmJ,Conserved,Soft core,Soft core
GCF_008306195.1,D6M20_RS15665,MADLKVTQIKSIIGTKQNQKDSLRTLGLKGIRQTVVREDNAQNRGLINVVRHLVTVEEV,59,50s ribosomal protein l30, ,Derived by automated computational analysis using gene prediction method: Protein Homology.,OG0000029,Conserved,rpmD,Conserved,Soft core,Soft core
GCF_008306195.1,D6M20_RS15690,MAKKALVNKANKKPKFAVRAYTRCQRCGRPHSVFRKFGLCRICVREMAHAGELPGVRKSSW,61,type z 30s ribosomal protein s14, ,Derived by automated computational analysis using gene prediction method: Protein Homology.,OG0000028,Conserved,group_2294,Conserved,Soft core,Soft core
GCF_008306195.1,D6M20_RS16030,MSDRDNKALENDLVEESLVEEVSIDGMCGVY,31,mycofactocin precursor mfta, ,"Mycofactocin is a small molecule electron carrier derived from the final two amino acids, Val-Tyr, of MftA, the mycofactocin precursor. It plays a role in redox homeostasis and the metabolism of alcohols and aldehydes in Actinobacteria, including Mycobacterium tuberculosis; Derived by automated computational analysis using gene prediction method: Protein Homology.",OG0000009,Conserved,group_2326,Conserved,Soft core,Soft core
GCF_008306195.1,D6M20_RS16045,MTEPVKGPASYFPSIEKKYGRPIGEWQELIRSSDLTKHMELVNWLKSEHGMGHGHANALVAHTLKEG,67,duf4287 domain-containing protein, ,Derived by automated computational analysis using gene prediction method: Protein Homology.,OG0000027,Conserved,group_2329,Soft core,Soft core,Soft core
GCF_008306195.1,D6M20_RS16050,MRLSTRNQLTGTITEVNLGTVMATVKVKLDGGNQIVTSSITRDAALDLDLEPGQAATVFVKSTEVTIGVE,70,tobe domain-containing protein, ,Derived by automated computational analysis using gene prediction method: Protein Homology.,OG0000064,Soft core,,,Soft core,Soft core
GCF_008306195.1,D6M20_RS16180,MNSTTVGLLVGLLLALAGIMGGFSGFVFAVLLGAAGMAIGAHRDGHLDLGAILRSRGRG,59,hypothetical protein, ,Derived by automated computational analysis using gene prediction method: Protein Homology.,OG0000026,Conserved,group_2303,Conserved,Soft core,Soft core
GCF_008306195.1,D6M20_RS16325,MAGKKLDRTNARTALEVVRESPTIAFITVAPAVVVFGVVWWLFGFWAAILLALVFGVAAVATQKLR,66,hypothetical protein, ,Derived by automated computational analysis using gene prediction method: Protein Homology.,OG0000025,Conserved,group_2209,Conserved,Soft core,Soft core
GCF_008306195.1,D6M20_RS16460,MASSTDVRPKITLACEVCKHRNYITKKNRRNDPDRLELKKFCPNCGTHQSHRESK,55,50s ribosomal protein l33, ,Derived by automated computational analysis using gene prediction method: Protein Homology.,OG0000024,Conserved,rpmG,Conserved,Soft core,Soft core
GCF_008306195.1,D6M20_RS16660,MSAPTFNTAADALMTPGQVAALFHVDPKTVTRWAHAGRLGSLRTPGGHRRFRETEVMQLLRSLTTEADNN,70,bldc family transcriptional regulator, ,Derived by automated computational analysis using gene prediction method: Protein Homology.,OG0000068,Soft core,,,Soft core,Soft core
GCF_008306195.1,D6M20_RS16665,MLYLLALVGLVTLIVLMWKAFGPDPSTRTPVSGVRGPDDDPEFLWNVNQQTRRKRTEGPDVPPTDAST,68,hypothetical protein, ,Derived by automated computational analysis using gene prediction method: Protein Homology.,OG0000023,Conserved,group_2362,Soft core,Conserved,Soft core
GCF_008306195.1,D6M20_RS31830,MSSQEALRTESTHDAPLRQRGSRTEVILFAILGASVLVTLLMLMIPGIVSG,51,hypothetical protein, ,Derived by automated computational analysis using gene prediction method: Protein Homology.,OG0000100,Soft core,group_1231,Soft core,Soft core,Soft core
GCF_008306195.1,D6M20_RS16845,MGSVIKKRRKRMSKKKHRKLLRRTRVQRRKLGK,33,aurkaip1/cox24 domain-containing protein, ,Derived by automated computational analysis using gene prediction method: Protein Homology.,OG0000022,Conserved,group_1939,Conserved,Conserved,Conserved
GCF_008306195.1,D6M20_RS16850,MGSSHDGKPAVAGTQFLTVAEVATLMRVSKMTVYRLVHSGELPAVRVGRSFRVHAKAVHDYLETSYFDAG,70,helix-turn-helix domain-containing protein, ,Derived by automated computational analysis using gene prediction method: Protein Homology.,OG0000071,Soft core,,,Soft core,Soft core
GCF_008306195.1,D6M20_RS17370,MTFESNTPRPFTRSNDKKMFAGVCGGIADYFGADVNLVRLLAVIAAICTGGTAALVYLAAWMLMPLG,67,pspc domain-containing protein, ,Derived by automated computational analysis using gene prediction method: Protein Homology.,OG0000021,Conserved,group_2380,Conserved,Soft core,Soft core
GCF_008306195.1,D6M20_RS17460,MDEGTWTRGRAWALSIALVALPYYRDTNEQITAWAKHAIAQVVDDVHTEL,50,hypothetical protein, ,Derived by automated computational analysis using gene prediction method: Protein Homology.,OG0000155,Shell,group_2238,Shell,Shell,Shell
GCF_008306195.1,D6M20_RS32270,MGSLDTGSLSTESLEDLNLGKISELLKLGITAVSFITALNSLS,43,hypothetical protein, ,Derived by automated computational analysis using gene prediction method: GeneMarkS-2+.,OG0000067,Soft core,group_2503,Soft core,Soft core,Soft core
GCF_008306195.1,D6M20_RS17835,MFGSLSTLGPLLTALGAFLKSVPTESLSGKGEGSSTGSLSGLSSGSAE,48,hypothetical protein, ,Derived by automated computational analysis using gene prediction method: Protein Homology.,OG0000081,Soft core,group_2510,Soft core,Soft core,Soft core
GCF_008306195.1,D6M20_RS32275,MGSFEDFSGVVKTFIPVLKDLFTALGGGSLTPGTGSAADK,40,hypothetical protein, ,Derived by automated computational analysis using gene prediction method: GeneMarkS-2+.,OG0000108,Soft core,group_2511,Soft core,Soft core,Soft core
GCF_008306195.1,D6M20_RS32280,MGSLGNLLKANGMGWGILQLLPLVNMLKTLQGLDTASSNS,40,hypothetical protein, ,Derived by automated computational analysis using gene prediction method: GeneMarkS-2+.,OG0000080,Soft core,group_2512,Soft core,Soft core,Soft core
GCF_008306195.1,D6M20_RS18560,MSDFIDKAKHRAEDLIGEAKEKFGNATGNDDLAAEGVADQGEAKVKKAGDTVSDKVSDIKDKFTS,65,csbd family protein, ,Derived by automated computational analysis using gene prediction method: Protein Homology.,OG0000074,Soft core,group_2191,Soft core,Soft core,Soft core
GCF_008306195.1,D6M20_RS32300,MDVAVALCVTVLLATVTSMAIAIVVTLIMCASVSVVSRMW,40,hypothetical protein, ,Derived by automated computational analysis using gene prediction method: GeneMarkS-2+.,OG0000187,Shell,group_2158,Soft core,Shell,Shell
GCF_008306195.1,D6M20_RS18585,MTTSTVGLLAGLLLGVAAAAGGFTGFLIALVLGVIGYLVGGQRDGEFDLGVMLKGRGRG,59,hypothetical protein, ,Derived by automated computational analysis using gene prediction method: Protein Homology.,OG0000099,Soft core,group_732,Soft core,Soft core,Soft core
GCF_008306195.1,D6M20_RS18625,MSEQNSTDRTDQTDEPQTTGTDHGPGTGSDTAPKDVQTDPSGERTWADEGGASSTGPATDTD,62,pi-type proteinase, ,Derived by automated computational analysis using gene prediction method: Protein Homology.,OG0000020,Core,group_2297,Soft core,Soft core,Soft core
GCF_008306195.1,D6M20_RS31835,MTTIDIPPTQGESTTGIGITVASATLTTEEVKRRIAMMYGDPVTEEPVALAH,52,hypothetical protein, ,Derived by automated computational analysis using gene prediction method: Protein Homology.,OG0000002,Conserved,group_2274,Soft core,Soft core,Soft core
GCF_008306195.1,D6M20_RS32305,MSADSRGTSTQTRREYQMFVLQQRLLFGSILAGTALGVLAINYF,44,hypothetical protein, ,Derived by automated computational analysis using gene prediction method: GeneMarkS-2+.,OG0000122,Soft core,group_2138,Soft core,Soft core,Soft core
GCF_008306195.1,D6M20_RS18700,MAQGSVKWFNGEKGFGFIEQEGGGPDVFVHYSEIQGSGYKSLDEGQKVEFEIGQGQKGPQAQNVRAI,67,cold-shock protein, ,Derived by automated computational analysis using gene prediction method: Protein Homology.,OG0000069,Soft core,group_130,Soft core,Soft core,Soft core
GCF_008306195.1,D6M20_RS18745,MGALSPTHWAIVAVVLVVLFGSKKLPDAARGLGRSMRILKSEVGELQSDTDLALEPRD,58,sec-independent protein translocase subunit tata, ,Derived by automated computational analysis using gene prediction method: Protein Homology.,OG0000019,Conserved,tatA,Soft core,Soft core,Soft core
GCF_008306195.1,D6M20_RS31840,MPAPIMAPAAALAEPVVWNEDPQRQGWWKRILAATPPENPTNEEFQP,47,hypothetical protein, ,Derived by automated computational analysis using gene prediction method: Protein Homology.,OG0000118,Soft core,group_2222,Soft core,Soft core,Soft core
GCF_008306195.1,D6M20_RS31845,MIVLGIILALIGFFTGLSILTTVGIILVVVGAVLSILGATGRAVGGRKVWY,51,duf6131 family protein, ,Derived by automated computational analysis using gene prediction method: Protein Homology.,OG0000000,Conserved,group_1230,Soft core,Soft core,Soft core
GCF_008306195.1,D6M20_RS31850,MSMRRCSLASGRALRTARFGVATFRRGRKAIDRRPSGLVWIERALAAPAGSV,52,hypothetical protein, ,Derived by automated computational analysis using gene prediction method: GeneMarkS-2+.,OG0000142,Shell,group_2080,Shell,Shell,Shell
GCF_008306195.1,D6M20_RS31855,MTDKDDNDQSPKGGHPGPVDKGGDGGMATREQVPELVEETSGEKSDDE,48,hypothetical protein, ,Derived by automated computational analysis using gene prediction method: Protein Homology.,OG0000018,Core,group_2221,Soft core,Soft core,Soft core
GCF_008306195.1,D6M20_RS32315,MIILGVILLIIGFVVNIPILWTIGVVLLVIGIILYALGAAGHAIGGRRHYY,51,duf6131 family protein, ,Derived by automated computational analysis using gene prediction method: Protein Homology.,OG0000000,Conserved,group_1229,Soft core,Soft core,Soft core
GCF_008306195.1,D6M20_RS19355,MMRIVTLIVLIWLIVGAVAAGQRGYYSSSPTNCAGVGTIALTVIAGPLNYFGVNPKVTDCTLPQPTE,67,hypothetical protein, ,Derived by automated computational analysis using gene prediction method: Protein Homology.,OG0000017,Conserved,group_129,Soft core,Soft core,Soft core
GCF_008306195.1,D6M20_RS31860,MPERGQSRVDAGIIAVVAVITGVFVALTGHGLVAALATVVGLALGMAIVRYLIKGR,56,hypothetical protein, ,Derived by automated computational analysis using gene prediction method: Protein Homology.,OG0000078,Soft core,group_2220,Soft core,Soft core,Soft core
GCF_008306195.1,D6M20_RS31865,MAFTTGSSKTDLATLGDFQKIIAGLGGVLVGIGAVAGLLGAIGGAGSSQPKA,52,hypothetical protein, ,Derived by automated computational analysis using gene prediction method: GeneMarkS-2+.,OG0000247,Shell,group_1186,Shell,Shell,Shell
GCF_008306195.1,D6M20_RS32325,MVGLIVLAALVLASVLVGFVFRRPIAEAKSAVLAFDDASSQPQRD,45,hypothetical protein, ,Derived by automated computational analysis using gene prediction method: GeneMarkS-2+.,OG0000098,Soft core,group_2198,Soft core,Soft core,Soft core
GCF_008306195.1,D6M20_RS19660,MTKFLVPGVASAVIGAVLGAGVIFGVTAAASDNTRPEIDRSGNADSSVLNQVEYGSR,57,duf2613 domain-containing protein, ,Derived by automated computational analysis using gene prediction method: Protein Homology.,OG0000016,Conserved,group_855,Soft core,Soft core,Soft core
GCF_008306195.1,D6M20_RS31870,MAENTTVETEIADEDLEPVADETARQAQRVVAAYAEDADECRMLLSMLGISPAAKLD,57,hypothetical protein, ,Derived by automated computational analysis using gene prediction method: Protein Homology.,OG0000015,Conserved,group_2168,Soft core,Soft core,Soft core
GCF_008306195.1,D6M20_RS20405,MEVRVDLDRCEANGVCVGIAPDIFDLDDNEELVISSVRPPEDRWEDVRSAIAQCPRAALTEHP,63,ferredoxin, ,Derived by automated computational analysis using gene prediction method: Protein Homology.,OG0000005,Conserved,group_423,Soft core,Soft core,Soft core
GCF_008306195.1,D6M20_RS31875,MKNPNLTPSRVLAVVLAAALVIFVIARRRDDGALSRGEWLSDTVGPDDLAG,51,hypothetical protein, ,Derived by automated computational analysis using gene prediction method: Protein Homology.,OG0000077,Soft core,group_2167,Soft core,Soft core,Soft core
GCF_008306195.1,D6M20_RS21035,MSETATAYKLFRCLQCGFEYDEAIGWPDDGIEPGTRWDEIPEDWSCPDCGAAKVDFEMVEVNR,63,rubredoxin, ,Derived by automated computational analysis using gene prediction method: Protein Homology.,OG0000097,Soft core,group_421,Soft core,Soft core,Soft core
GCF_008306195.1,D6M20_RS21040,MNAYICPICDYTYTESTGAAREGFPPGTPWSSIPDDWCCPDCGVREKVDFTLVTQS,56,rubredoxin, ,Derived by automated computational analysis using gene prediction method: Protein Homology.,OG0000096,Soft core,group_2166,Soft core,Soft core,Soft core
GCF_008306195.1,D6M20_RS21470,MALAYSPDTSIDSTRLAFLAAAVVLFAMLALYLVGFDQGAISRTGMYMHELMHDGRHLMGLPCH,64,cbtb domain-containing protein, ,Derived by automated computational analysis using gene prediction method: Protein Homology.,OG0000008,Conserved,group_2468,Conserved,Core,Conserved
GCF_008306195.1,D6M20_RS31885,MTSAVEYPGVVTTSNCAEGGSHSLSAGIFVTVAVYRIAGRPEMVKFVGPP,50,hypothetical protein, ,Derived by automated computational analysis using gene prediction method: Protein Homology.,OG0000239,Shell,group_2037,Shell,Shell,Shell
GCF_008306195.1,D6M20_RS21720,MATTAAVQNPTRSRARTMSLSEYVAEHPAQRVFPPTSERAARMAMLIMFALMAVTLVVLVLDEAGIFG,68,hypothetical protein, ,Derived by automated computational analysis using gene prediction method: GeneMarkS-2+.,OG0000095,Soft core,group_53,Soft core,Soft core,Soft core
GCF_008306195.1,D6M20_RS31890,MGSADVMAWLAEGYLAGDPIRYPLYVGSMFLAMPFQLIGVILGHPF,46,hypothetical protein, ,Derived by automated computational analysis using gene prediction method: Protein Homology.,OG0000061,Soft core,group_1542,Soft core,Soft core,Soft core
GCF_008306195.1,D6M20_RS22210,MADSLKARVKEKLLRQLAEDGRHPIQEAEGDDPRLVSINDDLEALEQAEEGDPIVEELAERYWVP,65,hypothetical protein, ,Derived by automated computational analysis using gene prediction method: Protein Homology.,OG0000014,Conserved,group_2342,Conserved,Soft core,Soft core
GCF_008306195.1,D6M20_RS22245,MAQGTVKWFNAEKGFGFIAPEDGSADVFVHYSEIQGNGFRTLEENQRVEFEVGQGTKGPQATGVRAV,67,cold-shock protein, ,Derived by automated computational analysis using gene prediction method: Protein Homology.,OG0000013,Conserved,group_128,Conserved,Soft core,Soft core
GCF_008306195.1,D6M20_RS22265,MISKTLRTVSARFALLVAEDDGMSTAEYAIGTIAAAAFGAVLYTVVTGDSIVSALTGIIDKALKTAV,67,duf4244 domain-containing protein, ,Derived by automated computational analysis using gene prediction method: Protein Homology.,OG0000094,Soft core,group_2136,Soft core,Soft core,Soft core
GCF_008306195.1,D6M20_RS31895,MSEITSWEYTVTPLLVHNPKAILDNWGVDGWELVAVLPSASGEQHVAYMKRPKG,54,hypothetical protein, ,Derived by automated computational analysis using gene prediction method: Protein Homology.,OG0000012,Conserved,group_2273,Conserved,Soft core,Soft core
GCF_008306195.1,D6M20_RS31900,MADLTLLTDDELRERRIALSRSLTTAADLIPTPPPSFFEKLKQDIDAAAAEWIARRY,57,hypothetical protein, ,Derived by automated computational analysis using gene prediction method: Protein Homology.,OG0000076,Soft core,group_2322,Soft core,Soft core,Soft core
GCF_008306195.1,D6M20_RS23210,MGIADKAQNKAEDLGGKAKEAAGSATGDRDLENEGKGDQVKSAVKDAGEKVKDAASSIKDKLT,63,csbd family protein, ,Derived by automated computational analysis using gene prediction method: Protein Homology.,OG0000011,Conserved,group_2411,Conserved,Soft core,Soft core
GCF_008306195.1,D6M20_RS31905,MACLERSALPQAAVIEELPTDTLIRLGDKPMHVHAADIVAVRAVSGYGDQVGLERTGR,58,hypothetical protein, ,Derived by automated computational analysis using gene prediction method: GeneMarkS-2+.,OG0000280,Shell,group_2056,Cloud,Shell,Shell
GCF_008306195.1,D6M20_RS31910,MHRTLLLDAAVQVVGFTWNHQDVVVFLWDAVGEVVVIGDQGKWMATLEGEDV,52,hypothetical protein, ,Derived by automated computational analysis using gene prediction method: GeneMarkS-2+.,OG0000309,Cloud,group_1174,Cloud,Cloud,Cloud
GCF_008306195.1,D6M20_RS31920,MFNDVFNNVIHPMVTNFQQLGPQQFIPQQFIPQGVFQQAPQAAEQAVTIFGS,52,hypothetical protein, ,Derived by automated computational analysis using gene prediction method: Protein Homology.,OG0000075,Soft core,group_2178,Soft core,Soft core,Soft core
GCF_008306195.1,D6M20_RS24265,MSNISFDSISNSAPANALQGVGTNALVDNPFTFEPVAEATSAHALQGVGTNALVDNPFSFQS,62,streptamidine-related ripp repeat protein, ,Derived by automated computational analysis using gene prediction method: Protein Homology.,OG0000093,Soft core,group_2291,Soft core,Soft core,Soft core
GCF_008306195.1,D6M20_RS24335,MGLLRGAAVAVAAGGTAEQVAKAEAILAEARRALFEMLAEKPADAQQAHAESTATLPAE,59,hypothetical protein, ,Derived by automated computational analysis using gene prediction method: Protein Homology.,OG0000228,Shell,group_2177,Shell,Shell,Shell
GCF_008306195.1,D6M20_RS24340,MAAEARIVDTVSVEDSRASDPRVASKTEQKDAPKAGAVDLTSADTVGLTSVKPAQRSVPRWAYSEVPLSR,70,hypothetical protein, ,Derived by automated computational analysis using gene prediction method: Protein Homology.,OG0000283,Shell,,,Shell,Shell
GCF_008306195.1,D6M20_RS32350,MRNANQPGCQEFHHSTMGTSQGVQIFQLSPSPYGGIGIMTIVS,43,hypothetical protein, ,Derived by automated computational analysis using gene prediction method: GeneMarkS-2+.,OG0000590,Cloud,group_1722,Cloud,Cloud,Cloud
GCF_008306195.1,D6M20_RS32360,MGAPAKTTADKSAARREQAAALHESITAKVAQLTDTDAWAAYLTAAQRSTPTASTTSC,58,hypothetical protein, ,Derived by automated computational analysis using gene prediction method: GeneMarkS-2+.,OG0000589,Cloud,group_823,Cloud,Cloud,Cloud
GCF_008306195.1,D6M20_RS31925,MNWNAFLLMSIGGAIALVSYPIKEEMGAKIGTPILFIGAVLGLSGLVRLLA,51,hypothetical protein, ,Derived by automated computational analysis using gene prediction method: GeneMarkS-2+.,OG0000588,Cloud,group_1251,Cloud,Cloud,Cloud
GCF_008306195.1,D6M20_RS24840,MAKGKRTFQPNNRRRARVHGFRLRMRTRAGRAIVSARRRKGRDSLTA,47,50s ribosomal protein l34, ,Derived by automated computational analysis using gene prediction method: Protein Homology.,OG0000052,Conserved,rpmH,Conserved,Shell,Shell
GCF_008306195.1,D6M20_RS25395,MRRASRAQRMELIAGFISVFALMALIGAVVAIAKGDPGVTPSLVLLGCVVALGLAFRGYRNAVRAERRE,69,hypothetical protein, ,Derived by automated computational analysis using gene prediction method: Protein Homology.,OG0000051,Conserved,group_2375,Soft core,Soft core,Soft core
GCF_008306195.1,D6M20_RS31930,MNHRESFQAVKWGTPRRTRRHRQLIRGRIAGGGATVEVSSEVLAYY,46,hypothetical protein, ,Derived by automated computational analysis using gene prediction method: GeneMarkS-2+.,OG0000141,Shell,group_2265,Shell,Shell,Shell
GCF_008306195.1,D6M20_RS25845,MDSRQLFALGALGTGMLSLALQLTPLCLGTEDAEQYVFVRAANATAVLTLALLSAAFVFWPPAG,64,hypothetical protein, ,Derived by automated computational analysis using gene prediction method: GeneMarkS-2+.,OG0000140,Shell,group_2266,Shell,Shell,Shell
GCF_008306195.1,D6M20_RS31940,MKIVVLSFLVALTLMTVGIIAARKRSTRPAVTGAVTAASTVLAAAWTLFAVAFVLA,56,hypothetical protein, ,Derived by automated computational analysis using gene prediction method: Protein Homology.,OG0000110,Soft core,group_2239,Soft core,Soft core,Soft core
GCF_008306195.1,D6M20_RS32375,MSVVLISLLVAAGLTVLATSDGAGLDFGSRQLNRQLKTRTHR,42,hypothetical protein, ,Derived by automated computational analysis using gene prediction method: GeneMarkS-2+.,OG0000107,Soft core,group_1760,Soft core,Soft core,Soft core
GCF_008306195.1,D6M20_RS26795,MNAPTRYQFLIDGEVSDRVKAAFPELSVASAAGGFTSLYGPVADHTAMRSIMARLDSLGLTVAEMRRLPD,70,hypothetical protein, ,Derived by automated computational analysis using gene prediction method: Protein Homology.,OG0000092,Soft core,,,Soft core,Soft core
GCF_008306195.1,D6M20_RS32390,MNSSDLGSVSALLPMMLTAFKSIITMPFALSVDFGLDVPFNPFK,44,hypothetical protein, ,Derived by automated computational analysis using gene prediction method: GeneMarkS-2+.,OG0000186,Shell,group_2240,Shell,Shell,Shell
GCF_008306195.1,D6M20_RS32395,MGSSDTDLKALDSVITVAGALAAIFGGIAGVAGLATFLGTGGGS,44,hypothetical protein, ,Derived by automated computational analysis using gene prediction method: GeneMarkS-2+.,OG0000065,Soft core,group_2088,Shell,Shell,Shell
GCF_008306195.1,D6M20_RS32400,MLGNVKCSHPSGYLHGEVLAVDAAMNLITAKVDDFENVREGVPGSSLVGGGYVPL,55,hypothetical protein, ,Derived by automated computational analysis using gene prediction method: GeneMarkS-2+.,OG0000198,Shell,group_2094,Shell,Shell,Shell
GCF_008306195.1,D6M20_RS27550,MTEPDPGTVETDFPKTGAPAQRALIAAGYTHLAQLTSVSEKELGALHGMGPKALRILREALAERGLSFAD,70,hypothetical protein, ,Derived by automated computational analysis using gene prediction method: Protein Homology.,OG0000050,Conserved,,,Soft core,Soft core
GCF_008306195.1,D6M20_RS32405,MPATCSTGAPGHVPGAIDDSEYVDFAPKAEFLELIDGVRKAMGG,44,hypothetical protein, ,Derived by automated computational analysis using gene prediction method: GeneMarkS-2+.,OG0000498,Cloud,group_1668,Cloud,Cloud,Cloud
GCF_008306195.1,D6M20_RS31945,MNETQPHNLERERWRTLPTPPSTELIEMVGDGPSSADFDPAAPAAQQG,48,hypothetical protein, ,Derived by automated computational analysis using gene prediction method: Protein Homology.,OG0000128,Shell,group_2355,Shell,Shell,Shell
GCF_008306195.1,D6M20_RS28145,MVGTPVIVTIVSVCVGFVIFMLAASGARGKWDRRLVIALFIGAVVCLTVVPVSVALSAGV,60,hypothetical protein, ,Derived by automated computational analysis using gene prediction method: Protein Homology.,OG0000091,Soft core,group_2382,Soft core,Soft core,Soft core
GCF_008306195.1,D6M20_RS31950,MNGYDFEQGGDHQAGTSHYAGLNCGCGDYSCPRMHDSTARCVNWEY,46,hypothetical protein, ,Derived by automated computational analysis using gene prediction method: Protein Homology.,OG0000216,Shell,group_1562,Cloud,Cloud,Cloud
GCF_008306195.1,D6M20_RS31955,MPTVIRTVHDLVRHARGPTHHHHHQSVHEARRMRAHHILVTHSLA,45,hypothetical protein, ,Derived by automated computational analysis using gene prediction method: GeneMarkS-2+.,OG0000112,Soft core,group_2176,Soft core,Soft core,Soft core
GCF_008306195.1,D6M20_RS31960,MGSINALNEWVNQATYAGDPFATAIAIVQFFAVSLLNLFTGGPIL,45,hypothetical protein, ,Derived by automated computational analysis using gene prediction method: GeneMarkS-2+.,OG0000137,Shell,group_2383,Shell,Shell,Shell
GCF_008306195.1,D6M20_RS31965,MTITDADVPGLAVTARGRTPSAARALATDAAEALCSMFEGANAMTSGGFTFTVVPPGN,58,hypothetical protein, ,Derived by automated computational analysis using gene prediction method: Protein Homology.,OG0000262,Shell,group_2251,Shell,Shell,Shell
GCF_008306195.1,D6M20_RS28615,MAQGIVKWFNGEKGFGFIAPDDGTPDVFVHYSEISGNGYKSLDENQRVEFEVGQGQKGPQATNVRAV,67,cold-shock protein, ,Derived by automated computational analysis using gene prediction method: Protein Homology.,OG0000003,Conserved,group_1991,Soft core,Soft core,Soft core
GCF_008306195.1,D6M20_RS31970,MAATTPVSGYVIVPHPSDVDAVGNREVEVDELPEQYSKPGTPPITGGPTVPS,52,hypothetical protein, ,Derived by automated computational analysis using gene prediction method: GeneMarkS-2+.,OG0000204,Shell,group_2298,Shell,Shell,Shell
GCF_008306195.1,D6M20_RS31975,MSDWVKKVEAEAKGLLAEAEEELTVLEGVDTIDPLADDDPAPEDGTKPTSD,51,hypothetical protein, ,Derived by automated computational analysis using gene prediction method: Protein Homology.,OG0000090,Soft core,group_2192,Soft core,Soft core,Soft core
GCF_008306195.1,D6M20_RS32415,MTVLCRAGKLQAGVLVADDDQGWASPFRSIAPTKMALLARALQDGLIAIDEL,52,hypothetical protein, ,Derived by automated computational analysis using gene prediction method: Protein Homology.,OG0000156,Shell,group_2040,Shell,Shell,Shell
GCF_008306195.1,D6M20_RS31985,MAEGERPPGVLDDSTYQSPDGLRKFGRTKSEVWFRNKKAYNASRIDDAAVEAANG,55,hypothetical protein, ,Derived by automated computational analysis using gene prediction method: GeneMarkS-2+.,OG0000185,Shell,group_2143,Shell,Shell,Shell
GCF_008306195.1,D6M20_RS30425,MTSPMNTRKLTRARSGAMFGGVCAGIARYFGWKSSTVRLLFVLSCLLPGPQFLIYIVMWIFIPREQI,67,pspc domain-containing protein, ,Derived by automated computational analysis using gene prediction method: Protein Homology.,OG0000106,Soft core,group_134,Soft core,Soft core,Soft core
GCF_008306195.1,D6M20_RS30555,MRNNLQELRTAAGLSQQACADALGITRQTVISIEKGHFDPRLSLAFRIAEYFDKRVDDIFSS,62,helix-turn-helix transcriptional regulator, ,Derived by automated computational analysis using gene prediction method: Protein Homology.,OG0000105,Soft core,group_502,Soft core,Shell,Soft core
GCF_008306195.1,D6M20_RS30730,MGRGRAKAKQTKVARELKYSVPTTDFDSLQRELAGGSTNSHRSSVRSDQTSDREGHAREDDYDDWRR,67,duf3073 domain-containing protein, ,Derived by automated computational analysis using gene prediction method: Protein Homology.,OG0000049,Conserved,group_133,Soft core,Shell,Shell
GCF_008306195.1,D6M20_RS02180,MNTRRAYASALDRMVRDFGADGDVGLLNPDRVSGWFDYVWGDKAPKTYNLRLTAVSAACAY,61,hypothetical protein, ,Derived by automated computational analysis using gene prediction method: GeneMarkS-2+.,OG0000357,Cloud,group_2637,Cloud,,Cloud
GCF_008306195.1,D6M20_RS32145,MNTPTTPQQARPASYTEYLHRQLFSDFQEPPVALTAHRPRR,41,hypothetical protein, ,Derived by automated computational analysis using gene prediction method: GeneMarkS-2+.,OG0001364,,group_2523,Cloud,,Probably not conserved
GCF_008306195.1,D6M20_RS31725,MNWYAVLLVVVGVAVAAFSVVVERNEGAGRAGNVLLAGGSIAAVGLVWVFW,51,hypothetical protein, ,Derived by automated computational analysis using gene prediction method: GeneMarkS-2+.,OG0000699,Cloud,group_2522,Cloud,,Cloud
GCF_008306195.1,D6M20_RS02280,MNTRRAYASALDRMVRDFGADGDVGLLNPDRVSGWFDYVWGDKAPKTYNLRLTAVSAACAY,61,hypothetical protein, ,Derived by automated computational analysis using gene prediction method: GeneMarkS-2+.,OG0000357,Cloud,group_2637,Cloud,Cloud,Cloud
GCF_008306195.1,D6M20_RS02425,MSALAWLVWGVVLLSIIGMICGGAVFAIERYRNGEGDGRALKAALVCGVVAMVIPALFTGPHSTLPYAP,69,hypothetical protein, ,Derived by automated computational analysis using gene prediction method: GeneMarkS-2+.,OG0000478,Cloud,,,,Probably not conserved
GCF_008306195.1,D6M20_RS31730,MTVLVVVSALTFLVIRAVNAALRATDDTQAERAQIIATLLLGALSKAVSRTTGGQR,56,hypothetical protein, ,Derived by automated computational analysis using gene prediction method: GeneMarkS-2+.,OG0001365,,,,,Probably not conserved
GCF_008306195.1,D6M20_RS31735,MTDSTPQGAAHVTDAQINAARTKLIIDKKLKRASKPQIKRLAQLKTTREQHPIAS,55,hypothetical protein, ,Derived by automated computational analysis using gene prediction method: Protein Homology.,OG0000229,Shell,,,Cloud,Cloud
GCF_008306195.1,D6M20_RS02590,MNKGALSKEEALAEYARLTPIMAIEGRTMSEPTQELLVELLQNNITLEDALDSIINRRTQPES,63,hypothetical protein, ,Derived by automated computational analysis using gene prediction method: Protein Homology.,OG0000347,Cloud,,,,Probably not conserved
GCF_008306195.1,D6M20_RS02615,MDGNSFAIGVFIAFNVLSVAGGLFCARRSYVRHRRPLRAFMAGIGGLFIAPAVLMIFVALARPQVRG,67,hypothetical protein, ,Derived by automated computational analysis using gene prediction method: Protein Homology.,OG0000698,Cloud,,,Cloud,Cloud
GCF_008306195.1,D6M20_RS31740,MNTDDDERDAWQMHSDGASWDQIGIEMGCSGAAAQTLAAEYERRTDIAAQNAQDTLF,57,hypothetical protein, ,Derived by automated computational analysis using gene prediction method: Protein Homology.,OG0000063,Soft core,,,Cloud,Cloud
GCF_008306195.1,D6M20_RS31745,MNGYDFEQDKDHHAATIHYAGLACGCGDYSCPRMHDSAARCVNWE,45,hypothetical protein, ,Derived by automated computational analysis using gene prediction method: Protein Homology.,OG0000216,Shell,,,Cloud,Cloud
GCF_008306195.1,D6M20_RS00355,MKLMGAAKALVDKGKEAASKNADKIENAIDKTAASAEARTGGKLTSQIQKAALAAKRAIPPKK,63,antitoxin, ,Derived by automated computational analysis using gene prediction method: Protein Homology.,OG0000218,Shell,group_2424,Shell,,Shell
GCF_008306195.1,D6M20_RS00455,MRAADATIAYARRCGTGTEELPTVFADFLGDAHHLADALGVDSVMPHAMGRGIFAAELYGTE,62,hypothetical protein, ,Derived by automated computational analysis using gene prediction method: Protein Homology.,OG0000269,Shell,group_2323,Cloud,,Cloud
GCF_008306195.1,D6M20_RS00475,MNAVSGDLLRYAQQVLTGTGHAPDQVASVVAGTGEDAAARALRAGWECAANPVVGACEQTEDGS,64,hypothetical protein, ,Derived by automated computational analysis using gene prediction method: Protein Homology.,OG0000134,Shell,,,Cloud,Cloud
GCF_008306195.1,D6M20_RS31645,MAVASATVLGVTVGVLLAEVVAGVVVGAGTAVVFRFVLRSIITRK,45,hypothetical protein, ,Derived by automated computational analysis using gene prediction method: GeneMarkS-2+.,OG0000124,Shell,group_2500,Shell,Cloud,Shell
GCF_008306195.1,D6M20_RS32020,MTENAEPDEVQGWSPAPDEDQAGTVLTKDGQWPTGTRTVRI,41,hypothetical protein, ,Derived by automated computational analysis using gene prediction method: GeneMarkS-2+.,OG0000119,Shell,group_2472,Shell,Cloud,Shell
GCF_008306195.1,D6M20_RS00580,MTETVAPTRFVVIPRTEEHGGYENECFTHYVQDGRGRYCLRGPMVQSDAEWLANKMNTQLG,61,hypothetical protein, ,Derived by automated computational analysis using gene prediction method: GeneMarkS-2+.,OG0000189,Shell,group_2471,Shell,,Shell
GCF_008306195.1,D6M20_RS32035,MTSIPHAAHDATSDVDRGEQTIPVDDDALENEPITIDNNVV,41,hypothetical protein, ,Derived by automated computational analysis using gene prediction method: GeneMarkS-2+.,OG0000199,Shell,group_1843,Cloud,Cloud,Cloud
GCF_008306195.1,D6M20_RS00695,MSTVPVVGTELGRDCLQCRCPLFITVLEFYAGSPPELTDRRESFVDCRSGCRGVIEQPVGIDISR,65,hypothetical protein, ,Derived by automated computational analysis using gene prediction method: GeneMarkS-2+.,OG0000248,Shell,group_2223,Cloud,Cloud,Cloud
GCF_008306195.1,D6M20_RS31650,MIVLGIILALIGYFTAISILTTVGIILVVVGAILTLLGTMGRAVGGRKVWY,51,duf6131 family protein, ,Derived by automated computational analysis using gene prediction method: Protein Homology.,OG0000000,Conserved,group_1248,Cloud,Cloud,Cloud
GCF_008306195.1,D6M20_RS00730,MGSEDLLTPKQVSELFRVTPKTVARWADEGKIGFTSTIGGHRRYHRTEIRMLLHSLHTPGPKTDPTAS,68,bldc family transcriptional regulator, ,Derived by automated computational analysis using gene prediction method: Protein Homology.,OG0000068,Soft core,group_2014,Cloud,Cloud,Cloud
GCF_008306195.1,D6M20_RS31660,MLGFDAAASSGETVGTGRSTSVTTGWRRPPRSAFAQVSGSFAQWAHQAIDAKPM,54,hypothetical protein, ,Derived by automated computational analysis using gene prediction method: GeneMarkS-2+.,OG0000307,Cloud,group_2256,Cloud,Cloud,Cloud
GCF_008306195.1,D6M20_RS00850,MHFTFLYDGAAQRTAEYPTLEEAVRSIELGQVDRTLWSIQYTDREGGIRVYRFPTDRGVGGE,62,hypothetical protein, ,Derived by automated computational analysis using gene prediction method: Protein Homology.,OG0000387,Cloud,group_525,Cloud,Cloud,Cloud
GCF_008306195.1,D6M20_RS00985,MSVQGLTAFGLADNATADAGRLTQVKIEPMPAGNLVYLTESTQQGADQSRQSKNRQTWR,59,hypothetical protein, ,Derived by automated computational analysis using gene prediction method: GeneMarkS-2+.,OG0001366,,group_752,Cloud,,Probably not conserved
GCF_008306195.1,D6M20_RS01110,MDLYRVTMPDGSTLDEYFGSDNEAIQEATKANHGVSEGVKVERYAGDGTLYPTKLPNGGYRGTVRKHHAG,70,hypothetical protein, ,Derived by automated computational analysis using gene prediction method: Protein Homology.,OG0000113,Soft core,,,Cloud,Cloud
GCF_008306195.1,D6M20_RS01125,MATYRVINPAGDVTATRDIESADDAHAWFVDARADNSELGWRMEVQHDGEWSFFDDTEGASS,62,hypothetical protein, ,Derived by automated computational analysis using gene prediction method: Protein Homology.,OG0000066,Soft core,group_2490,Shell,Cloud,Cloud
GCF_008306195.1,D6M20_RS31670,MTTAMATARDGDGITCPALGPLCGPVVARAAAMVFWSVLPINTRK,45,hypothetical protein, ,Derived by automated computational analysis using gene prediction method: GeneMarkS-2+.,OG0000555,Cloud,group_2106,Cloud,Cloud,Cloud
GCF_008306195.1,D6M20_RS31675,MKYSAAPTRHILPRTRFPLSSSVDLYLVFFSLSDGPIDGYVSTSVRLGSLKYSL,54,hypothetical protein, ,Derived by automated computational analysis using gene prediction method: GeneMarkS-2+.,OG0000598,Cloud,group_2227,Cloud,,Cloud
GCF_008306195.1,D6M20_RS32065,MTHNTRIKPSTKDRLRRGVDKLRYETGDREISEASMTEAALDEYLKARGL,50,hypothetical protein, ,Derived by automated computational analysis using gene prediction method: Protein Homology.,OG0000212,Shell,group_2308,Shell,,Shell
GCF_008306195.1,D6M20_RS01335,MTTKFTISLPDEDAHLLDEYVRDHGLRGRSAGIRAALRLLSTSGLERDYAAAFAEGDVDEVWDAVTADTE,70,ribbon-helix-helix domain-containing protein, ,Derived by automated computational analysis using gene prediction method: Protein Homology.,OG0000213,Shell,,,Cloud,Cloud
GCF_008306195.1,D6M20_RS31680,MLGLIGFLLILWLVFVVVGFVAKGLLWLAIIGIILFVATAVWGWIKRNAST,51,hypothetical protein, ,Derived by automated computational analysis using gene prediction method: GeneMarkS-2+.,OG0000599,Cloud,group_2492,Cloud,,Cloud
GCF_008306195.1,D6M20_RS31685,MHPRLDEIIQRVINEERIARRKSANDVELTDEAAQAEIVAATHQLAKAVELLSEM,55,hypothetical protein, ,Derived by automated computational analysis using gene prediction method: GeneMarkS-2+.,OG0001367,,group_1025,Cloud,,Probably not conserved
GCF_008306195.1,D6M20_RS32100,MCQMQIEDNLAVIPLTRLDVARGLCAEQDVARATDPARAPRV,42,hypothetical protein, ,Derived by automated computational analysis using gene prediction method: GeneMarkS-2+.,OG0001368,,group_1780,Cloud,,Probably not conserved
GCF_008306195.1,D6M20_RS31690,MSNDIAGILFVAAMIWLVFGVIAGAIAAKKNRSQLGFFFAGFSSGR,46,hypothetical protein, ,Derived by automated computational analysis using gene prediction method: GeneMarkS-2+.,OG0001369,,group_1567,Cloud,,Probably not conserved
GCF_008306195.1,D6M20_RS01550,MRLSILAKFVGALPDGVVTSSAHEYVTDSGNAMALRSRCTGQTLTFAGAPSVAALDTPCEHEPRPR,66,hypothetical protein, ,Derived by automated computational analysis using gene prediction method: GeneMarkS-2+.,OG0001370,,group_230,Cloud,,Probably not conserved
GCF_008306195.1,D6M20_RS31695,MSAEKKTVATTPTKAADAPTFLKSVVTPSDTRTTMGLGKMCKYKSYGN,48,hypothetical protein, ,Derived by automated computational analysis using gene prediction method: GeneMarkS-2+.,OG0001371,,group_1438,Cloud,,Probably not conserved
GCF_008306195.1,D6M20_RS01700,MTMTSCFTVFLSYLPGRLASALAQSVTATAPTERIAGGRTNFFKYLLVKRPPRFARGVA,59,hypothetical protein, ,Derived by automated computational analysis using gene prediction method: GeneMarkS-2+.,OG0001372,,group_753,Cloud,,Probably not conserved
GCF_008306195.1,D6M20_RS32110,MADKIEAASAPHIKEGFLSERSVPNIDDQARHRVLVGQANT,41,hypothetical protein, ,Derived by automated computational analysis using gene prediction method: GeneMarkS-2+.,OG0001373,,group_1844,Cloud,,Probably not conserved
GCF_008306195.1,D6M20_RS01745,MTRARVLIVVATVGLALFLGGGVAAASPGGPDPYWWMGPQIRPWFEPIFVGLANWFYNLPLAPYLS,66,hypothetical protein, ,Derived by automated computational analysis using gene prediction method: GeneMarkS-2+.,OG0000600,Cloud,group_231,Cloud,,Cloud
GCF_008306195.1,D6M20_RS31700,MQVGDHVRIHTTGTSVFSIIEIDEAAGKAIVESVTDAPGKYPWPTDLTNLVAARNPQD,58,hypothetical protein, ,Derived by automated computational analysis using gene prediction method: Protein Homology.,OG0000072,Soft core,group_2154,Cloud,,Cloud
GCF_008306195.1,D6M20_RS01980,MNSVSGDLLRYAQQVLTGTSHAPDQVASVVAGTGEDAAARALRAGWECAANPVVLACEQTEDGS,64,hypothetical protein, ,Derived by automated computational analysis using gene prediction method: Protein Homology.,OG0000134,Shell,,,Cloud,Cloud
GCF_008306195.1,D6M20_RS31705,MTRFVLSESESGVDAGVALGVLPARAAAYLLASGWSADMEGGGVTVGAALERCAES,56,hypothetical protein, ,Derived by automated computational analysis using gene prediction method: GeneMarkS-2+.,OG0000503,Cloud,group_945,Cloud,Cloud,Cloud
GCF_008306195.1,D6M20_RS31710,MDTDAAQELKELRGQQGKLKRLLADAELEKDALREVAKDAPIDVKGSVRGSHVGVRWRLLGRGSASGSG,69,hypothetical protein, ,Derived by automated computational analysis using gene prediction method: GeneMarkS-2+.,OG0000358,Cloud,group_2103,Cloud,Cloud,Cloud
GCF_008728655.1,F6X56_RS02585,MAKGKRTFQPNNRRRARVHGFRLRMRTRAGRAIVSARRRKGRDSLTA,47,50s ribosomal protein l34, ,Derived by automated computational analysis using gene prediction method: Protein Homology.,OG0000052,Conserved,rpmH,Conserved,Cloud,Cloud
GCF_008728655.1,F6X56_RS03115,MSNISFDSVSNSAPANALQGVGTNALVDNPFTFEPVAEATSAHALQGVGTNALVDNPFSFQS,62,streptamidine-related ripp repeat protein, ,Derived by automated computational analysis using gene prediction method: Protein Homology.,OG0000093,Soft core,group_2291,Soft core,Soft core,Soft core
GCF_008728655.1,F6X56_RS32535,MFNDVFNNVIHPMVTNFQQLGPQQFIPQQFIPQGVFQQAPQAAEQAVTIFGS,52,hypothetical protein, ,Derived by automated computational analysis using gene prediction method: Protein Homology.,OG0000075,Soft core,group_2178,Soft core,Soft core,Soft core
GCF_008728655.1,F6X56_RS04210,MGIADKAQNKAEDLGGKAKEAAGSATGDRDLENEGKGDQVKSAVKDAGEKVKDAASSIKDKLT,63,csbd family protein, ,Derived by automated computational analysis using gene prediction method: Protein Homology.,OG0000011,Conserved,group_2411,Conserved,Soft core,Soft core
GCF_008728655.1,F6X56_RS32540,MADLTLLTDDELRERRIALSRSLTTAADLIPTPPPSFFEKLKQDIDAAAAEWIARRS,57,hypothetical protein, ,Derived by automated computational analysis using gene prediction method: Protein Homology.,OG0000076,Soft core,group_2322,Soft core,Soft core,Soft core
GCF_008728655.1,F6X56_RS32545,MSEITSWEYTVTPLLVHNPKAILDNWGVDGWELVAVLPSASGEQHVAYMKRPKG,54,hypothetical protein, ,Derived by automated computational analysis using gene prediction method: Protein Homology.,OG0000012,Conserved,group_2273,Conserved,Soft core,Soft core
GCF_008728655.1,F6X56_RS05170,MISKTLRTVSARFALLVTEDDGMSTAEYAIGTIAAAAFGAVLYTVVTGDSIVAALTGIIDKALKTAV,67,duf4244 domain-containing protein, ,Derived by automated computational analysis using gene prediction method: Protein Homology.,OG0000094,Soft core,group_2136,Soft core,Soft core,Soft core
GCF_008728655.1,F6X56_RS05190,MAQGTVKWFNAEKGFGFIAPEDGSADVFVHYSEIQGNGFRTLEENQRVEFEVGQGTKGPQATGVRAV,67,cold-shock protein, ,Derived by automated computational analysis using gene prediction method: Protein Homology.,OG0000013,Conserved,group_128,Conserved,Soft core,Soft core
GCF_008728655.1,F6X56_RS05225,MADSLKARVKEKLLRQLAEDGRHPIQEAEGDDPRLVSINDDLEALEQAEEGDPIVEELAERYWVP,65,hypothetical protein, ,Derived by automated computational analysis using gene prediction method: Protein Homology.,OG0000014,Conserved,group_2342,Conserved,Soft core,Soft core
GCF_008728655.1,F6X56_RS32550,MGSADVMAWLAEGYLAGDPIRYPLYVGSMFLAMPFQLIGVILGHPF,46,hypothetical protein, ,Derived by automated computational analysis using gene prediction method: Protein Homology.,OG0000061,Soft core,group_1542,Soft core,Soft core,Soft core
GCF_008728655.1,F6X56_RS33265,MPGSVIEKARAEAEGLFRDYEGNRYWFCCKGCGPRFDANPRKYADVS,47,yhs domain-containing protein, ,Derived by automated computational analysis using gene prediction method: Protein Homology.,OG0000257,Shell,group_1484,Shell,Shell,Shell
GCF_008728655.1,F6X56_RS05735,MATTAAVQNPTRSRARTMSLSEYVAEHPAQRVFPPTSERAARMAMLIMFALMAVTLVVLVLDEAGIFG,68,hypothetical protein, ,Derived by automated computational analysis using gene prediction method: GeneMarkS-2+.,OG0000095,Soft core,group_53,Soft core,Soft core,Soft core
GCF_008728655.1,F6X56_RS05995,MALAYSPDTSIDSTRLAFLAAAVVLFAMLALYLVGFDQGAISRTGMYMHELMHDGRHLMGLPCH,64,cbtb domain-containing protein, ,Derived by automated computational analysis using gene prediction method: Protein Homology.,OG0000008,Conserved,group_2468,Conserved,Core,Conserved
GCF_008728655.1,F6X56_RS06425,MNAYICPICDYTYTESTGAAREGFPPGTPWSSIPDDWCCPDCGVREKVDFTLVTQS,56,rubredoxin, ,Derived by automated computational analysis using gene prediction method: Protein Homology.,OG0000096,Soft core,group_2166,Soft core,Soft core,Soft core
GCF_008728655.1,F6X56_RS06430,MSETATAYKLFRCLQCGFEYDEAIGWPDDGIEPGTRWDEIPEDWSCPDCGAAKVDFEMVEVDR,63,rubredoxin, ,Derived by automated computational analysis using gene prediction method: Protein Homology.,OG0000097,Soft core,group_421,Soft core,Soft core,Soft core
GCF_008728655.1,F6X56_RS32560,MKNPNLTPSRVLAVVLAAALVIFVIARRRDDGALSRGEWLSDSVGPDDLAG,51,hypothetical protein, ,Derived by automated computational analysis using gene prediction method: Protein Homology.,OG0000077,Soft core,group_2167,Soft core,Soft core,Soft core
GCF_008728655.1,F6X56_RS07060,MEVRVDLDRCEANGVCVGIAPDIFDLDDNEELVISSVRPPEDRWEDVRSAIAQCPRAALTEHP,63,ferredoxin, ,Derived by automated computational analysis using gene prediction method: Protein Homology.,OG0000005,Conserved,group_423,Soft core,Soft core,Soft core
GCF_008728655.1,F6X56_RS32565,MAENTTVETEIADEEIETVAEETARMAQHVVAAYAEDADECRMLLSMLGISPAAKLD,57,hypothetical protein, ,Derived by automated computational analysis using gene prediction method: Protein Homology.,OG0000015,Conserved,group_2168,Soft core,Soft core,Soft core
GCF_008728655.1,F6X56_RS07795,MTKFLVPGVASAVIGAVLGAGVIFGVTAAASDNTRPEIDRSGNADSSVLNQVEYGSR,57,duf2613 domain-containing protein, ,Derived by automated computational analysis using gene prediction method: Protein Homology.,OG0000016,Conserved,group_855,Soft core,Soft core,Soft core
GCF_008728655.1,F6X56_RS07930,MSSLSDGRGVRPAEVGSGILKTMWWMVGLIVLAALVLASVLVGFVFRRPIAEAKSAVLAFDDASSQPQRD,70,hypothetical protein, ,Derived by automated computational analysis using gene prediction method: Protein Homology.,OG0000098,Soft core,,,Soft core,Soft core
GCF_008728655.1,F6X56_RS33020,MGSSDADLALIKQIQPVITGVAGLISGIGAIVGLGVALQSFS,42,hypothetical protein, ,Derived by automated computational analysis using gene prediction method: Protein Homology.,OG0000065,Soft core,group_1769,Shell,Shell,Shell
GCF_008728655.1,F6X56_RS32570,MPERGQSRVDAGIIAVVAVITGVFVALTGHGLVAALATVLGLALGMAIVRYLIKCR,56,hypothetical protein, ,Derived by automated computational analysis using gene prediction method: Protein Homology.,OG0000078,Soft core,group_2220,Soft core,Soft core,Soft core
GCF_008728655.1,F6X56_RS08080,MMRIVTLIVLIWLIVGAVAAGQRGYYSSSPTNCAGVGTIALTVIAGPLNYFGVNPKVTDCTLPQPTE,67,hypothetical protein, ,Derived by automated computational analysis using gene prediction method: Protein Homology.,OG0000017,Conserved,group_129,Soft core,Soft core,Soft core
GCF_008728655.1,F6X56_RS32575,MIILGVILLIIGFVVNIPILWTIGVVLLVIGIILYALGAAGHAIGGRRHYY,51,duf6131 family protein, ,Derived by automated computational analysis using gene prediction method: Protein Homology.,OG0000000,Conserved,group_1229,Soft core,Soft core,Soft core
GCF_008728655.1,F6X56_RS32580,MTEKDNNDQSPKGGHPGPVDKGGDGGRATREQAPELVEETSEKKSDDK,48,hypothetical protein, ,Derived by automated computational analysis using gene prediction method: Protein Homology.,OG0000018,Core,group_2221,Soft core,Soft core,Soft core
GCF_008728655.1,F6X56_RS32585,MIVLGIILALIGFFTGLSILTTVGIILVVVGAVLSILGATGRAVGGRKVWY,51,duf6131 family protein, ,Derived by automated computational analysis using gene prediction method: Protein Homology.,OG0000000,Conserved,group_1230,Soft core,Soft core,Soft core
GCF_008728655.1,F6X56_RS08405,MGDKSDGSPVEVAGQAVVVVVQSLTVGQDVVPADKGAERFVSDAEAGVCRHESSLKVDEGKA,62,hypothetical protein, ,Derived by automated computational analysis using gene prediction method: GeneMarkS-2+.,OG0001374,,group_536,Cloud,,Probably not conserved
GCF_008728655.1,F6X56_RS32590,MPAPIMAPAAALAEPVVWNEDPQRQRWWTRILAAGSPENSSNDEFQP,47,hypothetical protein, ,Derived by automated computational analysis using gene prediction method: Protein Homology.,OG0000118,Soft core,group_2222,Soft core,Soft core,Soft core
GCF_008728655.1,F6X56_RS08510,MWWIVGGVLLVWVVCSIPIAILVGRGIARRDRAEFDGRNQQWADEVVRSIEKQSDQDNADRRKPPLIS,68,hypothetical protein, ,Derived by automated computational analysis using gene prediction method: Protein Homology.,OG0000079,Soft core,group_2275,Shell,Shell,Shell
GCF_008728655.1,F6X56_RS08540,MGALSPTHWAIVAVVLVVLFGSKKLPDAARGLGRSMRILKTEVGELHSDTDLALEKRD,58,sec-independent protein translocase subunit tata, ,Derived by automated computational analysis using gene prediction method: Protein Homology.,OG0000019,Conserved,tatA,Soft core,Soft core,Soft core
GCF_008728655.1,F6X56_RS08585,MAQGSVKWFNGEKGFGFIEQEGGGPDVFVHYSEIQGSGYKSLDEGQKVEFEIGQGQKGPQAQNVRAI,67,cold-shock protein, ,Derived by automated computational analysis using gene prediction method: Protein Homology.,OG0000069,Soft core,group_130,Soft core,Soft core,Soft core
GCF_008728655.1,F6X56_RS33050,MSADSRGTSAQTRREYQMFVLQQRLLFGSIVAGTALGVLAINYF,44,hypothetical protein, ,Derived by automated computational analysis using gene prediction method: GeneMarkS-2+.,OG0000122,Soft core,group_2138,Soft core,Soft core,Soft core
GCF_008728655.1,F6X56_RS32595,MTTIDIPPTQGESTTGIGITVASATLTTEEVKRRIAMMYGDPVTEEPVALAH,52,hypothetical protein, ,Derived by automated computational analysis using gene prediction method: Protein Homology.,OG0000002,Conserved,group_2274,Soft core,Soft core,Soft core
GCF_008728655.1,F6X56_RS08660,MSERNSTDRTDQTDEPQTTGTDHGPGTGADAAHKDVQTDPSGERTWADEGGASSNGPATDTD,62,pi-type proteinase, ,Derived by automated computational analysis using gene prediction method: Protein Homology.,OG0000020,Core,group_2297,Soft core,Soft core,Soft core
GCF_008728655.1,F6X56_RS08695,MGGSADALNRALERVDRDFAFPIGVVVRTSLRGTMRQIAKPVRAQYTRVRARFPGAKTYTEI,62,hypothetical protein, ,Derived by automated computational analysis using gene prediction method: GeneMarkS-2+.,OG0000115,Soft core,group_2190,Soft core,Soft core,Soft core
GCF_008728655.1,F6X56_RS08700,MTTSTVGLLAGLLLGVAAAAGGFTGFLIALVLGVIGYLVGGQRDGEFDLGVMLKGRGRG,59,hypothetical protein, ,Derived by automated computational analysis using gene prediction method: Protein Homology.,OG0000099,Soft core,group_732,Soft core,Soft core,Soft core
GCF_008728655.1,F6X56_RS08725,MSDFIDKAKHRAEDLIGEAKEKIGNATGNDDLAAEGVADQGEAKVKKAGDTVSDKVSDIKDKFTS,65,csbd family protein, ,Derived by automated computational analysis using gene prediction method: Protein Homology.,OG0000074,Soft core,group_2191,Soft core,Soft core,Soft core
GCF_008728655.1,F6X56_RS09085,MSKEVSAGLAVGAMVLVAGLIWTGFPLDAYSVVAVIFAICGGFITWIYLRENVDGVPHTATKEGSR,66,hypothetical protein, ,Derived by automated computational analysis using gene prediction method: Protein Homology.,OG0000144,Shell,group_2282,Shell,Shell,Shell
GCF_008728655.1,F6X56_RS33065,MGSLGNLLKANGMGWGILQLLPLVNMLKTLQGLDTASSNS,40,hypothetical protein, ,Derived by automated computational analysis using gene prediction method: GeneMarkS-2+.,OG0000080,Soft core,group_2512,Soft core,Soft core,Soft core
GCF_008728655.1,F6X56_RS33070,MGSFEDFSGVVKTFIPVLKDLFTALGGGSLTPGTGSAADK,40,hypothetical protein, ,Derived by automated computational analysis using gene prediction method: GeneMarkS-2+.,OG0000108,Soft core,group_2511,Soft core,Soft core,Soft core
GCF_008728655.1,F6X56_RS09410,MFGSLSTLGPLLTALGAFLKSVPTESLSGEGEGSSTGSLSGLSSGSAE,48,hypothetical protein, ,Derived by automated computational analysis using gene prediction method: Protein Homology.,OG0000081,Soft core,group_2510,Soft core,Soft core,Soft core
GCF_008728655.1,F6X56_RS33075,MSNSSGTEVYRGTVDADAVLHWLTGTDQLYVITSGGVIVIDTSAGVWAESPAPSELPDEIKALVP,65,hypothetical protein, ,Derived by automated computational analysis using gene prediction method: GeneMarkS-2+.,OG0000504,Cloud,group_297,Cloud,Cloud,Cloud
GCF_008728655.1,F6X56_RS33090,MGSLDTGSLSTESLEDLNLGKISELLKLGITAVSFITALNSLS,43,hypothetical protein, ,Derived by automated computational analysis using gene prediction method: GeneMarkS-2+.,OG0000067,Soft core,group_2503,Soft core,Soft core,Soft core
GCF_008728655.1,F6X56_RS33095,MIVMFLQATAQLFTDLLANTWSGSMLPGVEAGTGSLVSAIELS,43,hypothetical protein, ,Derived by automated computational analysis using gene prediction method: Protein Homology.,OG0000184,Shell,group_2237,Shell,Shell,Shell
GCF_008728655.1,F6X56_RS32600,MLEGSVMDAAGSVGAIIGQGLGSVSGLAVKGLEALAALSGGELKAAK,47,hypothetical protein, ,Derived by automated computational analysis using gene prediction method: Protein Homology.,OG0000138,Shell,group_2381,Shell,Shell,Shell
GCF_008728655.1,F6X56_RS09890,MTFESNTPRPFTRSNDKKMFAGVCGGIADYFGADVNLVRLLAVIAAICTGGTAALVYLAAWMLMPLG,67,pspc domain-containing protein, ,Derived by automated computational analysis using gene prediction method: Protein Homology.,OG0000021,Conserved,group_2380,Conserved,Soft core,Soft core
GCF_008728655.1,F6X56_RS10405,MGSSHDGKPAVAGTQFLTVAEVATLMRVSKMTVYRLVHSGELPAVRVGRSFRVHAKAVHDYLETSYFDAG,70,helix-turn-helix domain-containing protein, ,Derived by automated computational analysis using gene prediction method: Protein Homology.,OG0000071,Soft core,,,Soft core,Soft core
GCF_008728655.1,F6X56_RS10410,MGSVIKKRRKRMSKKKHRKLLRRTRVQRRKLGK,33,aurkaip1/cox24 domain-containing protein, ,Derived by automated computational analysis using gene prediction method: Protein Homology.,OG0000022,Conserved,group_1939,Conserved,Conserved,Conserved
GCF_008728655.1,F6X56_RS32605,MSSQEALRTESTHDAPLRQRGSRTEVILFAILGASVLVTLLVLMIPGIVSG,51,hypothetical protein, ,Derived by automated computational analysis using gene prediction method: Protein Homology.,OG0000100,Soft core,group_1231,Soft core,Soft core,Soft core
GCF_008728655.1,F6X56_RS10590,MLYLLALVGLVTLIVLMWKAFGPDPSTRTPVSGVRGPDDDPEFLWNVNQQTRRKRTEGPDVPPTDTST,68,hypothetical protein, ,Derived by automated computational analysis using gene prediction method: Protein Homology.,OG0000023,Conserved,group_2362,Soft core,Conserved,Soft core
GCF_008728655.1,F6X56_RS10595,MSAPTFNTAADALMTPGQVAALFHVDPKTVTRWAHAGRLGSLRTPGGHRRFRETEVMQLLRSLTTEADNN,70,bldc family transcriptional regulator, ,Derived by automated computational analysis using gene prediction method: Protein Homology.,OG0000068,Soft core,,,Soft core,Soft core
GCF_008728655.1,F6X56_RS10800,MASSTDVRPKITLACEVCKHRNYITKKNRRNDPDRLELKKFCPNCGTHQSHRESK,55,50s ribosomal protein l33, ,Derived by automated computational analysis using gene prediction method: Protein Homology.,OG0000024,Conserved,rpmG,Conserved,Soft core,Soft core
GCF_008728655.1,F6X56_RS10935,MAGKKLDRTNARTALEVVRESPTIAFITVAPAVVVFGVVWWLFGFWAAILLALVFGVAAVATQKLR,66,hypothetical protein, ,Derived by automated computational analysis using gene prediction method: Protein Homology.,OG0000025,Conserved,group_2209,Conserved,Soft core,Soft core
GCF_008728655.1,F6X56_RS11080,MNSTTVGLLVGLLLALAGIMGGFSGFVFAVLLGAAGMAIGAHRDGHLDLGAILRSRGRG,59,hypothetical protein, ,Derived by automated computational analysis using gene prediction method: Protein Homology.,OG0000026,Conserved,group_2303,Conserved,Soft core,Soft core
GCF_008728655.1,F6X56_RS11210,MRLSTRNQLTGTITEVNLGTVMATVKVKLDGGNQIVTSSITRDAALDLDLEPGQAATVFVKSTEVTIGVE,70,tobe domain-containing protein, ,Derived by automated computational analysis using gene prediction method: Protein Homology.,OG0000064,Soft core,,,Soft core,Soft core
GCF_008728655.1,F6X56_RS11215,MTEPVKGPASYFPSIEKRYGRPIGEWQELIRSSDLTKHMELVNWLKSEHGMGHGHANALVAHTLKEG,67,duf4287 domain-containing protein, ,Derived by automated computational analysis using gene prediction method: Protein Homology.,OG0000027,Conserved,group_2329,Soft core,Soft core,Soft core
GCF_008728655.1,F6X56_RS11230,MSDRDNKALENDLVEESLVEEVSIDGMCGVY,31,mycofactocin precursor mfta, ,"Mycofactocin is a small molecule electron carrier derived from the final two amino acids, Val-Tyr, of MftA, the mycofactocin precursor. It plays a role in redox homeostasis and the metabolism of alcohols and aldehydes in Actinobacteria, including Mycobacterium tuberculosis; Derived by automated computational analysis using gene prediction method: Protein Homology.",OG0000009,Conserved,group_2326,Conserved,Soft core,Soft core
GCF_008728655.1,F6X56_RS11580,MAKKALVNKANKKPKFAVRAYTRCQRCGRPHSVFRKFGLCRICVREMAHAGELPGVRKSSW,61,type z 30s ribosomal protein s14, ,Derived by automated computational analysis using gene prediction method: Protein Homology.,OG0000028,Conserved,group_2294,Conserved,Soft core,Soft core
GCF_008728655.1,F6X56_RS11605,MADLKVTQIKSIIGTKQNQKDSLRTLGLKGIRQTVVREDNAQNRGLINVVRHLVTVEEV,59,50s ribosomal protein l30, ,Derived by automated computational analysis using gene prediction method: Protein Homology.,OG0000029,Conserved,rpmD,Conserved,Soft core,Soft core
GCF_008728655.1,F6X56_RS11635,MKVQPSVKKICEKCKVIRRNGRVMVICENLRHKQRQG,37,50s ribosomal protein l36, ,Derived by automated computational analysis using gene prediction method: Protein Homology.,OG0000030,Conserved,rpmJ,Conserved,Soft core,Soft core
GCF_008728655.1,F6X56_RS32610,MLASAGGLGFVGVGVGSDADRRYGPDLTDPSVSLSADVVSDGGSWRDSSLAAAALRSRKSSS,62,hypothetical protein, ,Derived by automated computational analysis using gene prediction method: GeneMarkS-2+.,OG0000344,Cloud,group_2244,Cloud,Cloud,Cloud
GCF_008728655.1,F6X56_RS33100,MTIFEWILAIPALALAVAFLFSGIISAGIDFDAEDGVMTH,40,hypothetical protein, ,Derived by automated computational analysis using gene prediction method: GeneMarkS-2+.,OG0000082,Soft core,group_2186,Soft core,Soft core,Soft core
GCF_008728655.1,F6X56_RS12970,MSSYRCPVCEYVYDESKGAPREGFPAGTPWDAVPDDWCCPDCGVREKLDFEPMPATAGSES,61,rubredoxin, ,Derived by automated computational analysis using gene prediction method: Protein Homology.,OG0000053,Core,group_2279,Soft core,Soft core,Soft core
GCF_008728655.1,F6X56_RS12975,MNDYKLYQCAQCGFEYDEAVGWPEDGIEPGTRWDDIPEDWSCPDCGAAKSDFFMVEVERR,60,rubredoxin, ,Derived by automated computational analysis using gene prediction method: Protein Homology.,OG0000007,Conserved,group_2155,Soft core,Soft core,Soft core
GCF_008728655.1,F6X56_RS13600,MTDSNPKPWFDRAISGCLSILVAAIALYCAVALIEAIWPYLVAAVAVAAIVAATIHIIRARRENHW,66,hypothetical protein, ,Derived by automated computational analysis using gene prediction method: Protein Homology.,OG0000482,Cloud,group_2373,Cloud,Cloud,Cloud
GCF_008728655.1,F6X56_RS32615,MDRQKFVNEHNYEISGRTEGSQARGSTSACQKSIKAVDLDWPKTAD,46,hypothetical protein, ,Derived by automated computational analysis using gene prediction method: GeneMarkS-2+.,OG0001375,,group_1568,Cloud,,Probably not conserved
GCF_008728655.1,F6X56_RS32620,MKNALLRLRARVEERVDLSSDGSSGLTPEAILVLGSIIAALGVIWWAA,48,hypothetical protein, ,Derived by automated computational analysis using gene prediction method: GeneMarkS-2+.,OG0000382,Cloud,group_1429,Cloud,Cloud,Cloud
GCF_008728655.1,F6X56_RS33105,MTEEEMREAIRARAAQAVGRGIDDGWVELINNVIRSKAPETK,42,hypothetical protein, ,Derived by automated computational analysis using gene prediction method: GeneMarkS-2+.,OG0000383,Cloud,group_2229,Cloud,Cloud,Cloud
GCF_008728655.1,F6X56_RS13785,MTDLSPQGRAHLRKNAQTFGDEAMVDVLDALQAALNERDELRDLLVDRLFATARADESGTEPEI,64,hypothetical protein, ,Derived by automated computational analysis using gene prediction method: GeneMarkS-2+.,OG0000483,Cloud,group_2310,Cloud,Cloud,Cloud
GCF_008728655.1,F6X56_RS13980,MATDPAPRSERKKILLRLDPAVHDALARWAADDLRSTNAQIEFLLRRALTEHGRMPKNAGKMHGPGRPPA,70,hypothetical protein, ,Derived by automated computational analysis using gene prediction method: Protein Homology.,OG0000114,Soft core,,,Soft core,Soft core
GCF_008728655.1,F6X56_RS14260,MSDLDSNTPSAPESQSEETKRKFREALERKNHQNAKSTDHRDGQSKVHNTHGPADHKREFRRKSG,65,duf5302 domain-containing protein, ,Derived by automated computational analysis using gene prediction method: Protein Homology.,OG0000031,Conserved,group_2470,Core,Cloud,Cloud
GCF_008728655.1,F6X56_RS14345,MAAVCDVCAKGPGFGKSVSHSHRRTNRRWNPNIQSVRTEVAPGNTRKVNVCTSCLKAGKVARG,63,50s ribosomal protein l28, ,Derived by automated computational analysis using gene prediction method: Protein Homology.,OG0000032,Conserved,rpmB,Conserved,Cloud,Cloud
GCF_008728655.1,F6X56_RS14385,MAVPKRKMSRSNTRSRRSQWKTTVPTLVTCPNRGCGEQTLPHIACPSCGTYKGRQVTAAV,60,50s ribosomal protein l32, ,Derived by automated computational analysis using gene prediction method: Protein Homology.,OG0000033,Conserved,group_2479,Conserved,Cloud,Cloud
GCF_008728655.1,F6X56_RS32630,MNLLPYLIPALKLAGRWIATFLVIAVIIVGTLYLSLFIVPVLIWHT,46,hypothetical protein, ,Derived by automated computational analysis using gene prediction method: GeneMarkS-2+.,OG0000310,Cloud,"group_2354, group_1971",Cloud,Cloud,Cloud
GCF_008728655.1,F6X56_RS14635,MATKETHTAKILKLLKAKVSNLELRKVAWRYPARVLDLKHEGHLIRSVHDKGSLWFYIYDGHQDDGVAA,69,hypothetical protein, ,Derived by automated computational analysis using gene prediction method: GeneMarkS-2+.,OG0000505,Cloud,group_19,Cloud,Cloud,Cloud
GCF_008728655.1,F6X56_RS14660,MSFGDFLLLVLMTVGFIVVGMWATFVQGWTSLGALMAFFAIGGVLYTIWTALAWLVNVSA,60,hypothetical protein, ,Derived by automated computational analysis using gene prediction method: GeneMarkS-2+.,OG0000831,Cloud,group_681,Cloud,Cloud,Cloud
GCF_008728655.1,F6X56_RS14675,MSGTKAGGLKARDRNLSKDPDFYKKIGAIGGRLGTTGGFAADRKLARIAGAKGGRISKRGKKEVKDEQI,69,hypothetical protein, ,Derived by automated computational analysis using gene prediction method: GeneMarkS-2+.,OG0000832,Cloud,group_20,Cloud,Cloud,Cloud
GCF_008728655.1,F6X56_RS33115,MAGLKVEEAEKALADAKIDAEKLVKDAQDAAKKAPDTKTNTPAK,44,hypothetical protein, ,Derived by automated computational analysis using gene prediction method: GeneMarkS-2+.,OG0001376,,group_1673,Cloud,,Probably not conserved
GCF_008728655.1,F6X56_RS32635,MNLLPYLIPALKLAGRWIATFLVIAVIIVGTLYLSLFIVPVLIWHT,46,hypothetical protein, ,Derived by automated computational analysis using gene prediction method: GeneMarkS-2+.,OG0000310,Cloud,"group_2354, group_1971",Cloud,Cloud,Cloud
GCF_008728655.1,F6X56_RS15015,MTQEEHYAYSKVMEDDGLIALQTMIADGHSEEDIREFYDEIGFHPNQATIDYLHEHVAA,59,hypothetical protein, ,Derived by automated computational analysis using gene prediction method: GeneMarkS-2+.,OG0001377,,group_754,Cloud,,Probably not conserved
GCF_008728655.1,F6X56_RS32640,MNEQVILATSEQQPIAEIELSIKNMRDMIATIEAGGAAYIKVYADRAVVVTR,52,hypothetical protein, ,Derived by automated computational analysis using gene prediction method: GeneMarkS-2+.,OG0001378,,group_1190,Cloud,,Probably not conserved
GCF_008728655.1,F6X56_RS32645,MGKSIEKNKSVPEEPREELTDKRTFFLPFKCKVIEAETLEEVVELTKKEEDGDAN,55,hypothetical protein, ,Derived by automated computational analysis using gene prediction method: GeneMarkS-2+.,OG0000414,Cloud,group_2442,Cloud,Cloud,Cloud
GCF_008728655.1,F6X56_RS15235,MNHTYDQPTSAPTSKVAAAGIGGSVAIVLIWLAGQFGVELSAEVASAITAIVAFAAGYFKRSSTN,65,hypothetical protein, ,Derived by automated computational analysis using gene prediction method: GeneMarkS-2+.,OG0000532,Cloud,group_2428,Cloud,Cloud,Cloud
GCF_008728655.1,F6X56_RS15260,MTLQAEAVTAIDKLVEDAHEMASAVDDLREENPALAMIMLVSLSAYLEHIQFRISQAVQHSP,62,hypothetical protein, ,Derived by automated computational analysis using gene prediction method: GeneMarkS-2+.,OG0000533,Cloud,group_2427,Cloud,Cloud,Cloud
GCF_008728655.1,F6X56_RS32650,MIKRLPSVAWSMIGIAIALSIVVPIIQAAAPLIIAVVIVITVSVIAWRVAKFYMRL,56,hypothetical protein, ,Derived by automated computational analysis using gene prediction method: GeneMarkS-2+.,OG0000534,Cloud,group_2389,Cloud,Cloud,Cloud
GCF_008728655.1,F6X56_RS15270,MLTTAMVILEMWVSARQLPDPHLQERNRIIYMEHRAQDLRRELSDQLDAISQGNVQATPSWGLR,64,hypothetical protein, ,Derived by automated computational analysis using gene prediction method: GeneMarkS-2+.,OG0001379,,group_372,Cloud,,Probably not conserved
GCF_008728655.1,F6X56_RS32655,MQLLDSEVVRRCAVTAAAAAAVCRSNGPGVVDGDAVTGKSFFLPDGGWPGT,51,hypothetical protein, ,Derived by automated computational analysis using gene prediction method: GeneMarkS-2+.,OG0000147,Shell,group_2063,Shell,Shell,Shell
GCF_008728655.1,F6X56_RS32660,MKVPAFHSTVPSDLDVYHDNESCILAARIAVSHRAPGVDGRPWCTACASLD,51,hypothetical protein, ,Derived by automated computational analysis using gene prediction method: Protein Homology.,OG0000083,Soft core,group_2187,Soft core,Soft core,Soft core
GCF_008728655.1,F6X56_RS32665,MFWKIVLAVVLVWVALAVVGALIKGLFWVLVVGAVGFGIYFLVKAMSGSDDNSPASRF,58,hypothetical protein, ,Derived by automated computational analysis using gene prediction method: Protein Homology.,OG0000034,Conserved,group_2296,Soft core,Soft core,Soft core
GCF_008728655.1,F6X56_RS16325,MRLTEFHEMVREEFGQVRGDSMLIDHVLQSLDGMTAAEAVEAGWEPREVWRALCVEFDVPPARR,64,duf3046 domain-containing protein, ,Derived by automated computational analysis using gene prediction method: Protein Homology.,OG0000035,Conserved,group_2481,Conserved,Soft core,Soft core
GCF_008728655.1,F6X56_RS16600,MPGTLTSPQLTAADRCDRCGAGARVRAVLPTGGELLFCGHHATEHADRLREMNAVVSESEPAI,63,hypothetical protein, ,Derived by automated computational analysis using gene prediction method: Protein Homology.,OG0000036,Conserved,group_2483,Conserved,Soft core,Soft core
GCF_008728655.1,F6X56_RS16975,MKIRFELMIGILLVVGGGCLWLFARDAEFFWFRGGPLGVILAIIGAFDIVNAVRTRETAIPERRND,66,hypothetical protein, ,Derived by automated computational analysis using gene prediction method: Protein Homology.,OG0000101,Soft core,group_2126,Soft core,Soft core,Soft core
GCF_008728655.1,F6X56_RS17460,MAGIDSKFDKAYAGKSVEELADAPVAALNGVSDSDAEHLKAAFNIKTVRDLGTNKFFLWAQATAKLAE,68,hypothetical protein, ,Derived by automated computational analysis using gene prediction method: Protein Homology.,OG0000070,Soft core,group_2484,Soft core,Soft core,Soft core
GCF_008728655.1,F6X56_RS33135,MKNLEPWEFAGMLTHLRAYLANARRFLRGWSYREVDGSSEDR,42,hypothetical protein, ,Derived by automated computational analysis using gene prediction method: GeneMarkS-2+.,OG0000258,Shell,group_2129,Shell,Shell,Shell
GCF_008728655.1,F6X56_RS33140,MFGIDRILGTARALATEVLRTILDEIEASNWITNKFVPPGGP,42,hypothetical protein, ,Derived by automated computational analysis using gene prediction method: GeneMarkS-2+.,OG0000348,Cloud,group_2038,Cloud,Cloud,Cloud
GCF_008728655.1,F6X56_RS18255,MAQEQTQRAGGGEDDETTGGDGSAGQERREKLAAETDDLLDEIDDVLEENAEDFVRAYVQKGGQ,64,ubiquitin-like protein pup, ,Derived by automated computational analysis using gene prediction method: Protein Homology.,OG0000037,Conserved,group_340,Soft core,Soft core,Soft core
GCF_008728655.1,F6X56_RS18790,MAIDSTLLSILACPQDKGPLLLVGDELLYNPRLRRAYPIENGIPVLLIDEARDVADDEHEKLLARAEG,68,trm112 family protein, ,Derived by automated computational analysis using gene prediction method: Protein Homology.,OG0000038,Conserved,group_54,Soft core,Core,Soft core
GCF_008728655.1,F6X56_RS18885,MPKMKSHSGASKRFKVSGSGKLMRQKAGRRHLLEHKSSRVTRRLDGVAVVSPDDAPRIKRMLGI,64,50s ribosomal protein l35, ,Derived by automated computational analysis using gene prediction method: Protein Homology.,OG0000039,Conserved,group_2130,Soft core,Conserved,Soft core
GCF_008728655.1,F6X56_RS19235,MHVEVDLDLCQGHAACELEAPEIFVVPKRGKVSLLDSDPPESLRGEAEMAVRYCPTGALRIVD,63,ferredoxin, ,Derived by automated computational analysis using gene prediction method: Protein Homology.,OG0000001,Conserved,group_2270,Soft core,Soft core,Soft core
GCF_008728655.1,F6X56_RS32670,MSVLFTYLLFIGAGIAVGGAYSMFKVNKLASGILLALAVLAAVAGALRL,49,hypothetical protein, ,Derived by automated computational analysis using gene prediction method: Protein Homology.,OG0000040,Conserved,group_2410,Soft core,Conserved,Soft core
GCF_008728655.1,F6X56_RS32675,MNESSSGLFSDLSASEPVVDAKSAEQLAAERETAAAERSNTDTAEQRQSRLFSG,54,hypothetical protein, ,Derived by automated computational analysis using gene prediction method: Protein Homology.,OG0000084,Soft core,group_2262,Soft core,Soft core,Soft core
GCF_008728655.1,F6X56_RS33145,MLGIALGLGSAAVGIGLGLLGAGAGILLSDKTVKTARRELTA,42,hypothetical protein, ,Derived by automated computational analysis using gene prediction method: GeneMarkS-2+.,OG0000102,Soft core,group_2160,Soft core,Soft core,Soft core
GCF_008728655.1,F6X56_RS19740,MHAEVGDRLHVQGRVVGQAEVTAEVLEVHGEDGGPPYLVRYDNGHEALVFPGSDGWIDHPGKGS,64,duf1918 domain-containing protein, ,Derived by automated computational analysis using gene prediction method: Protein Homology.,OG0000041,Conserved,group_2499,Soft core,Conserved,Soft core
GCF_008728655.1,F6X56_RS33150,MTTYRYLDADRNLLEEKDFETEQDAQEYRLSVLGAEHIEPTDE,43,hypothetical protein, ,Derived by automated computational analysis using gene prediction method: Protein Homology.,OG0000054,Core,group_2400,Soft core,Core,Core
GCF_008728655.1,F6X56_RS20435,MTDEDRLWYFDVSDGSVTQGKGASSLTRMGPYPDRDSAEHALKIAAERNKAADRADEDWNN,61,hypothetical protein, ,Derived by automated computational analysis using gene prediction method: Protein Homology.,OG0000042,Conserved,group_592,Soft core,Core,Soft core
GCF_008728655.1,F6X56_RS32680,MDCVAAPIRVAAFVHRSSPQVMHARRYLRWELVGGMSFLSLAGGSTITAA,50,hypothetical protein, ,Derived by automated computational analysis using gene prediction method: GeneMarkS-2+.,OG0000286,Shell,group_1308,Shell,Shell,Shell
GCF_008728655.1,F6X56_RS33160,MKLALTEFKNSKATIRIIMSDGAKLNGTVTDFTEDTLVLNSPNGVYYINPSHIIRLFEPSDRAAK,65,hypothetical protein, ,Derived by automated computational analysis using gene prediction method: GeneMarkS-2+.,OG0000085,Soft core,group_2248,Soft core,Soft core,Soft core
GCF_008728655.1,F6X56_RS20830,MTVAGVVSVVLIAVAAALVIYLLVALVDPERF,32,k(+)-transporting atpase subunit f, ,Derived by automated computational analysis using gene prediction method: Protein Homology.,OG0000055,Core,kdpF,Soft core,Soft core,Soft core
GCF_008728655.1,F6X56_RS20975,MDRIADWWDSFELWMAGLPFIPQVALVLIVVVPLCRLVAIGLDRVLAAVLALPLFGWLRRNSREVEES,68,hypothetical protein, ,Derived by automated computational analysis using gene prediction method: Protein Homology.,OG0000056,Core,group_2078,Soft core,Soft core,Soft core
GCF_008728655.1,F6X56_RS33170,MRPILANGIDEWLGYIASSSPGTPVVQVLASAARVALNSPAATPDAIALIRRLQRIVPGDPALRNAW,67,hypothetical protein, ,Derived by automated computational analysis using gene prediction method: GeneMarkS-2+.,OG0000234,Shell,group_157,Shell,Shell,Shell
GCF_008728655.1,F6X56_RS32695,MKKALPKTLKSLARTVGILALAIVVVSVVERFTGAHQPTTGPASLTGPDQSL,52,hypothetical protein, ,Derived by automated computational analysis using gene prediction method: Protein Homology.,OG0000111,Soft core,group_2264,Soft core,Soft core,Soft core
GCF_008728655.1,F6X56_RS32700,MSFLPFPIVIEGIETTGSAAIDGLGRLSVLLYDLLGGTGSATIDAGS,47,hypothetical protein, ,Derived by automated computational analysis using gene prediction method: Protein Homology.,OG0000125,Shell,group_2228,Shell,Shell,Shell
GCF_008728655.1,F6X56_RS32705,MYGYLWGALPGPRPVKALLAIVLVVAVVLLLMEFVFPWVSEHMPYSDVTV,50,hypothetical protein, ,Derived by automated computational analysis using gene prediction method: Protein Homology.,OG0000214,Shell,group_1309,Shell,Shell,Shell
GCF_008728655.1,F6X56_RS32710,MIAAPTTGALAVVLNTVLQMFNAGSSFLYTDNSPIGGGGETPTTPAP,47,hypothetical protein, ,Derived by automated computational analysis using gene prediction method: Protein Homology.,OG0000086,Soft core,group_2210,Soft core,Soft core,Soft core
GCF_008728655.1,F6X56_RS32715,MPTIPLTGDPIVINIIVQLLSAGSSNALALGGVGSSGLGSTGLGSFDSASLGSAA,55,hypothetical protein, ,Derived by automated computational analysis using gene prediction method: Protein Homology.,OG0000087,Soft core,group_1002,Soft core,Soft core,Soft core
GCF_008728655.1,F6X56_RS21610,MSNEIATGDLLGLARVQARRRLKSLANVAVKFEPQQLTLLNSLLDEFARKSSSIRNEENNND,62,hypothetical protein, ,Derived by automated computational analysis using gene prediction method: GeneMarkS-2+.,OG0001380,,group_2583,Cloud,,Probably not conserved
GCF_008728655.1,F6X56_RS33185,MYIHTCTYDTEDRNMGSINTLSAVIDIIKVVQPLIAKLNLS,41,hypothetical protein, ,Derived by automated computational analysis using gene prediction method: GeneMarkS-2+.,OG0000109,Soft core,group_2041,Soft core,Soft core,Soft core
GCF_008728655.1,F6X56_RS22400,MGTLKSGQDLAAKFSKKAVGGEDSLEKSLTSHIQVVTEMRDFFQQCVDRYGEVEGSNASALASVDTPR,68,hypothetical protein, ,Derived by automated computational analysis using gene prediction method: GeneMarkS-2+.,OG0000123,Soft core,group_2307,Soft core,Soft core,Soft core
GCF_008728655.1,F6X56_RS32835,MSTALLTIYVLIWPALVLVVLGVISKGFFKDWATARRNGEDLV,43,putative transporter small subunit, ,Derived by automated computational analysis using gene prediction method: Protein Homology.,OG0000088,Soft core,group_2364,Soft core,Soft core,Soft core
GCF_008728655.1,F6X56_RS33190,MSAQRQLNAAKKSPAKKDAQPKAKKRKNPNRKRNVPQPKYLQ,42,hypothetical protein, ,Derived by automated computational analysis using gene prediction method: GeneMarkS-2+.,OG0000601,Cloud,group_1781,Cloud,Cloud,Cloud
GCF_008728655.1,F6X56_RS23150,MAAMKPRTGDGPLEATKEGRGIVMRVPLEGGGRLVVELTPDEAAALGVELTNVTS,55,duf3117 domain-containing protein, ,Derived by automated computational analysis using gene prediction method: Protein Homology.,OG0000043,Conserved,group_1003,Soft core,Soft core,Soft core
GCF_008728655.1,F6X56_RS23255,MTEQDATFDPEAPESDALEQSTPVDPNAPEEPDLTDIPLDAPVADVVDQRVEVAVDDDYRPS,62,hypothetical protein, ,Derived by automated computational analysis using gene prediction method: Protein Homology.,OG0000057,Core,group_2211,Soft core,Soft core,Soft core
GCF_008728655.1,F6X56_RS32720,MYNWDLQNQIVAFVDSLRPMAGYYHDLYYGSLYAFADQQSHLLTLLGFPPVP,52,hypothetical protein, ,Derived by automated computational analysis using gene prediction method: Protein Homology.,OG0000058,Core,group_1175,Soft core,Soft core,Soft core
GCF_008728655.1,F6X56_RS32725,MGKVKASKVSQLKPKKKCCRKKTRCIKCPVVIMRMKKLENEGASKKELKAGLKKARAA,58,hypothetical protein, ,Derived by automated computational analysis using gene prediction method: Protein Homology.,OG0000044,Conserved,group_2365,Soft core,Soft core,Soft core
GCF_008728655.1,F6X56_RS33200,MGSMEGILGAVVQGLGSLFSADGLLKTFMGSVETISKDPTP,41,hypothetical protein, ,Derived by automated computational analysis using gene prediction method: GeneMarkS-2+.,OG0000103,Soft core,group_2051,Soft core,Soft core,Soft core
GCF_008728655.1,F6X56_RS23460,MTAKLTTAFRGTLWWVRSVMGDLDYQRYVEHTRRHHADSPVISEREFWRRRHAAADANPGARCC,64,ybdd/yjix family protein, ,Derived by automated computational analysis using gene prediction method: Protein Homology.,OG0000045,Conserved,group_2343,Soft core,Conserved,Soft core
GCF_008728655.1,F6X56_RS23710,MSTNSDRRPRLPVRIAYLAAGVLFVAAMLLLASVVNPDRDRDFSMNHVPAGTSTTAFAATSDLG,64,hypothetical protein, ,Derived by automated computational analysis using gene prediction method: Protein Homology.,OG0000104,Soft core,group_2149,Soft core,Soft core,Soft core
GCF_008728655.1,F6X56_RS32730,MTAFVLAKGSPMFDFFGAISGFFGLLFGTGSSSGSSGGSSDAPVAPPT,48,hypothetical protein, ,Derived by automated computational analysis using gene prediction method: Protein Homology.,OG0000268,Shell,,,Shell,Shell
GCF_008728655.1,F6X56_RS32735,MSRVEICGAGMDSVRHRRKIHEMREFYIGLVIARAERILLLAGLALEF,48,hypothetical protein, ,Derived by automated computational analysis using gene prediction method: GeneMarkS-2+.,OG0000602,Cloud,group_1439,Cloud,Cloud,Cloud
GCF_008728655.1,F6X56_RS24140,MAEGIVKWFNSEKGFGFIAPEDGSADVFVHYSEIQSGGFRTLEENQRVAFEIGQGNKGPQATGVTIV,67,cold-shock protein, ,Derived by automated computational analysis using gene prediction method: Protein Homology.,OG0000046,Conserved,group_132,Soft core,Soft core,Soft core
GCF_008728655.1,F6X56_RS24145,MTTAEYTVSGMTCGHCVGSVKEEIGNIAGVTAVDVELASGRVVVTSDAPVSAADVVAAVDEAGYAVVPS,69,heavy-metal-associated domain-containing protein, ,Derived by automated computational analysis using gene prediction method: Protein Homology.,OG0000006,Conserved,group_2139,Soft core,Soft core,Soft core
GCF_008728655.1,F6X56_RS32740,MKHTMSDDELRRAIREIQDRAHDARKRGDDVAAEELDRTVKGYQEQMMQRL,51,hypothetical protein, ,Derived by automated computational analysis using gene prediction method: Protein Homology.,OG0000059,Core,group_2336,Soft core,Soft core,Soft core
GCF_008728655.1,F6X56_RS32755,MSEQRDTPKKPSVDKKRLARIFGDVFPETTSDERGPEGSSRSSDDDWLRSQRPPHHGG,58,hypothetical protein, ,Derived by automated computational analysis using gene prediction method: Protein Homology.,OG0000089,Soft core,group_2328,Soft core,Soft core,Soft core
GCF_008728655.1,F6X56_RS24360,MAVPKRKMSRSNTRSRRAQWKATAPDLVEVTAFGQTHRVPRRLVKAVRLGVIDPSRI,57,50s ribosomal protein l32, ,Derived by automated computational analysis using gene prediction method: Protein Homology.,OG0000060,Soft core,group_2302,Soft core,Soft core,Soft core
GCF_008728655.1,F6X56_RS24380,MARNEIRPIVKLKSTAGTGYTYVTRKNRRNDPDRLVLKKYDPVLRKHVDFREEK,54,50s ribosomal protein l33, ,Derived by automated computational analysis using gene prediction method: Protein Homology.,OG0000047,Conserved,group_2199,Soft core,Soft core,Soft core
GCF_008728655.1,F6X56_RS32760,MHLTATTSTTTGAAGNSDPKDAESTLDMSGRPAALRARSAAATRPGGADVTA,52,hypothetical protein, ,Derived by automated computational analysis using gene prediction method: GeneMarkS-2+.,OG0000131,Shell,group_2058,Shell,Shell,Shell
GCF_008728655.1,F6X56_RS25005,MGFLDNVKGLVEKGQELAAENSDKVHDAIDKVADIADDKTGNKYGDQIDKAAEAAKKAVPEKQ,63,antitoxin, ,Derived by automated computational analysis using gene prediction method: Protein Homology.,OG0000010,Conserved,group_425,Soft core,Soft core,Soft core
GCF_008728655.1,F6X56_RS25545,MANNSKQHYVDPGWPETADGDHAVTELSSTRAGGLSPFGEDTTFPVPVESLPYVHPHTVINR,62,hypothetical protein, ,Derived by automated computational analysis using gene prediction method: Protein Homology.,OG0000048,Conserved,group_501,Soft core,Soft core,Soft core
GCF_008728655.1,F6X56_RS33205,MADKAPGKNMKKPAQSIKERRAEKRAKTAESSEFIRKRKRS,41,hypothetical protein, ,Derived by automated computational analysis using gene prediction method: Protein Homology.,OG0000004,Core,group_2142,Soft core,Soft core,Soft core
GCF_008728655.1,F6X56_RS26495,MGRGRAKAKQTKVARELKYSVPTTDFDSLQRELAGGSTNSHRSSVRSDQTSDREGHAREDDYDDWRR,67,duf3073 domain-containing protein, ,Derived by automated computational analysis using gene prediction method: Protein Homology.,OG0000049,Conserved,group_133,Soft core,Soft core,Soft core
GCF_008728655.1,F6X56_RS26675,MRNNLQELRTAAGLSQQACADALGITRQTVISIEKGHFDPRLSLAFRIAEYFDKRVDDIFSS,62,helix-turn-helix transcriptional regulator, ,Derived by automated computational analysis using gene prediction method: Protein Homology.,OG0000105,Soft core,group_502,Soft core,Soft core,Soft core
GCF_008728655.1,F6X56_RS26805,MTSPMNTRKLTRARSGAMFGGVCAGIARYFGWKSSTVRLLFVLSCLLPGPQFLIYIVMWIFIPREQI,67,pspc domain-containing protein, ,Derived by automated computational analysis using gene prediction method: Protein Homology.,OG0000106,Soft core,group_134,Soft core,Soft core,Soft core
GCF_008728655.1,F6X56_RS33215,MTVLCRAGKLQAGVLVADDDQGWASPFRSIAPTKMALLARALQDGLIAIDEL,52,hypothetical protein, ,Derived by automated computational analysis using gene prediction method: Protein Homology.,OG0000156,Shell,group_2040,Shell,Shell,Shell
GCF_008728655.1,F6X56_RS32765,MSDWVKKVEAEAKGLLAEAEEELTVLEGVDTIDPLADDDPAPEDGTKPTSD,51,hypothetical protein, ,Derived by automated computational analysis using gene prediction method: Protein Homology.,OG0000090,Soft core,group_2192,Soft core,Soft core,Soft core
GCF_008728655.1,F6X56_RS32770,MAATTPVSGYVIVPHPSDVDAVGNREVEVDELPEQYSKPGTPPITGGPTVPS,52,hypothetical protein, ,Derived by automated computational analysis using gene prediction method: GeneMarkS-2+.,OG0000204,Shell,group_2298,Shell,Shell,Shell
GCF_008728655.1,F6X56_RS32775,MSASLVGTARREVEACLTSRRYPERGRIDIVCSTDDKDATPAFDHGTREFFCNQS,55,hypothetical protein, ,Derived by automated computational analysis using gene prediction method: GeneMarkS-2+.,OG0000603,Cloud,,,Cloud,Cloud
GCF_008728655.1,F6X56_RS32780,MSDADADADADADADADGDGEYRIRDTNRPVESRGDFRRACTSICLQLQLLT,52,hypothetical protein, ,Derived by automated computational analysis using gene prediction method: GeneMarkS-2+.,OG0000349,Cloud,group_2314,Cloud,Cloud,Cloud
GCF_008728655.1,F6X56_RS32785,MNPSVMKQRIPNGEVPTVEEFVTVPPALRALPIPRIEAVDGRVQIN,46,hypothetical protein, ,Derived by automated computational analysis using gene prediction method: GeneMarkS-2+.,OG0000260,Shell,group_2250,Shell,Shell,Shell
GCF_008728655.1,F6X56_RS28635,MAQGIVKWFNGEKGFGFIAPDDGTPDVFVHYSEISGNGYKSLDENQRVEFEVGQGQKGPQATNVRAV,67,cold-shock protein, ,Derived by automated computational analysis using gene prediction method: Protein Homology.,OG0000003,Conserved,group_1991,Soft core,Soft core,Soft core
GCF_008728655.1,F6X56_RS32790,MIALWPPLYIAMSHQHGLVIGVPISVWYLILVSAAAIAAVTGLWVTECRQGAVD,54,hypothetical protein, ,Derived by automated computational analysis using gene prediction method: GeneMarkS-2+.,OG0000350,Cloud,group_2059,Cloud,Cloud,Cloud
GCF_008728655.1,F6X56_RS28890,MKKTDFAPISCIHRWEIESRHRTSEGTVTYLRCHCGSWQTLLAEWVSGGAGSAVAAPIKVRSR,63,hypothetical protein, ,Derived by automated computational analysis using gene prediction method: GeneMarkS-2+.,OG0000116,Soft core,group_2290,Soft core,Soft core,Soft core
GCF_008728655.1,F6X56_RS32795,MPTVIRTVHDLVRHARGPTHHHHHQSVHEARRMRAHHILVTHSLA,45,hypothetical protein, ,Derived by automated computational analysis using gene prediction method: GeneMarkS-2+.,OG0000112,Soft core,group_2176,Soft core,Soft core,Soft core
GCF_008728655.1,F6X56_RS29165,MVGTPVIVTIVSVCVGFVIFMLAASGARGKWDRRLVIALFIGAVVCLTVVPVSVALSAGV,60,hypothetical protein, ,Derived by automated computational analysis using gene prediction method: Protein Homology.,OG0000091,Soft core,group_2382,Soft core,Soft core,Soft core
GCF_008728655.1,F6X56_RS32800,MNETQPHNLERERWRTLPTPPSTELIEMVGDGPSSADFDPAAPVAQQG,48,hypothetical protein, ,Derived by automated computational analysis using gene prediction method: Protein Homology.,OG0000128,Shell,group_2355,Shell,Shell,Shell
GCF_008728655.1,F6X56_RS29755,MTEPDPGTVETDFPKMGAPAQRALIAAGYTHLAQLTSVSEKELGALHGMGPKALRILREALAERGLSFAD,70,dna-binding protein, ,Derived by automated computational analysis using gene prediction method: Protein Homology.,OG0000050,Conserved,,,Soft core,Soft core
GCF_008728655.1,F6X56_RS33230,MGSSDTDLKALDSVITVAGALAAIFGGIAGVAGLATFLGTGGGS,44,hypothetical protein, ,Derived by automated computational analysis using gene prediction method: GeneMarkS-2+.,OG0000065,Soft core,group_2088,Shell,Shell,Shell
GCF_008728655.1,F6X56_RS33235,MNSSDLGSVSALLPMMLTAFKSIITMPFALSVDFGLDVPFNPFK,44,hypothetical protein, ,Derived by automated computational analysis using gene prediction method: GeneMarkS-2+.,OG0000186,Shell,group_2240,Shell,Shell,Shell
GCF_008728655.1,F6X56_RS30510,MNAPTRYQFLIDGEVSDRVKAAFPELSVASAAGGFTSLYGPVADHTAMRSIMARLDSLGLTVAEMRRLPD,70,hypothetical protein, ,Derived by automated computational analysis using gene prediction method: Protein Homology.,OG0000092,Soft core,,,Soft core,Soft core
GCF_008728655.1,F6X56_RS33240,MSVVLISLLVAAGLTVLATSDGAGLDFGSRQLNRQLKTRTHR,42,hypothetical protein, ,Derived by automated computational analysis using gene prediction method: GeneMarkS-2+.,OG0000107,Soft core,group_1760,Soft core,Soft core,Soft core
GCF_008728655.1,F6X56_RS32805,MKIVVLSFLVALTLMTVGIIAARNRSTRPAVTGAVTAASTVLAAAWTLFAVAFVLA,56,hypothetical protein, ,Derived by automated computational analysis using gene prediction method: Protein Homology.,OG0000110,Soft core,group_2239,Soft core,Soft core,Soft core
GCF_008728655.1,F6X56_RS32810,MHPKRSNGDDKPRGDREELTVTARRIEDEVSAACGSTSATAGVMREGLADCSAQRVRT,58,hypothetical protein, ,Derived by automated computational analysis using gene prediction method: GeneMarkS-2+.,OG0000282,Shell,group_815,Shell,Shell,Shell
GCF_008728655.1,F6X56_RS31470,MDSRQLFALGALGTGMLSLALQLTPLCLGTENAEQYVFVRAANATAVLTLALLSAAFVFWPPAG,64,hypothetical protein, ,Derived by automated computational analysis using gene prediction method: GeneMarkS-2+.,OG0000140,Shell,group_2266,Shell,Shell,Shell
GCF_008728655.1,F6X56_RS32815,MNHRESFQAVKWGTPRRTRRHRQLIRGRIAGGGATVEVSSEVLAYY,46,hypothetical protein, ,Derived by automated computational analysis using gene prediction method: GeneMarkS-2+.,OG0000141,Shell,group_2265,Shell,Shell,Shell
GCF_008728655.1,F6X56_RS31960,MRRASRAQRMELIAGFISVFALMALIGAVVAIVKGDPGVMPSLVLLGCVVALGLAFRGYRNAVRAERRE,69,hypothetical protein, ,Derived by automated computational analysis using gene prediction method: Protein Homology.,OG0000051,Conserved,group_2375,Soft core,Shell,Shell
GCF_008728655.1,F6X56_RS32820,MPARHWVGLEHEIRHLASPERSSTPAHDEPFATFEISEDDPISAI,45,hypothetical protein, ,Derived by automated computational analysis using gene prediction method: GeneMarkS-2+.,OG0000405,Cloud,group_1620,Cloud,Cloud,Cloud
GCF_008728655.1,F6X56_RS32485,MSLAPFLVVVLGIPAGMAAIIGLMTAGNERKSRVDRPMRRMRAEISRLNSENAAQ,55,hypothetical protein, ,Derived by automated computational analysis using gene prediction method: GeneMarkS-2+.,OG0000386,Cloud,group_1017,Cloud,Cloud,Cloud
GCF_008728655.1,F6X56_RS32850,MIVYGISAERAFDILIWRLEQKNVKLRQVSEQLSARVRADFALLGGLRSQFDQLLLGL,58,antar domain-containing protein, ,Derived by automated computational analysis using gene prediction method: Protein Homology.,OG0000244,Shell,group_822,Cloud,Cloud,Cloud
GCF_008728655.1,F6X56_RS00410,MKFMGAAKALVDKGKEAASKNADKIENAIDKTAASAEAKTGGKLTSQIRRAALAAKRAIPPKK,63,antitoxin, ,Derived by automated computational analysis using gene prediction method: Protein Homology.,OG0000218,Shell,group_2424,Shell,Cloud,Shell
GCF_008728655.1,F6X56_RS00515,MRAGPKRRRSTTTSVRAVRAADAMIAYARRCGTGTEELPTVFADFLSDAHHLADAVGVDFR,61,hypothetical protein, ,Derived by automated computational analysis using gene prediction method: GeneMarkS-2+.,OG0000269,Shell,group_2054,Cloud,Cloud,Cloud
GCF_008728655.1,F6X56_RS00530,MNSVSGDLLRYAQQVLTGTSHAPDQVASVVAGTSEDAAARALRAGWECAANPVILACEQTEDVS,64,hypothetical protein, ,Derived by automated computational analysis using gene prediction method: Protein Homology.,OG0000134,Shell,group_2278,Cloud,Cloud,Cloud
GCF_008728655.1,F6X56_RS32875,MQVFVCQVSAAEVAAVQIGAGEEVLIPAAVGSAGGAGAEGGEGGGGDRGQGSSGEGAA,58,hypothetical protein, ,Derived by automated computational analysis using gene prediction method: GeneMarkS-2+.,OG0001381,,group_826,Cloud,,Probably not conserved
GCF_008728655.1,F6X56_RS32880,MTARDGTIGCGTFGRPTSPTFDPGTGRIRAVAAAIGTGIELGLNRSTHHRR,51,hypothetical protein, ,Derived by automated computational analysis using gene prediction method: GeneMarkS-2+.,OG0000833,Cloud,group_1255,Cloud,Cloud,Cloud
GCF_008728655.1,F6X56_RS32885,MVTRSRDYGGGGRASSLCTYDRDGRLTAVLCAGMGGKVMKARAAVASGASLDESRMAMAAAR,62,oxidoreductase c-terminal domain-containing protein, ,Derived by automated computational analysis using gene prediction method: Protein Homology.,OG0000834,Cloud,group_537,Cloud,Cloud,Cloud
GCF_008728655.1,F6X56_RS00725,MRVHIELDQCEGHGLCAATAPDLYDLDDDGFAANADFEVPDALIADAESGVSACPMSAIRLLAG,64,ferredoxin, ,Derived by automated computational analysis using gene prediction method: Protein Homology.,OG0000001,Conserved,group_373,Cloud,Cloud,Cloud
GCF_008728655.1,F6X56_RS32490,MTAGAKSVSAVTKGALADVDQTITVLSPAGIPLLTHSSASQAVQQTPGVFSLPNGLSP,58,hypothetical protein, ,Derived by automated computational analysis using gene prediction method: GeneMarkS-2+.,OG0000835,Cloud,group_827,Cloud,Cloud,Cloud
GCF_008728655.1,F6X56_RS01035,MIEQWILDYFAAWNAEDPDRVASYVTEDCVYEDVSAGHISRGRHQVANFVRISNKAVPT,59,nuclear transport factor 2 family protein, ,Derived by automated computational analysis using gene prediction method: Protein Homology.,OG0000836,Cloud,group_755,Cloud,Cloud,Cloud
GCF_008728655.1,F6X56_RS32495,MSYEVVSGHSTPTAFAAEWIMQPHGLRGSSVGTLVDGKISSNRDYWDGAKFQPNRN,56,hypothetical protein, ,Derived by automated computational analysis using gene prediction method: GeneMarkS-2+.,OG0000837,Cloud,group_946,Cloud,Cloud,Cloud
GCF_008728655.1,F6X56_RS01060,MAEAFNSLFKAECVRNRVMRPRGGWRGVGDVGLAVAEHIDWFNLHRLHGEIDHAPPVEYEAAY,63,is3 family transposase, ,Derived by automated computational analysis using gene prediction method: GeneMarkS-2+.,OG0001382,,group_450,Cloud,,Probably not conserved
GCF_008728655.1,F6X56_RS32910,MTVERRPRRLPGDRISTQQLGAAALRTAQHRTWPEWAIPDSWADDDFWSRHIT,53,hypothetical protein, ,Derived by automated computational analysis using gene prediction method: GeneMarkS-2+.,OG0000838,Cloud,group_1132,Cloud,,Cloud
GCF_008728655.1,F6X56_RS32500,MLGFDAAASSGETVGTGRSSSVTTGWRRPPRSAFAQVSGSFAQWAHQAIDAKPT,54,hypothetical protein, ,Derived by automated computational analysis using gene prediction method: GeneMarkS-2+.,OG0000307,Cloud,group_2256,Cloud,,Cloud
GCF_008728655.1,F6X56_RS32935,MTTHSDEPTLRRGELATAELEVAAPMVISSGPNGAHDRRTT,41,hypothetical protein, ,Derived by automated computational analysis using gene prediction method: GeneMarkS-2+.,OG0001383,,group_1845,Cloud,,Probably not conserved
GCF_008728655.1,F6X56_RS01800,MATYRVINPAGDVTATRDIESADDAHAWFVDARADNSELGWRMEVQHDGEWSFFDDTEGASS,62,hypothetical protein, ,Derived by automated computational analysis using gene prediction method: Protein Homology.,OG0000066,Soft core,group_2490,Shell,,Shell
GCF_008728655.1,F6X56_RS32510,MTSRPDQPSWALAAVAEYLGVASEILGRPEICVVSESCQDPRHLVSLATA,50,hypothetical protein, ,Derived by automated computational analysis using gene prediction method: GeneMarkS-2+.,OG0001384,,group_1321,Cloud,,Probably not conserved
GCF_008728655.1,F6X56_RS32940,MTHNTRIKPSTKDRLRRGVDKLRYETGDREISEASMTEAALDEYLKARGL,50,hypothetical protein, ,Derived by automated computational analysis using gene prediction method: Protein Homology.,OG0000212,Shell,group_2308,Shell,,Shell
GCF_008728655.1,F6X56_RS32515,MRAILAYRVMRALRALRALYGLHAEQRVRAEVAPQAVRAEHAMRCM,46,hypothetical protein, ,Derived by automated computational analysis using gene prediction method: GeneMarkS-2+.,OG0000839,Cloud,group_1569,Cloud,,Cloud
GCF_008728655.1,F6X56_RS01955,MMLLFRERAATTVTIAALIAGAVATSWIYLNGIFFATTSPVSAMSYVALTTITPALPPVI,60,hypothetical protein, ,Derived by automated computational analysis using gene prediction method: GeneMarkS-2+.,OG0000351,Cloud,group_2257,Cloud,,Cloud
GCF_008728655.1,F6X56_RS32945,MRDLLKNHAVAASTSSIGTISATALHHYPGLNSMHAALGI,40,hypothetical protein, ,Derived by automated computational analysis using gene prediction method: GeneMarkS-2+.,OG0000840,Cloud,group_1885,Cloud,,Cloud
GCF_008728655.1,F6X56_RS01990,MTTKFTISLPDEDAHLLDEYVRDHGLRGRSAGIRAALRLLSTSGLERDYAAAFAEGDVDEVWDAVSADTE,70,ribbon-helix-helix domain-containing protein, ,Derived by automated computational analysis using gene prediction method: Protein Homology.,OG0000213,Shell,,,,Probably not conserved
GCF_008728655.1,F6X56_RS32520,MDWRQFSEALLKAVGRAALTVSASVTGPAVVVVEDVLPAAAGLSTFELPGDGRRTITAATIAPMTTRAP,69,hypothetical protein, ,Derived by automated computational analysis using gene prediction method: GeneMarkS-2+.,OG0001385,,group_21,Cloud,,Probably not conserved
GCF_008728655.1,F6X56_RS02505,MKTEEEERLIAHAVSRLSAKYPSISADVVADAVASAHAHFDDKVRDFVPLLVERMAGEKLSSLVAS,66,hypothetical protein, ,Derived by automated computational analysis using gene prediction method: Protein Homology.,OG0000062,Soft core,group_2496,Shell,Cloud,Cloud
GCF_008728655.1,F6X56_RS32530,MRNLQISVLALFVLIVVVAVSVWSESEYVRTPLLIASAVTLILVILLEINIRRLK,55,hypothetical protein, ,Derived by automated computational analysis using gene prediction method: GeneMarkS-2+.,OG0000564,Cloud,group_1016,Cloud,,Cloud
GCF_009707305.1,GJB56_RS31880,MGSLGNLLKANGMGWGILQLLPLVNMLKTLQGLDTASSNS,40,hypothetical protein, ,Derived by automated computational analysis using gene prediction method: GeneMarkS-2+.,OG0000080,Soft core,group_2512,Soft core,Shell,Soft core
GCF_009707305.1,GJB56_RS31885,MGSFEDFSGVVKTFIPVLKDLFTALGGGSLTPGTGSAADK,40,hypothetical protein, ,Derived by automated computational analysis using gene prediction method: GeneMarkS-2+.,OG0000108,Soft core,group_2511,Soft core,Soft core,Soft core
GCF_009707305.1,GJB56_RS00125,MFGSLSTLGPLLTALGAFLKSVPTESLSGEGEGSSTGSLSGLSSGSAE,48,hypothetical protein, ,Derived by automated computational analysis using gene prediction method: Protein Homology.,OG0000081,Soft core,group_2510,Soft core,Soft core,Soft core
GCF_009707305.1,GJB56_RS31975,MKAVEGGFDTAWSRRHVDLCRTAGSFCTN,29,putative leader peptide, ,Derived by automated computational analysis using gene prediction method: Protein Homology.,OG0000132,Shell,group_1947,Shell,Shell,Shell
GCF_009707305.1,GJB56_RS31890,MGSLDTGSLSTESLEDLNLGKISELLKLGITAVSFITALNSLS,43,hypothetical protein, ,Derived by automated computational analysis using gene prediction method: GeneMarkS-2+.,OG0000067,Soft core,group_2503,Soft core,Soft core,Soft core
GCF_009707305.1,GJB56_RS00580,MDTASLIDVIGSFDVASLTAPLASVQELISTAFSVVSAFIDVGVSGSAASAGSIQTALGSIAAQ,64,hypothetical protein, ,Derived by automated computational analysis using gene prediction method: Protein Homology.,OG0000206,Shell,group_338,Cloud,Shell,Shell
GCF_009707305.1,GJB56_RS00595,MGSLMDILGGPNGDGAPMQALLTMLLGLDNVGANLFGSLADTAGGIFGSLDTLSFTPPVVP,61,hypothetical protein, ,Derived by automated computational analysis using gene prediction method: GeneMarkS-2+.,OG0000188,Shell,group_2425,Shell,Shell,Shell
GCF_009707305.1,GJB56_RS31305,MLEGSVMDAAGSVGAIIGQGLGSVSGLAVKGLEALAALSGGELKAAK,47,hypothetical protein, ,Derived by automated computational analysis using gene prediction method: Protein Homology.,OG0000138,Shell,group_2381,Shell,Shell,Shell
GCF_009707305.1,GJB56_RS00600,MTFESNTPRPFTRSNDKKMFAGVCGGIADYFGADVNLVRLLAVIAAICTGGTAALVYLAAWMLMPLG,67,pspc domain-containing protein, ,Derived by automated computational analysis using gene prediction method: Protein Homology.,OG0000021,Conserved,group_2380,Conserved,Soft core,Soft core
GCF_009707305.1,GJB56_RS01135,MGSSHDGKPAVAGTQFLTVAEVATLMRVSKMTVYRLVHSGELPAVRVGRSFRVHAKAVHDYLETSYFDAG,70,helix-turn-helix domain-containing protein, ,Derived by automated computational analysis using gene prediction method: Protein Homology.,OG0000071,Soft core,,,Soft core,Soft core
GCF_009707305.1,GJB56_RS01140,MGSVIKKRRKRMSKKKHRKLLRRTRVQRRKLGK,33,aurkaip1/cox24 domain-containing protein, ,Derived by automated computational analysis using gene prediction method: Protein Homology.,OG0000022,Conserved,group_1939,Conserved,Conserved,Conserved
GCF_009707305.1,GJB56_RS31310,MSSQEALRTESTHDAPLRQRGSRTEVILFAILGASVLVTLLVLMIPGIVSG,51,hypothetical protein, ,Derived by automated computational analysis using gene prediction method: Protein Homology.,OG0000100,Soft core,group_1231,Soft core,Soft core,Soft core
GCF_009707305.1,GJB56_RS31575,MEPIRSVIYFGGNGAGPHLLVLGIWLVAALGLTGLLASRQSKKTAAQ,47,hypothetical protein, ,Derived by automated computational analysis using gene prediction method: GeneMarkS-2+.,OG0001386,,group_1498,Cloud,,Probably not conserved
GCF_009707305.1,GJB56_RS01270,MLYLLALVGLVTLIVLMWKAFGPDPSTRTPVSGVRGPDDDPEFLWNVNQQTRRKRTEGPDVPPTDTST,68,hypothetical protein, ,Derived by automated computational analysis using gene prediction method: Protein Homology.,OG0000023,Conserved,group_2362,Soft core,Conserved,Soft core
GCF_009707305.1,GJB56_RS01275,MSAPTFNTAADALMTPGQVAALFHVDPKTVTRWAHAGRLGSLRTPGGHRRFRETEVMQLLRSLTTEADNN,70,bldc family transcriptional regulator, ,Derived by automated computational analysis using gene prediction method: Protein Homology.,OG0000068,Soft core,,,Soft core,Soft core
GCF_009707305.1,GJB56_RS01480,MASSTDVRPKITLACEVCKHRNYITKKNRRNDPDRLELKKFCPNCGTHQSHRESK,55,50s ribosomal protein l33, ,Derived by automated computational analysis using gene prediction method: Protein Homology.,OG0000024,Conserved,rpmG,Conserved,Soft core,Soft core
GCF_009707305.1,GJB56_RS01615,MAGKKLDRTNARTALEVVRESPTIAFITVAPAVVVFGVVWWLFGFWAAILLALVFGVAAVATQKLR,66,hypothetical protein, ,Derived by automated computational analysis using gene prediction method: Protein Homology.,OG0000025,Conserved,group_2209,Conserved,Soft core,Soft core
GCF_009707305.1,GJB56_RS01760,MNSTTVGLLVGLLLALAGIMGGFSGFVFAVLLGAAGMAIGAHRDGHLDLGAILRSRGRG,59,hypothetical protein, ,Derived by automated computational analysis using gene prediction method: Protein Homology.,OG0000026,Conserved,group_2303,Conserved,Soft core,Soft core
GCF_009707305.1,GJB56_RS01890,MRLSTRNQLTGTITEVNLGTVMATVKVKLDGGNQIVTSSITRDAALDLDLEPGQAATVFVKSTEVTIGVE,70,tobe domain-containing protein, ,Derived by automated computational analysis using gene prediction method: Protein Homology.,OG0000064,Soft core,,,Soft core,Soft core
GCF_009707305.1,GJB56_RS01895,MTEPVKGPASYFPSIEKKYGRPIGEWQELIKSSDLTKHMELVNWLKSEHGMGHGHANALVAHTLKEG,67,duf4287 domain-containing protein, ,Derived by automated computational analysis using gene prediction method: Protein Homology.,OG0000027,Conserved,group_2329,Soft core,Soft core,Soft core
GCF_009707305.1,GJB56_RS01910,MSDRDNKALENDLVEESLVEEVSIDGMCGVY,31,mycofactocin precursor mfta, ,"Mycofactocin is a small molecule electron carrier derived from the final two amino acids, Val-Tyr, of MftA, the mycofactocin precursor. It plays a role in redox homeostasis and the metabolism of alcohols and aldehydes in Actinobacteria, including Mycobacterium tuberculosis; Derived by automated computational analysis using gene prediction method: Protein Homology.",OG0000009,Conserved,group_2326,Conserved,Soft core,Soft core
GCF_009707305.1,GJB56_RS02265,MAKKALVNKANKKPKFAVRAYTRCQRCGRPHSVFRKFGLCRICVREMAHAGELPGVRKSSW,61,type z 30s ribosomal protein s14, ,Derived by automated computational analysis using gene prediction method: Protein Homology.,OG0000028,Conserved,group_2294,Conserved,Soft core,Soft core
GCF_009707305.1,GJB56_RS02290,MADLKVTQIKSIIGTKQNQKDSLRTLGLKGIRQTVVREDNAQNRGLINVVRHLVTVEEV,59,50s ribosomal protein l30, ,Derived by automated computational analysis using gene prediction method: Protein Homology.,OG0000029,Conserved,rpmD,Conserved,Soft core,Soft core
GCF_009707305.1,GJB56_RS02320,MKVQPSVKKICEKCKVIRRNGRVMVICENLRHKQRQG,37,50s ribosomal protein l36, ,Derived by automated computational analysis using gene prediction method: Protein Homology.,OG0000030,Conserved,rpmJ,Conserved,Soft core,Soft core
GCF_009707305.1,GJB56_RS02435,MPAPDSGGEHGFVGVVVGSDADRRYGPDLTDPSVSLSADVVSDGGSWRDSSLATAALRSRKSSS,64,hypothetical protein, ,Derived by automated computational analysis using gene prediction method: GeneMarkS-2+.,OG0000344,Cloud,group_2244,Cloud,Cloud,Cloud
GCF_009707305.1,GJB56_RS31895,MTIFEWILAIPALALAVAFLFSGIITAGIDFDTEDGVMTH,40,hypothetical protein, ,Derived by automated computational analysis using gene prediction method: GeneMarkS-2+.,OG0000082,Soft core,group_2186,Soft core,Soft core,Soft core
GCF_009707305.1,GJB56_RS03620,MSSYRCPVCEYVYDESKGAPREGFPAGTPWDAVPDDWCCPDCGVREKLDFEPMPATAGSES,61,rubredoxin, ,Derived by automated computational analysis using gene prediction method: Protein Homology.,OG0000053,Core,group_2279,Soft core,Soft core,Soft core
GCF_009707305.1,GJB56_RS03625,MNDYKLYQCAQCGFEYDEAVGWPEDGIEPGTRWDDIPEDWSCPDCGAAKSDFFMVEVERR,60,rubredoxin, ,Derived by automated computational analysis using gene prediction method: Protein Homology.,OG0000007,Conserved,group_2155,Soft core,Soft core,Soft core
GCF_009707305.1,GJB56_RS04295,MATDPAPRSERKKILLRLDPAVHDALARWAADDLRSTNAQIEFLLRRALTEHGRMPKNAGKMHGPGRPPA,70,hypothetical protein, ,Derived by automated computational analysis using gene prediction method: Protein Homology.,OG0000114,Soft core,,,Shell,Shell
GCF_009707305.1,GJB56_RS04570,MSDLDSNTPSEPESQSEETKRKFREALERKNHQNAKSTDHRDGQSKVHNTHGPADHKREFRRKSG,65,duf5302 domain-containing protein, ,Derived by automated computational analysis using gene prediction method: Protein Homology.,OG0000031,Conserved,group_2470,Core,Soft core,Soft core
GCF_009707305.1,GJB56_RS04655,MAAVCDVCAKGPGFGKSVSHSHRRTNRRWNPNIQSVRTEVAPGNTRKVNVCTSCLKAGKVARG,63,50s ribosomal protein l28, ,Derived by automated computational analysis using gene prediction method: Protein Homology.,OG0000032,Conserved,rpmB,Conserved,Soft core,Soft core
GCF_009707305.1,GJB56_RS04695,MAVPKRKMSRSNTRSRRSQWKTTVPTLVTCPNRGCGEQTLPHIACPSCGTYKGRQVTAAV,60,50s ribosomal protein l32, ,Derived by automated computational analysis using gene prediction method: Protein Homology.,OG0000033,Conserved,group_2479,Conserved,Soft core,Soft core
GCF_009707305.1,GJB56_RS05580,MSRFVQLLDSEVVQWWAIAGGAAAAVWRSTGSGVVDGTGVTGKSFFPHDGGNSDT,55,hypothetical protein, ,Derived by automated computational analysis using gene prediction method: GeneMarkS-2+.,OG0000147,Shell,group_1026,Cloud,Shell,Shell
GCF_009707305.1,GJB56_RS05595,MSVRKPVKPMLATLGPPPEKEGWAFEQNWDGLRAIAATGEPAPVL,45,hypothetical protein, ,Derived by automated computational analysis using gene prediction method: GeneMarkS-2+.,OG0000295,Cloud,group_1621,Cloud,,Cloud
GCF_009707305.1,GJB56_RS05600,MDRRDDDGLRTSGADATELSQPSKTADATELSQPSKTAADKRKSPAVQTDRGGLSHAHQLRWC,63,hypothetical protein, ,Derived by automated computational analysis using gene prediction method: GeneMarkS-2+.,OG0001387,,group_451,Cloud,,Probably not conserved
GCF_009707305.1,GJB56_RS05735,MSSTAAESDSPLKTFRFQWKDGHPSTDHKGTDARDALTRNGFGQGVIVGLDYWEPLDT,58,hypothetical protein, ,Derived by automated computational analysis using gene prediction method: GeneMarkS-2+.,OG0000809,Cloud,group_828,Cloud,,Cloud
GCF_009707305.1,GJB56_RS05850,MTTEVDMKVPAFHSTVPSDLDVYHDNESCILAARIAVPHRAPGVDGRPWCTACASLD,57,hypothetical protein, ,Derived by automated computational analysis using gene prediction method: Protein Homology.,OG0000083,Soft core,group_2187,Soft core,Soft core,Soft core
GCF_009707305.1,GJB56_RS31335,MFWKIVLAVVLVWVALAVVGALIKGLFWVLVVGAVGFGIYFLVKAMSGSDDNSPASRF,58,hypothetical protein, ,Derived by automated computational analysis using gene prediction method: Protein Homology.,OG0000034,Conserved,group_2296,Soft core,Soft core,Soft core
GCF_009707305.1,GJB56_RS06190,MRLTEFHEMVREEFGQVRGDSMLIDHVLQSLDGMTAAEAVEAGWEPREVWRALCVEFDVPPARR,64,duf3046 domain-containing protein, ,Derived by automated computational analysis using gene prediction method: Protein Homology.,OG0000035,Conserved,group_2481,Conserved,Soft core,Soft core
GCF_009707305.1,GJB56_RS06480,MPGTLTSPQLTAADRCDRCGAGARVRAVLPTGGELLFCGHHATEHADRLREMNAVVSESEPAI,63,hypothetical protein, ,Derived by automated computational analysis using gene prediction method: Protein Homology.,OG0000036,Conserved,group_2483,Conserved,Soft core,Soft core
GCF_009707305.1,GJB56_RS06850,MKIRFELMIGILLVVGGGCLWLFARDAEFFWFRGGPLGVILAIIGAFDIVNAVRTRETAIPERRND,66,hypothetical protein, ,Derived by automated computational analysis using gene prediction method: Protein Homology.,OG0000101,Soft core,group_2126,Soft core,Soft core,Soft core
GCF_009707305.1,GJB56_RS07345,MAGIDSKFDKAYAGKSVEELADAPVAALNGVSDSDAEHLKAAFNIKTVRDLGTNKFFLWAQATAKLAE,68,hypothetical protein, ,Derived by automated computational analysis using gene prediction method: Protein Homology.,OG0000070,Soft core,group_2484,Soft core,Soft core,Soft core
GCF_009707305.1,GJB56_RS31900,MKNLEPWEFAGMLTHVRAYLTNARRFLRGWSYREVDGSSEDR,42,hypothetical protein, ,Derived by automated computational analysis using gene prediction method: GeneMarkS-2+.,OG0000258,Shell,group_2129,Shell,Shell,Shell
GCF_009707305.1,GJB56_RS08140,MAQEQTQRAGGGEDDETTGGDGSAGQERREKLAAETDDLLDEIDDVLEENAEDFVRAYVQKGGQ,64,ubiquitin-like protein pup, ,Derived by automated computational analysis using gene prediction method: Protein Homology.,OG0000037,Conserved,group_340,Soft core,Soft core,Soft core
GCF_009707305.1,GJB56_RS31340,MAYLLVRVGESFIYNDLLTGGTPDAEKARLAFRLILSRD,39,qsdr family transcriptional regulator, ,Derived by automated computational analysis using gene prediction method: Protein Homology.,OG0001388,,group_2584,Cloud,,Probably not conserved
GCF_009707305.1,GJB56_RS08535,MPAAPETVASYLAEAGTANTGTDTRLTYSPATLRRWVAVINFFHRVAEAPPPSVSQLVASTLAGLQRKA,69,hypothetical protein, ,Derived by automated computational analysis using gene prediction method: GeneMarkS-2+.,OG0001389,,group_2586,Cloud,,Probably not conserved
GCF_009707305.1,GJB56_RS31345,MDEPMTQERREKFWRKYGWSPELPENQRKAIEARFPDWGIEEAEALGS,48,hypothetical protein, ,Derived by automated computational analysis using gene prediction method: Protein Homology.,OG0000153,Shell,group_2585,Cloud,,Cloud
GCF_009707305.1,GJB56_RS08720,MAIDSTLLSILACPQDKGPLLLVGDELLYNPRLRRAYPIENGIPVLLIDEARDVADDEHEKLLARAEG,68,trm112 family protein, ,Derived by automated computational analysis using gene prediction method: Protein Homology.,OG0000038,Conserved,group_54,Soft core,Soft core,Soft core
GCF_009707305.1,GJB56_RS08815,MPKMKSHSGASKRFKVSGSGKLMRQKAGRRHLLEHKSSRVTRRLDGVAVVSPDDAPRIKRMLGI,64,50s ribosomal protein l35, ,Derived by automated computational analysis using gene prediction method: Protein Homology.,OG0000039,Conserved,group_2130,Soft core,Core,Soft core
GCF_009707305.1,GJB56_RS09165,MHVEVDLDLCQGHAACELEAPEIFVVPKRGKVSLLDSDPPESLRGEAELAVRYCPTGALRIVD,63,ferredoxin, ,Derived by automated computational analysis using gene prediction method: Protein Homology.,OG0000001,Conserved,group_2270,Soft core,Soft core,Soft core
GCF_009707305.1,GJB56_RS31350,MSVLFTYLLFIGAGIAVGGAYSMFKVNKLASGILLALAVLAAVAGALRL,49,hypothetical protein, ,Derived by automated computational analysis using gene prediction method: Protein Homology.,OG0000040,Conserved,group_2410,Soft core,Conserved,Soft core
GCF_009707305.1,GJB56_RS09620,MTEERYNPFTGRRIVGGVDDPTPTAASMGLEPPRFCEQCGRRMIVQVSPDGWWAKCSRHGVVDSIDAARR,70,hypothetical protein, ,Derived by automated computational analysis using gene prediction method: Protein Homology.,OG0001390,,,,,Probably not conserved
GCF_009707305.1,GJB56_RS31355,MNESSNGLFSDLSASEPVVDAKSAEQLAAERETAAAERSNTDTAEQRQSQLFSG,54,hypothetical protein, ,Derived by automated computational analysis using gene prediction method: Protein Homology.,OG0000084,Soft core,group_2262,Soft core,Soft core,Soft core
GCF_009707305.1,GJB56_RS31905,MLGIALGLGSAAVGIGLGLLGAGAGILLSDKTVKTARRDLTA,42,hypothetical protein, ,Derived by automated computational analysis using gene prediction method: GeneMarkS-2+.,OG0000102,Soft core,group_2160,Soft core,Soft core,Soft core
GCF_009707305.1,GJB56_RS09760,MHAEVGDRLHVQGRVVGQAEVTAEVLEVHGEDGGPPYLVRYDNGHEALVFPGSDGWIDHPGKGS,64,duf1918 domain-containing protein, ,Derived by automated computational analysis using gene prediction method: Protein Homology.,OG0000041,Conserved,group_2499,Soft core,Conserved,Soft core
GCF_009707305.1,GJB56_RS31910,MTTYRYLDADRNLLEEKDFETEQDAQEYRLSVLGAEHIEPADE,43,hypothetical protein, ,Derived by automated computational analysis using gene prediction method: Protein Homology.,OG0000054,Core,group_2400,Soft core,Core,Core
GCF_009707305.1,GJB56_RS09910,MSTFERWPVSADAAFGPIAGRYKTDSMRAGSGIAAVCLFWTHRRSQAE,48,hypothetical protein, ,Derived by automated computational analysis using gene prediction method: GeneMarkS-2+.,OG0000536,Cloud,group_2352,Cloud,Cloud,Cloud
GCF_009707305.1,GJB56_RS10445,MTDEDRLWYFDVSDGSVTQGKGASSLTRMGPYPDRDSAEHALKIAAERNKAADRADEDWNN,61,hypothetical protein, ,Derived by automated computational analysis using gene prediction method: Protein Homology.,OG0000042,Conserved,group_592,Soft core,Core,Soft core
GCF_009707305.1,GJB56_RS31625,MKLALTEFKNSKATIRIIMSDGAKLNGTVTDFTEDTLVLNSPNGVYYINPSHIIRLFEPSDRAAK,65,hypothetical protein, ,Derived by automated computational analysis using gene prediction method: GeneMarkS-2+.,OG0000085,Soft core,group_2248,Soft core,Soft core,Soft core
GCF_009707305.1,GJB56_RS10830,MTVAGVVSVVLIAVAAALVIYLLVALVDPERF,32,k(+)-transporting atpase subunit f, ,Derived by automated computational analysis using gene prediction method: Protein Homology.,OG0000055,Core,kdpF,Soft core,Soft core,Soft core
GCF_009707305.1,GJB56_RS31980,MSEATAPVIRHQLALIAVGMLDVADVACC,29,ms4533a family cys-rich leader peptide, ,Derived by automated computational analysis using gene prediction method: Protein Homology.,OG0000133,Shell,group_1948,Soft core,Shell,Shell
GCF_009707305.1,GJB56_RS10975,MDRIADWWDSFELWMAGLPFIPQVALVLIVVVPLCRLVAVGLDRALAAVLALPLFGWLRRNSREVEES,68,hypothetical protein, ,Derived by automated computational analysis using gene prediction method: Protein Homology.,OG0000056,Core,group_2078,Soft core,Soft core,Soft core
GCF_009707305.1,GJB56_RS11405,MSQTTISEGQLYISAASAAVRYDVSEQLIRRVIASGNVEVIRIGTKTIRINISSLERAFTKLND,64,hypothetical protein, ,Derived by automated computational analysis using gene prediction method: GeneMarkS-2+.,OG0000200,Shell,group_374,Cloud,,Cloud
GCF_009707305.1,GJB56_RS11445,MQYKHLQAKPRVVVNLLSGTSVSGVVMSTRGPLITLKSAYIHEDGQEAMPADGEIAIDKSNVDFIQAL,68,hypothetical protein, ,Derived by automated computational analysis using gene prediction method: Protein Homology.,OG0000841,Cloud,group_80,Cloud,,Cloud
GCF_009707305.1,GJB56_RS11465,MLDIYEVEINGRVTTLQLSEADAKSRGLTAANKAKTAPINKTRNRTRNKAV,51,hypothetical protein, ,Derived by automated computational analysis using gene prediction method: GeneMarkS-2+.,OG0000604,Cloud,group_1256,Cloud,,Cloud
GCF_009707305.1,GJB56_RS11600,MPTSKTTFDPRVLGLIFAAWVMLLAEALYPPLAHDFSFLVAGMLGGYLFVVVTDWQRRRRSA,62,hypothetical protein, ,Derived by automated computational analysis using gene prediction method: GeneMarkS-2+.,OG0000842,Cloud,group_538,Cloud,,Cloud
GCF_009707305.1,GJB56_RS31370,MKKALPKTLKSLARTVGILALAIVVVSVVERFTGAHQPTTGPASLTGPDQSL,52,hypothetical protein, ,Derived by automated computational analysis using gene prediction method: Protein Homology.,OG0000111,Soft core,group_2264,Soft core,Soft core,Soft core
GCF_009707305.1,GJB56_RS31375,MSFLPFPIVIEGIETTGSAAIDGLGRLSVLLYDLLGGTGSATINAGS,47,hypothetical protein, ,Derived by automated computational analysis using gene prediction method: Protein Homology.,OG0000125,Shell,group_2228,Shell,Shell,Shell
GCF_009707305.1,GJB56_RS31380,MIAAPTTGALAVVMNTVLQMFNAGSSFLYTNNSPIGGGGGETPTTPAP,48,hypothetical protein, ,Derived by automated computational analysis using gene prediction method: Protein Homology.,OG0000086,Soft core,group_2210,Soft core,Shell,Soft core
GCF_009707305.1,GJB56_RS31385,MPTIPLTGDPIVINIIVQLLSAGSSNALALGGVGSSGLGSTGLGSFDSASLGSAA,55,hypothetical protein, ,Derived by automated computational analysis using gene prediction method: Protein Homology.,OG0000087,Soft core,group_1002,Soft core,Shell,Soft core
GCF_009707305.1,GJB56_RS31915,MYIQTCTYDTEDRNMGSINTLSAVIDIIKVVQPLIAKLNLS,41,hypothetical protein, ,Derived by automated computational analysis using gene prediction method: GeneMarkS-2+.,OG0000109,Soft core,group_2041,Soft core,Soft core,Soft core
GCF_009707305.1,GJB56_RS12260,MEIEYSRYPSGKVLVHTDQENIHCDWIGTVIVDKAIRVPVISYNGRELSLIQLAVELNESSISWQEFEK,69,hypothetical protein, ,Derived by automated computational analysis using gene prediction method: GeneMarkS-2+.,OG0001391,,group_22,Cloud,,Probably not conserved
GCF_009707305.1,GJB56_RS12265,MAATHGTHCKKGHELTPENTLWRKRDGVPIYKRCKICQYAANEVSVQRRVAKVKAEMGIE,60,hypothetical protein, ,Derived by automated computational analysis using gene prediction method: GeneMarkS-2+.,OG0000480,Cloud,group_682,Cloud,Cloud,Cloud
GCF_009707305.1,GJB56_RS12270,MKSIGQFNGTHYADEFEYPTDEPATGPHCASATGCTYQIHAQGLCRKHYTAWKKTREEETT,61,hypothetical protein, ,Derived by automated computational analysis using gene prediction method: GeneMarkS-2+.,OG0001392,,group_614,Cloud,,Probably not conserved
GCF_009707305.1,GJB56_RS12285,MTAALESRTETVGPSVAWTVPDYKIDGVTWYRPGEKINPRTGRHVMCTF,49,hypothetical protein, ,Derived by automated computational analysis using gene prediction method: GeneMarkS-2+.,OG0000378,Cloud,group_1376,Cloud,Cloud,Cloud
GCF_009707305.1,GJB56_RS12455,MTRRIITVEGVYEPASECNAVRLLVDRLCPRGVKRENLQYASHRHRILDPLFY,53,hypothetical protein, ,Derived by automated computational analysis using gene prediction method: GeneMarkS-2+.,OG0000312,Cloud,group_2363,Cloud,Cloud,Cloud
GCF_009707305.1,GJB56_RS12555,MAGKFAQKATGGADSLEKSLLSHALVITEMRDFFQQCVDRYGEVDDSNASALARVDTPR,59,hypothetical protein, ,Derived by automated computational analysis using gene prediction method: GeneMarkS-2+.,OG0000123,Soft core,group_2307,Soft core,Soft core,Soft core
GCF_009707305.1,GJB56_RS31635,MSTSLLTIYVLIWPALVLVVLGVISKGFFKDWATARRNGEDLV,43,putative transporter small subunit, ,Derived by automated computational analysis using gene prediction method: Protein Homology.,OG0000088,Soft core,group_2364,Soft core,Soft core,Soft core
GCF_009707305.1,GJB56_RS13285,MAAMKPRTGDGPLEATKEGRGIVMRVPLEGGGRLVVELTPDEAAALGVELTNVTS,55,duf3117 domain-containing protein, ,Derived by automated computational analysis using gene prediction method: Protein Homology.,OG0000043,Conserved,group_1003,Soft core,Soft core,Soft core
GCF_009707305.1,GJB56_RS13390,MTEQDATFDPEAPESDALEQSTPVDPNAPEEPDLTDIPLDAPVADVVDQRVEVAVDDDYRPS,62,hypothetical protein, ,Derived by automated computational analysis using gene prediction method: Protein Homology.,OG0000057,Core,group_2211,Soft core,Soft core,Soft core
GCF_009707305.1,GJB56_RS31390,MYNWDLQNQIVAFVDSLRPMAGYYHDMYYGSLYAFADQQSHLLTLLGFPPVP,52,hypothetical protein, ,Derived by automated computational analysis using gene prediction method: Protein Homology.,OG0000058,Core,group_1175,Soft core,Soft core,Soft core
GCF_009707305.1,GJB56_RS31395,MGKIKASKVSKLKPKKKCCRKKTRCIKCPVVIMRMKKLENEGASKKELKAGLKKARAA,58,hypothetical protein, ,Derived by automated computational analysis using gene prediction method: Protein Homology.,OG0000044,Conserved,group_2365,Soft core,Soft core,Soft core
GCF_009707305.1,GJB56_RS31920,MGSMEGILGAVVQGLGSLFSADGLLKTFMGSVETISKDPTP,41,hypothetical protein, ,Derived by automated computational analysis using gene prediction method: GeneMarkS-2+.,OG0000103,Soft core,group_2051,Soft core,Soft core,Soft core
GCF_009707305.1,GJB56_RS13595,MTMTAKLTTAFRGTLWWVRSVMGDLDYQRYVEHTRRHHADSPVISEREFWRRRHAAADANPGARCC,66,ybdd/yjix family protein, ,Derived by automated computational analysis using gene prediction method: Protein Homology.,OG0000045,Conserved,group_2343,Soft core,Conserved,Soft core
GCF_009707305.1,GJB56_RS13845,MSTNSDRRPRLPVRIAYLTAGVLFVAAMLLLASVVNPDRDRDFSMNHVPAGTSATPVVATTDLG,64,hypothetical protein, ,Derived by automated computational analysis using gene prediction method: Protein Homology.,OG0000104,Soft core,group_2149,Soft core,Soft core,Soft core
GCF_009707305.1,GJB56_RS14270,MAEGIVKWFNSEKGFGFIAPEDGSADVFVHYSEIQSGGFRTLEENQRVAFEIGQGNKGPQATGVTIV,67,cold-shock protein, ,Derived by automated computational analysis using gene prediction method: Protein Homology.,OG0000046,Conserved,group_132,Soft core,Soft core,Soft core
GCF_009707305.1,GJB56_RS14275,MTTAEYTVSGMTCGHCVGSVKEEIGNIAGVTAVDVELASGRVVVTSDAPVSAADVVAAVDEAGYAVVPS,69,heavy-metal-associated domain-containing protein, ,Derived by automated computational analysis using gene prediction method: Protein Homology.,OG0000006,Conserved,group_2139,Soft core,Soft core,Soft core
GCF_009707305.1,GJB56_RS31400,MSDDELRRAIREIQDRAHDARKRGDDVAAEELDRTVRGYQEQMAQRL,47,hypothetical protein, ,Derived by automated computational analysis using gene prediction method: Protein Homology.,OG0000059,Core,group_2336,Soft core,Soft core,Soft core
GCF_009707305.1,GJB56_RS31405,MSEQPDTPKKPPVDKKRLAHIFGDVFPETTSDERGPEGSSRSSDDDWLRSQRPPHHGG,58,hypothetical protein, ,Derived by automated computational analysis using gene prediction method: Protein Homology.,OG0000089,Soft core,group_2328,Soft core,Soft core,Soft core
GCF_009707305.1,GJB56_RS14490,MAVPKRKMSRSNTRSRRAQWKATAPDLVEVTAFGQTHRVPRRLVKAVRLGVIDPSRI,57,50s ribosomal protein l32, ,Derived by automated computational analysis using gene prediction method: Protein Homology.,OG0000060,Soft core,group_2302,Soft core,Soft core,Soft core
GCF_009707305.1,GJB56_RS14510,MARNEIRPIVKLKSTAGTGYTYVTRKNRRNDPDRLVLKKYDPVVRKHVDFREEK,54,50s ribosomal protein l33, ,Derived by automated computational analysis using gene prediction method: Protein Homology.,OG0000047,Conserved,group_2199,Soft core,Soft core,Soft core
GCF_009707305.1,GJB56_RS15135,MGFLDNVKGLVEKGQELAAENSDKVHDAIDKVADIADDKTGNKYGDQIDKAAEAAKKAVPEKQ,63,antitoxin, ,Derived by automated computational analysis using gene prediction method: Protein Homology.,OG0000010,Conserved,group_425,Soft core,Soft core,Soft core
GCF_009707305.1,GJB56_RS31990,MELEHSIHNPRSCRVATKAGFNEEGVRRGSARHADGWHDMHVHARLRSDQPSAPTRAASASV,62,gnat family protein, ,Derived by automated computational analysis using gene prediction method: Protein Homology.,OG0001393,,group_539,Cloud,,Probably not conserved
GCF_009707305.1,GJB56_RS15665,MANNSKQHYVDPGWPETADGDHAVTELSSTRAGGLSPFGEDTTFPVPVESLPYVHPHTVINR,62,hypothetical protein, ,Derived by automated computational analysis using gene prediction method: Protein Homology.,OG0000048,Conserved,group_501,Soft core,Soft core,Soft core
GCF_009707305.1,GJB56_RS31925,MADKAPGKNMKKPAQSIKERRAEKRAKTTESSEFIRKRKRS,41,hypothetical protein, ,Derived by automated computational analysis using gene prediction method: Protein Homology.,OG0000004,Core,group_2142,Soft core,Soft core,Soft core
GCF_009707305.1,GJB56_RS31645,MRISDVASAAGTTPRTVRHYHRLGLLAEPRRLSNGYRTYELPDLVRLMRIRWSPPPAFHSDPLPR,65,merr family dna-binding transcriptional regulator, ,Derived by automated computational analysis using gene prediction method: Protein Homology.,OG0000485,Cloud,group_2587,Cloud,,Cloud
GCF_009707305.1,GJB56_RS16595,MGRGRAKAKQTKVARELKYSVPTTDFDSLQRELAGGSTNSHRSSVRSDQTSDREGHAREDDYDDWRR,67,duf3073 domain-containing protein, ,Derived by automated computational analysis using gene prediction method: Protein Homology.,OG0000049,Conserved,group_133,Soft core,Soft core,Soft core
GCF_009707305.1,GJB56_RS16660,MRFTTLRDRVAEPLFAVFIATGLLLSVLITFTATGLAVGLLAAALLYVRNYSLTRTN,57,hypothetical protein, ,Derived by automated computational analysis using gene prediction method: GeneMarkS-2+.,OG0000326,Cloud,group_2141,Cloud,Cloud,Cloud
GCF_009707305.1,GJB56_RS16775,MRNNLQELRTAAGLSQQACADALGITRQTVISIEKGHFDPRLSLAFRIAEYFDKRVDDVFSS,62,helix-turn-helix transcriptional regulator, ,Derived by automated computational analysis using gene prediction method: Protein Homology.,OG0000105,Soft core,group_502,Soft core,Soft core,Soft core
GCF_009707305.1,GJB56_RS16910,MTSPMKTRKLTRARSGAMFGGVCAGIARYFGWKSSTVRLLFVLSCLLPGPQFLIYIVMWIFIPREQI,67,pspc domain-containing protein, ,Derived by automated computational analysis using gene prediction method: Protein Homology.,OG0000106,Soft core,group_134,Soft core,Soft core,Soft core
GCF_009707305.1,GJB56_RS31655,MSAPVAIVTGAAAGLGAAIAERLAEDFGTLLLLDIEEAALADTAARLESLGVDRCPLGR,59,sdr family nad(p)-dependent oxidoreductase, ,Derived by automated computational analysis using gene prediction method: Protein Homology.,OG0000356,Cloud,group_733,Cloud,Cloud,Cloud
GCF_009707305.1,GJB56_RS31410,MSDWEKKFEAEAKGLLAEVEEELTVLEGVDTIDPFGEDDPPAGDDDTKPVSD,52,hypothetical protein, ,Derived by automated computational analysis using gene prediction method: Protein Homology.,OG0000090,Soft core,group_2192,Soft core,Soft core,Soft core
GCF_009707305.1,GJB56_RS18730,MAQGIVKWFNGEKGFGFIAPDDGTPDVFVHYSEISGNGYKSLDENQRVEFEVGQGQKGPQATNVRAV,67,cold-shock protein, ,Derived by automated computational analysis using gene prediction method: Protein Homology.,OG0000003,Conserved,"group_1991, group_2643", Cloud,Soft core,Soft core
GCF_009707305.1,GJB56_RS18885,MRTLFRQAIEDTSIAGHYIPRGTEIAPSVHTSMRIDTWWQQPDVFNPES,49,cytochrome p450, ,Derived by automated computational analysis using gene prediction method: Protein Homology.,OG0001394,,group_1377,Cloud,,Probably not conserved
GCF_009707305.1,GJB56_RS18910,MGSINAFNEWVNQATYAGDPFATAIAIVQFFVVSLVNLFTGGPIL,45,hypothetical protein, ,Derived by automated computational analysis using gene prediction method: GeneMarkS-2+.,OG0000137,Shell,group_2383,Shell,Shell,Shell
GCF_009707305.1,GJB56_RS18935,MKKTEITPIGCIHRWEVESRHRTSEGTVTYLRCHCGSWQTLLAEWMSGGAASAVAAPIKVRSR,63,hypothetical protein, ,Derived by automated computational analysis using gene prediction method: Protein Homology.,OG0000116,Soft core,group_2290,Soft core,Soft core,Soft core
GCF_009707305.1,GJB56_RS19175,MVGTPVIVTIVSVCVGFVIFMLAASGARGKWDRRLVIALFVGAVVCLTVVPVSVALSAGV,60,hypothetical protein, ,Derived by automated computational analysis using gene prediction method: Protein Homology.,OG0000091,Soft core,group_2382,Soft core,Soft core,Soft core
GCF_009707305.1,GJB56_RS31415,MNETQPHNLERERWRTLPTPPSNELIEMVGDGPSSADFDPAAPMAQQG,48,hypothetical protein, ,Derived by automated computational analysis using gene prediction method: Protein Homology.,OG0000128,Shell,group_2355,Shell,Shell,Shell
GCF_009707305.1,GJB56_RS19820,MTEPDPGTVETDFPKTGAPAQRALIGAGYTHLAQLTSVSEKELGALHGMGPKALRILREALAERGLSFAD,70,hypothetical protein, ,Derived by automated computational analysis using gene prediction method: Protein Homology.,OG0000050,Conserved,,,Soft core,Soft core
GCF_009707305.1,GJB56_RS31420,MTIAQVRIGDADIEILGVSADPVRIGDVVSVVPRSAGTEDSLFTTYGFEKESRDA,55,hypothetical protein, ,Derived by automated computational analysis using gene prediction method: GeneMarkS-2+.,OG0000476,Cloud,group_1014,Cloud,Cloud,Cloud
GCF_009707305.1,GJB56_RS20445,MTKESETVAPAADRSYIVVVLVALIMISAVGVLFGRRKALKIGSGSGLQMRTRHQTDE,58,hypothetical protein, ,Derived by automated computational analysis using gene prediction method: GeneMarkS-2+.,OG0000281,Shell,group_2086,Shell,Shell,Shell
GCF_009707305.1,GJB56_RS20545,MNAPTRYQFLIDGEVSDRVKAAFPELSVASAAGGFTSLYGPVADHTAMRSIMARLDSLGLTVAELRRLPD,70,hypothetical protein, ,Derived by automated computational analysis using gene prediction method: Protein Homology.,OG0000092,Soft core,,,Soft core,Soft core
GCF_009707305.1,GJB56_RS31930,MSVVLISLLVAAGLTVLATSDGAGLDFGSRQLNRQLKTRTHR,42,hypothetical protein, ,Derived by automated computational analysis using gene prediction method: GeneMarkS-2+.,OG0000107,Soft core,group_1760,Soft core,Soft core,Soft core
GCF_009707305.1,GJB56_RS31425,MKIVVLSFLMALTLMTVGIIAARNCSTRPAVTGAVTAASTVLAAAWTLFAVAFVLT,56,hypothetical protein, ,Derived by automated computational analysis using gene prediction method: Protein Homology.,OG0000110,Soft core,group_2239,Soft core,Soft core,Soft core
GCF_009707305.1,GJB56_RS31690,MISAPTVEETGRLPLVIYVLAVGVFLMGTTEFVVAGILPEIAGDLGTSIANVGLMITVFAE,61,hypothetical protein, ,Derived by automated computational analysis using gene prediction method: GeneMarkS-2+.,OG0001395,,group_615,Cloud,,Probably not conserved
GCF_009707305.1,GJB56_RS21815,MRRASRAQRMELIAGFISVFALMALIGAVVAIVKGDPGVMPSLVLLGCVVALGLAFRGYRNAVRAERRE,69,hypothetical protein, ,Derived by automated computational analysis using gene prediction method: Protein Homology.,OG0000051,Conserved,group_2375,Soft core,Shell,Shell
GCF_009707305.1,GJB56_RS22375,MAKGKRTFQPNNRRRARVHGFRLRMRTRAGRAIVSARRRKGRDSLTA,47,50s ribosomal protein l34, ,Derived by automated computational analysis using gene prediction method: Protein Homology.,OG0000052,Conserved,rpmH,Conserved,Shell,Shell
GCF_009707305.1,GJB56_RS22900,MSNISFDSVSNSAPANALQGVGTNALVDNPFTFEPVAEATSAHALQGVGTNALVDNPFSFQS,62,streptamidine-related ripp repeat protein, ,Derived by automated computational analysis using gene prediction method: Protein Homology.,OG0000093,Soft core,group_2291,Soft core,Shell,Soft core
GCF_009707305.1,GJB56_RS22955,MCVDVDVNVKNCGILAAVLVGSVAKMGEKKIVSRITRGAGDMVCPAIVVVVIGAAAVFE,59,hypothetical protein, ,Derived by automated computational analysis using gene prediction method: GeneMarkS-2+.,OG0000324,Cloud,group_2179,Cloud,Cloud,Cloud
GCF_009707305.1,GJB56_RS31435,MFNDVFNNVIHPMVTNFQQLGPQQFIPQQFIPQQFIPQGLFQQAPQAAEQAVTIFGS,57,hypothetical protein, ,Derived by automated computational analysis using gene prediction method: Protein Homology.,OG0000075,Soft core,group_2178,Soft core,Soft core,Soft core
GCF_009707305.1,GJB56_RS23700,MPATAPIRVVELSVTRKTIPLAAVNETAKVIAPRIGLPAAASSADSTPEARQNAMAAISR,60,hypothetical protein, ,Derived by automated computational analysis using gene prediction method: GeneMarkS-2+.,OG0000329,Cloud,group_674,Shell,Cloud,Cloud
GCF_009707305.1,GJB56_RS23710,MTIVLFPYGKASTLGWELCFVDQQLKAEVGATAHDRVAGYVALRR,45,hypothetical protein, ,Derived by automated computational analysis using gene prediction method: GeneMarkS-2+.,OG0000479,Cloud,group_1613,Cloud,Cloud,Cloud
GCF_009707305.1,GJB56_RS23905,MGIADKAQNKAEDLGGKAKEAAGSATGDRDLENEGKGDQVKSAVKDAGEKVKDAASSIKDKLT,63,csbd family protein, ,Derived by automated computational analysis using gene prediction method: Protein Homology.,OG0000011,Conserved,group_2411,Conserved,Soft core,Soft core
GCF_009707305.1,GJB56_RS23950,MSHSKQTVRVIHRPTRPLQIVVRSGRAELSLTYTEAIALADRLVDTVERKQGQGRS,56,hypothetical protein, ,Derived by automated computational analysis using gene prediction method: GeneMarkS-2+.,OG0001396,,group_947,Cloud,,Probably not conserved
GCF_009707305.1,GJB56_RS31440,MADLTLLTDDELRERRIALSRSLTTAADLIPTPPPSFFEKLKQDIDAAAAEWIARRS,57,hypothetical protein, ,Derived by automated computational analysis using gene prediction method: Protein Homology.,OG0000076,Soft core,group_2322,Soft core,Soft core,Soft core
GCF_009707305.1,GJB56_RS31445,MSEITSWEYTVTPLLVHNPKAILDNWGVDGWELVAVLPSASGEQHVAYMKRPKG,54,hypothetical protein, ,Derived by automated computational analysis using gene prediction method: Protein Homology.,OG0000012,Conserved,group_2273,Conserved,Soft core,Soft core
GCF_009707305.1,GJB56_RS24940,MISKTFRTMSARFALLVTEDDGMSTAEYAIGTIAAAAFGAVLYTVVTGDSIVSALTGIIDKALKTAV,67,duf4244 domain-containing protein, ,Derived by automated computational analysis using gene prediction method: Protein Homology.,OG0000094,Soft core,group_2136,Soft core,Soft core,Soft core
GCF_009707305.1,GJB56_RS24960,MAQGTVKWFNAEKGFGFIAPEDGSADVFVHYSEIQGNGFRTLEENQRVEFEVGQGTKGPQATGVRAV,67,cold-shock protein, ,Derived by automated computational analysis using gene prediction method: Protein Homology.,OG0000013,Conserved,group_128,Conserved,Soft core,Soft core
GCF_009707305.1,GJB56_RS24995,MADSLKARVKEKLLRQLAEDGRHPIQEAEGDDPRLVSINDDLEALEQAEEGDPIVEELAERYWVP,65,hypothetical protein, ,Derived by automated computational analysis using gene prediction method: Protein Homology.,OG0000014,Conserved,group_2342,Conserved,Soft core,Soft core
GCF_009707305.1,GJB56_RS31450,MGSADVMAWLAEGYLAGDPIRYPLYVGSMFLAMPFQLIGVILGHPF,46,hypothetical protein, ,Derived by automated computational analysis using gene prediction method: Protein Homology.,OG0000061,Soft core,group_1542,Soft core,Soft core,Soft core
GCF_009707305.1,GJB56_RS32010,MPGSVIEKARAEAEGLFRDYEGNRYWFCCKGCGPRFDANPRKYADVS,47,yhs domain-containing protein, ,Derived by automated computational analysis using gene prediction method: Protein Homology.,OG0000257,Shell,group_1484,Shell,Shell,Shell
GCF_009707305.1,GJB56_RS25475,MGRLTELLKSVKSLGSRKDTAAKQEKRALDRWENEGGPVAEDPRQR,46,hypothetical protein, ,Derived by automated computational analysis using gene prediction method: GeneMarkS-2+.,OG0000490,Cloud,group_2100,Cloud,Cloud,Cloud
GCF_009707305.1,GJB56_RS25525,MATTAAVQNPTRSRARTMSLSEYVAEHPAQRVFPPTSERAARMAMLIMFALMAVTLVVLVLDEAGIFG,68,hypothetical protein, ,Derived by automated computational analysis using gene prediction method: GeneMarkS-2+.,OG0000095,Soft core,group_53,Soft core,Soft core,Soft core
GCF_009707305.1,GJB56_RS25770,MALAYSPDTSIDSTRLAFLAAAVVLFAMLALYLVGFDQGAISRTGMYMHELMHDGRHLMGLPCH,64,cbtb domain-containing protein, ,Derived by automated computational analysis using gene prediction method: Protein Homology.,OG0000008,Conserved,group_2468,Conserved,Soft core,Soft core
GCF_009707305.1,GJB56_RS26240,MTFILQNRAATTIQLFWVSVQSPLWLTLVVILVLGWIAGLLTNRRAKTAD,50,duf1049 domain-containing protein, ,Derived by automated computational analysis using gene prediction method: Protein Homology.,OG0000843,Cloud,group_1322,Cloud,,Cloud
GCF_009707305.1,GJB56_RS26335,MNAYICPICDYTYTESTGAAREGFPPGTPWSSIPDDWCCPDCGVREKVDFTLVTQS,56,rubredoxin, ,Derived by automated computational analysis using gene prediction method: Protein Homology.,OG0000096,Soft core,group_2166,Soft core,Soft core,Soft core
GCF_009707305.1,GJB56_RS26340,MSETATAYKLFRCLQCGFEYDEAIGWPDDGIEPGTRWDEIPEDWSCPDCGAAKVDFEMVEVDR,63,rubredoxin, ,Derived by automated computational analysis using gene prediction method: Protein Homology.,OG0000097,Soft core,group_421,Soft core,Soft core,Soft core
GCF_009707305.1,GJB56_RS31935,MIAQFVRLLSGLVYGMTPVLAGSLDGLNTMSMTSYSSDGGS,41,hypothetical protein, ,Derived by automated computational analysis using gene prediction method: GeneMarkS-2+.,OG0000746,Cloud,group_1846,Cloud,Cloud,Cloud
GCF_009707305.1,GJB56_RS31465,MKNPNLTPSRVLAVVLAAALVIFVIARRRDDGALSRGEWLSDSVGPDDLAG,51,hypothetical protein, ,Derived by automated computational analysis using gene prediction method: Protein Homology.,OG0000077,Soft core,group_2167,Soft core,Soft core,Soft core
GCF_009707305.1,GJB56_RS26975,MEVRVDLDRCEANGVCVGIAPDIFDLDDNEELVISSVRPPEDRWEDVRSAIAQCPRAALTEHP,63,ferredoxin, ,Derived by automated computational analysis using gene prediction method: Protein Homology.,OG0000005,Conserved,group_423,Soft core,Soft core,Soft core
GCF_009707305.1,GJB56_RS31470,MAENTTVETEIADEEIETVAEETARMAQHVVAAYAEDADECRMLLSMLGISPAAKLD,57,hypothetical protein, ,Derived by automated computational analysis using gene prediction method: Protein Homology.,OG0000015,Conserved,group_2168,Soft core,Soft core,Soft core
GCF_009707305.1,GJB56_RS27725,MTKFLVPGVASAVIGAVLGAGVIFGVTAAASDNTRPEIDRSGNADSSVLNQVEYGSR,57,duf2613 domain-containing protein, ,Derived by automated computational analysis using gene prediction method: Protein Homology.,OG0000016,Conserved,group_855,Soft core,Soft core,Soft core
GCF_009707305.1,GJB56_RS31755,MVGLIVLAALVLASVLVGFVFRRPIAEAKSAVLAFDDASSQPQRD,45,hypothetical protein, ,Derived by automated computational analysis using gene prediction method: GeneMarkS-2+.,OG0000098,Soft core,group_2198,Soft core,Soft core,Soft core
GCF_009707305.1,GJB56_RS31940,MGSSDADLALIKQIQPVITGVAGLISGIGAIVGLGVALQSFS,42,hypothetical protein, ,Derived by automated computational analysis using gene prediction method: Protein Homology.,OG0000065,Soft core,group_1769,Shell,Shell,Shell
GCF_009707305.1,GJB56_RS31475,MPERGQSRVDAGIIAVVAVITGVFVALTGHGLVAALATVLGLALGMAIVRYLIKGR,56,hypothetical protein, ,Derived by automated computational analysis using gene prediction method: Protein Homology.,OG0000078,Soft core,group_2220,Soft core,Soft core,Soft core
GCF_009707305.1,GJB56_RS28005,MMRIVTLIVLIWLIVGAVAAGQRGYYSSSPTNCAGVGTIALTVIAGPLNYFGVNPKVTDCTLPQPTE,67,hypothetical protein, ,Derived by automated computational analysis using gene prediction method: Protein Homology.,OG0000017,Conserved,group_129,Soft core,Soft core,Soft core
GCF_009707305.1,GJB56_RS31480,MIILGVILLIIGFVVNIPILWTIGVVLLVIGIILYALGAAGHAIGGRRHYY,51,duf6131 family protein, ,Derived by automated computational analysis using gene prediction method: Protein Homology.,OG0000000,Conserved,group_1229,Soft core,Soft core,Soft core
GCF_009707305.1,GJB56_RS31485,MTEKDNNDQSPKGGHPGPVDKGGDGGMATREQAPELVEETSEKKSDDK,48,hypothetical protein, ,Derived by automated computational analysis using gene prediction method: Protein Homology.,OG0000018,Core,group_2221,Soft core,Soft core,Soft core
GCF_009707305.1,GJB56_RS31490,MIVLGIILALIGFFTGLSILTTVGIILVVVGAVLSILGATGRAVGGRKVWY,51,duf6131 family protein, ,Derived by automated computational analysis using gene prediction method: Protein Homology.,OG0000000,Conserved,group_1230,Soft core,Soft core,Soft core
GCF_009707305.1,GJB56_RS31765,MNNTGGAVDVWEVDGIDAASLVQSPEGHYYFPGVIAAAELRLAQQDLPPVHLP,53,hypothetical protein, ,Derived by automated computational analysis using gene prediction method: GeneMarkS-2+.,OG0000556,Cloud,group_1121,Cloud,Cloud,Cloud
GCF_009707305.1,GJB56_RS28560,MWWIVGGVLLVWVVCSIPIAILVGRGIARRDRAEFDGRNQQWADEVVRSIENQSDQDNADRRKPPLIS,68,hypothetical protein, ,Derived by automated computational analysis using gene prediction method: Protein Homology.,OG0000079,Soft core,group_2275,Shell,Shell,Shell
GCF_009707305.1,GJB56_RS28590,MGALSPTHWAIVAVVLVVLFGSKKLPDAARGLGRSMRILKTEVGELHSDTDLALEKRD,58,sec-independent protein translocase subunit tata, ,Derived by automated computational analysis using gene prediction method: Protein Homology.,OG0000019,Conserved,tatA,Soft core,Soft core,Soft core
GCF_009707305.1,GJB56_RS28635,MAQGSVKWFNGEKGFGFIEQEGGGPDVFVHYSEIQGSGYKSLDEGQKVEFEIGQGQKGPQAQNVRAI,67,cold-shock protein, ,Derived by automated computational analysis using gene prediction method: Protein Homology.,OG0000069,Soft core,group_130,Soft core,Soft core,Soft core
GCF_009707305.1,GJB56_RS31945,MSADSRGTSAQTRREYQMFVLQQRLLFGSIVAGTALGVLAINYF,44,hypothetical protein, ,Derived by automated computational analysis using gene prediction method: GeneMarkS-2+.,OG0000122,Soft core,group_2138,Soft core,Soft core,Soft core
GCF_009707305.1,GJB56_RS31495,MTTIDIPPTQGESTTGIGITVASATLTTEEVKRRIAMMYGDPVTEEPVALAH,52,hypothetical protein, ,Derived by automated computational analysis using gene prediction method: Protein Homology.,OG0000002,Conserved,group_2274,Soft core,Soft core,Soft core
GCF_009707305.1,GJB56_RS28710,MSERNSTDRTDQTDEPQTTGTDHGPGTGADAAHKDVQTDPSGERTWADEGGASSTGPATDTD,62,pi-type proteinase, ,Derived by automated computational analysis using gene prediction method: Protein Homology.,OG0000020,Core,group_2297,Soft core,Soft core,Soft core
GCF_009707305.1,GJB56_RS28740,MGGSADALNRALARVDRDFASPIGVVVRTSLRGTMRQIAKPVRAQYTRVRARFPGAKTYTEI,62,hypothetical protein, ,Derived by automated computational analysis using gene prediction method: GeneMarkS-2+.,OG0000115,Soft core,group_2190,Soft core,Soft core,Soft core
GCF_009707305.1,GJB56_RS28745,MTTSTVGLLAGLLLGVAAAAGGFTGFLIALVLGVIGYLVGGQRDGEFDLGVMLKGRGRG,59,hypothetical protein, ,Derived by automated computational analysis using gene prediction method: Protein Homology.,OG0000099,Soft core,group_732,Soft core,Soft core,Soft core
GCF_009707305.1,GJB56_RS28770,MSDFIDKAKHRAEDLIGEAKEKIGNATGNDDLAAEGVADQGEAKVKKAGDTVSDKVSDIKDKFTS,65,csbd family protein, ,Derived by automated computational analysis using gene prediction method: Protein Homology.,OG0000074,Soft core,group_2191,Soft core,Soft core,Soft core
GCF_009707305.1,GJB56_RS29145,MSKEVSAGLAVGAMVLVAGLIWTGLPLDAYSVVAVIFAICGGFITWIYLRENVDGVPHTATKEGSR,66,hypothetical protein, ,Derived by automated computational analysis using gene prediction method: Protein Homology.,OG0000144,Shell,group_2282,Shell,Shell,Shell
GCF_009707305.1,GJB56_RS29360,MAQGIVKWFNGEKGFGFIAPDDGTPDVFVHYSEISGNGYKSLDENQRVEFEVGQGQKGPQATNVRAV,67,cold-shock protein, ,Derived by automated computational analysis using gene prediction method: Protein Homology.,OG0000003,Conserved,"group_1991, group_2643", Cloud,,Conserved
GCF_009707305.1,GJB56_RS31800,MTHNTRIKPSTKDRLRRGVDKLRYETGDREISEASMTEAALDEYLKARGL,50,hypothetical protein, ,Derived by automated computational analysis using gene prediction method: Protein Homology.,OG0000212,Shell,group_2308,Shell,,Shell
GCF_009707305.1,GJB56_RS29555,MMLLFRERAATTATIAALIAGAVATSWIYLNGIFFPTTSPVSAMSYVALTTITPALPPVI,60,hypothetical protein, ,Derived by automated computational analysis using gene prediction method: GeneMarkS-2+.,OG0000351,Cloud,group_2257,Cloud,,Cloud
GCF_009707305.1,GJB56_RS31955,MNSSDLGSVSALLPMMLTAFKSIITMPVALSVDFGLDVPFNPFK,44,hypothetical protein, ,Derived by automated computational analysis using gene prediction method: GeneMarkS-2+.,OG0000186,Shell,group_2414,Cloud,,Cloud
GCF_009707305.1,GJB56_RS29570,MFDMLVDAGTREGLLPAFGVSNLDYCVYKIQPMSSATDTLAVAHGRIGELHTASRQPYGS,60,hypothetical protein, ,Derived by automated computational analysis using gene prediction method: GeneMarkS-2+.,OG0000605,Cloud,group_2016,Cloud,,Cloud
GCF_009707305.1,GJB56_RS29645,MPKELILGEGPDDLDNDILMIRYRQFIASSTEHALAGDFEGRDVWARAADRFAAVARRRGLQT,63,hypothetical protein, ,Derived by automated computational analysis using gene prediction method: GeneMarkS-2+.,OG0000593,Cloud,group_452,Cloud,,Cloud
GCF_009707305.1,GJB56_RS29685,MKDVRRAMTDTELVAELNRLESQNELGRCEELRLQIVRDELVCRQSESRPPVGM,54,hypothetical protein, ,Derived by automated computational analysis using gene prediction method: GeneMarkS-2+.,OG0000238,Shell,group_1082,Cloud,,Cloud
GCF_009707305.1,GJB56_RS29700,MDRKFTREEPDKQGALPIPAEIQKVLPSSHTEDTGAAPEPESTHG,45,hypothetical protein, ,Derived by automated computational analysis using gene prediction method: GeneMarkS-2+.,OG0001397,,group_1622,Cloud,,Probably not conserved
GCF_009707305.1,GJB56_RS31510,MFWVGAGNASNLANADVIRPDHGARPDTRVLAAISHDSAPLREHALRAIVR,51,hypothetical protein, ,Derived by automated computational analysis using gene prediction method: GeneMarkS-2+.,OG0001398,,group_1257,Cloud,,Probably not conserved
GCF_009707305.1,GJB56_RS30105,MSAADESDFAQARVFLALLNSEIDELTERIESALRLVRGTRPVAPAVALVARTDAAALRKDLHRVHALIE,70,hypothetical protein, ,Derived by automated computational analysis using gene prediction method: GeneMarkS-2+.,OG0000844,Cloud,,,,Probably not conserved
GCF_009707305.1,GJB56_RS30110,MKTEEEERLIAHAVTRLSAKYPSVPADDVARVVASVHAHVNGHKVRDFVPLLVERMVGERLSSLVSS,67,hypothetical protein, ,Derived by automated computational analysis using gene prediction method: Protein Homology.,OG0000062,Soft core,group_2496,Shell,,Shell
GCF_009707305.1,GJB56_RS30120,MRYRYIGTEEMIYQGPPARVLGFGDIVKTPTNPKPRYFEPLEANPELDGKTP,52,hypothetical protein, ,Derived by automated computational analysis using gene prediction method: GeneMarkS-2+.,OG0000232,Shell,group_2360,Cloud,,Cloud
GCF_009707305.1,GJB56_RS30150,MSMIRVHVAFAVLAVLGLAVAVPYALWLARHRHTDAVGGERRWVLACFGFVMITVAAIGIVVTDI,65,hypothetical protein, ,Derived by automated computational analysis using gene prediction method: GeneMarkS-2+.,OG0000845,Cloud,group_2359,Cloud,,Cloud
GCF_009707305.1,GJB56_RS30170,MRVTPLRGLLSAPLLQCRECARLCRRSAVTPGGNVCPWCGERALSTAVLGSPLRSSS,57,hypothetical protein, ,Derived by automated computational analysis using gene prediction method: GeneMarkS-2+.,OG0000385,Cloud,group_875,Cloud,,Cloud
GCF_009707305.1,GJB56_RS30205,MAKIVGPTVLFPRKSMADAVYRDGADTGPGDTLQLLLSTSLSGFATRVDSLPVNVSGSGQA,61,hypothetical protein, ,Derived by automated computational analysis using gene prediction method: GeneMarkS-2+.,OG0000606,Cloud,group_616,Cloud,,Cloud
GCF_009707305.1,GJB56_RS31515,MAIVAATVLGVTVGVLLADVVAGLAVGAGTAIVFRFVLRTIITRK,45,hypothetical protein, ,Derived by automated computational analysis using gene prediction method: GeneMarkS-2+.,OG0000124,Shell,,,,Probably not conserved
GCF_009707305.1,GJB56_RS30220,METMCERCRTCLDNASAATICSYECTFCVDCSAAMDNECPNCGGELTARPARVAQAPAIRRGWGRSNR,68,duf1272 domain-containing protein, ,Derived by automated computational analysis using gene prediction method: Protein Homology.,OG0001399,,,,,Probably not conserved
GCF_009707305.1,GJB56_RS31965,MSPRSSWAQRLHGLLHTRPQMNLAGMGIPDGWANDNFWSRHIT,43,hypothetical protein, ,Derived by automated computational analysis using gene prediction method: GeneMarkS-2+.,OG0000838,Cloud,,,,Probably not conserved
GCF_009707305.1,GJB56_RS31525,MIVLGIILALIGYFTAISILTTVGIILVVVGAILTLLGTMGRAVGGRKVWY,51,duf6131 family protein, ,Derived by automated computational analysis using gene prediction method: Protein Homology.,OG0000000,Conserved,group_1248,Cloud,,Cloud
GCF_009707305.1,GJB56_RS30350,MSTVPVVGTELGRDCLQCRCPLFITVLEFYAGSPPELTDRRESFVDCRSGCRGVIEQPVGIDISR,65,hypothetical protein, ,Derived by automated computational analysis using gene prediction method: GeneMarkS-2+.,OG0000248,Shell,group_2223,Cloud,,Cloud
GCF_009707305.1,GJB56_RS31530,MLLRIARHLDAAAASFLRGANLSDGLDKSNRHFADILAQEANGIRILAQ,49,hypothetical protein, ,Derived by automated computational analysis using gene prediction method: GeneMarkS-2+.,OG0001400,,,,,Probably not conserved
GCF_009707305.1,GJB56_RS30400,MQDRLAGPAYRVLHDVEKRTGATRGGARIADMSDAATVRALAKMLDDLRAGSDGTDS,57,hypothetical protein, ,Derived by automated computational analysis using gene prediction method: GeneMarkS-2+.,OG0001401,,,,,Probably not conserved
GCF_009707305.1,GJB56_RS31970,MGSFDTASLSTESLEELNLGKVSELLKLGITAVSFITALNSLS,43,hypothetical protein, ,Derived by automated computational analysis using gene prediction method: GeneMarkS-2+.,OG0000067,Soft core,,,,Probably not conserved
GCF_009707305.1,GJB56_RS30625,MTEDQPVETLSRWSDSGATWRVLQRTPTSIMISLRRCDGGEEVERLTSSDPHLLAWIGDRVSSED,65,hypothetical protein, ,Derived by automated computational analysis using gene prediction method: Protein Homology.,OG0000285,Shell,,,,Probably not conserved
GCF_009707305.1,GJB56_RS31840,MRPRVWVVERTFAWINKYRRCVRAYESRPDHHEAVIRIAMIGLMTRSLARI,51,hypothetical protein, ,Derived by automated computational analysis using gene prediction method: GeneMarkS-2+.,OG0000506,Cloud,,,,Probably not conserved
GCF_009707305.1,GJB56_RS30700,MNPVSECSLSGGQWLGCVKIRALTGDGKTGLDLWLWVTSDAISSTGPSTSHPDLKQRR,58,hypothetical protein, ,Derived by automated computational analysis using gene prediction method: GeneMarkS-2+.,OG0000316,Cloud,,,,Probably not conserved
GCF_009707305.1,GJB56_RS31540,MIIVGIVVLIVGYLAGIPILWTFGIVLVIVGAILFALGAAGRGVGGRRHYY,51,hypothetical protein, ,Derived by automated computational analysis using gene prediction method: Protein Homology.,OG0000000,Conserved,,,,Probably not conserved
GCF_009707305.1,GJB56_RS31545,MIILGIIFAIIGVVVSISALLYFGIALIIIGAALELLGMTGHAVAGRRHYY,51,duf6131 family protein, ,Derived by automated computational analysis using gene prediction method: Protein Homology.,OG0000000,Conserved,,,,Probably not conserved
GCF_009707305.1,GJB56_RS31550,MFARATSNRSLEAEGRPDQVRGNLEQFGAEVADAIKYQLPI,41,csbd family protein, ,Derived by automated computational analysis using gene prediction method: GeneMarkS-2+.,OG0000073,Shell,,,,Probably not conserved
GCF_009707305.1,GJB56_RS31555,MQWWTWLIIVIVIAALAVGAFIAIQARRRTGGVIISDPDTSTHGGDEENGSPR,53,hypothetical protein, ,Derived by automated computational analysis using gene prediction method: Protein Homology.,OG0001402,,,,,Probably not conserved
GCF_009707305.1,GJB56_RS30870,MAGKFEIYKDKAEKFRFRLKAGNGEIIAVGEAYESKAGAKNGIESIKKNAAAAEVVDLT,59,yegp family protein, ,Derived by automated computational analysis using gene prediction method: Protein Homology.,OG0000183,Shell,,,,Probably not conserved
GCF_009707305.1,GJB56_RS30890,MSSSRPSTKPEVGVLDSTVATPEHLPRGSGELAIHGYLTRCNGHGKSC,48,hypothetical protein, ,Derived by automated computational analysis using gene prediction method: GeneMarkS-2+.,OG0001403,,,,,Probably not conserved
GCF_009707305.1,GJB56_RS30960,MSENFTPRERSAVEAAAYQATKHTQKITDADLVAVVEGLTGTSVAQTPRIDIAFPAAGDPDELFH,65,hypothetical protein, ,Derived by automated computational analysis using gene prediction method: Protein Homology.,OG0000121,Shell,group_2426,Cloud,Cloud,Cloud
GCF_009707305.1,GJB56_RS31560,MSDDEHDAWQLHHHHGASWEDVGAEMGCSPTTAQTLAAAYEKRTDSAAAQTQNALF,56,hypothetical protein, ,Derived by automated computational analysis using gene prediction method: Protein Homology.,OG0000063,Soft core,group_2159,Cloud,Cloud,Cloud
GCF_009707305.1,GJB56_RS31565,MTNKPRVLKHSIFGVLALAVAALDFTIGTKHMITAGIIVLTASVYSFTKAARLRKAPTDRENRP,64,hypothetical protein, ,Derived by automated computational analysis using gene prediction method: Protein Homology.,OG0000215,Shell,group_2477,Cloud,Cloud,Cloud
GCF_009707305.1,GJB56_RS31075,MSTAIINLEETTPRQLSAEERNEQVRRLATWAAAELAHAKCLPHGRVRSGHLTNAENALTDASALLAA,68,hypothetical protein, ,Derived by automated computational analysis using gene prediction method: GeneMarkS-2+.,OG0000384,Cloud,group_2450,Cloud,Cloud,Cloud
GCF_009707305.1,GJB56_RS31080,MSTETPTLAPALAAVTSATAALDAAMFDPNREGFTDITALVDAFAAARAAGHPEEDIAAAATPTN,65,hypothetical protein, ,Derived by automated computational analysis using gene prediction method: Protein Homology.,OG0000226,Shell,group_2451,Shell,Shell,Shell
GCF_009707305.1,GJB56_RS31175,MTETAAPTRFVAIPRTEEHGGYENECFTHYVQDNGGRYCLRGPMVQSDAEWFANKMNAQLG,61,hypothetical protein, ,Derived by automated computational analysis using gene prediction method: GeneMarkS-2+.,OG0000189,Shell,group_2471,Shell,Cloud,Shell
GCF_009707305.1,GJB56_RS31220,MGRRSKGERGEYKARVPARVDVEALAAARGCSSVSVYISDLICLDAGRPELAEELRQGVLPLSA,64,toxin-antitoxin system, ,Derived by automated computational analysis using gene prediction method: GeneMarkS-2+.,OG0000139,Shell,,,Cloud,Cloud
GCF_011611865.1,G9444_RS33145,MSIASNAKSPMTEAQIDRAIAAATAGHGMAGMEPSAADIAIGRR,44,hypothetical protein, ,Derived by automated computational analysis using gene prediction method: GeneMarkS-2+.,OG0000325,Cloud,group_2062,Cloud,Cloud,Cloud
GCF_011611865.1,G9444_RS00280,MTAARKTTSRDIEESVKFAAAGIRLAGGTFTPADEAAARGVASGTRTPEEEVAAFRRELGY,61,hypothetical protein, ,Derived by automated computational analysis using gene prediction method: GeneMarkS-2+.,OG0000211,Shell,group_600,Cloud,Cloud,Cloud
GCF_011611865.1,G9444_RS00295,MSTTIEDTGTNPSTVKIDARTSVALVKRMDCMSFPSMMNMSFPSVMKAAGPGVPPILFACWQRRIASV,68,hypothetical protein, ,Derived by automated computational analysis using gene prediction method: GeneMarkS-2+.,OG0000507,Cloud,group_2061,Cloud,Cloud,Cloud
GCF_011611865.1,G9444_RS00560,MSALVGATVSALTFATASAFGASFCSVFEATLGALSIESSTETVSTMRASAAMLATFLHFWVVV,64,hypothetical protein, ,Derived by automated computational analysis using gene prediction method: GeneMarkS-2+.,OG0001404,,group_375,Cloud,,Probably not conserved
GCF_011611865.1,G9444_RS00565,MGLLRGAAVAVAAGGTAEQVAKAEAILAEARRALFEMLAEKPADVQQAHAESTDTLPAE,59,hypothetical protein, ,Derived by automated computational analysis using gene prediction method: Protein Homology.,OG0000228,Shell,group_2177,Shell,Cloud,Shell
GCF_011611865.1,G9444_RS00635,MSNISFDSVSNSAPANALQGVGTNALVDNPFTFEPVAEATSAHALQGVGTNALVDNPFSFQS,62,streptamidine-related ripp repeat protein, ,Derived by automated computational analysis using gene prediction method: Protein Homology.,OG0000093,Soft core,group_2291,Soft core,Shell,Soft core
GCF_011611865.1,G9444_RS00690,MCVDVDVNVKNCGILAAVLVGSVAKMGEKKIVSRITRGAGDMVGPAIVVVVIGAAAVFE,59,hypothetical protein, ,Derived by automated computational analysis using gene prediction method: GeneMarkS-2+.,OG0000324,Cloud,group_2179,Cloud,Cloud,Cloud
GCF_011611865.1,G9444_RS00825,MFNDVFNNVIHPMVTNFQQLGPQQFIPQQFIPQGLFQQAPQAAEQAVTIFGS,52,hypothetical protein, ,Derived by automated computational analysis using gene prediction method: Protein Homology.,OG0000075,Soft core,group_2178,Soft core,Shell,Soft core
GCF_011611865.1,G9444_RS01410,MPATAPIRVVELSVTRKTIPLAAVNETAKVIAPRIGLPAAASSADSTPEARQNAMAAISR,60,hypothetical protein, ,Derived by automated computational analysis using gene prediction method: GeneMarkS-2+.,OG0000329,Cloud,group_674,Shell,Cloud,Cloud
GCF_011611865.1,G9444_RS01420,MTIVLFPYGKASTLGWELCFVDQQLKAEVGATAHDRVAGYVALRR,45,hypothetical protein, ,Derived by automated computational analysis using gene prediction method: GeneMarkS-2+.,OG0000479,Cloud,group_1613,Cloud,Cloud,Cloud
GCF_011611865.1,G9444_RS33420,MFTERLRVEVLVASEHAQAVLDAINEYSGGRRSGFVQQAAEPLTEATEQGS,51,hypothetical protein, ,Derived by automated computational analysis using gene prediction method: GeneMarkS-2+.,OG0001405,,,,,Probably not conserved
GCF_011611865.1,G9444_RS01540,MTTPATQMHAIPAVQVRLSVGRAKVFELIKSGELRSVKIGKSRRVSESALREYVEGLEASA,61,helix-turn-helix domain-containing protein, ,Derived by automated computational analysis using gene prediction method: Protein Homology.,OG0000406,Cloud,group_617,Cloud,Cloud,Cloud
GCF_011611865.1,G9444_RS01665,MGIADKAQNKAEDLGGKAKEAAGSATGDRDLENEGKGDQVKSAVKDAGEKVKDAASSIKDKLT,63,csbd family protein, ,Derived by automated computational analysis using gene prediction method: Protein Homology.,OG0000011,Conserved,group_2411,Conserved,Soft core,Soft core
GCF_011611865.1,G9444_RS01710,MKIIVDRGRCTGIGICESVAEDYFEVADDGSLILHKELVDAGDEKLAREAVRACPAKALTLDET,64,ferredoxin, ,Derived by automated computational analysis using gene prediction method: Protein Homology.,OG0000001,Conserved,group_2284,Cloud,Cloud,Cloud
GCF_011611865.1,G9444_RS01740,MADLTLLTDDELHERRASLRQSLTTAASLVPTPSTAFFEKLKQDIDAAAAEWIARRS,57,hypothetical protein, ,Derived by automated computational analysis using gene prediction method: Protein Homology.,OG0000076,Soft core,group_2322,Soft core,Soft core,Soft core
GCF_011611865.1,G9444_RS02460,MSEITSWEYTVTPLLVHNPKAILDNWGVDGWELVAVLPSASGEQHVAYMKRPKG,54,hypothetical protein, ,Derived by automated computational analysis using gene prediction method: Protein Homology.,OG0000012,Conserved,group_2273,Conserved,Soft core,Soft core
GCF_011611865.1,G9444_RS02660,MISKTLRTVSARFALLVTEDDGMSTAEYAIGTIAAAAFGAVLYTVVTGDSIVSALTGIIDKALKTAV,67,duf4244 domain-containing protein, ,Derived by automated computational analysis using gene prediction method: Protein Homology.,OG0000094,Soft core,group_2136,Soft core,Soft core,Soft core
GCF_011611865.1,G9444_RS02680,MAQGTVKWFNAEKGFGFIAPEDGSADVFVHYSEIQGNGFRTLEENQRVEFEVGQGTKGPQATGVRAV,67,cold-shock protein, ,Derived by automated computational analysis using gene prediction method: Protein Homology.,OG0000013,Conserved,group_128,Conserved,Soft core,Soft core
GCF_011611865.1,G9444_RS02715,MADSLKARVKEKLLRQLAEDGRHPIQEAEGDDPRLVSINDDLEALEQAEEGDPIVEELAERYWVP,65,hypothetical protein, ,Derived by automated computational analysis using gene prediction method: Protein Homology.,OG0000014,Conserved,group_2342,Conserved,Soft core,Soft core
GCF_011611865.1,G9444_RS02880,MGSADVMAWLAEGYLAGDPIRYPLYVGSMFLAMPFQLIGVILGHPF,46,hypothetical protein, ,Derived by automated computational analysis using gene prediction method: Protein Homology.,OG0000061,Soft core,group_1542,Soft core,Soft core,Soft core
GCF_011611865.1,G9444_RS33430,MPGSVIEKARAEAEGLFRDYEGNRYWFCCKGCGPRFDANPRKYADVS,47,yhs domain-containing protein, ,Derived by automated computational analysis using gene prediction method: Protein Homology.,OG0000257,Shell,group_1484,Shell,Shell,Shell
GCF_011611865.1,G9444_RS33155,MPRVVEYLLGWTMLDTVAALEHIEVVRHLTSNTQVVCNEHHRDVKLVTKISK,52,hypothetical protein, ,Derived by automated computational analysis using gene prediction method: GeneMarkS-2+.,OG0000846,Cloud,group_1191,Cloud,,Cloud
GCF_011611865.1,G9444_RS03280,MGRLTELLKSVKSLGSRKDTAAKQEKRALDRWENEGGPVAEDPRQR,46,hypothetical protein, ,Derived by automated computational analysis using gene prediction method: GeneMarkS-2+.,OG0000490,Cloud,group_2100,Cloud,Cloud,Cloud
GCF_011611865.1,G9444_RS03305,MATTAAVQNPTRSRARTMSLSEYVAEHPAQRVFPPTSERAARMAMLIMFALMAVTLVVLVLDEAGIFG,68,hypothetical protein, ,Derived by automated computational analysis using gene prediction method: GeneMarkS-2+.,OG0000095,Soft core,group_53,Soft core,Soft core,Soft core
GCF_011611865.1,G9444_RS03555,MALAYSPDTSIDSTRLAFLAAAVVLFAMLALYLVGFDQGAISRTGMYMHELMHDGRHLMGLPCH,64,cbtb domain-containing protein, ,Derived by automated computational analysis using gene prediction method: Protein Homology.,OG0000008,Conserved,group_2468,Conserved,Shell,Shell
GCF_011611865.1,G9444_RS03610,MTTYIGTVPIAARLGVTAQTVRNLIRRGELGPAVRVGAQYRIPAEAVEAYLERTLVTA,58,helix-turn-helix domain-containing protein, ,Derived by automated computational analysis using gene prediction method: Protein Homology.,OG0000071,Soft core,group_829,Cloud,,Cloud
GCF_011611865.1,G9444_RS03635,MVAIPAGVSGVVALGVIIGDGATRAAASIPTTVVGVVGLVILGALALAVCANSSN,55,hypothetical protein, ,Derived by automated computational analysis using gene prediction method: GeneMarkS-2+.,OG0001406,,group_1027,Cloud,,Probably not conserved
GCF_011611865.1,G9444_RS32495,MAHLMPPEAMGLRLVQRDESTENTDRHARRRKKPGCPALVLVDVPGLVLLPER,53,hypothetical protein, ,Derived by automated computational analysis using gene prediction method: GeneMarkS-2+.,OG0001407,,group_1133,Cloud,,Probably not conserved
GCF_011611865.1,G9444_RS03695,MRLIDVDDEYAEDLPCPTLPWWAEDYLAEQRAFWRLLRGGGALTEEDQSPAQW,53,hypothetical protein, ,Derived by automated computational analysis using gene prediction method: GeneMarkS-2+.,OG0001408,,group_1134,Cloud,,Probably not conserved
GCF_011611865.1,G9444_RS03710,MRHICVHGAYDRASRSAQRMAVLDPAPDAAAEATLTDAEQLVVDRSDPDAVAN,53,hypothetical protein, ,Derived by automated computational analysis using gene prediction method: GeneMarkS-2+.,OG0001409,,group_1135,Cloud,,Probably not conserved
GCF_011611865.1,G9444_RS03720,MTTTSIPATVTVADAARVLAHVDTADAALQHGLAYVAAAIAAGATV,46,hypothetical protein, ,Derived by automated computational analysis using gene prediction method: GeneMarkS-2+.,OG0001410,,group_1570,Cloud,,Probably not conserved
GCF_011611865.1,G9444_RS03730,MTTRFPELTPEQLTQALRTAQPVDQDAMQRAQAEAQRALNAAFSRIRTVTP,51,hypothetical protein, ,Derived by automated computational analysis using gene prediction method: GeneMarkS-2+.,OG0001411,,group_1258,Cloud,,Probably not conserved
GCF_011611865.1,G9444_RS03740,MEKQQLSTDARRLIAHRINSGETASRVAYDFAITESEAQRVAVSYYGSN,49,hypothetical protein, ,Derived by automated computational analysis using gene prediction method: GeneMarkS-2+.,OG0001412,,group_1378,Cloud,,Probably not conserved
GCF_011611865.1,G9444_RS04225,MNAYICPICDYTYTESTGAAREGFPPGTPWSSIPDDWCCPDCGVREKIDFTLVTQS,56,rubredoxin, ,Derived by automated computational analysis using gene prediction method: Protein Homology.,OG0000096,Soft core,group_2166,Soft core,Cloud,Cloud
GCF_011611865.1,G9444_RS04230,MSETATTYKLFRCLQCGFEYDEAIGWPDDGIEPGTRWDEIPEDWSCPDCGAAKVDFEMVEVDR,63,rubredoxin, ,Derived by automated computational analysis using gene prediction method: Protein Homology.,OG0000097,Soft core,group_421,Soft core,Soft core,Soft core
GCF_011611865.1,G9444_RS32520,MRQVATRRRSQPPPARFMFEALIDPYRQPARHWLELLESEIAPEIVRAEEPELVIWSSI,59,hypothetical protein, ,Derived by automated computational analysis using gene prediction method: GeneMarkS-2+.,OG0000607,Cloud,group_2165,Cloud,Cloud,Cloud
GCF_011611865.1,G9444_RS04775,MKNPNLTPSRVLAVVLAAALVIFVIARRRDDGALSRGEWLSDSVGPDDLAG,51,hypothetical protein, ,Derived by automated computational analysis using gene prediction method: Protein Homology.,OG0000077,Soft core,group_2167,Soft core,Soft core,Soft core
GCF_011611865.1,G9444_RS04865,MEVRVDLDRCEANGVCVGIAPDIFDLDDNEELVISSVRPPEDRWEDVRSAIAQCPRAALTEHP,63,ferredoxin, ,Derived by automated computational analysis using gene prediction method: Protein Homology.,OG0000005,Conserved,group_423,Soft core,Soft core,Soft core
GCF_011611865.1,G9444_RS04930,MMAENTTVETEIADEEIETVAEETARMAQHVVAAYAEDADECRMLLSMLGISPAAKLD,58,hypothetical protein, ,Derived by automated computational analysis using gene prediction method: GeneMarkS-2+.,OG0000015,Conserved,group_2168,Soft core,Soft core,Soft core
GCF_011611865.1,G9444_RS32530,MDGDGTVDSRVVHSDDDVVIVSDFDRDGSADRLTMIESDGDYSAWECSRDDEGALVWQKIDAGAL,65,duf6802 family protein, ,Derived by automated computational analysis using gene prediction method: Protein Homology.,OG0001413,,group_298,Cloud,,Probably not conserved
GCF_011611865.1,G9444_RS32540,MSAAAKGTSAKVTGTGCLSPCNLGPLVIANPGGTWFGHVDAGDAEALVAGQENQLMDHVLDR,62,(2fe-2s) ferredoxin domain-containing protein, ,Derived by automated computational analysis using gene prediction method: GeneMarkS-2+.,OG0001414,,group_540,Cloud,,Probably not conserved
GCF_011611865.1,G9444_RS05625,MTKFLVPGVASAVIGAVLGAGVIFGVTAAASDNTRPEIDRSGNADSSVLNQVEYGSR,57,duf2613 domain-containing protein, ,Derived by automated computational analysis using gene prediction method: Protein Homology.,OG0000016,Conserved,group_855,Soft core,Soft core,Soft core
GCF_011611865.1,G9444_RS05760,MVGLIVLAALVLASVLVGFVFRRPIAEAKSAVLAFDDASSQPQRD,45,hypothetical protein, ,Derived by automated computational analysis using gene prediction method: GeneMarkS-2+.,OG0000098,Soft core,group_2198,Soft core,Soft core,Soft core
GCF_011611865.1,G9444_RS05770,MAQTGSMDPITAGNLADGAKILAGLAGIITGIAAIATFAGAIGNAGSTAAPKA,53,hypothetical protein, ,Derived by automated computational analysis using gene prediction method: GeneMarkS-2+.,OG0000265,Shell,group_1136,Cloud,Shell,Shell
GCF_011611865.1,G9444_RS05835,MPERGQSRVDAGIIAVVAVITGVFVALTGHGLVAALATVLGLALGMAIVRYLIKGR,56,hypothetical protein, ,Derived by automated computational analysis using gene prediction method: Protein Homology.,OG0000078,Soft core,group_2220,Soft core,Soft core,Soft core
GCF_011611865.1,G9444_RS05975,MMRIVTLIVLIWLIVGAVAAGQRGYYSSSPTNCAGVGTIALTVIAGPLNYFGVNPKVTDCTLPQPTE,67,hypothetical protein, ,Derived by automated computational analysis using gene prediction method: Protein Homology.,OG0000017,Conserved,group_129,Soft core,Soft core,Soft core
GCF_011611865.1,G9444_RS05980,MIILGVILLIIGFVVNIPILWTIGVVLLVIGIILYALGAAGHAIGGRRHYY,51,duf6131 family protein, ,Derived by automated computational analysis using gene prediction method: Protein Homology.,OG0000000,Conserved,group_1229,Soft core,Soft core,Soft core
GCF_011611865.1,G9444_RS06030,MTEKDNNDQSPKGGHPGPVDKGGDGGMATREQAPELVEETSEKKSDDK,48,hypothetical protein, ,Derived by automated computational analysis using gene prediction method: Protein Homology.,OG0000018,Core,group_2221,Soft core,Soft core,Soft core
GCF_011611865.1,G9444_RS06120,MIVLGIILALIGFFTGLSILTTVGIILVVVGAVLSILGATGRAVGGRKVWY,51,duf6131 family protein, ,Derived by automated computational analysis using gene prediction method: Protein Homology.,OG0000000,Conserved,group_1230,Soft core,Soft core,Soft core
GCF_011611865.1,G9444_RS06290,MASNPSDVSNAPGQAESTDADQKTPSICPACQHSMESHDPLGVRFCAVTADRGLDRKCICAADREEM,67,rgcvc family protein, ,Derived by automated computational analysis using gene prediction method: Protein Homology.,OG0000210,Shell,group_159,Cloud,,Cloud
GCF_011611865.1,G9444_RS06475,MEMPRVMTVSEVQKASRRGENWVRGAANTGALKALPRQTGQWFRFLEEDVIDWILRGSPEFPPHARKRR,69,hypothetical protein, ,Derived by automated computational analysis using gene prediction method: GeneMarkS-2+.,OG0000847,Cloud,group_23,Cloud,Cloud,Cloud
GCF_011611865.1,G9444_RS06490,MSENIDTPWMNVSEAAAYMRRHPVTVRKDLESERLLGYQRKAPNGHWRIHRDDCDRFLRGESS,63,helix-turn-helix domain-containing protein, ,Derived by automated computational analysis using gene prediction method: Protein Homology.,OG0000207,Shell,group_438,Cloud,Cloud,Cloud
GCF_011611865.1,G9444_RS06505,MTEAHETDPARPLGAVVEEYLSGLTEQDFTDLVARTREPAQEETLYPASWRTQ,53,hypothetical protein, ,Derived by automated computational analysis using gene prediction method: GeneMarkS-2+.,OG0000328,Cloud,group_1123,Cloud,Cloud,Cloud
GCF_011611865.1,G9444_RS06540,MAQLHPIPYVCGRTGLGRTSIYGYIAAGKLKSIKVGRRRLVAESAIEELIAYLESQSDASVAS,63,helix-turn-helix domain-containing protein, ,Derived by automated computational analysis using gene prediction method: Protein Homology.,OG0000406,Cloud,group_453,Cloud,Cloud,Cloud
GCF_011611865.1,G9444_RS06570,MWWIVGGVLLVWVVCSIPIAILVGRGIARRDRAEFDGRNQQWADEVVRSIEKQSDQDNADRRKPPLIS,68,hypothetical protein, ,Derived by automated computational analysis using gene prediction method: Protein Homology.,OG0000079,Soft core,group_2275,Shell,Shell,Shell
GCF_011611865.1,G9444_RS06600,MGALSPTHWAIVAVVLVVLFGSKKLPDAARGLGRSMRILKTEVGELHSDTDLALEKRD,58,sec-independent protein translocase subunit tata, ,Derived by automated computational analysis using gene prediction method: Protein Homology.,OG0000019,Conserved,tatA,Soft core,Soft core,Soft core
GCF_011611865.1,G9444_RS06645,MAQGSVKWFNGEKGFGFIEQEGGGPDVFVHYSEIQGSGYKSLDEGQKVEFEIGQGQKGPQAQNVRAI,67,cold-shock protein, ,Derived by automated computational analysis using gene prediction method: Protein Homology.,OG0000069,Soft core,group_130,Soft core,Soft core,Soft core
GCF_011611865.1,G9444_RS33185,MSADSRGTSAQTRREYQMFVLQQRLLFGSIVAGTALGVLAINYF,44,hypothetical protein, ,Derived by automated computational analysis using gene prediction method: GeneMarkS-2+.,OG0000122,Soft core,group_2138,Soft core,Soft core,Soft core
GCF_011611865.1,G9444_RS06700,MTTIDIPPTQGESTTGIGITVASATLTTEEVKRRIAMMYGDPVTEEPVALAH,52,hypothetical protein, ,Derived by automated computational analysis using gene prediction method: Protein Homology.,OG0000002,Conserved,group_2274,Soft core,Soft core,Soft core
GCF_011611865.1,G9444_RS06725,MSERNSTDRTDQTDEPQTTGTDHGPGTGADAAHKDVQTDPSGERTWADEGGASSNGPATDTD,62,pi-type proteinase, ,Derived by automated computational analysis using gene prediction method: Protein Homology.,OG0000020,Core,group_2297,Soft core,Soft core,Soft core
GCF_011611865.1,G9444_RS32570,MGELPYRQRAAWTLREVEMLTFVQIGKILRLTPDAVRGHHHRARANLSERMTRWR,55,sigma factor-like helix-turn-helix dna-binding protein, ,Derived by automated computational analysis using gene prediction method: Protein Homology.,OG0001415,,,,,Probably not conserved
GCF_011611865.1,G9444_RS06760,MGGSADALNRALERVDRDFAFPIGVVVRTSLRGTMRQIAKPVRAQYTRVRARFPGAKTYTEI,62,hypothetical protein, ,Derived by automated computational analysis using gene prediction method: GeneMarkS-2+.,OG0000115,Soft core,group_2190,Soft core,Soft core,Soft core
GCF_011611865.1,G9444_RS06765,MTTSTVGLLAGLLLGVAAAAGGFTGFLIALVLGVIGYLVGGQRDGEFDLGVMLKGRGRG,59,hypothetical protein, ,Derived by automated computational analysis using gene prediction method: Protein Homology.,OG0000099,Soft core,group_732,Soft core,Soft core,Soft core
GCF_011611865.1,G9444_RS06790,MSDFIDKAKHRAEDLIGEAKEKIGNATGNDDLAAEGVADQGEAKVKKAGDTVSDKVSDIKDKFTS,65,csbd family protein, ,Derived by automated computational analysis using gene prediction method: Protein Homology.,OG0000074,Soft core,group_2191,Soft core,Soft core,Soft core
GCF_011611865.1,G9444_RS07160,MSKEVSAGLAVGAMVLVAGLIWTGFPLDAYSVVAVIFAICGGFITWIYLRENVDGVPHTATKEGSR,66,hypothetical protein, ,Derived by automated computational analysis using gene prediction method: Protein Homology.,OG0000144,Shell,group_2282,Shell,Shell,Shell
GCF_011611865.1,G9444_RS33195,MGSLGNLLKANGMGWGILQLLPLVNMLKTLQGLDTASSNS,40,hypothetical protein, ,Derived by automated computational analysis using gene prediction method: GeneMarkS-2+.,OG0000080,Soft core,group_2512,Soft core,Soft core,Soft core
GCF_011611865.1,G9444_RS33200,MGSFEDFSGVVKTFIPVLKDLFTALGGGSLTPGTGSAADK,40,hypothetical protein, ,Derived by automated computational analysis using gene prediction method: GeneMarkS-2+.,OG0000108,Soft core,group_2511,Soft core,Soft core,Soft core
GCF_011611865.1,G9444_RS07485,MFGSLSTLGPLLTALGAFLKSVPTESLSGEGEGSSTGSLSGLSSGSAE,48,hypothetical protein, ,Derived by automated computational analysis using gene prediction method: Protein Homology.,OG0000081,Soft core,group_2510,Soft core,Soft core,Soft core
GCF_011611865.1,G9444_RS07535,MSNSSGTEVYRGTVDADAVLHWLTGTDQLYVITSGGVIVIDTSAGVWAESPAPSELPDEIKALVP,65,hypothetical protein, ,Derived by automated computational analysis using gene prediction method: GeneMarkS-2+.,OG0000504,Cloud,group_297,Cloud,Cloud,Cloud
GCF_011611865.1,G9444_RS33435,MKAVEGGFDTAWSRRHVDLCRTAGSFCTN,29,putative leader peptide, ,Derived by automated computational analysis using gene prediction method: Protein Homology.,OG0000132,Shell,group_1947,Shell,Shell,Shell
GCF_011611865.1,G9444_RS33205,MGSLDTGSLSTESLEDLNLGKISELLKLGITAVSFITALNSLS,43,hypothetical protein, ,Derived by automated computational analysis using gene prediction method: GeneMarkS-2+.,OG0000067,Soft core,group_2503,Soft core,Soft core,Soft core
GCF_011611865.1,G9444_RS33210,MIVMFLQATAQLFTDLLANTWSGSMLPGVEAGTGSLVSAIELS,43,hypothetical protein, ,Derived by automated computational analysis using gene prediction method: Protein Homology.,OG0000184,Shell,group_2237,Shell,Shell,Shell
GCF_011611865.1,G9444_RS07970,MLEGSVMDAAGSVGAIIGQGLGSVSGLAVKGLEALAALSGGELKAAK,47,hypothetical protein, ,Derived by automated computational analysis using gene prediction method: Protein Homology.,OG0000138,Shell,group_2381,Shell,Shell,Shell
GCF_011611865.1,G9444_RS07975,MTFESNTPRPFTRSNDKKMFAGVCGGIADYFGADVNLVRLLAVIAAICTGGTAALVYLAAWMLMPLG,67,pspc domain-containing protein, ,Derived by automated computational analysis using gene prediction method: Protein Homology.,OG0000021,Conserved,group_2380,Conserved,Soft core,Soft core
GCF_011611865.1,G9444_RS33215,MCQSVVLWYRLDGPQTPREVSVLYREIALKAVGVTS,36,hypothetical protein, ,Derived by automated computational analysis using gene prediction method: Protein Homology.,OG0001416,,,,,Probably not conserved
GCF_011611865.1,G9444_RS08490,MGSSHDGKPAVAGTQFLTVAEVATLMRVSKMTVYRLVHSGELPAVRVGRSFRVHAKAVHDYLETSYFDAG,70,helix-turn-helix domain-containing protein, ,Derived by automated computational analysis using gene prediction method: Protein Homology.,OG0000071,Soft core,,,Soft core,Soft core
GCF_011611865.1,G9444_RS08495,MGSVIKKRRKRMSKKKHRKLLRRTRVQRRKLGK,33,aurkaip1/cox24 domain-containing protein, ,Derived by automated computational analysis using gene prediction method: Protein Homology.,OG0000022,Conserved,group_1939,Conserved,Conserved,Conserved
GCF_011611865.1,G9444_RS08550,MSSQEALRTESTHDAPLRQRGSRTEVILFAILGASVLVTLLVLMIPGIVSG,51,hypothetical protein, ,Derived by automated computational analysis using gene prediction method: Protein Homology.,OG0000100,Soft core,group_1231,Soft core,Soft core,Soft core
GCF_011611865.1,G9444_RS08680,MLYLLALVGLVTLIVLMWKAFGPDPSTRTPVSGVRGPDDDPEFLWNVNQQTRRKRTEGPDVPPTDTST,68,hypothetical protein, ,Derived by automated computational analysis using gene prediction method: Protein Homology.,OG0000023,Conserved,group_2362,Soft core,Conserved,Soft core
GCF_011611865.1,G9444_RS08685,MSAPTFNTAADALMTPGQVAALFHVDPKTVTRWAHAGRLGSLRTPGGHRRFRETEVMQLLRSLTTEADNN,70,bldc family transcriptional regulator, ,Derived by automated computational analysis using gene prediction method: Protein Homology.,OG0000068,Soft core,,,Soft core,Soft core
GCF_011611865.1,G9444_RS08890,MASSTDVRPKITLACEVCKHRNYITKKNRRNDPDRLELKKFCPNCGTHQSHRESK,55,50s ribosomal protein l33, ,Derived by automated computational analysis using gene prediction method: Protein Homology.,OG0000024,Conserved,rpmG,Conserved,Soft core,Soft core
GCF_011611865.1,G9444_RS09025,MAGKKLDRTNARTALEVVRESPTIAFITVAPAVVVFGVVWWLFGFWAAILLALVFGVAAVATQKLR,66,hypothetical protein, ,Derived by automated computational analysis using gene prediction method: Protein Homology.,OG0000025,Conserved,group_2209,Conserved,Soft core,Soft core
GCF_011611865.1,G9444_RS09170,MNSTTVGLLVGLLLALAGIMGGFSGFVFAVLLGAAGMAIGAHRDGHLDLGAILRSRGRG,59,hypothetical protein, ,Derived by automated computational analysis using gene prediction method: Protein Homology.,OG0000026,Conserved,group_2303,Conserved,Soft core,Soft core
GCF_011611865.1,G9444_RS09300,MRLSTRNQLTGTITEVNLGTVMATVKVKLDGGNQIVTSSITRDAALDLDLEPGQAATVFVKSTEVTIGVE,70,tobe domain-containing protein, ,Derived by automated computational analysis using gene prediction method: Protein Homology.,OG0000064,Soft core,,,Soft core,Soft core
GCF_011611865.1,G9444_RS09305,MTEPVKGPASYFPSIEKKYGRPIGEWQELIRSSDLTKHMELVNWLKSEHGMGHGHANALVAHTLKEG,67,duf4287 domain-containing protein, ,Derived by automated computational analysis using gene prediction method: Protein Homology.,OG0000027,Conserved,group_2329,Soft core,Soft core,Soft core
GCF_011611865.1,G9444_RS09320,MSDRDNKALENDLVEESLVEEVSIDGMCGVY,31,mycofactocin precursor mfta, ,"Mycofactocin is a small molecule electron carrier derived from the final two amino acids, Val-Tyr, of MftA, the mycofactocin precursor. It plays a role in redox homeostasis and the metabolism of alcohols and aldehydes in Actinobacteria, including Mycobacterium tuberculosis; Derived by automated computational analysis using gene prediction method: Protein Homology.",OG0000009,Conserved,group_2326,Conserved,Soft core,Soft core
GCF_011611865.1,G9444_RS09700,MAKKALVNKANKKPKFAVRAYTRCQRCGRPHSVFRKFGLCRICVREMAHAGELPGVRKSSW,61,type z 30s ribosomal protein s14, ,Derived by automated computational analysis using gene prediction method: Protein Homology.,OG0000028,Conserved,group_2294,Conserved,Soft core,Soft core
GCF_011611865.1,G9444_RS09725,MADLKVTQIKSIIGTKQNQKDSLRTLGLKGIRQTVVREDNAQNRGLINVVRHLVTVEEV,59,50s ribosomal protein l30, ,Derived by automated computational analysis using gene prediction method: Protein Homology.,OG0000029,Conserved,rpmD,Conserved,Soft core,Soft core
GCF_011611865.1,G9444_RS09755,MKVQPSVKKICEKCKVIRRNGRVMVICENLRHKQRQG,37,50s ribosomal protein l36, ,Derived by automated computational analysis using gene prediction method: Protein Homology.,OG0000030,Conserved,rpmJ,Conserved,Soft core,Soft core
GCF_011611865.1,G9444_RS33235,MTIFEWILAIPALALAVAFLFSGIISAGIDFDAEDGVMTH,40,hypothetical protein, ,Derived by automated computational analysis using gene prediction method: GeneMarkS-2+.,OG0000082,Soft core,group_2186,Soft core,Soft core,Soft core
GCF_011611865.1,G9444_RS11050,MSSYRCPVCEYVYDESKGAPREGFPAGTPWDAVPDDWCCPDCGVREKLDFEPMPATAGSES,61,rubredoxin, ,Derived by automated computational analysis using gene prediction method: Protein Homology.,OG0000053,Core,group_2279,Soft core,Soft core,Soft core
GCF_011611865.1,G9444_RS11055,MNDYKLYQCAQCGFEYDEAVGWPEDGIEPGTRWDDIPEDWSCPDCGAAKSDFFMVEVERR,60,rubredoxin, ,Derived by automated computational analysis using gene prediction method: Protein Homology.,OG0000007,Conserved,group_2155,Soft core,Soft core,Soft core
GCF_011611865.1,G9444_RS11580,MSIYFRDTCTCSGPVPGWSQHESWCGQREDRGGPYNRWSHPDANIPTETPKDAA,54,hypothetical protein, ,Derived by automated computational analysis using gene prediction method: GeneMarkS-2+.,OG0000379,Cloud,"group_2280, group_2514",Cloud,Cloud,Cloud
GCF_011611865.1,G9444_RS11595,MNRPAMLRGTICTPWGYYAPGMQVSAVRIEGPTVTICLDNNHHPAGVCHFVRVPRTQVTIAHDRQSQAA,69,hypothetical protein, ,Derived by automated computational analysis using gene prediction method: GeneMarkS-2+.,OG0000374,Cloud,group_24,Cloud,Cloud,Cloud
GCF_011611865.1,G9444_RS11620,MKTLASHCDTLESLALMRDDTTGRREQLERRKRWRGRTYVAITLTGLCICFAYVLTAYLNGAAL,64,hypothetical protein, ,Derived by automated computational analysis using gene prediction method: GeneMarkS-2+.,OG0000380,Cloud,"group_2412, group_2513",Cloud,Cloud,Cloud
GCF_011611865.1,G9444_RS11630,MSRAEFAFEAYTRDGEPIEGSIVIDFDAELTTEQVEDMADRILDRDWTSLTTISTVGGAM,60,hypothetical protein, ,Derived by automated computational analysis using gene prediction method: GeneMarkS-2+.,OG0000848,Cloud,"group_1972, group_1974",Cloud,,Cloud
GCF_011611865.1,G9444_RS11635,MSANHIEALAKALYENGNPQHTAADRAMLGPFEALDLLQQTIWIDLANAAHNHLTQAGAL,60,hypothetical protein, ,Derived by automated computational analysis using gene prediction method: GeneMarkS-2+.,OG0000592,Cloud,group_2436,Cloud,Cloud,Cloud
GCF_011611865.1,G9444_RS11660,MTGLVKFRYHFTSTATAFGITAAGLAFAGFLTLTALSDVLERHPGTRNS,49,hypothetical protein, ,Derived by automated computational analysis using gene prediction method: GeneMarkS-2+.,OG0000608,Cloud,group_1379,Cloud,,Cloud
GCF_011611865.1,G9444_RS11680,MSNYITIRVELDDGTVTEKRAEITGIDNRAFLAYQTLAAAEVVTERLVNMLIVNEGTQARPTGVSS,66,hypothetical protein, ,Derived by automated computational analysis using gene prediction method: GeneMarkS-2+.,OG0000792,Cloud,group_232,Cloud,,Cloud
GCF_011611865.1,G9444_RS11700,MSDLETQLRDALQTAARNEILRNPNSATQFKTQTKANQDRIIQAYSAWVLPTILPIIKEYAGDH,64,hypothetical protein, ,Derived by automated computational analysis using gene prediction method: GeneMarkS-2+.,OG0000494,Cloud,"group_2386, group_2507",Cloud,Cloud,Cloud
GCF_011611865.1,G9444_RS11720,MMSLQDQLDQNEWDLEQARRAGNPNAIDLLLDQRNILLADIHNTRTTR,48,hypothetical protein, ,Derived by automated computational analysis using gene prediction method: GeneMarkS-2+.,OG0000591,Cloud,"group_1973, group_2493",Cloud,Cloud,Cloud
GCF_011611865.1,G9444_RS32650,MRWRRRQHAENETVTEARLLDEEVDKRLAASRRARPDHERRGQRVQDQMVRNHFGELFRLSMEGR,65,hypothetical protein, ,Derived by automated computational analysis using gene prediction method: GeneMarkS-2+.,OG0000495,Cloud,group_2015,Cloud,Cloud,Cloud
GCF_011611865.1,G9444_RS11900,MSIYFRDTCTCSGPVPGWSQHESWCGQREDRGGPYNRWSHPDANIPTETPKDAA,54,hypothetical protein, ,Derived by automated computational analysis using gene prediction method: GeneMarkS-2+.,OG0000379,Cloud,"group_2280, group_2514",Cloud,Cloud,Cloud
GCF_011611865.1,G9444_RS11915,MTSPDRIMPAHVNNLALQIRKDRAEREPAVDRELRQLQHDLKHGLVRGDAQLGGLPIGGWMGNLFPARMR,70,hypothetical protein, ,Derived by automated computational analysis using gene prediction method: GeneMarkS-2+.,OG0001417,,,,,Probably not conserved
GCF_011611865.1,G9444_RS11920,MKTLASHCDTLESLALMRDDTTGRREQLERRKRWRGRTYVAITLTGLCICFAYVLTAYLNGAAL,64,hypothetical protein, ,Derived by automated computational analysis using gene prediction method: GeneMarkS-2+.,OG0000380,Cloud,"group_2412, group_2513",Cloud,Cloud,Cloud
GCF_011611865.1,G9444_RS11925,MSGYQSLHDLIADHTGQDLDTNQIEGLANAIITEWLPTELKAVNDAAEQARKQLAKPAPTSNSTS,65,hypothetical protein, ,Derived by automated computational analysis using gene prediction method: GeneMarkS-2+.,OG0001418,,group_299,Cloud,,Probably not conserved
GCF_011611865.1,G9444_RS11930,MSRAEFAFEAYTRDGEPIEGSIVIDFDAELTTEQVEDMADRILDRDWTSLTTISTVGGAM,60,hypothetical protein, ,Derived by automated computational analysis using gene prediction method: GeneMarkS-2+.,OG0000848,Cloud,"group_1972, group_1974",Cloud,,Cloud
GCF_011611865.1,G9444_RS11965,MSDLETQLRDALQTAARNEILRNPNSATQFKTQTKANQDRIIQAYSAWVLPTILPIIKEYAGDH,64,hypothetical protein, ,Derived by automated computational analysis using gene prediction method: GeneMarkS-2+.,OG0000494,Cloud,"group_2386, group_2507",Cloud,Cloud,Cloud
GCF_011611865.1,G9444_RS11985,MMSLQDQLDQNEWDLEQARRAGNPNAIDLLLDQRNILLADIHNTRTTR,48,hypothetical protein, ,Derived by automated computational analysis using gene prediction method: GeneMarkS-2+.,OG0000591,Cloud,"group_1973, group_2493",Cloud,,Cloud
GCF_011611865.1,G9444_RS12100,MRWRRRKCAENETVTEARLLDEEVDKRLAASRRARPDHERRGQRVQDQMVRNHFGELFRLSMEGR,65,hypothetical protein, ,Derived by automated computational analysis using gene prediction method: GeneMarkS-2+.,OG0000495,Cloud,group_2487,Cloud,Cloud,Cloud
GCF_011611865.1,G9444_RS12235,MATDPAPRSERKKILLRLDPAVHDALARWAADDLRSTNAQIEFLLRRALTEHGRMPKNAGKMHGPGRPPA,70,hypothetical protein, ,Derived by automated computational analysis using gene prediction method: Protein Homology.,OG0000114,Soft core,,,Shell,Shell
GCF_011611865.1,G9444_RS12525,MSDLDSNTPSEPESQSEETKRKFREALERKNHQNAKSTDHRDGQSKVHNTHGPADHKREFRRKSG,65,duf5302 domain-containing protein, ,Derived by automated computational analysis using gene prediction method: Protein Homology.,OG0000031,Conserved,group_2470,Core,Soft core,Soft core
GCF_011611865.1,G9444_RS12610,MAAVCDVCAKGPGFGKSVSHSHRRTNRRWNPNIQSVRTEVAPGNTRKVNVCTSCLKAGKVARG,63,50s ribosomal protein l28, ,Derived by automated computational analysis using gene prediction method: Protein Homology.,OG0000032,Conserved,rpmB,Conserved,Soft core,Soft core
GCF_011611865.1,G9444_RS12650,MAVPKRKMSRSNTRSRRSQWKTTVPTLVTCPNRGCGEQTLPHIACPSCGTYKGRQVTAAV,60,50s ribosomal protein l32, ,Derived by automated computational analysis using gene prediction method: Protein Homology.,OG0000033,Conserved,group_2479,Conserved,Soft core,Soft core
GCF_011611865.1,G9444_RS13515,MKVPAFHSTVPSDLDVYHDNESCILAARIAVSHRAPGVDGRPWCTACASLD,51,hypothetical protein, ,Derived by automated computational analysis using gene prediction method: Protein Homology.,OG0000083,Soft core,group_2187,Soft core,Soft core,Soft core
GCF_011611865.1,G9444_RS13835,MFWKIVLAVVLVWVALAVVGALIKGLFWVLVVGAVGFGIYFLVKAMSGSDDNSPASRF,58,hypothetical protein, ,Derived by automated computational analysis using gene prediction method: Protein Homology.,OG0000034,Conserved,group_2296,Soft core,Soft core,Soft core
GCF_011611865.1,G9444_RS13860,MRLTEFHEMVREEFGQVRGDSMLIDHVLQSLDGMTAAEAVEAGWEPREVWRALCVEFDVPPARR,64,duf3046 domain-containing protein, ,Derived by automated computational analysis using gene prediction method: Protein Homology.,OG0000035,Conserved,group_2481,Conserved,Soft core,Soft core
GCF_011611865.1,G9444_RS14135,MPGTLTSPQLTAADRCDRCGAGARVRAVLPTGGELLFCGHHATEHADRLREMNAVVSESEPAI,63,hypothetical protein, ,Derived by automated computational analysis using gene prediction method: Protein Homology.,OG0000036,Conserved,group_2483,Conserved,Soft core,Soft core
GCF_011611865.1,G9444_RS14505,MKIRFELMIGILLVVGGGCLWLFARDAEFFWFRGGPLGVILAIIGAFDIVNAVRTRETAIPERRND,66,hypothetical protein, ,Derived by automated computational analysis using gene prediction method: Protein Homology.,OG0000101,Soft core,group_2126,Soft core,Soft core,Soft core
GCF_011611865.1,G9444_RS14635,MTLLARFDDRALGPDGAVIYRNRTVLLVRTKWGKIIEQEDYYADTARIGDFDRRLREIEAGRACGTVVE,69,hypothetical protein, ,Derived by automated computational analysis using gene prediction method: Protein Homology.,OG0000308,Cloud,group_2128,Cloud,Cloud,Cloud
GCF_011611865.1,G9444_RS14995,MAGIDSKFDKAYAGKSVEELADAPVAALNGVSDSDAEHLKAAFNIKTVRDLGTNKFFLWAQATAKLAE,68,hypothetical protein, ,Derived by automated computational analysis using gene prediction method: Protein Homology.,OG0000070,Soft core,group_2484,Soft core,Soft core,Soft core
GCF_011611865.1,G9444_RS15670,MSSPQLGREKSFQSCSMFGIDRTLGTARALATEVLRTILNEIEASNWITNKFVPPGGP,58,hypothetical protein, ,Derived by automated computational analysis using gene prediction method: GeneMarkS-2+.,OG0000348,Cloud,group_2038,Cloud,Cloud,Cloud
GCF_011611865.1,G9444_RS15785,MAQEQTQRAGGGEDDETTGGDGSAGQERREKLAAETDDLLDEIDDVLEENAEDFVRAYVQKGGQ,64,ubiquitin-like protein pup, ,Derived by automated computational analysis using gene prediction method: Protein Homology.,OG0000037,Conserved,group_340,Soft core,Soft core,Soft core
GCF_011611865.1,G9444_RS32730,MPSLLSMVGSLPAAVLALVLAAVHQGIALRNKGAIARARSGVRDTQPSE,49,hypothetical protein, ,Derived by automated computational analysis using gene prediction method: GeneMarkS-2+.,OG0000609,Cloud,group_1380,Cloud,Cloud,Cloud
GCF_011611865.1,G9444_RS16305,MAIDSTLLSILACPQDKGPLLLVGDELLYNPRLRRAYPIENGIPVLLIDEARDVADDEHEKLLARAEG,68,trm112 family protein, ,Derived by automated computational analysis using gene prediction method: Protein Homology.,OG0000038,Conserved,group_54,Soft core,Soft core,Soft core
GCF_011611865.1,G9444_RS16400,MPKMKSHSGASKRFKVSGSGKLMRQKAGRRHLLEHKSSRVTRRLDGVAVVSPDDAPRIKRMLGI,64,50s ribosomal protein l35, ,Derived by automated computational analysis using gene prediction method: Protein Homology.,OG0000039,Conserved,group_2130,Soft core,Soft core,Soft core
GCF_011611865.1,G9444_RS32740,MYLSLNFDDYTDTLARLGKHKIGKGCLYVKRLSDVDMTALTELITDSVAAARNMID,56,duf1801 domain-containing protein, ,Derived by automated computational analysis using gene prediction method: GeneMarkS-2+.,OG0000849,Cloud,,,Cloud,Cloud
GCF_011611865.1,G9444_RS16505,MSENHCHDQVLTPLDVEVEFRIPRSTQKKQRALGTFAPHFRVGRRVYYRRSILATWMAEQEQKTAGDHRA,70,dna-binding protein, ,Derived by automated computational analysis using gene prediction method: GeneMarkS-2+.,OG0001419,,,,Cloud,Probably not conserved
GCF_011611865.1,G9444_RS16840,MHVEVDLDLCQGHAACELEAPEIFVVPKRGKVSLLDSDPPESLRGEAEMAVRYCPTGALRIVD,63,ferredoxin, ,Derived by automated computational analysis using gene prediction method: Protein Homology.,OG0000001,Conserved,group_2270,Soft core,Soft core,Soft core
GCF_011611865.1,G9444_RS17040,MSVLFTYLLFIGAGIAVGGAYSMFKVNKLASGILLALAVLAAVAGALRL,49,hypothetical protein, ,Derived by automated computational analysis using gene prediction method: Protein Homology.,OG0000040,Conserved,group_2410,Soft core,Conserved,Soft core
GCF_011611865.1,G9444_RS17270,MNESSSGLFSDLSASEPVVDAKSAEQLAAERETAAAERSNTDTAEQRQSQLFSG,54,hypothetical protein, ,Derived by automated computational analysis using gene prediction method: Protein Homology.,OG0000084,Soft core,group_2262,Soft core,Soft core,Soft core
GCF_011611865.1,G9444_RS33280,MLGIALGLGSAAVGIGLGLLGAGAGILLSDKTVKTARRELTA,42,hypothetical protein, ,Derived by automated computational analysis using gene prediction method: GeneMarkS-2+.,OG0000102,Soft core,group_2160,Soft core,Soft core,Soft core
GCF_011611865.1,G9444_RS17375,MHAEVGDRLHVQGRVVGQAEVTAEVLEVHGEDGGPPYLVRYDNGHEALVFPGSDGWIDHPGKGS,64,duf1918 domain-containing protein, ,Derived by automated computational analysis using gene prediction method: Protein Homology.,OG0000041,Conserved,group_2499,Soft core,Soft core,Soft core
GCF_011611865.1,G9444_RS33285,MTTYRYLDADRNLLEEKDFETEQDAQEYRLSVLGAEHIEPTDE,43,hypothetical protein, ,Derived by automated computational analysis using gene prediction method: Protein Homology.,OG0000054,Core,group_2400,Soft core,Soft core,Soft core
GCF_011611865.1,G9444_RS17615,MIRSHVTDSLDGLPAHTYNTHSNGVWRSATLVADRHTCGRPCPEEGVTSELHHSRSTPEEGRES,64,hypothetical protein, ,Derived by automated computational analysis using gene prediction method: Protein Homology.,OG0000246,Shell,group_360,Shell,Shell,Shell
GCF_011611865.1,G9444_RS32785,MTDSKSSPPASVHPPTWKFDYPIIHAETREQWRTWLTDNHTSGPWSVVVLLAHHHQPTTLPLPSGR,66,hypothetical protein, ,Derived by automated computational analysis using gene prediction method: GeneMarkS-2+.,OG0001420,,group_233,Cloud,,Probably not conserved
GCF_011611865.1,G9444_RS18065,MTDEDRLWYFDVSDGSVTQGKGASSLTRMGPYPDRDSAEHALKIAAERNKAADRADEDWNN,61,hypothetical protein, ,Derived by automated computational analysis using gene prediction method: Protein Homology.,OG0000042,Conserved,group_592,Soft core,Core,Soft core
GCF_011611865.1,G9444_RS18280,MSENIETPWMNVSEAAAYMRRHPVTVRKDLESERLLGYQRKAPNGHWRIHRDDCDRFLRGESN,63,helix-turn-helix domain-containing protein, ,Derived by automated computational analysis using gene prediction method: Protein Homology.,OG0000207,Shell,group_2351,Cloud,Cloud,Cloud
GCF_011611865.1,G9444_RS18315,MKRDRTGELVDDSPGPFHDPRCQSGWLGEDAEGHPRPCLKCRPHLAKPSKVLDTGALYR,59,hypothetical protein, ,Derived by automated computational analysis using gene prediction method: GeneMarkS-2+.,OG0000610,Cloud,group_756,Cloud,,Cloud
GCF_011611865.1,G9444_RS18345,MPISEDYWLSRPDLAGRLKLPVTTLTKWAYEKKGPRYIKVGRHCRYKLSDVIAWEEAQYATVASND,66,helix-turn-helix domain-containing protein, ,Derived by automated computational analysis using gene prediction method: Protein Homology.,OG0000331,Cloud,group_2156,Cloud,Cloud,Cloud
GCF_011611865.1,G9444_RS32800,MKLALTEFKNSKATIRIIMSDGAKLNGTVTDFTEDTLVLNSPNGVYYINPSHIIRLFEPSDRAAK,65,hypothetical protein, ,Derived by automated computational analysis using gene prediction method: GeneMarkS-2+.,OG0000085,Soft core,group_2248,Soft core,Soft core,Soft core
GCF_011611865.1,G9444_RS18530,MTVAGVVSVVLIAVAAALVIYLLVALVDPERF,32,k(+)-transporting atpase subunit f, ,Derived by automated computational analysis using gene prediction method: Protein Homology.,OG0000055,Core,kdpF,Soft core,Soft core,Soft core
GCF_011611865.1,G9444_RS33465,MSEATAPVIRHQLALIAVGMLDVADVACC,29,ms4533a family cys-rich leader peptide, ,Derived by automated computational analysis using gene prediction method: Protein Homology.,OG0000133,Shell,group_1948,Soft core,Shell,Shell
GCF_011611865.1,G9444_RS18675,MDRIADWWDSFELWMAGLPFIPQVALVLIVVVPLCRLVAIGLDRALAAVLALPLFGWLRRNSREVEES,68,hypothetical protein, ,Derived by automated computational analysis using gene prediction method: Protein Homology.,OG0000056,Core,group_2078,Soft core,Soft core,Soft core
GCF_011611865.1,G9444_RS19105,MTRAEGLGILAVVLMAIALVIGIGNGRSGVELGIYVALLVLFIGLNGRLAWKRRHGAA,58,hypothetical protein, ,Derived by automated computational analysis using gene prediction method: GeneMarkS-2+.,OG0000413,Cloud,group_2469,Cloud,Cloud,Cloud
GCF_011611865.1,G9444_RS19125,MVPRLLRSDNTSTTIAAANQVAGGTSSGIFAFAAGDFLTINVTGVGTTPGKGLTAELKGLC,61,hypothetical protein, ,Derived by automated computational analysis using gene prediction method: GeneMarkS-2+.,OG0000850,Cloud,group_618,Cloud,Cloud,Cloud
GCF_011611865.1,G9444_RS19135,MSFLPFPIVIEGIETTGSAAIDGLGRLSVLLYDLLGGTGSATIDAGS,47,hypothetical protein, ,Derived by automated computational analysis using gene prediction method: Protein Homology.,OG0000125,Shell,group_2228,Shell,Shell,Shell
GCF_011611865.1,G9444_RS19145,MYGYLWGALPGPRPVKALLAIVLVVAVVLLLMEFVFPWVSEHMPYSDVTV,50,hypothetical protein, ,Derived by automated computational analysis using gene prediction method: Protein Homology.,OG0000214,Shell,group_1309,Shell,Shell,Shell
GCF_011611865.1,G9444_RS19175,MIAAPTTGALAVVLNTVLQMFNAGSSFLYTDNSPIGGGGETPTTPAP,47,hypothetical protein, ,Derived by automated computational analysis using gene prediction method: Protein Homology.,OG0000086,Soft core,group_2210,Soft core,Soft core,Soft core
GCF_011611865.1,G9444_RS19180,MPTIPLTGDPIVINIIVQLLSAGSSNALALGGVGSSGLGSTGLGSFDSASLGSAA,55,hypothetical protein, ,Derived by automated computational analysis using gene prediction method: Protein Homology.,OG0000087,Soft core,group_1002,Soft core,Soft core,Soft core
GCF_011611865.1,G9444_RS33310,MYIHTCTYDTEDRNMGSINTLSAVIDIIKVVQPLIAKLNLS,41,hypothetical protein, ,Derived by automated computational analysis using gene prediction method: GeneMarkS-2+.,OG0000109,Soft core,group_2041,Soft core,Soft core,Soft core
GCF_011611865.1,G9444_RS33315,MIASKSELAELAVGTGENWVTEMSVEQLDELLRLGDDAVGE,41,hypothetical protein, ,Derived by automated computational analysis using gene prediction method: GeneMarkS-2+.,OG0001421,,group_1847,Cloud,,Probably not conserved
GCF_011611865.1,G9444_RS20020,MGTLQSGINLAAKFSKKAKDGEDSLEKSLTSHIQVVTEMRDFFQQCVDGYGEVDDSNASALASVDTPR,68,hypothetical protein, ,Derived by automated computational analysis using gene prediction method: GeneMarkS-2+.,OG0000123,Soft core,group_2307,Soft core,Soft core,Soft core
GCF_011611865.1,G9444_RS32845,MSAALLTIYVLIWPALVLVVLGVISKGFFKDWAIARRKGEDLV,43,putative transporter small subunit, ,Derived by automated computational analysis using gene prediction method: Protein Homology.,OG0000088,Soft core,group_2364,Soft core,Soft core,Soft core
GCF_011611865.1,G9444_RS20140,MTSPQRTEKQVLQELSQEERRLLRRVLEIEYSKMHLSAALPTDEILAAVKEIIP,54,hypothetical protein, ,Derived by automated computational analysis using gene prediction method: GeneMarkS-2+.,OG0000851,Cloud,group_1083,Cloud,Cloud,Cloud
GCF_011611865.1,G9444_RS32850,MNSIARHKTAMARTALSRPMSFALGTRSWFQGGVSLTMDVVAVVISEA,48,hypothetical protein, ,Derived by automated computational analysis using gene prediction method: GeneMarkS-2+.,OG0001422,,group_1440,Cloud,,Probably not conserved
GCF_011611865.1,G9444_RS20765,MAAMKPRTGDGPLEATKEGRGIVMRVPLEGGGRLVVELTPDEAAALGVELTNVTS,55,duf3117 domain-containing protein, ,Derived by automated computational analysis using gene prediction method: Protein Homology.,OG0000043,Conserved,group_1003,Soft core,Soft core,Soft core
GCF_011611865.1,G9444_RS20870,MTEQDATFDPEAPESDALEQSTPVDPNAPEEPDLTDIPLDAPVADVVDQRVEVAVDDDYRPS,62,hypothetical protein, ,Derived by automated computational analysis using gene prediction method: Protein Homology.,OG0000057,Core,group_2211,Soft core,Soft core,Soft core
GCF_011611865.1,G9444_RS20895,MYNWDLQNQIVAFVDSLRPMAGYYHDLYYGSLYAFADQQSHLLTLLGFPPVP,52,hypothetical protein, ,Derived by automated computational analysis using gene prediction method: Protein Homology.,OG0000058,Core,group_1175,Soft core,Soft core,Soft core
GCF_011611865.1,G9444_RS20915,MGKVKASKVSQLKPKKKCCRKKTRCIKCPVVIMRMKKLENEGASKKELKAGLKKARAA,58,hypothetical protein, ,Derived by automated computational analysis using gene prediction method: Protein Homology.,OG0000044,Conserved,group_2365,Soft core,Soft core,Soft core
GCF_011611865.1,G9444_RS33325,MGSMEGILGAVVQGLGSLFSADGLLKTFMGSVETISKDPTP,41,hypothetical protein, ,Derived by automated computational analysis using gene prediction method: GeneMarkS-2+.,OG0000103,Soft core,group_2051,Soft core,Soft core,Soft core
GCF_011611865.1,G9444_RS21085,MTAKLTTAFRGTLWWVRSVMGDLDYQRYVEHTRRHHADSPVISEREFWRRRHAAADANPGARCC,64,ybdd/yjix family protein, ,Derived by automated computational analysis using gene prediction method: Protein Homology.,OG0000045,Conserved,group_2343,Soft core,Conserved,Soft core
GCF_011611865.1,G9444_RS21335,MSTNSDRRPRLPVRIAYLAAGVLFVAAMLLFASVVNPDRDRDFSMNHVPAGTSTTAFAATSDLG,64,hypothetical protein, ,Derived by automated computational analysis using gene prediction method: Protein Homology.,OG0000104,Soft core,group_2149,Soft core,Soft core,Soft core
GCF_011611865.1,G9444_RS21340,MTAFVLAKGSPMFDFFGAISGFFGLLFGTGSSSGSSGGSSDAPVAPPT,48,hypothetical protein, ,Derived by automated computational analysis using gene prediction method: Protein Homology.,OG0000268,Shell,,,Shell,Shell
GCF_011611865.1,G9444_RS21755,MAEGIVKWFNSEKGFGFIAPEDGSADVFVHYSEIQSGGFRTLEENQRVAFEIGQGNKGPQATGVTIV,67,cold-shock protein, ,Derived by automated computational analysis using gene prediction method: Protein Homology.,OG0000046,Conserved,group_132,Soft core,Soft core,Soft core
GCF_011611865.1,G9444_RS21760,MTTAEYTVSGMTCGHCVGSVKEEIGNIAGVTAVDVELASGRVVVTSDAPVSAADVVAAVDEAGYAVVPS,69,heavy-metal-associated domain-containing protein, ,Derived by automated computational analysis using gene prediction method: Protein Homology.,OG0000006,Conserved,group_2139,Soft core,Soft core,Soft core
GCF_011611865.1,G9444_RS21880,MKHTMSDDELRRAIREIQDRAHDARKRGDDVAAEELDRTVKGYQEQMMQRL,51,hypothetical protein, ,Derived by automated computational analysis using gene prediction method: Protein Homology.,OG0000059,Core,group_2336,Soft core,Soft core,Soft core
GCF_011611865.1,G9444_RS21955,MSEQRDTPKKPSVDKKRLARIFGDVFPETTSDERGPEGSSRSSDDDWLRSQRPPHHGG,58,hypothetical protein, ,Derived by automated computational analysis using gene prediction method: Protein Homology.,OG0000089,Soft core,group_2328,Soft core,Soft core,Soft core
GCF_011611865.1,G9444_RS21985,MAVPKRKMSRSNTRSRRAQWKATAPDLVEVTAFGQTHRVPRRLVKAVRLGVIDPSRI,57,50s ribosomal protein l32, ,Derived by automated computational analysis using gene prediction method: Protein Homology.,OG0000060,Soft core,group_2302,Soft core,Soft core,Soft core
GCF_011611865.1,G9444_RS22005,MARNEIRPIVKLKSTAGTGYTYVTRKNRRSDPDRLVLKKYDPVLRKHVDFREEK,54,50s ribosomal protein l33, ,Derived by automated computational analysis using gene prediction method: Protein Homology.,OG0000047,Conserved,group_2199,Soft core,Soft core,Soft core
GCF_011611865.1,G9444_RS22170,MHLTATTSTTTGAAGNSDPKDAESTLDMSGRPAALRARSAAATRPGGADVTA,52,hypothetical protein, ,Derived by automated computational analysis using gene prediction method: GeneMarkS-2+.,OG0000131,Shell,group_2058,Shell,Shell,Shell
GCF_011611865.1,G9444_RS22635,MGFLDNVKGLVEKGQELAAENSDKVHDAIDKVADIADDKTGNKYGDQIDKAAEAAKKAVPEKQ,63,antitoxin, ,Derived by automated computational analysis using gene prediction method: Protein Homology.,OG0000010,Conserved,group_425,Soft core,Soft core,Soft core
GCF_011611865.1,G9444_RS23175,MANNSKQHYVDPGWPETADGDHAVTELSSTRAGGLSPFGEDTTFPVPVESLPYVHPHTVINR,62,hypothetical protein, ,Derived by automated computational analysis using gene prediction method: Protein Homology.,OG0000048,Conserved,group_501,Soft core,Soft core,Soft core
GCF_011611865.1,G9444_RS33335,MADKAPGKNMKKPAQSIKERRAEKRAKTAESSEFIRKRKRS,41,hypothetical protein, ,Derived by automated computational analysis using gene prediction method: Protein Homology.,OG0000004,Core,group_2142,Soft core,Soft core,Soft core
GCF_011611865.1,G9444_RS24120,MGRGRAKAKQTKVARELKYSVPTTDFDSLQRELAGGSTNSHRSSVRSDQTSDREGHAREDDYDDWRR,67,duf3073 domain-containing protein, ,Derived by automated computational analysis using gene prediction method: Protein Homology.,OG0000049,Conserved,group_133,Soft core,Soft core,Soft core
GCF_011611865.1,G9444_RS24300,MRNNLQELRTAAGLSQQACADALGITRQTVISIEKGHFDPRLSLAFRIAEYFDKRVDDIFSS,62,helix-turn-helix transcriptional regulator, ,Derived by automated computational analysis using gene prediction method: Protein Homology.,OG0000105,Soft core,group_502,Soft core,Soft core,Soft core
GCF_011611865.1,G9444_RS24435,MTSPMNTRKLTRARSGAMFGGVCAGIARYFGWKSSTVRLLFVLSCLLPGPQFLIYIVMWIFIPREQI,67,pspc domain-containing protein, ,Derived by automated computational analysis using gene prediction method: Protein Homology.,OG0000106,Soft core,group_134,Soft core,Soft core,Soft core
GCF_011611865.1,G9444_RS32935,MAEGERPPGVLDDSTYQSPDGLRKFGRTKSEVWFRNKKAYNASRIDDAAVEAANG,55,hypothetical protein, ,Derived by automated computational analysis using gene prediction method: GeneMarkS-2+.,OG0000185,Shell,group_2143,Shell,Shell,Shell
GCF_011611865.1,G9444_RS32955,MTVLCRAGKLQAGVLVADDDQGWASPFRSIAPTKMALLARALQDGLIAIDEL,52,hypothetical protein, ,Derived by automated computational analysis using gene prediction method: Protein Homology.,OG0000156,Shell,group_2040,Shell,Shell,Shell
GCF_011611865.1,G9444_RS25315,MSDWVKKVEAEAKGLLAEAEEELTVLEGVDTIDPLADDDPAPEDGTKPTSD,51,hypothetical protein, ,Derived by automated computational analysis using gene prediction method: Protein Homology.,OG0000090,Soft core,group_2192,Soft core,Soft core,Soft core
GCF_011611865.1,G9444_RS25520,MAATTPVSGYVIVPHRSDVDAVGNREVEVDELPEQYSKPGTPPITGGPTVPS,52,hypothetical protein, ,Derived by automated computational analysis using gene prediction method: GeneMarkS-2+.,OG0000204,Shell,group_2298,Shell,Shell,Shell
GCF_011611865.1,G9444_RS25525,MQFPSCAVVPFTTPGGTGRAILTSEGVTVIESPPGTLTDRGVGDGSTVAQIESVYGNDHSTRTIQTESGQ,70,hypothetical protein, ,Derived by automated computational analysis using gene prediction method: GeneMarkS-2+.,OG0001423,,,,,Probably not conserved
GCF_011611865.1,G9444_RS26295,MAQGIVKWFNGEKGFGFIAPDDGTPDVFVHYSEISGNGYKSLDENQRVEFEVGQGQKGPQATNVRAV,67,cold-shock protein, ,Derived by automated computational analysis using gene prediction method: Protein Homology.,OG0000003,Conserved,group_1991,Soft core,Soft core,Soft core
GCF_011611865.1,G9444_RS32965,MTDFDFHSVWTLPASADRVYEVLADAEQYSQWWPQIRRVGTIDEHSGSMSIRSAVL,56,srpbcc family protein, ,Derived by automated computational analysis using gene prediction method: Protein Homology.,OG0001424,,group_948,Cloud,,Probably not conserved
GCF_011611865.1,G9444_RS26445,MTITDADVPGLAVTARGRTPSAARVLATDAAEALCSMFEEANAMTSGGFTFTVVPPGN,58,hypothetical protein, ,Derived by automated computational analysis using gene prediction method: GeneMarkS-2+.,OG0000262,Shell,group_2251,Shell,Shell,Shell
GCF_011611865.1,G9444_RS26455,MGSINAFNEWVNQATYAGDPFATAIAIVQFFAVSLVNLFTGGPIL,45,hypothetical protein, ,Derived by automated computational analysis using gene prediction method: GeneMarkS-2+.,OG0000137,Shell,group_2383,Shell,Shell,Shell
GCF_011611865.1,G9444_RS26480,MKKTDFAPISCIHRWEIESRHRTSEGTVTYLRCHCGSWQTLLAEWVSGGAGSAVAAPIKVRSR,63,hypothetical protein, ,Derived by automated computational analysis using gene prediction method: GeneMarkS-2+.,OG0000116,Soft core,group_2290,Soft core,Soft core,Soft core
GCF_011611865.1,G9444_RS26520,MPTVIRTVHDLVRHARGPTHHHHHQSVHEARRMRAHHILVTHSLA,45,hypothetical protein, ,Derived by automated computational analysis using gene prediction method: GeneMarkS-2+.,OG0000112,Soft core,group_2176,Soft core,Soft core,Soft core
GCF_011611865.1,G9444_RS26725,MVGTPVIVTIVSVCVGFVIFMLAASGARGKWDRRLVIALFIGAVVCLTVVPVSVALSAGV,60,hypothetical protein, ,Derived by automated computational analysis using gene prediction method: Protein Homology.,OG0000091,Soft core,group_2382,Soft core,Soft core,Soft core
GCF_011611865.1,G9444_RS26830,MNETQPHNLERERWRTLPTPPSTELIEMVGDGPSSADFDPAAPVTQQG,48,hypothetical protein, ,Derived by automated computational analysis using gene prediction method: Protein Homology.,OG0000128,Shell,group_2355,Shell,Shell,Shell
GCF_011611865.1,G9444_RS32985,MNLQDAQDTIQSAGVFFSRSADATGAGRRQLVDSNWIVVDQTPSAGSPFGEIEAVLSAVKIGEPNPC,67,calcium-binding protein, ,Derived by automated computational analysis using gene prediction method: Protein Homology.,OG0000253,Shell,group_160,Cloud,,Cloud
GCF_011611865.1,G9444_RS27325,MTEPDPGTVETDFPKTGAPAQRALIAAGYTHLAQLTSVSEKELGALHGMGPKALRILREALAERGLSFAD,70,hypothetical protein, ,Derived by automated computational analysis using gene prediction method: Protein Homology.,OG0000050,Conserved,,,Soft core,Soft core
GCF_011611865.1,G9444_RS33005,MLGNVKCSHPSGYLHGEVLAVDAAMNLITAKVDDFENVREGVPGSSLVGGGYVPL,55,hypothetical protein, ,Derived by automated computational analysis using gene prediction method: GeneMarkS-2+.,OG0000198,Shell,group_2094,Shell,Shell,Shell
GCF_011611865.1,G9444_RS33350,MGSSDTDLKALDSVITVAGALATIFGGIAGVAGLATFLGTGGGS,44,hypothetical protein, ,Derived by automated computational analysis using gene prediction method: GeneMarkS-2+.,OG0000065,Soft core,group_2088,Shell,Shell,Shell
GCF_011611865.1,G9444_RS27985,MTKESETVAPAADRSHIVVVLVALIMISAVGVLFGRRKR,39,lpxtg cell wall anchor domain-containing protein, ,Derived by automated computational analysis using gene prediction method: GeneMarkS-2+.,OG0000281,Shell,group_2086,Shell,Shell,Shell
GCF_011611865.1,G9444_RS28080,MNAPTRYQFLIDGEVSDRVKAAFPELSVASAAGGFTSLYGPVADHTAMRSIMARLDSLGLTVAEMRRLPD,70,hypothetical protein, ,Derived by automated computational analysis using gene prediction method: Protein Homology.,OG0000092,Soft core,,,Soft core,Soft core
GCF_011611865.1,G9444_RS28090,MHDRFTVTAPFGALGHLALRLAVGPYLRRLLEQRAAHIKGRAEVGTPFIE,50,hypothetical protein, ,Derived by automated computational analysis using gene prediction method: Protein Homology.,OG0000261,Shell,group_2085,Shell,Shell,Shell
GCF_011611865.1,G9444_RS33365,MSVVLISLLVAAGLTVLATSDGAGLDFGSRQLNRQLKTRTHR,42,hypothetical protein, ,Derived by automated computational analysis using gene prediction method: GeneMarkS-2+.,OG0000107,Soft core,group_1760,Soft core,Soft core,Soft core
GCF_011611865.1,G9444_RS28495,MKIVVLSFLVALTLMTVGIIAARNRSTRPAVTGAVTAASTVLAAAWTLFAVAFVLA,56,hypothetical protein, ,Derived by automated computational analysis using gene prediction method: Protein Homology.,OG0000110,Soft core,group_2239,Soft core,Soft core,Soft core
GCF_011611865.1,G9444_RS29485,MRRASRAQRMELIAGFISVFALMALIGAVVAIVKGDPGVMPSLVLLGCVVALGLAFRGYRNAVRAERRE,69,hypothetical protein, ,Derived by automated computational analysis using gene prediction method: Protein Homology.,OG0000051,Conserved,group_2375,Soft core,Shell,Shell
GCF_011611865.1,G9444_RS29605,MNDDEHDAWQLHDHGASWEDIGIEMGCSPTAAQTLAAAYEKRTDSAAALTQNALF,55,hypothetical protein, ,Derived by automated computational analysis using gene prediction method: Protein Homology.,OG0000063,Soft core,group_2374,Cloud,Cloud,Cloud
GCF_011611865.1,G9444_RS29950,MTDSTPSSASRVTDAQIKAARAKLIIDGKLKRPSKPEIEKLAALKTTSERRPIAN,55,hypothetical protein, ,Derived by automated computational analysis using gene prediction method: Protein Homology.,OG0000229,Shell,group_1028,Cloud,Cloud,Cloud
GCF_011611865.1,G9444_RS33385,MTDARINAARTKLIIDKKLKRTSKPEIEKLAALKTTSERRPIAN,44,hypothetical protein, ,Derived by automated computational analysis using gene prediction method: Protein Homology.,OG0000229,Shell,group_2517,Cloud,Cloud,Cloud
GCF_011611865.1,G9444_RS33390,MTERRDVRDYLAALTDGELDELLAEIATDSTDHTTESEPK,40,hypothetical protein, ,Derived by automated computational analysis using gene prediction method: GeneMarkS-2+.,OG0001425,,group_1886,Cloud,,Probably not conserved
GCF_011611865.1,G9444_RS30495,MTSRADVVEFLATLDEDELNQVIADSRDVTEEKPTKPAPEATSYPTSWRTQ,51,hypothetical protein, ,Derived by automated computational analysis using gene prediction method: GeneMarkS-2+.,OG0000328,Cloud,group_1259,Cloud,,Cloud
GCF_011611865.1,G9444_RS30510,MNLMMGIFETTTVVPAASQARDTAAEFVLNECYLPRAFAQFISQLPD,47,hypothetical protein, ,Derived by automated computational analysis using gene prediction method: GeneMarkS-2+.,OG0001426,,group_1499,Cloud,,Probably not conserved
GCF_011611865.1,G9444_RS30600,MAKGKRTFQPNNRRRARVHGFRLRMRTRAGRAIVSARRRKGRDSLTA,47,50s ribosomal protein l34, ,Derived by automated computational analysis using gene prediction method: Protein Homology.,OG0000052,Conserved,rpmH,Conserved,,Conserved
GCF_011611865.1,G9444_RS30800,MKLMGAAKALVDKGKEAASKNADKIENAIDKTAASAEARTGGKLTSQIQKAALAAKRAIPPKK,63,antitoxin, ,Derived by automated computational analysis using gene prediction method: Protein Homology.,OG0000218,Shell,group_2424,Shell,Cloud,Shell
GCF_011611865.1,G9444_RS31045,MRSTAGRVLRIVVGIALITLAFSVGGAVGILAGVIGAVFVLTGVVNVCLLGPLFSVELRGRPKAS,65,duf2892 domain-containing protein, ,Derived by automated computational analysis using gene prediction method: Protein Homology.,OG0000508,Cloud,group_300,Cloud,Cloud,Cloud
GCF_011611865.1,G9444_RS31235,MGYAEIGGDPGYGRAVGIAVQRDAVELYWHGPVHWGHASDAVADIATETGVEE,53,hypothetical protein, ,Derived by automated computational analysis using gene prediction method: GeneMarkS-2+.,OG0000509,Cloud,group_1137,Cloud,Cloud,Cloud
GCF_011611865.1,G9444_RS31300,MDTDAAQELKELRGQQGKLKRLLADAELEKDALREVAKDAPIDVKGSVRGSHVGVRWRLLGRGSASGSG,69,hypothetical protein, ,Derived by automated computational analysis using gene prediction method: GeneMarkS-2+.,OG0000358,Cloud,group_2103,Cloud,Cloud,Cloud
GCF_011611865.1,G9444_RS31355,MTRFVLSESESGVDAGVALGVLPARAAAYLLASGWSADMEGGGVTVGAALERCAES,56,hypothetical protein, ,Derived by automated computational analysis using gene prediction method: GeneMarkS-2+.,OG0000503,Cloud,group_945,Cloud,Cloud,Cloud
GCF_011611865.1,G9444_RS31370,MNSVSGDLLRYAQQVLTGTSHAPDQVASVVAGTGEDAAARALRAGWECAANPVVLACEQAEDVS,64,hypothetical protein, ,Derived by automated computational analysis using gene prediction method: Protein Homology.,OG0000134,Shell,group_2356,Shell,Cloud,Shell
GCF_011611865.1,G9444_RS31385,MQVGDHVRIHTTGTSVFSIIEIDEAAGKAIVESVTDAPGKYPWPTDLTNLVAARNPQD,58,hypothetical protein, ,Derived by automated computational analysis using gene prediction method: Protein Homology.,OG0000072,Soft core,group_2154,Cloud,Cloud,Cloud
GCF_011611865.1,G9444_RS31495,MSKDQTSRRHRPDLTFHPDILGIPAQFRVVDTRRAEEAGPDTAGDAVRDIGVQEN,55,hypothetical protein, ,Derived by automated computational analysis using gene prediction method: GeneMarkS-2+.,OG0000217,Shell,group_2236,Cloud,Cloud,Cloud
GCF_011611865.1,G9444_RS33095,MFADDGSGNPIWIAADGSVRLVDHDNANTVVRLAASFRTLLEENVDD,47,hypothetical protein, ,Derived by automated computational analysis using gene prediction method: GeneMarkS-2+.,OG0000611,Cloud,group_1500,Cloud,Cloud,Cloud
GCF_011611865.1,G9444_RS33400,MSLTSSAIEARVSAVLSEFLIDDQAGASPAGATDVSWPAKNIPS,44,hypothetical protein, ,Derived by automated computational analysis using gene prediction method: GeneMarkS-2+.,OG0000235,Shell,group_2407,Cloud,Cloud,Cloud
GCF_011611865.1,G9444_RS31875,MLTQDITPELQEAVDRFDDVFDFHYPHLRVPGTVGVVREGCTVKALDAATDLFIDSLPVSVIL,63,hypothetical protein, ,Derived by automated computational analysis using gene prediction method: GeneMarkS-2+.,OG0000817,Cloud,,,,Probably not conserved
GCF_011611865.1,G9444_RS31890,MGEGVASFCLAGRFVDLDDAWLQPAHASGFTAAVSEFDGDVWVFVPEVSPWVVVGHVGSVR,61,hypothetical protein, ,Derived by automated computational analysis using gene prediction method: GeneMarkS-2+.,OG0001427,,,,,Probably not conserved
GCF_011611865.1,G9444_RS33110,MAVTAKLYGLALQSAFNKEIDWDTDVIKVMLCTSAYTPIRTRTNTSLR,48,hypothetical protein, ,Derived by automated computational analysis using gene prediction method: GeneMarkS-2+.,OG0001428,,,,,Probably not conserved
GCF_011611865.1,G9444_RS32000,MAVDRRRRPTTRTRRVGFIRNGGSIQRAEDLTIAEYAALPAKDPATLYITFES,53,hypothetical protein, ,Derived by automated computational analysis using gene prediction method: GeneMarkS-2+.,OG0001429,,,,,Probably not conserved
GCF_011611865.1,G9444_RS32065,MQLISTDPDYSGYVDEVRRYRTDAAGVLYAAVVLVANGRWYSGMAAVDVRADLLHTVRAA,60,hypothetical protein, ,Derived by automated computational analysis using gene prediction method: GeneMarkS-2+.,OG0000796,Cloud,,,,Probably not conserved
GCF_011611865.1,G9444_RS32070,MSEDGMFVSENTTGDAVERAYRAAIKDGLLEEHAYAVIRNALLSSRRDDLISERQWRALQLRLEGL,66,hypothetical protein, ,Derived by automated computational analysis using gene prediction method: GeneMarkS-2+.,OG0000797,Cloud,,,,Probably not conserved
GCF_011611865.1,G9444_RS32120,MTTKSARRKSDPRSLAVRTAAAQAAVKASEKTGRAVDARVKKLAESAGNTKSAR,54,hypothetical protein, ,Derived by automated computational analysis using gene prediction method: Protein Homology.,OG0000852,Cloud,,,Cloud,Cloud
GCF_015034605.1,IM699_RS00070,MAQEQTQRAGGGEDDETTGGDGSAGQERREKLAAETDDLLDEIDDVLEENAEDFVRAYVQKGGQ,64,ubiquitin-like protein pup, ,Derived by automated computational analysis using gene prediction method: Protein Homology.,OG0000037,Conserved,group_340,Soft core,Soft core,Soft core
GCF_015034605.1,IM699_RS31520,MFGIDRILGTARALATEVLRTILDEIEASNWITNKFVPPGGP,42,hypothetical protein, ,Derived by automated computational analysis using gene prediction method: GeneMarkS-2+.,OG0000348,Cloud,group_2038,Cloud,Cloud,Cloud
GCF_015034605.1,IM699_RS00865,MAGIDSKFDKAYAGKSVEELADAPVAALNGVSDSDAEHLKAAFNIKTVRDLGTNKFFLWAQATAKLAE,68,hypothetical protein, ,Derived by automated computational analysis using gene prediction method: Protein Homology.,OG0000070,Soft core,group_2484,Soft core,Soft core,Soft core
GCF_015034605.1,IM699_RS01340,MKIRFELMIGILLVVGGGCLWLFARDAEFFWFRGGPLGVILAIIGAFDIVNAVRTRETAIPERRND,66,hypothetical protein, ,Derived by automated computational analysis using gene prediction method: Protein Homology.,OG0000101,Soft core,group_2126,Soft core,Soft core,Soft core
GCF_015034605.1,IM699_RS01705,MPGTLTSPQLTAADRCDRCGAGARVRAVLPTGGELLFCGHHATEHADRLREMNAVVSESEPAI,63,hypothetical protein, ,Derived by automated computational analysis using gene prediction method: Protein Homology.,OG0000036,Conserved,group_2483,Conserved,Soft core,Soft core
GCF_015034605.1,IM699_RS01980,MRLTEFHEMVREEFGQVRGDSMLIDHVLQSLDGMTAAEAVEAGWEPREVWRALCVEFDVPPARR,64,duf3046 domain-containing protein, ,Derived by automated computational analysis using gene prediction method: Protein Homology.,OG0000035,Conserved,group_2481,Conserved,Soft core,Soft core
GCF_015034605.1,IM699_RS02005,MFWKIVLAVVLVWVALAVVGALIKGLFWVLVVGAVGFGIYFLVKAMSGSDDNSPASRF,58,hypothetical protein, ,Derived by automated computational analysis using gene prediction method: Protein Homology.,OG0000034,Conserved,group_2296,Soft core,Soft core,Soft core
GCF_015034605.1,IM699_RS02325,MKVPAFHSTVPSDLDVYHDNESCILAARIAVSHRAPGVDGRPWCTACASLD,51,hypothetical protein, ,Derived by automated computational analysis using gene prediction method: Protein Homology.,OG0000083,Soft core,group_2187,Soft core,Soft core,Soft core
GCF_015034605.1,IM699_RS02355,MQLLDSEVVRRRAVTAAAAAAVCRSSGLGVVDGDAVTGKSFFLQDGGWPGT,51,hypothetical protein, ,Derived by automated computational analysis using gene prediction method: GeneMarkS-2+.,OG0000147,Shell,group_2063,Shell,Shell,Shell
GCF_015034605.1,IM699_RS03205,MAVPKRKMSRSNTRSRRSQWKTTVPTLVTCPNRGCGEQTLPHIACPSCGTYKGRQVTAAV,60,50s ribosomal protein l32, ,Derived by automated computational analysis using gene prediction method: Protein Homology.,OG0000033,Conserved,group_2479,Conserved,Soft core,Soft core
GCF_015034605.1,IM699_RS03245,MAAVCDVCAKGPGFGKSVSHSHRRTNRRWNPNIQSVRTEVAPGNTRKVNVCTSCLKAGKVARG,63,50s ribosomal protein l28, ,Derived by automated computational analysis using gene prediction method: Protein Homology.,OG0000032,Conserved,rpmB,Conserved,Soft core,Soft core
GCF_015034605.1,IM699_RS03330,MSDLDSNTPSEPESQSEETKRKFREALERKNHQNAKSTDHRDGQSKVHNTHGPADHKREFRRKSG,65,duf5302 domain-containing protein, ,Derived by automated computational analysis using gene prediction method: Protein Homology.,OG0000031,Conserved,group_2470,Core,Soft core,Soft core
GCF_015034605.1,IM699_RS03610,MATDPAPRSERKKILLRLDPAVHDALARWAADDLRSTNAQIEFLLRRALTEHGRMPKNAGKMHGPGRPPA,70,hypothetical protein, ,Derived by automated computational analysis using gene prediction method: Protein Homology.,OG0000114,Soft core,,,Soft core,Soft core
GCF_015034605.1,IM699_RS04290,MNDYKLYQCAQCGFEYDEAVGWPEDGIEPGTRWDDIPEDWSCPDCGAAKSDFFMVEVERR,60,rubredoxin, ,Derived by automated computational analysis using gene prediction method: Protein Homology.,OG0000007,Conserved,group_2155,Soft core,Soft core,Soft core
GCF_015034605.1,IM699_RS04295,MSSYRCPVCEYVYDESKGAPREGFPAGTPWDAVPDDWCCPDCGVREKLDFEPMPATAGSES,61,rubredoxin, ,Derived by automated computational analysis using gene prediction method: Protein Homology.,OG0000053,Core,group_2279,Soft core,Soft core,Soft core
GCF_015034605.1,IM699_RS31530,MTIFEWILAIPALALAVAFLFSGIISAGIDFDTEDGVMTH,40,hypothetical protein, ,Derived by automated computational analysis using gene prediction method: GeneMarkS-2+.,OG0000082,Soft core,group_2186,Soft core,Soft core,Soft core
GCF_015034605.1,IM699_RS05590,MKVQPSVKKICEKCKVIRRNGRVMVICENLRHKQRQG,37,50s ribosomal protein l36, ,Derived by automated computational analysis using gene prediction method: Protein Homology.,OG0000030,Conserved,rpmJ,Conserved,Soft core,Soft core
GCF_015034605.1,IM699_RS05620,MADLKVTQIKSIIGTKQNQKDSLRTLGLKGIRQTVVREDNAQNRGLINVVRHLVTVEEV,59,50s ribosomal protein l30, ,Derived by automated computational analysis using gene prediction method: Protein Homology.,OG0000029,Conserved,rpmD,Conserved,Soft core,Soft core
GCF_015034605.1,IM699_RS05645,MAKKALVNKANKKPKFAVRAYTRCQRCGRPHSVFRKFGLCRICVREMAHAGELPGVRKSSW,61,type z 30s ribosomal protein s14, ,Derived by automated computational analysis using gene prediction method: Protein Homology.,OG0000028,Conserved,group_2294,Conserved,Soft core,Soft core
GCF_015034605.1,IM699_RS06035,MSDRDNKALENDLVEESLVEEVSIDGMCGVY,31,mycofactocin precursor mfta, ,"Mycofactocin is a small molecule electron carrier derived from the final two amino acids, Val-Tyr, of MftA, the mycofactocin precursor. It plays a role in redox homeostasis and the metabolism of alcohols and aldehydes in Actinobacteria, including Mycobacterium tuberculosis; Derived by automated computational analysis using gene prediction method: Protein Homology.",OG0000009,Conserved,group_2326,Conserved,Soft core,Soft core
GCF_015034605.1,IM699_RS06050,MTEPVKGPASYFPSIEKKYGRPIGEWQELIRSSDLTKHMELVNWLKSEHGMGHGHANALVAHTLKEG,67,duf4287 domain-containing protein, ,Derived by automated computational analysis using gene prediction method: Protein Homology.,OG0000027,Conserved,group_2329,Soft core,Soft core,Soft core
GCF_015034605.1,IM699_RS06055,MRLSTRNQLTGTITEVNLGTVMATVKVKLDGGNQIVTSSITRDAALDLDLEPGQAATVFVKSTEVTIGVE,70,tobe domain-containing protein, ,Derived by automated computational analysis using gene prediction method: Protein Homology.,OG0000064,Soft core,,,Soft core,Soft core
GCF_015034605.1,IM699_RS06175,MNSTTVGLLVGLLLALAGIMGGFSGFVFAVLLGAAGMAIGAHRDGHLDLGAILRSRGRG,59,hypothetical protein, ,Derived by automated computational analysis using gene prediction method: Protein Homology.,OG0000026,Conserved,group_2303,Conserved,Soft core,Soft core
GCF_015034605.1,IM699_RS06320,MAGKKLDRTNARTALEVVRESPTIAFITVAPAVVVFGVVWWLFGFWAAILLALVFGVAAVATQKLR,66,hypothetical protein, ,Derived by automated computational analysis using gene prediction method: Protein Homology.,OG0000025,Conserved,group_2209,Conserved,Soft core,Soft core
GCF_015034605.1,IM699_RS06455,MASSTDVRPKITLACEVCKHRNYITKKNRRNDPDRLELKKFCPNCGTHQSHRESK,55,50s ribosomal protein l33, ,Derived by automated computational analysis using gene prediction method: Protein Homology.,OG0000024,Conserved,rpmG,Conserved,Soft core,Soft core
GCF_015034605.1,IM699_RS06660,MSAPTFNTAADALMTPGQVAALFHVDPKTVTRWAHAGRLGSLRTPGGHRRFRETEVMQLLRSLTTEADNN,70,bldc family transcriptional regulator, ,Derived by automated computational analysis using gene prediction method: Protein Homology.,OG0000068,Soft core,,,Soft core,Soft core
GCF_015034605.1,IM699_RS06665,MLYLLALVGLVTLIVLMWKAFGPDPSTRTPVSGVRGPDDDPEFLWNVNQQTRRKRTEGPDVPPTDAST,68,hypothetical protein, ,Derived by automated computational analysis using gene prediction method: Protein Homology.,OG0000023,Conserved,group_2362,Soft core,Conserved,Soft core
GCF_015034605.1,IM699_RS06795,MSSQEALRTESTHDAPLRQRGSRTEVILFAILGASVLVTLLMLMIPGIVSG,51,hypothetical protein, ,Derived by automated computational analysis using gene prediction method: Protein Homology.,OG0000100,Soft core,group_1231,Soft core,Soft core,Soft core
GCF_015034605.1,IM699_RS06850,MGSVIKKRRKRMSKKKHRKLLRRTRVQRRKLGK,33,aurkaip1/cox24 domain-containing protein, ,Derived by automated computational analysis using gene prediction method: Protein Homology.,OG0000022,Conserved,group_1939,Conserved,Conserved,Conserved
GCF_015034605.1,IM699_RS06855,MGSSHDGKPAVAGTQFLTVAEVATLMRVSKMTVYRLVHSGELPAVRVGRSFRVHAKAVHDYLETSYFDAG,70,helix-turn-helix domain-containing protein, ,Derived by automated computational analysis using gene prediction method: Protein Homology.,OG0000071,Soft core,,,Soft core,Soft core
GCF_015034605.1,IM699_RS31565,MSADDDLSSEDLTAWLQSRGVTREYIPEYVMTVAELPMAAGGKVAKGEVKALAQRRIAELG,61,hypothetical protein, ,Derived by automated computational analysis using gene prediction method: GeneMarkS-2+.,OG0001430,,group_619,Cloud,,Probably not conserved
GCF_015034605.1,IM699_RS07365,MTFESNTPRPFTRSNDKKMFAGVCGGIADYFGADVNLVRLLAVIAAICTGGTAALVYLAAWMLMPLG,67,pspc domain-containing protein, ,Derived by automated computational analysis using gene prediction method: Protein Homology.,OG0000021,Conserved,group_2380,Conserved,Soft core,Soft core
GCF_015034605.1,IM699_RS07450,MDEGTWTRGRAWALSIALVALPYYRDTNEQITAWAKHAIAQVVDDVHTEL,50,hypothetical protein, ,Derived by automated computational analysis using gene prediction method: Protein Homology.,OG0000155,Shell,group_2238,Shell,Shell,Shell
GCF_015034605.1,IM699_RS31570,MGSLDTGSLSTESLEDLNLGKISELLKLGITAVSFITALNSLS,43,hypothetical protein, ,Derived by automated computational analysis using gene prediction method: GeneMarkS-2+.,OG0000067,Soft core,group_2503,Soft core,Soft core,Soft core
GCF_015034605.1,IM699_RS07820,MFGSLSTLGPLLTALGAFLKSVPTESLSGKGEGSSTGSLSGLSSGSAE,48,hypothetical protein, ,Derived by automated computational analysis using gene prediction method: Protein Homology.,OG0000081,Soft core,group_2510,Soft core,Soft core,Soft core
GCF_015034605.1,IM699_RS31575,MGSFEDFSGVVKTFIPVLKDLFTALGGGSLTPGTGSAADK,40,hypothetical protein, ,Derived by automated computational analysis using gene prediction method: GeneMarkS-2+.,OG0000108,Soft core,group_2511,Soft core,Soft core,Soft core
GCF_015034605.1,IM699_RS31580,MGSLGNLLKANGMGWGILQLLPLVNMLKTLQGLDTASSNS,40,hypothetical protein, ,Derived by automated computational analysis using gene prediction method: GeneMarkS-2+.,OG0000080,Soft core,group_2512,Soft core,Soft core,Soft core
GCF_015034605.1,IM699_RS08145,MSKEVSAGLAVGAMVLVAGLIWTGFPLDMYSIVAVIFAMCGGFITWIYVRANEESTGGAATKERSQ,66,hypothetical protein, ,Derived by automated computational analysis using gene prediction method: Protein Homology.,OG0000144,Shell,group_2282,Shell,Shell,Shell
GCF_015034605.1,IM699_RS08550,MSDFIDKAKHRAEDLIGEAKEKFGNATGNDDLAAEGVADQGEAKVKKAGDTVSDKVSDIKDKFTS,65,csbd family protein, ,Derived by automated computational analysis using gene prediction method: Protein Homology.,OG0000074,Soft core,group_2191,Soft core,Soft core,Soft core
GCF_015034605.1,IM699_RS08575,MTTSTVGLLAGLLLGVAAAAGGFTGFLIALVLGVIGYLVGGQRDGEFDLGVMLKGRGRG,59,hypothetical protein, ,Derived by automated computational analysis using gene prediction method: Protein Homology.,OG0000099,Soft core,group_732,Soft core,Soft core,Soft core
GCF_015034605.1,IM699_RS08580,MGGSADALNRALERVDRDFASPIGVVVRTSLRGTMRQIAKPVRAQYTRVRARFPGAKTYTEI,62,hypothetical protein, ,Derived by automated computational analysis using gene prediction method: GeneMarkS-2+.,OG0000115,Soft core,group_2190,Soft core,Soft core,Soft core
GCF_015034605.1,IM699_RS08610,MSEQNSTDRTDQTDEPQTTGTDHGPGTGSDTAPKDVQTDPSGERTWADEGGASSTGPATDTD,62,pi-type proteinase, ,Derived by automated computational analysis using gene prediction method: Protein Homology.,OG0000020,Core,group_2297,Soft core,Soft core,Soft core
GCF_015034605.1,IM699_RS08635,MTTIDIPPTQGESTTGIGITVASATLTTEEVKRRIAMMYGDPVTEEPVALAH,52,hypothetical protein, ,Derived by automated computational analysis using gene prediction method: Protein Homology.,OG0000002,Conserved,group_2274,Soft core,Soft core,Soft core
GCF_015034605.1,IM699_RS31600,MSADSRGTSTQTRREYQMFVLQQRLLFGSIVAGTALGVLAINYF,44,hypothetical protein, ,Derived by automated computational analysis using gene prediction method: GeneMarkS-2+.,OG0000122,Soft core,group_2138,Soft core,Soft core,Soft core
GCF_015034605.1,IM699_RS08690,MAQGSVKWFNGEKGFGFIEQEGGGPDVFVHYSEIQGSGYKSLDEGQKVEFEIGQGQKGPQAQNVRAI,67,cold-shock protein, ,Derived by automated computational analysis using gene prediction method: Protein Homology.,OG0000069,Soft core,group_130,Soft core,Soft core,Soft core
GCF_015034605.1,IM699_RS08735,MGALSPTHWAIVAVVLVVLFGSKKLPDAARGLGRSMRILKSEVGELQSDTDLALEQRD,58,sec-independent protein translocase subunit tata, ,Derived by automated computational analysis using gene prediction method: Protein Homology.,OG0000019,Conserved,tatA,Soft core,Soft core,Soft core
GCF_015034605.1,IM699_RS08765,MWWIVGGVLLVWVVCSIPIAILVGRGIARRDRAEFDGRNQQWADEVVRSIEKQSEQDNADRRKPPLIS,68,hypothetical protein, ,Derived by automated computational analysis using gene prediction method: Protein Homology.,OG0000079,Soft core,group_2275,Shell,Shell,Shell
GCF_015034605.1,IM699_RS08785,MEHVGNEIAESGTDDVGLRALPIGAFIAEADGTAWMQTSYDFQIPGRCAQALSFFGTMEPPI,62,hypothetical protein, ,Derived by automated computational analysis using gene prediction method: GeneMarkS-2+.,OG0000612,Cloud,group_2099,Cloud,Cloud,Cloud
GCF_015034605.1,IM699_RS08835,MLAPIMAPAAALAEPVVWNEDPQRQGWWKRILAATPPENPTNEEFQP,47,hypothetical protein, ,Derived by automated computational analysis using gene prediction method: Protein Homology.,OG0000118,Soft core,group_2222,Soft core,Soft core,Soft core
GCF_015034605.1,IM699_RS09120,MIVLGIILALIGFFTGLSILTTVGIILVVVGAVLSILGATGRAVGGRKVWY,51,duf6131 family protein, ,Derived by automated computational analysis using gene prediction method: Protein Homology.,OG0000000,Conserved,group_1230,Soft core,Soft core,Soft core
GCF_015034605.1,IM699_RS09140,MSIRRCSLASGRALRTARFGVATFRRGRKAIDRRPSGLVWIERALAAPAGSV,52,hypothetical protein, ,Derived by automated computational analysis using gene prediction method: GeneMarkS-2+.,OG0000142,Shell,group_2080,Shell,Shell,Shell
GCF_015034605.1,IM699_RS09225,MTDKDDNDQSPKGGHPGPVDKGGDGGMATREQAPELVEETSDEKSDDE,48,hypothetical protein, ,Derived by automated computational analysis using gene prediction method: Protein Homology.,OG0000018,Core,group_2221,Soft core,Soft core,Soft core
GCF_015034605.1,IM699_RS09270,MIILGVILLIIGFVVNIPILWTIGVVLLVIGIILYALGAAGHAIGGRRHYY,51,duf6131 family protein, ,Derived by automated computational analysis using gene prediction method: Protein Homology.,OG0000000,Conserved,group_1229,Soft core,Soft core,Soft core
GCF_015034605.1,IM699_RS09275,MMRIVTLIVLIWLIVGAVAAGQRGYYSSSPTNCAGVGTIALTVIAGPLNYFGVNPKVTDCTLPQPTE,67,hypothetical protein, ,Derived by automated computational analysis using gene prediction method: Protein Homology.,OG0000017,Conserved,group_129,Soft core,Soft core,Soft core
GCF_015034605.1,IM699_RS09365,MPERGQSRVDAGIIAVVAVITGVFVALTGHGLVAALATVVGLALGMAIVRYLIKGR,56,hypothetical protein, ,Derived by automated computational analysis using gene prediction method: Protein Homology.,OG0000078,Soft core,group_2220,Soft core,Soft core,Soft core
GCF_015034605.1,IM699_RS09420,MAFTTGSSKTDLATLGDFQKIIAGLGGVLVGIGAVAGLLGAIGGAGSSQPKA,52,hypothetical protein, ,Derived by automated computational analysis using gene prediction method: GeneMarkS-2+.,OG0000247,Shell,group_1186,Shell,Shell,Shell
GCF_015034605.1,IM699_RS09430,MVGLIVLAALVLASVLVGFVFRRPIAEAKSAVLAFDDASSQPQRD,45,hypothetical protein, ,Derived by automated computational analysis using gene prediction method: GeneMarkS-2+.,OG0000098,Soft core,group_2198,Soft core,Soft core,Soft core
GCF_015034605.1,IM699_RS09565,MTKFLVPGVASAVIGAVLGAGVIFGVTAAASDNTRPEIDRSGNADSSVLNQVEYGSR,57,duf2613 domain-containing protein, ,Derived by automated computational analysis using gene prediction method: Protein Homology.,OG0000016,Conserved,group_855,Soft core,Soft core,Soft core
GCF_015034605.1,IM699_RS10250,MAENTTVETEIADEDLEPVADETARQAQRVVAAYAEDADECRMLLSMLGISPAAKLD,57,hypothetical protein, ,Derived by automated computational analysis using gene prediction method: Protein Homology.,OG0000015,Conserved,group_2168,Soft core,Soft core,Soft core
GCF_015034605.1,IM699_RS10315,MEVRVDLDRCEANGVCVGIAPDIFDLDDNEELVISSVRPPEDRWEDVRSAIAQCPRAALTEHP,63,ferredoxin, ,Derived by automated computational analysis using gene prediction method: Protein Homology.,OG0000005,Conserved,group_423,Soft core,Soft core,Soft core
GCF_015034605.1,IM699_RS10405,MKNPNLTPSRVLAVVLAAALVIFVIARRRDDGALSRGEWLSDTVGPDDLAG,51,hypothetical protein, ,Derived by automated computational analysis using gene prediction method: Protein Homology.,OG0000077,Soft core,group_2167,Soft core,Soft core,Soft core
GCF_015034605.1,IM699_RS10945,MSETATAYKLFRCLQCGFEYDEAIGWPDDGIEPGTRWDEIPEDWSCPDCGAAKVDFEMVEVNR,63,rubredoxin, ,Derived by automated computational analysis using gene prediction method: Protein Homology.,OG0000097,Soft core,group_421,Soft core,Soft core,Soft core
GCF_015034605.1,IM699_RS10950,MNAYICPICDYTYTESTGAAREGFPPGTPWSSIPDDWCCPDCGVREKVDFTLVTQS,56,rubredoxin, ,Derived by automated computational analysis using gene prediction method: Protein Homology.,OG0000096,Soft core,group_2166,Soft core,Soft core,Soft core
GCF_015034605.1,IM699_RS31620,MVQQGRVEGAGMEFSYLDAGPLGGYVELMKLSPEIRLMFASLIPD,45,hypothetical protein, ,Derived by automated computational analysis using gene prediction method: GeneMarkS-2+.,OG0001431,,,,,Probably not conserved
GCF_015034605.1,IM699_RS11375,MALAYSPDTSIDSTRLAFLAAAVVLFAMLALYLVGFDQGAISRTGMYMHELMHDGRHLMGLPCH,64,cbtb domain-containing protein, ,Derived by automated computational analysis using gene prediction method: Protein Homology.,OG0000008,Conserved,group_2468,Conserved,Core,Conserved
GCF_015034605.1,IM699_RS11625,MATTAAVQNPTRSRARTMSLSEYVAEHPAQRVFPPTSERAARMAMLIMFALMAVTLVVLVLDEAGIFG,68,hypothetical protein, ,Derived by automated computational analysis using gene prediction method: GeneMarkS-2+.,OG0000095,Soft core,group_53,Soft core,Soft core,Soft core
GCF_015034605.1,IM699_RS11955,MGSADVMAWLAEGYLAGDPIRYPLYVGSMFLAMPFQLIGVILGHPF,46,hypothetical protein, ,Derived by automated computational analysis using gene prediction method: Protein Homology.,OG0000061,Soft core,group_1542,Soft core,Soft core,Soft core
GCF_015034605.1,IM699_RS12115,MADSLKARVKEKLLRQLAEDGRHPIQEAEGDDPRLVSINDDLEALEQAEEGDPIVEELAERYWVP,65,hypothetical protein, ,Derived by automated computational analysis using gene prediction method: Protein Homology.,OG0000014,Conserved,group_2342,Conserved,Soft core,Soft core
GCF_015034605.1,IM699_RS12150,MAQGTVKWFNAEKGFGFIAPEDGSADVFVHYSEIQGNGFRTLEENQRVEFEVGQGTKGPQATGVRAV,67,cold-shock protein, ,Derived by automated computational analysis using gene prediction method: Protein Homology.,OG0000013,Conserved,group_128,Conserved,Soft core,Soft core
GCF_015034605.1,IM699_RS12170,MISKTLRTVSARFALLVAEDDGMSTAEYAIGTIAAAAFGAVLYTVVTGDSIVSALTGIIDKALKTAV,67,duf4244 domain-containing protein, ,Derived by automated computational analysis using gene prediction method: Protein Homology.,OG0000094,Soft core,group_2136,Soft core,Soft core,Soft core
GCF_015034605.1,IM699_RS12370,MSEITSWEYTVTPLLVHNPKAILDNWGVDGWELVAVLPSASGEQHVAYMKRPKG,54,hypothetical protein, ,Derived by automated computational analysis using gene prediction method: Protein Homology.,OG0000012,Conserved,group_2273,Conserved,Soft core,Soft core
GCF_015034605.1,IM699_RS12990,MADLTLLTDDELRERRIALSRSLTTAADLIPTPPPSFFEKLKQDIDAAAAEWIARRS,57,hypothetical protein, ,Derived by automated computational analysis using gene prediction method: Protein Homology.,OG0000076,Soft core,group_2322,Soft core,Soft core,Soft core
GCF_015034605.1,IM699_RS13005,MGIADKAQNKAEDLGGKAKEAAGSATGDRDLENEGKGDQVKSAVKDAGEKVKDAASSIKDKLT,63,csbd family protein, ,Derived by automated computational analysis using gene prediction method: Protein Homology.,OG0000011,Conserved,group_2411,Conserved,Soft core,Soft core
GCF_015034605.1,IM699_RS13255,MACLERSALPQAAVIEELPTDTLIRLGDKPMHVHAADIVAVRAVSGYGDQVGLERTGR,58,hypothetical protein, ,Derived by automated computational analysis using gene prediction method: GeneMarkS-2+.,OG0000280,Shell,group_2056,Cloud,Cloud,Cloud
GCF_015034605.1,IM699_RS13900,MFNDVFNNVIHPMVTNFQQLGPQQFIPQQFIPQGVFQQAPQAAEQAVTIFGS,52,hypothetical protein, ,Derived by automated computational analysis using gene prediction method: Protein Homology.,OG0000075,Soft core,group_2178,Soft core,Soft core,Soft core
GCF_015034605.1,IM699_RS14095,MSNISFDSVSNSAPANALQGVGTNALVDNPFTFEPVAEATSAHALQGVGTNALVDNPFSFQS,62,streptamidine-related ripp repeat protein, ,Derived by automated computational analysis using gene prediction method: Protein Homology.,OG0000093,Soft core,group_2291,Soft core,Soft core,Soft core
GCF_015034605.1,IM699_RS14660,MAKGKRTFQPNNRRRARVHGFRLRMRTRAGRAIVSARRRKGRDSLTA,47,50s ribosomal protein l34, ,Derived by automated computational analysis using gene prediction method: Protein Homology.,OG0000052,Conserved,rpmH,Conserved,Shell,Shell
GCF_015034605.1,IM699_RS15210,MRRASRAQRMELIAGFISVFALMALIGAVVAIVKGDPGVMPSLVLLGCVVALGLAFRGYRNAVRAERRE,69,hypothetical protein, ,Derived by automated computational analysis using gene prediction method: Protein Homology.,OG0000051,Conserved,group_2375,Soft core,Shell,Shell
GCF_015034605.1,IM699_RS15305,MNHRESFQAVKWGTPRRTRRHRQLIRGRIAGGGATVEVSSEVLAYY,46,hypothetical protein, ,Derived by automated computational analysis using gene prediction method: GeneMarkS-2+.,OG0000141,Shell,group_2265,Shell,Shell,Shell
GCF_015034605.1,IM699_RS15695,MDSRQLFALGALGTGMLSLALQLTPLCLGAEDAEQYVFVRAANATAVLSLALLSAAFVFWPTAG,64,hypothetical protein, ,Derived by automated computational analysis using gene prediction method: GeneMarkS-2+.,OG0000140,Shell,group_2266,Shell,Shell,Shell
GCF_015034605.1,IM699_RS15755,MVPWIDPTLADAPELLLTLTGRTSAEGVHSDPDWWWQSAPLTERNGLPVRRDIHPAWT,58,hypothetical protein, ,Derived by automated computational analysis using gene prediction method: GeneMarkS-2+.,OG0001432,,group_830,Cloud,,Probably not conserved
GCF_015034605.1,IM699_RS31675,MVPTTAAVDSLHGYVVSSGDPQLSIAYQVSRLRDGRTYSSHQVTGQ,46,hypothetical protein, ,Derived by automated computational analysis using gene prediction method: Protein Homology.,OG0001433,,group_1571,Cloud,,Probably not conserved
GCF_015034605.1,IM699_RS31680,MLGGEGTVGPHPVPRMWGDVRALRIFEGSSPIHERNLPEP,40,acyl-coa dehydrogenase family protein, ,Derived by automated computational analysis using gene prediction method: Protein Homology.,OG0000264,Shell,group_1887,Cloud,,Cloud
GCF_015034605.1,IM699_RS16295,MKIVVLSFLVALTLMTVGIIAARKRSTRPAVTGAVTAASTVLAAAWTLFAVAFVLA,56,hypothetical protein, ,Derived by automated computational analysis using gene prediction method: Protein Homology.,OG0000110,Soft core,group_2239,Soft core,Soft core,Soft core
GCF_015034605.1,IM699_RS31685,MSVVLISLLVAAGLTVLATSDGAGLDFGSRQLNRQLKTRTHR,42,hypothetical protein, ,Derived by automated computational analysis using gene prediction method: GeneMarkS-2+.,OG0000107,Soft core,group_1760,Soft core,Soft core,Soft core
GCF_015034605.1,IM699_RS16725,MNAPTRYQFLIDGEVSDRVKAAFPELSVASAAGGFTSLYGPVADHTAMRSIMARLDSLGLTVAEMRRLPD,70,hypothetical protein, ,Derived by automated computational analysis using gene prediction method: Protein Homology.,OG0000092,Soft core,,,Soft core,Soft core
GCF_015034605.1,IM699_RS31690,MGSSDTDLKALDSVITVAGALAAIFGGIAGVAGLATFLGTGGGS,44,hypothetical protein, ,Derived by automated computational analysis using gene prediction method: GeneMarkS-2+.,OG0000065,Soft core,group_2088,Shell,Shell,Shell
GCF_015034605.1,IM699_RS31695,MLGNVKCSHPRGYLHGEVLAVDAAMNLITAKVDDFENVREGVPGSSLVGGGYVPL,55,hypothetical protein, ,Derived by automated computational analysis using gene prediction method: GeneMarkS-2+.,OG0000198,Shell,group_2094,Shell,Shell,Shell
GCF_015034605.1,IM699_RS17475,MTEPDPGTVETDFPKTGAPAQRALIAAGYTHLAQLTSVSEKELGALHGMGPKALRILREALAERGLSFAD,70,hypothetical protein, ,Derived by automated computational analysis using gene prediction method: Protein Homology.,OG0000050,Conserved,,,Soft core,Soft core
GCF_015034605.1,IM699_RS17975,MNETQPHNLERERWRTLPTPPSTELIEMVGDGPSSADFDPAAPVAQQG,48,hypothetical protein, ,Derived by automated computational analysis using gene prediction method: Protein Homology.,OG0000128,Shell,group_2355,Shell,Shell,Shell
GCF_015034605.1,IM699_RS18080,MVGTPVIVTIVSVCVGFVIFMLAASGARGKWDRRLVIALFVGAVVCLTVVPVSVALSAGV,60,hypothetical protein, ,Derived by automated computational analysis using gene prediction method: Protein Homology.,OG0000091,Soft core,group_2382,Soft core,Soft core,Soft core
GCF_015034605.1,IM699_RS18285,MPTVIRTVHDLVRHARGPTHHHHHQSVHEARRMRAHHILVTHSLA,45,hypothetical protein, ,Derived by automated computational analysis using gene prediction method: GeneMarkS-2+.,OG0000112,Soft core,group_2176,Soft core,Soft core,Soft core
GCF_015034605.1,IM699_RS18325,MKKTDFAPISCIHRWEIESRHRTSEGTVTYLRCHCGSWQTLLAEWVSGGAGSAVAAPIKVRSR,63,hypothetical protein, ,Derived by automated computational analysis using gene prediction method: GeneMarkS-2+.,OG0000116,Soft core,group_2290,Soft core,Soft core,Soft core
GCF_015034605.1,IM699_RS31710,MSHQHGLVIGVPISVWYLILVSAAAIAAVTGLWVTECRQGAVD,43,hypothetical protein, ,Derived by automated computational analysis using gene prediction method: GeneMarkS-2+.,OG0000350,Cloud,group_2059,Cloud,Cloud,Cloud
GCF_015034605.1,IM699_RS18575,MAQGIVKWFNGEKGFGFIAPDDGTPDVFVHYSEISGNGYKSLDENQRVEFEVGQGQKGPQATNVRAV,67,cold-shock protein, ,Derived by automated computational analysis using gene prediction method: Protein Homology.,OG0000003,Conserved,group_1991,Soft core,Soft core,Soft core
GCF_015034605.1,IM699_RS19370,MAATTPVSGYVIVPHSSDVDAVGNREVEVDELPEQYSKPGTPPITGGPTVPS,52,hypothetical protein, ,Derived by automated computational analysis using gene prediction method: GeneMarkS-2+.,OG0000204,Shell,group_2298,Shell,Shell,Shell
GCF_015034605.1,IM699_RS19570,MSDWVKKVEAEAKGLLAEAEEELTVLEGVDTIDPLADDDPAPEDGTKPTSD,51,hypothetical protein, ,Derived by automated computational analysis using gene prediction method: Protein Homology.,OG0000090,Soft core,group_2192,Soft core,Soft core,Soft core
GCF_015034605.1,IM699_RS19620,MTVLCRAGKLQAGVLVADDDQGWASPFRSIAPTRMALLARALQDGLIAIDEL,52,hypothetical protein, ,Derived by automated computational analysis using gene prediction method: Protein Homology.,OG0000156,Shell,group_2040,Shell,Shell,Shell
GCF_015034605.1,IM699_RS20430,MTSPMNTRKLTRARSGAMFGGVCAGIARYFGWKSSTVRLLFVLSCLLPGPQFLIYIVMWIFIPREQI,67,pspc domain-containing protein, ,Derived by automated computational analysis using gene prediction method: Protein Homology.,OG0000106,Soft core,group_134,Soft core,Soft core,Soft core
GCF_015034605.1,IM699_RS20560,MRNNLQELRTAAGLSQQACADALGITRQTVISIEKGHFDPRLSLAFRIAEYFDKRVDDIFSS,62,helix-turn-helix transcriptional regulator, ,Derived by automated computational analysis using gene prediction method: Protein Homology.,OG0000105,Soft core,group_502,Soft core,Soft core,Soft core
GCF_015034605.1,IM699_RS20735,MGRGRAKAKQTKVARELKYSVPTTDFDSLQRELAGGSTNSHRSSVRSDQTSDREGHAREDDYDDWRR,67,duf3073 domain-containing protein, ,Derived by automated computational analysis using gene prediction method: Protein Homology.,OG0000049,Conserved,group_133,Soft core,Soft core,Soft core
GCF_015034605.1,IM699_RS31735,MADKAPGKNMKKPAQSIKERRAEKRAKSAESSEFIRKRKRS,41,hypothetical protein, ,Derived by automated computational analysis using gene prediction method: Protein Homology.,OG0000004,Core,group_2142,Soft core,Soft core,Soft core
GCF_015034605.1,IM699_RS31740,MANNSKQHYVDPGWPETADGDHAVTELSSTRAGGLSPFGEDTTFPVPVESLPYVHPHTVINR,62,hypothetical protein, ,Derived by automated computational analysis using gene prediction method: Protein Homology.,OG0000048,Conserved,group_501,Soft core,Soft core,Soft core
GCF_015034605.1,IM699_RS22210,MGFLDNVKGLVEKGQELAAENSDKVHDAIDKVADIADDKTGNKYGDQIDKAAEAAKKAVPEKQ,63,antitoxin, ,Derived by automated computational analysis using gene prediction method: Protein Homology.,OG0000010,Conserved,group_425,Soft core,Soft core,Soft core
GCF_015034605.1,IM699_RS22675,MHLTATTSTTTGAAGNSDPKDAESTLDMSGRPAALRARSAAATRPGGADVTA,52,hypothetical protein, ,Derived by automated computational analysis using gene prediction method: GeneMarkS-2+.,OG0000131,Shell,group_2058,Shell,Shell,Shell
GCF_015034605.1,IM699_RS22840,MARNEIRPIVKLKSTAGTGYTYVTRKNRRNDPDRLVLKKYDPVLRKHVDFREEK,54,50s ribosomal protein l33, ,Derived by automated computational analysis using gene prediction method: Protein Homology.,OG0000047,Conserved,group_2199,Soft core,Soft core,Soft core
GCF_015034605.1,IM699_RS22860,MAVPKRKMSRSNTRSRRAQWKATAPDLVEVTAFGQTHRVPRRLVKAVRLGVIDPSRI,57,50s ribosomal protein l32, ,Derived by automated computational analysis using gene prediction method: Protein Homology.,OG0000060,Soft core,group_2302,Soft core,Soft core,Soft core
GCF_015034605.1,IM699_RS22890,MSEQPDTPKKPSVDKKRLARIFGDVFPETTSDERGPEGSSRSSDDDWLRSQRPPHHGG,58,hypothetical protein, ,Derived by automated computational analysis using gene prediction method: Protein Homology.,OG0000089,Soft core,group_2328,Soft core,Soft core,Soft core
GCF_015034605.1,IM699_RS22965,MSDDELRRAIRQIQDRAHDARKRGDDVAAEELDRTVKGYQEQMMQRL,47,hypothetical protein, ,Derived by automated computational analysis using gene prediction method: Protein Homology.,OG0000059,Core,group_2336,Soft core,Soft core,Soft core
GCF_015034605.1,IM699_RS23085,MTTAEYTVSGMTCGHCVGSVKEEIGNIAGVTAVDVELASGRVVVTSDAPVSAADVVAAVDEAGYAVVPS,69,heavy-metal-associated domain-containing protein, ,Derived by automated computational analysis using gene prediction method: Protein Homology.,OG0000006,Conserved,group_2139,Soft core,Soft core,Soft core
GCF_015034605.1,IM699_RS23090,MAEGIVKWFNSEKGFGFIAPEDGSADVFVHYSEIQSGGFRTLEENQRVAFEIGQGNKGPQATGVTIV,67,cold-shock protein, ,Derived by automated computational analysis using gene prediction method: Protein Homology.,OG0000046,Conserved,group_132,Soft core,Soft core,Soft core
GCF_015034605.1,IM699_RS23510,MSTNSDRRPRLPVRIAYLAAGVLFVAAMLLLASVVNPDRDRDFSMNHVPAGTSTTAFAATSDLG,64,hypothetical protein, ,Derived by automated computational analysis using gene prediction method: Protein Homology.,OG0000104,Soft core,group_2149,Soft core,Soft core,Soft core
GCF_015034605.1,IM699_RS23760,MTAKLTTAFRGTLWWVRSVMGDLDYQRYVEHTRRHHADSPVISEREFWRRRHAAADANPGARCC,64,ybdd/yjix family protein, ,Derived by automated computational analysis using gene prediction method: Protein Homology.,OG0000045,Conserved,group_2343,Soft core,Conserved,Soft core
GCF_015034605.1,IM699_RS31755,MGSMEGILGAVVQGLGSLFSADGLLKTFMGSVETISKDPTP,41,hypothetical protein, ,Derived by automated computational analysis using gene prediction method: GeneMarkS-2+.,OG0000103,Soft core,group_2051,Soft core,Soft core,Soft core
GCF_015034605.1,IM699_RS23930,MGKVKASKVSQLKPKKKCCRKKTRCIKCPVVIMRMKKLENEGASKKELKAGLKKARAA,58,hypothetical protein, ,Derived by automated computational analysis using gene prediction method: Protein Homology.,OG0000044,Conserved,group_2365,Soft core,Soft core,Soft core
GCF_015034605.1,IM699_RS23950,MYNWDLQNQIVAFVDSLRPMAGYYHDLYYGSLYAFADQQSHLLTLLGFPPVP,52,hypothetical protein, ,Derived by automated computational analysis using gene prediction method: Protein Homology.,OG0000058,Core,group_1175,Soft core,Soft core,Soft core
GCF_015034605.1,IM699_RS23975,MTEQDATFDPEAPESDALEQSTPVDPNAPEEPDLTDIPLDAPVADVVDQRVEVAVDDDYRPS,62,hypothetical protein, ,Derived by automated computational analysis using gene prediction method: Protein Homology.,OG0000057,Core,group_2211,Soft core,Soft core,Soft core
GCF_015034605.1,IM699_RS24080,MAAMKPRTGDGPLEATKEGRGIVMRVPLEGGGRLVVELTPDEAAALGVELTNVTS,55,duf3117 domain-containing protein, ,Derived by automated computational analysis using gene prediction method: Protein Homology.,OG0000043,Conserved,group_1003,Soft core,Soft core,Soft core
GCF_015034605.1,IM699_RS31515,MSTALLTIYVLIWPALVLAVLGVISRGFFKDWAIARRNGEDLV,43,putative transporter small subunit, ,Derived by automated computational analysis using gene prediction method: Protein Homology.,OG0000088,Soft core,group_2364,Soft core,Soft core,Soft core
GCF_015034605.1,IM699_RS24800,MGTLKSGQDLAAKFSKKAVGGEDSLEKSLTSHIQVVTEMRAFFQQCVDRYGEVEGSNASALASVDTPR,68,hypothetical protein, ,Derived by automated computational analysis using gene prediction method: GeneMarkS-2+.,OG0000123,Soft core,group_2307,Soft core,Soft core,Soft core
GCF_015034605.1,IM699_RS31775,MAGFEVFLTEHDPLTQLMEDVETPKREGIPLETWRALPDSADA,43,hypothetical protein, ,Derived by automated computational analysis using gene prediction method: GeneMarkS-2+.,OG0000794,Cloud,group_2331,Cloud,Cloud,Cloud
GCF_015034605.1,IM699_RS25055,MTTALETRPEIARPTVAWTIPKHPLPGFTWYEPGEYVNPETGEVEGDVMCTF,52,hypothetical protein, ,Derived by automated computational analysis using gene prediction method: GeneMarkS-2+.,OG0000378,Cloud,group_1192,Cloud,Cloud,Cloud
GCF_015034605.1,IM699_RS25075,MPKQTKTHCVNGHELTDDNVLWRRRGGIPLYKRCKVCQYAANERSIQRKIAAYKAEHGISS,61,hypothetical protein, ,Derived by automated computational analysis using gene prediction method: GeneMarkS-2+.,OG0000480,Cloud,group_620,Cloud,Cloud,Cloud
GCF_015034605.1,IM699_RS31780,MYIHTCTYDTEDRNMGSINTLSAVIDIIKVVQPLIAKLNLS,41,hypothetical protein, ,Derived by automated computational analysis using gene prediction method: GeneMarkS-2+.,OG0000109,Soft core,group_2041,Soft core,Soft core,Soft core
GCF_015034605.1,IM699_RS25700,MPTIPLTGDPIVINIIVQLLSAGSSNALALGGVGSSGLGSTGLGSFDSASLGSAA,55,hypothetical protein, ,Derived by automated computational analysis using gene prediction method: Protein Homology.,OG0000087,Soft core,group_1002,Soft core,Soft core,Soft core
GCF_015034605.1,IM699_RS25705,MIAAPTTGALAVVLNTVLQMFNAGSSFLYTDNSPIGGGGETPTTPAP,47,hypothetical protein, ,Derived by automated computational analysis using gene prediction method: Protein Homology.,OG0000086,Soft core,group_2210,Soft core,Soft core,Soft core
GCF_015034605.1,IM699_RS25735,MYGYLWGALPGPRPVKALLAIVLVVAVVLLLMEFVFPWVSEHMPYSDVTV,50,hypothetical protein, ,Derived by automated computational analysis using gene prediction method: Protein Homology.,OG0000214,Shell,group_1309,Shell,Shell,Shell
GCF_015034605.1,IM699_RS25745,MSFLPFPIVIEGIETTGSAAIDGLGRLSVLLYDLLGGTGSATIDAGS,47,hypothetical protein, ,Derived by automated computational analysis using gene prediction method: Protein Homology.,OG0000125,Shell,group_2228,Shell,Shell,Shell
GCF_015034605.1,IM699_RS25755,MKKALPKTLKSLARTVGILALAIVVVSVVERFTGAHQPTTGPASLTGPDQSL,52,hypothetical protein, ,Derived by automated computational analysis using gene prediction method: Protein Homology.,OG0000111,Soft core,group_2264,Soft core,Soft core,Soft core
GCF_015034605.1,IM699_RS26245,MDRIADWWDSFELWMAGLPFIPQVALVLIVVVPLCRLVAIGLDRVLAAVLALPLFGWLRRNSREVEES,68,hypothetical protein, ,Derived by automated computational analysis using gene prediction method: Protein Homology.,OG0000056,Core,group_2078,Soft core,Soft core,Soft core
GCF_015034605.1,IM699_RS26385,MTVAGVVSVVLIAVAAALVIYLLVALVDPERF,32,k(+)-transporting atpase subunit f, ,Derived by automated computational analysis using gene prediction method: Protein Homology.,OG0000055,Core,kdpF,Soft core,Soft core,Soft core
GCF_015034605.1,IM699_RS31800,MKLALTEFKNSKATIRIIMSDGAKLNGTVTDFTEDTLVLNSPNGVYYINPSHIIRLFEPSDRAAK,65,hypothetical protein, ,Derived by automated computational analysis using gene prediction method: GeneMarkS-2+.,OG0000085,Soft core,group_2248,Soft core,Soft core,Soft core
GCF_015034605.1,IM699_RS26575,MDCVAAPIRVAAFVHRSSPQVMHARRYLRWELVGGMSFLSLAGGSTITAA,50,hypothetical protein, ,Derived by automated computational analysis using gene prediction method: GeneMarkS-2+.,OG0000286,Shell,group_1308,Shell,Shell,Shell
GCF_015034605.1,IM699_RS26775,MTDEDRLWYFDVSDGSVTQGKGASSLTRMGPYPDRDSAEHALKIAAERNKAADRADEDWNN,61,hypothetical protein, ,Derived by automated computational analysis using gene prediction method: Protein Homology.,OG0000042,Conserved,group_592,Soft core,Core,Soft core
GCF_015034605.1,IM699_RS31810,MTTYRYLDADRNLLEEKDFETEQDAQEYRLSVLGAEHIEPTDE,43,hypothetical protein, ,Derived by automated computational analysis using gene prediction method: Protein Homology.,OG0000054,Core,group_2400,Soft core,Core,Core
GCF_015034605.1,IM699_RS27455,MHAEVGDRLHVQGRVVGQAEVTAEVLEVHGEDGGPPYLVRYDNGHEALVFPGSDGWIDHPGKGS,64,duf1918 domain-containing protein, ,Derived by automated computational analysis using gene prediction method: Protein Homology.,OG0000041,Conserved,group_2499,Soft core,Conserved,Soft core
GCF_015034605.1,IM699_RS31815,MLGIALGLGSAAVGIGLGLLGAGAGILLSDKTVKTARRELTA,42,hypothetical protein, ,Derived by automated computational analysis using gene prediction method: GeneMarkS-2+.,OG0000102,Soft core,group_2160,Soft core,Soft core,Soft core
GCF_015034605.1,IM699_RS27560,MNESSSGLFSDLSASEPVVDAKSAEQLAAERETAAAERSNTDTAEQRQSQLFSG,54,hypothetical protein, ,Derived by automated computational analysis using gene prediction method: Protein Homology.,OG0000084,Soft core,group_2262,Soft core,Soft core,Soft core
GCF_015034605.1,IM699_RS27790,MSVLFTYLLFIGAGIAVGGAYSMFKVNKLASGILLALAVLAAVAGALRL,49,hypothetical protein, ,Derived by automated computational analysis using gene prediction method: Protein Homology.,OG0000040,Conserved,group_2410,Soft core,Conserved,Soft core
GCF_015034605.1,IM699_RS31830,MRPVPVGVVGELYVGGVQVARGYEGRVDLTVGRFVADPVSGGGGCSGVSDG,51,hypothetical protein, ,Derived by automated computational analysis using gene prediction method: Protein Homology.,OG0000791,Cloud,group_1260,Cloud,Cloud,Cloud
GCF_015034605.1,IM699_RS27985,MHVEVDLDLCQGHAACELEAPEIFVVPKRGKVSLLDSDPPESLRGEAEMAVRYCPTGALRIVD,63,ferredoxin, ,Derived by automated computational analysis using gene prediction method: Protein Homology.,OG0000001,Conserved,group_2270,Soft core,Soft core,Soft core
GCF_015034605.1,IM699_RS28335,MPKMKSHSGASKRFKVSGSGKLMRQKAGRRHLLEHKSSRVTRRLDGVAVVSPDDAPRIKRMLGI,64,50s ribosomal protein l35, ,Derived by automated computational analysis using gene prediction method: Protein Homology.,OG0000039,Conserved,group_2130,Soft core,Soft core,Soft core
GCF_015034605.1,IM699_RS28430,MAIDSTLLSILACPQDKGPLLLVGDELLYNPRLRRAYPIENGIPVLLIDEARDVADDEHEKLLARAEG,68,trm112 family protein, ,Derived by automated computational analysis using gene prediction method: Protein Homology.,OG0000038,Conserved,group_54,Soft core,Soft core,Soft core
GCF_015034605.1,IM699_RS28925,MSDDEHDAWQLHHHHGASWEDIGTEMGCSPTTAQTLAAAYEKRTDTAAHDAQNALF,56,hypothetical protein, ,Derived by automated computational analysis using gene prediction method: Protein Homology.,OG0000063,Soft core,group_2464,Shell,,Shell
GCF_015034605.1,IM699_RS29005,MTENGVPRERSEVEASLYQATKHVNVITDADLAAVVEGLTGESVARPRIDFAFPEPGTTDHLFN,64,hypothetical protein, ,Derived by automated computational analysis using gene prediction method: Protein Homology.,OG0000121,Shell,group_2475,Shell,,Shell
GCF_015034605.1,IM699_RS29030,MKLFAQKRDESEFVEYGFGLVNEVGIDRVNTEDSTLVDLYYWSEGVREALREVRDFKVTD,60,hypothetical protein, ,Derived by automated computational analysis using gene prediction method: GeneMarkS-2+.,OG0000853,Cloud,group_2641,Cloud,,Cloud
GCF_015034605.1,IM699_RS29045,MSGMFIRSGLIFLALFVAASLIAQETPGQWAVGAFVVLWLGFGLTLRWLSVSRFTDL,57,hypothetical protein, ,Derived by automated computational analysis using gene prediction method: GeneMarkS-2+.,OG0001434,,group_2588,Cloud,,Probably not conserved
GCF_015034605.1,IM699_RS29150,MARGRPSKGERRRVETRVPVDVKDRLTLMREARGLTESELVADILSAAVTRFDPAAVHTERLTMTA,66,hypothetical protein, ,Derived by automated computational analysis using gene prediction method: GeneMarkS-2+.,OG0000563,Cloud,group_219,Cloud,,Cloud
GCF_015034605.1,IM699_RS29165,MNTRRAYASALDRMVRDFGADGDVGLLNPDRVSGWFDYVWGDKAPKTYNLRLTAVSAACAY,61,hypothetical protein, ,Derived by automated computational analysis using gene prediction method: GeneMarkS-2+.,OG0000357,Cloud,group_2637,Cloud,,Cloud
GCF_015034605.1,IM699_RS29235,MPTPSKGDRTRVVSRVPDPVYAELEKRRKAAGVSSVSQYVADLLAATTGHKNLVVELDQEVLQLTA,66,hypothetical protein, ,Derived by automated computational analysis using gene prediction method: Protein Homology.,OG0000139,Shell,group_216,Shell,,Shell
GCF_015034605.1,IM699_RS29240,MSLFTSTRLHPYYARTAVAAPGGAGTAQLVRLALYLAMCTGTNAIH,46,hypothetical protein, ,Derived by automated computational analysis using gene prediction method: GeneMarkS-2+.,OG0000259,Shell,group_2153,Shell,,Shell
GCF_015034605.1,IM699_RS29340,MTEDPPVETLSRWSDSGATWRVLRRTSTSITVSLRRCDGGEEVERLTSSDPDLLEWIGDRVSSED,65,hypothetical protein, ,Derived by automated computational analysis using gene prediction method: Protein Homology.,OG0000285,Shell,group_2491,Cloud,,Cloud
GCF_015034605.1,IM699_RS29675,MSLAPFLVVVLGIPAGMAAIIGLMTAGNERKSRVDRPMRRMRAEISRLNSENAAQ,55,hypothetical protein, ,Derived by automated computational analysis using gene prediction method: GeneMarkS-2+.,OG0000386,Cloud,group_1017,Cloud,Cloud,Cloud
GCF_015034605.1,IM699_RS31855,MIVYGISAERAFDILIWRLEQKNVKLRQVSEQLSARVRADFALLGGLRSQFDQLLLGL,58,antar domain-containing protein, ,Derived by automated computational analysis using gene prediction method: Protein Homology.,OG0000244,Shell,group_822,Cloud,Cloud,Cloud
GCF_015034605.1,IM699_RS29790,MKFMGAAKALVDKGKEAASKNADKIENAIDKTAASAEAKTGGKLTSQIRRAALAAKRAIPPKK,63,antitoxin, ,Derived by automated computational analysis using gene prediction method: Protein Homology.,OG0000218,Shell,group_2424,Shell,Cloud,Shell
GCF_015034605.1,IM699_RS29890,MRDEFLVRAGPKRRRSTTTSVRAVRAADAMIAYARRCGTGTEELPTVFADFLSDAHHLADAVGVDFR,67,hypothetical protein, ,Derived by automated computational analysis using gene prediction method: GeneMarkS-2+.,OG0000269,Shell,group_2054,Cloud,Cloud,Cloud
GCF_015034605.1,IM699_RS29905,MNSVSGDLLRYAQQVLTGTSHAPDQVASVVAGTSEDAAARALRAGWECAANPVILACEQTEDVS,64,hypothetical protein, ,Derived by automated computational analysis using gene prediction method: Protein Homology.,OG0000134,Shell,group_2278,Cloud,Cloud,Cloud
GCF_015034605.1,IM699_RS29945,MTARDGTIGCGTFGRPTSPTFDPGTGRIRAVAAAIGTGIELGLNRSTHHRR,51,hypothetical protein, ,Derived by automated computational analysis using gene prediction method: GeneMarkS-2+.,OG0000833,Cloud,group_1255,Cloud,Cloud,Cloud
GCF_015034605.1,IM699_RS31880,MVTRSRDYGGGGRASSLCTYDRDGRLTAVLCAGMGGKVMKARAAVASGASLDESRMAMAAAR,62,oxidoreductase c-terminal domain-containing protein, ,Derived by automated computational analysis using gene prediction method: Protein Homology.,OG0000834,Cloud,group_537,Cloud,Cloud,Cloud
GCF_015034605.1,IM699_RS30105,MRVHIELDQCEGHGLCAATAPDLYDLDDDGFAANADFEVPDALIADAESGVSACPMSAIRLLAG,64,ferredoxin, ,Derived by automated computational analysis using gene prediction method: Protein Homology.,OG0000001,Conserved,group_373,Cloud,Cloud,Cloud
GCF_015034605.1,IM699_RS30115,MTAGAKSVSAVTKGALADVDQTITVLSPAGIPLLTHSSASQAVQQTPGVFSLPNGLSP,58,hypothetical protein, ,Derived by automated computational analysis using gene prediction method: GeneMarkS-2+.,OG0000835,Cloud,group_827,Cloud,Cloud,Cloud
GCF_015034605.1,IM699_RS30420,MIEQWILDYFAAWNAEDPDRVASYVTEDCVYEDVSAGHISRGRHQVANFVRISNKAVPT,59,nuclear transport factor 2 family protein, ,Derived by automated computational analysis using gene prediction method: Protein Homology.,OG0000836,Cloud,group_755,Cloud,Cloud,Cloud
GCF_015034605.1,IM699_RS30425,MSYEVVSGHSTPTAFAAEWIMQPHGLRGSSVGTLVDGKISSNRDYWDGAKFQPNRN,56,hypothetical protein, ,Derived by automated computational analysis using gene prediction method: GeneMarkS-2+.,OG0000837,Cloud,group_946,Cloud,Cloud,Cloud
GCF_015034605.1,IM699_RS31890,MSKKRPRAGQSPEQARIAELEKQIGKLEGDAARKDEVIADRDAALEVMGKGVAFLEALSRKNKE,64,hypothetical protein, ,Derived by automated computational analysis using gene prediction method: GeneMarkS-2+.,OG0000417,Cloud,group_342,Cloud,,Cloud
GCF_015034605.1,IM699_RS30655,MRSTAGRVLRIVVGIALITLAFSVGGAVGILAGVIGAVFVLTGVVNVCLLGPLFSVELRGRPKAS,65,duf2892 domain-containing protein, ,Derived by automated computational analysis using gene prediction method: Protein Homology.,OG0000508,Cloud,group_300,Cloud,Cloud,Cloud
GCF_015034605.1,IM699_RS30845,MGYAEIGGDPGYGRAVGIAVQRDAVELYWHGPVHWGHASDAVADIATETGVEE,53,hypothetical protein, ,Derived by automated computational analysis using gene prediction method: GeneMarkS-2+.,OG0000509,Cloud,group_1137,Cloud,Cloud,Cloud
GCF_015034605.1,IM699_RS30910,MDTDAAQELKELRGQQGKLKRLLADAELEKDALREVAKDAPIDVKGSVRGSHVGVRWRLLGRGSASGSG,69,hypothetical protein, ,Derived by automated computational analysis using gene prediction method: GeneMarkS-2+.,OG0000358,Cloud,group_2103,Cloud,Cloud,Cloud
GCF_015034605.1,IM699_RS30970,MNSVSGDLLRYAQQVLTGTSHAPDQVASVVAGTGEDAAARALRAGWECAANPVVLACEQAEDVS,64,hypothetical protein, ,Derived by automated computational analysis using gene prediction method: Protein Homology.,OG0000134,Shell,group_2356,Shell,Cloud,Shell
GCF_015034605.1,IM699_RS31010,MAVASATVLGVTVGVLLAEVVAGVVVGAGTAVVFRFVLRSIITRK,45,hypothetical protein, ,Derived by automated computational analysis using gene prediction method: GeneMarkS-2+.,OG0000124,Shell,group_2500,Shell,Cloud,Shell
GCF_015034605.1,IM699_RS31025,MSETAEPDETQGWSPAPDEGQAGTVMTKDGQWAYRYKDGAELIMMKMPERPAST,54,hypothetical protein, ,Derived by automated computational analysis using gene prediction method: Protein Homology.,OG0000119,Shell,group_2399,Cloud,Cloud,Cloud
GCF_015034605.1,IM699_RS31150,MSKDQTSRRHRPDLTFHPDILGIPAQFRVVDTRRAEEAGPDTAGDAVRDIGVQEN,55,hypothetical protein, ,Derived by automated computational analysis using gene prediction method: GeneMarkS-2+.,OG0000217,Shell,group_2236,Cloud,Cloud,Cloud
GCF_015034605.1,IM699_RS31965,MFADDGSGNPIWIAADGSVRLVDHDNANTVVRLAASFRTLLEENVDD,47,hypothetical protein, ,Derived by automated computational analysis using gene prediction method: GeneMarkS-2+.,OG0000611,Cloud,group_1500,Cloud,Cloud,Cloud
GCF_015034605.1,IM699_RS31975,MSLTSSAIEARVSAVLSEFLIDDQAGASPAGATDVSWPAKNIPS,44,hypothetical protein, ,Derived by automated computational analysis using gene prediction method: GeneMarkS-2+.,OG0000235,Shell,group_2407,Cloud,Cloud,Cloud
GCF_015099595.1,RQCS_RS31075,MAAEARIVDTVSVEDSRASDPRVASKTEQKDAPKAGAVDLTSADTVGLTSVKPAQRSVPRWAYSEVPLSR,70,hypothetical protein, ,Derived by automated computational analysis using gene prediction method: Protein Homology.,OG0000283,Shell,,,Shell,Shell
GCF_015099595.1,RQCS_RS00430,MGLLRGAAVAVAAGGTAEQVAKAEAILAEARRALFEMLAEKPADVQQAHAESTDTLPAE,59,hypothetical protein, ,Derived by automated computational analysis using gene prediction method: Protein Homology.,OG0000228,Shell,group_2177,Shell,Shell,Shell
GCF_015099595.1,RQCS_RS00500,MSNISFDSISNSAPANALQGVGTNALVDNPFTFEPVAEATSAHALQGVGTNALVDNPFSFQS,62,streptamidine-related ripp repeat protein, ,Derived by automated computational analysis using gene prediction method: Protein Homology.,OG0000093,Soft core,group_2291,Soft core,Soft core,Soft core
GCF_015099595.1,RQCS_RS00695,MFNDVFNNVIHPMVTNFQQLGPQQFIPQQFIPQGVFQQAPQAAEQAVTIFGS,52,hypothetical protein, ,Derived by automated computational analysis using gene prediction method: Protein Homology.,OG0000075,Soft core,group_2178,Soft core,Soft core,Soft core
GCF_015099595.1,RQCS_RS01550,MGIADKAQNKAEDLGGKAKEAAGSATGDRDLENEGKGDQVKSAVKDAGEKVKDAASSIKDKLT,63,csbd family protein, ,Derived by automated computational analysis using gene prediction method: Protein Homology.,OG0000011,Conserved,group_2411,Conserved,Soft core,Soft core
GCF_015099595.1,RQCS_RS01560,MADLTLLTDDELRERRIALSRSLTTAADLIPTPPPSFFEKLKQDIDAAAAEWIARRS,57,hypothetical protein, ,Derived by automated computational analysis using gene prediction method: Protein Homology.,OG0000076,Soft core,group_2322,Soft core,Soft core,Soft core
GCF_015099595.1,RQCS_RS02305,MSEITSWEYTVTPLLVHNPKAILDNWGVDGWELVAVLPSASGEQHVAYMKRPKG,54,hypothetical protein, ,Derived by automated computational analysis using gene prediction method: Protein Homology.,OG0000012,Conserved,group_2273,Conserved,Soft core,Soft core
GCF_015099595.1,RQCS_RS02505,MISKTLRTVSARFALLVAEDDGMSTAEYAIGTIAAAAFGAVLYTVVTGDSIVSALTGIIDKALKTAV,67,duf4244 domain-containing protein, ,Derived by automated computational analysis using gene prediction method: Protein Homology.,OG0000094,Soft core,group_2136,Soft core,Soft core,Soft core
GCF_015099595.1,RQCS_RS02525,MAQGTVKWFNAEKGFGFIAPEDGSADVFVHYSEIQGNGFRTLEENQRVEFEVGQGTKGPQATGVRAV,67,cold-shock protein, ,Derived by automated computational analysis using gene prediction method: Protein Homology.,OG0000013,Conserved,group_128,Conserved,Soft core,Soft core
GCF_015099595.1,RQCS_RS02560,MADSLKARVKEKLLRQLAEDGRHPIQEAEGDDPRLVSINDDLEALEQAEEGDPIVEELAERYWVP,65,hypothetical protein, ,Derived by automated computational analysis using gene prediction method: Protein Homology.,OG0000014,Conserved,group_2342,Conserved,Soft core,Soft core
GCF_015099595.1,RQCS_RS02720,MGSADVMAWLAEGYLAGDPIRYPLYVGSMFLAMPFQLIGVILGHPF,46,hypothetical protein, ,Derived by automated computational analysis using gene prediction method: Protein Homology.,OG0000061,Soft core,group_1542,Soft core,Soft core,Soft core
GCF_015099595.1,RQCS_RS03050,MATTAAVQNPTRSRARTMSLSEYVAEHPAQRVFPPTSERAARMAMLIMFALMAVTLVVLVLDEAGIFG,68,hypothetical protein, ,Derived by automated computational analysis using gene prediction method: GeneMarkS-2+.,OG0000095,Soft core,group_53,Soft core,Soft core,Soft core
GCF_015099595.1,RQCS_RS03290,MALAYSPDTSIDSTRLAFLAAAVVLFAMLALYLVGFDQGAISRTGMYMHELMHDGRHLMGLPCH,64,cbtb domain-containing protein, ,Derived by automated computational analysis using gene prediction method: Protein Homology.,OG0000008,Conserved,group_2468,Conserved,Core,Conserved
GCF_015099595.1,RQCS_RS31110,MSSTGFPYWAVPAGRYVPLPFSMTTSTIGRDQKRSWREIRHPEHELL,47,hypothetical protein, ,Derived by automated computational analysis using gene prediction method: GeneMarkS-2+.,OG0001435,,group_1501,Cloud,,Probably not conserved
GCF_015099595.1,RQCS_RS03715,MNAYICPICDYTYTESTGAAREGFPPGTPWSSIPDDWCCPDCGVREKVDFTLVTQS,56,rubredoxin, ,Derived by automated computational analysis using gene prediction method: Protein Homology.,OG0000096,Soft core,group_2166,Soft core,Soft core,Soft core
GCF_015099595.1,RQCS_RS03720,MSETATAYKLFRCLQCGFEYDEAIGWPDDGIEPGTRWDEIPEDWSCPDCGAAKVDFEMVEVDR,63,rubredoxin, ,Derived by automated computational analysis using gene prediction method: Protein Homology.,OG0000097,Soft core,group_421,Soft core,Soft core,Soft core
GCF_015099595.1,RQCS_RS04265,MKNPNLTPSRVLAVVLAAALVIFVIARRRDDGALSRGEWLSDTVGPDDLAG,51,hypothetical protein, ,Derived by automated computational analysis using gene prediction method: Protein Homology.,OG0000077,Soft core,group_2167,Soft core,Soft core,Soft core
GCF_015099595.1,RQCS_RS04355,MEVRVDLDRCEANGVCVGIAPDIFDLDDNEELVISSVRPPEDRWEDVRSAIAQCPRAALTEHP,63,ferredoxin, ,Derived by automated computational analysis using gene prediction method: Protein Homology.,OG0000005,Conserved,group_423,Soft core,Soft core,Soft core
GCF_015099595.1,RQCS_RS04420,MMAENTTVETEIADEDLEPVADETARQAQRVVAAYAEDADECRMLLSMLGISPAAKLD,58,hypothetical protein, ,Derived by automated computational analysis using gene prediction method: GeneMarkS-2+.,OG0000015,Conserved,group_2168,Soft core,Soft core,Soft core
GCF_015099595.1,RQCS_RS05110,MTKFLVPGVASAVIGAVLGAGVIFGVTAAASDNTRPEIDRSGNADSSVLNQVEYGSR,57,duf2613 domain-containing protein, ,Derived by automated computational analysis using gene prediction method: Protein Homology.,OG0000016,Conserved,group_855,Soft core,Soft core,Soft core
GCF_015099595.1,RQCS_RS05245,MSSLSGGRGARPAEVGSGILKTMWWMVGLIVLAALVLASVLVGFVFRRPIAEAKSAVLAFDDASSQPQRD,70,hypothetical protein, ,Derived by automated computational analysis using gene prediction method: Protein Homology.,OG0000098,Soft core,,,Soft core,Soft core
GCF_015099595.1,RQCS_RS05255,MAFTTGSSKTDLATLGDFQKIIAGLGGVLVGIGAVAGLLGAIGGAGSSQPKA,52,hypothetical protein, ,Derived by automated computational analysis using gene prediction method: GeneMarkS-2+.,OG0000247,Shell,group_1186,Shell,Shell,Shell
GCF_015099595.1,RQCS_RS05310,MPERGQSRVDAGIIAVVAVITGVFVALTGHGLVAALATVVGLALGMAIVRYLIKGR,56,hypothetical protein, ,Derived by automated computational analysis using gene prediction method: Protein Homology.,OG0000078,Soft core,group_2220,Soft core,Soft core,Soft core
GCF_015099595.1,RQCS_RS05400,MMRIVTLIVLIWLIVGAVAAGQRGYYSSSPTNCAGVGTIALTVIAGPLNYFGVNPKVTDCTLPQPTE,67,hypothetical protein, ,Derived by automated computational analysis using gene prediction method: Protein Homology.,OG0000017,Conserved,group_129,Soft core,Soft core,Soft core
GCF_015099595.1,RQCS_RS05405,MIILGVILLIIGFVVNIPILWTIGVVLLVIGIILYALGAAGHAIGGRRHYY,51,duf6131 family protein, ,Derived by automated computational analysis using gene prediction method: Protein Homology.,OG0000000,Conserved,group_1229,Soft core,Soft core,Soft core
GCF_015099595.1,RQCS_RS05450,MTDKDDNDQSPKGGHPGPVDKGGDGGMATREQAPELVEETSDEKSDDE,48,hypothetical protein, ,Derived by automated computational analysis using gene prediction method: Protein Homology.,OG0000018,Core,group_2221,Soft core,Soft core,Soft core
GCF_015099595.1,RQCS_RS05560,MSIRRCSLASGRALRTTRFGVATFRRGRKAIDRRPSGLVWIERALAAPAGSV,52,hypothetical protein, ,Derived by automated computational analysis using gene prediction method: GeneMarkS-2+.,OG0000142,Shell,group_2080,Shell,Shell,Shell
GCF_015099595.1,RQCS_RS05580,MIVLGIILALIGFFTGLSILTTVGIILVVVGAVLSILGATGRAVGGRKVWY,51,duf6131 family protein, ,Derived by automated computational analysis using gene prediction method: Protein Homology.,OG0000000,Conserved,group_1230,Soft core,Soft core,Soft core
GCF_015099595.1,RQCS_RS05825,MPAPIMPPAAALAEPVVWNEDPQRQGWWKRILAATPPENPTNEEFQP,47,hypothetical protein, ,Derived by automated computational analysis using gene prediction method: Protein Homology.,OG0000118,Soft core,group_2222,Soft core,Soft core,Soft core
GCF_015099595.1,RQCS_RS31375,MDVVDGEFTYALTETPVSIGNSPPNVNRRNPAASASGRNPQS,42,hypothetical protein, ,Derived by automated computational analysis using gene prediction method: GeneMarkS-2+.,OG0000800,Cloud,group_1775,Cloud,Cloud,Cloud
GCF_015099595.1,RQCS_RS05895,MGEPRLLNAVEAGKLLGINESTVRKLWCSGDLKCVHIGRGRKVSTTEIQRYINDHEVFEVSPS,63,helix-turn-helix domain-containing protein, ,Derived by automated computational analysis using gene prediction method: Protein Homology.,OG0000071,Soft core,group_454,Cloud,,Cloud
GCF_015099595.1,RQCS_RS05935,MTGSNALHSEGACTADSAEERAAAQLDSVRAALEVTPEQDAFLAGAAAALRSAPQSK,57,hypothetical protein, ,Derived by automated computational analysis using gene prediction method: GeneMarkS-2+.,OG0000816,Cloud,group_883,Cloud,,Cloud
GCF_015099595.1,RQCS_RS05980,MIDRFGDAVDLDTPEKPEVRAPHNPDCRKGWLGTDLDGRMIPCLICKPHLRKTVHAHNFSPR,62,hypothetical protein, ,Derived by automated computational analysis using gene prediction method: GeneMarkS-2+.,OG0000610,Cloud,group_541,Cloud,,Cloud
GCF_015099595.1,RQCS_RS06000,MTTQQAQLHPIPAVQERLSLGRSKVYELMDEGILRSIKIGKRRLVPESAIAEYIDSLVADQCPKESA,67,helix-turn-helix domain-containing protein, ,Derived by automated computational analysis using gene prediction method: Protein Homology.,OG0000406,Cloud,group_161,Cloud,Cloud,Cloud
GCF_015099595.1,RQCS_RS31380,MENLRQVGLGSAVGVQNPRIVFGNHSVIAPAMGRHCPQNR,40,hypothetical protein, ,Derived by automated computational analysis using gene prediction method: GeneMarkS-2+.,OG0000343,Cloud,group_2215,Shell,Cloud,Cloud
GCF_015099595.1,RQCS_RS06055,MGALSPTHWAIVAVVLVVLFGSKKLPDAARGLGRSMRILKSEVGELQSDTDLALEQRD,58,sec-independent protein translocase subunit tata, ,Derived by automated computational analysis using gene prediction method: Protein Homology.,OG0000019,Conserved,tatA,Soft core,Soft core,Soft core
GCF_015099595.1,RQCS_RS06100,MAQGSVKWFNGEKGFGFIEQEGGGPDVFVHYSEIQGSGYKSLDEGQKVEFEIGQGQKGPQAQNVRAI,67,cold-shock protein, ,Derived by automated computational analysis using gene prediction method: Protein Homology.,OG0000069,Soft core,group_130,Soft core,Soft core,Soft core
GCF_015099595.1,RQCS_RS31385,MSADSRGTSTQTRREYQMFVLQQRLLFGSILAGTALGVLAITYF,44,hypothetical protein, ,Derived by automated computational analysis using gene prediction method: GeneMarkS-2+.,OG0000122,Soft core,group_2138,Soft core,Soft core,Soft core
GCF_015099595.1,RQCS_RS06155,MTTIDIPPTQGESTTGIGITVASATLTTEEVKRRIAMMYGDPVTEEPVALAH,52,hypothetical protein, ,Derived by automated computational analysis using gene prediction method: Protein Homology.,OG0000002,Conserved,group_2274,Soft core,Soft core,Soft core
GCF_015099595.1,RQCS_RS06180,MSEQNSTDRTDQTDEPQTTGTDHGPGTGSDTAPKDVQTDPSGERTWADEGGASSTGPATDTD,62,pi-type proteinase, ,Derived by automated computational analysis using gene prediction method: Protein Homology.,OG0000020,Core,group_2297,Soft core,Soft core,Soft core
GCF_015099595.1,RQCS_RS06210,MGGSADALNRALERVDRDFASPIGVGVRRTLRGTMRQIAKPARTQYTRLRARFPGAKTYTEI,62,hypothetical protein, ,Derived by automated computational analysis using gene prediction method: GeneMarkS-2+.,OG0000115,Soft core,group_2190,Soft core,Soft core,Soft core
GCF_015099595.1,RQCS_RS06215,MTTSTVGLLAGLLLGVAAAAGGFTGFLIALVLGVIGYLVGGQRDGEFDLGVMLKGRGRG,59,hypothetical protein, ,Derived by automated computational analysis using gene prediction method: Protein Homology.,OG0000099,Soft core,group_732,Soft core,Soft core,Soft core
GCF_015099595.1,RQCS_RS31390,MDVAVALCVTLLLATVTSMAIAIVVTLIMCASVSVVSRMW,40,hypothetical protein, ,Derived by automated computational analysis using gene prediction method: GeneMarkS-2+.,OG0000187,Shell,group_2158,Soft core,Shell,Shell
GCF_015099595.1,RQCS_RS06240,MSDFIDKAKHRAEDLIGEAKEKFGNATGNDDLAAEGVADQGEAKVKKAGDTVSDKVSDIKDKFTS,65,csbd family protein, ,Derived by automated computational analysis using gene prediction method: Protein Homology.,OG0000074,Soft core,group_2191,Soft core,Soft core,Soft core
GCF_015099595.1,RQCS_RS31395,MGSLGNLLKANGMGWGILQLLPLVNMLKTLQGLDTASSNS,40,hypothetical protein, ,Derived by automated computational analysis using gene prediction method: GeneMarkS-2+.,OG0000080,Soft core,group_2512,Soft core,Soft core,Soft core
GCF_015099595.1,RQCS_RS31400,MGSFEDFSGVVKTFIPVLKDLFTALGGGSLTPGTGSAADK,40,hypothetical protein, ,Derived by automated computational analysis using gene prediction method: GeneMarkS-2+.,OG0000108,Soft core,group_2511,Soft core,Soft core,Soft core
GCF_015099595.1,RQCS_RS06945,MFGSLSTLGPLLTALGAFLKSVPTESLSGKGEGSSTGSLSGLSSGSAE,48,hypothetical protein, ,Derived by automated computational analysis using gene prediction method: Protein Homology.,OG0000081,Soft core,group_2510,Soft core,Soft core,Soft core
GCF_015099595.1,RQCS_RS31535,MKAVEGGFDTAWSRRHVDLCRTAGSFCTN,29,putative leader peptide, ,Derived by automated computational analysis using gene prediction method: Protein Homology.,OG0000132,Shell,group_1947,Shell,Shell,Shell
GCF_015099595.1,RQCS_RS31405,MGSLDTGSLSTESLEDLNLGKISELLKLGITAVSFITALNSLS,43,hypothetical protein, ,Derived by automated computational analysis using gene prediction method: GeneMarkS-2+.,OG0000067,Soft core,group_2503,Soft core,Soft core,Soft core
GCF_015099595.1,RQCS_RS07270,MTPSPTSARDAPVRGGSRYIALAIAYVTTAAVKATRRSLIVRTSPIFGDGDVA,53,hypothetical protein, ,Derived by automated computational analysis using gene prediction method: GeneMarkS-2+.,OG0001436,,group_1138,Cloud,,Probably not conserved
GCF_015099595.1,RQCS_RS31410,MFLQTTAALFTDLLGNVWSGSLMPGIDGVTGSLVSAIDLS,40,hypothetical protein, ,Derived by automated computational analysis using gene prediction method: Protein Homology.,OG0000184,Shell,group_2237,Shell,Shell,Shell
GCF_015099595.1,RQCS_RS31415,MMDLGSIADVLEGEAGGLIKNILGMALFTPFIASVDFGWFPNVD,44,hypothetical protein, ,Derived by automated computational analysis using gene prediction method: Protein Homology.,OG0000306,Cloud,group_2050,Cloud,Cloud,Cloud
GCF_015099595.1,RQCS_RS07400,MDTASLIGALASVDVGSLVDPLFYLVKVVDGIFVSITGSLNMGGALGEAAAGSVQSVLGSVAGL,64,hypothetical protein, ,Derived by automated computational analysis using gene prediction method: GeneMarkS-2+.,OG0000206,Shell,group_358,Shell,Shell,Shell
GCF_015099595.1,RQCS_RS07415,MGSLMDILGGPNGDGAPMQALLTMLLGLDNVGANLFGSLADTAGGIFGSLDTLSFTPPVVP,61,hypothetical protein, ,Derived by automated computational analysis using gene prediction method: GeneMarkS-2+.,OG0000188,Shell,group_2425,Shell,Shell,Shell
GCF_015099595.1,RQCS_RS07420,MLEGSVMDAAGSVGAIIGQGLGSVSGLAVKGLEALAALSGGELKAAK,47,hypothetical protein, ,Derived by automated computational analysis using gene prediction method: Protein Homology.,OG0000138,Shell,group_2381,Shell,Shell,Shell
GCF_015099595.1,RQCS_RS07425,MTFESNTPRPFTRSNDKKMFAGVCGGIADYFGADVNLVRLLAVIAAICTGGTAALVYLAAWMLMPLD,67,pspc domain-containing protein, ,Derived by automated computational analysis using gene prediction method: Protein Homology.,OG0000021,Conserved,group_2380,Conserved,Soft core,Soft core
GCF_015099595.1,RQCS_RS07910,MGSSHDGKPAVAGTQFLTVAEVATLMRVSKMTVYRLVHSGELPAVRVGRSFRVHAKAVHDYLETSYFDAG,70,helix-turn-helix domain-containing protein, ,Derived by automated computational analysis using gene prediction method: Protein Homology.,OG0000071,Soft core,,,Soft core,Soft core
GCF_015099595.1,RQCS_RS07915,MGSVIKKRRKRMSKKKHRKLLRRTRVQRRKLGK,33,aurkaip1/cox24 domain-containing protein, ,Derived by automated computational analysis using gene prediction method: Protein Homology.,OG0000022,Conserved,group_1939,Conserved,Conserved,Conserved
GCF_015099595.1,RQCS_RS07970,MSSQEALRTESTHDAPLRQRGSRTEVILFAILGASVLVTLLMLMIPGIVSG,51,hypothetical protein, ,Derived by automated computational analysis using gene prediction method: Protein Homology.,OG0000100,Soft core,group_1231,Soft core,Soft core,Soft core
GCF_015099595.1,RQCS_RS08100,MLYLLALVGLVTLIVLMWKAFGPDPSTRTPVSGVRGPDDDPEFLWNVNQQTRRKRTEGPDVPPTDAST,68,hypothetical protein, ,Derived by automated computational analysis using gene prediction method: Protein Homology.,OG0000023,Conserved,group_2362,Soft core,Conserved,Soft core
GCF_015099595.1,RQCS_RS08105,MSAPTFNTAADALMTPGQVAALFHVDPKTVTRWAHAGRLGSLRTPGGHRRFRETEVMQLLRSLTTEADNN,70,bldc family transcriptional regulator, ,Derived by automated computational analysis using gene prediction method: Protein Homology.,OG0000068,Soft core,,,Soft core,Soft core
GCF_015099595.1,RQCS_RS08310,MASSTDVRPKITLACEVCKHRNYITKKNRRNDPDRLELKKFCPNCGTHQSHRESK,55,50s ribosomal protein l33, ,Derived by automated computational analysis using gene prediction method: Protein Homology.,OG0000024,Conserved,rpmG,Conserved,Soft core,Soft core
GCF_015099595.1,RQCS_RS08445,MAGKKLDRTNARTALEVVRESPTIAFITVAPAVVVFGVVWWLFGFWAAILLALVFGVAAVATQKLR,66,hypothetical protein, ,Derived by automated computational analysis using gene prediction method: Protein Homology.,OG0000025,Conserved,group_2209,Conserved,Soft core,Soft core
GCF_015099595.1,RQCS_RS08590,MNSTTVGLLVGLLLALAGIMGGFSGFVFAVLLGAAGMAIGAHRDGHLDLGAILRSRGRG,59,hypothetical protein, ,Derived by automated computational analysis using gene prediction method: Protein Homology.,OG0000026,Conserved,group_2303,Conserved,Soft core,Soft core
GCF_015099595.1,RQCS_RS08715,MRLSTRNQLTGTITEVNLGTVMATVKVKLDGGNQIVTSSITRDAALDLDLEPGQAATVFVKSTEVTIGVE,70,tobe domain-containing protein, ,Derived by automated computational analysis using gene prediction method: Protein Homology.,OG0000064,Soft core,,,Soft core,Soft core
GCF_015099595.1,RQCS_RS08720,MTEPVKGPASYFPSIEKKYGRPIGEWQELIRSSDLTKHMELVNWLKSEHGMGHGHANALVAHTLKEG,67,duf4287 domain-containing protein, ,Derived by automated computational analysis using gene prediction method: Protein Homology.,OG0000027,Conserved,group_2329,Soft core,Soft core,Soft core
GCF_015099595.1,RQCS_RS08735,MSDRDNKALENNLVEESLVEEVSIDGMCGVY,31,mycofactocin precursor mfta, ,"Mycofactocin is a small molecule electron carrier derived from the final two amino acids, Val-Tyr, of MftA, the mycofactocin precursor. It plays a role in redox homeostasis and the metabolism of alcohols and aldehydes in Actinobacteria, including Mycobacterium tuberculosis; Derived by automated computational analysis using gene prediction method: Protein Homology.",OG0000009,Conserved,group_2326,Conserved,Soft core,Soft core
GCF_015099595.1,RQCS_RS09105,MAKKALVNKANKKPKFAVRAYTRCQRCGRPHSVFRKFGLCRICVREMAHAGELPGVRKSSW,61,type z 30s ribosomal protein s14, ,Derived by automated computational analysis using gene prediction method: Protein Homology.,OG0000028,Conserved,group_2294,Conserved,Soft core,Soft core
GCF_015099595.1,RQCS_RS09130,MADLKVTQIKSIIGTKQNQKDSLRTLGLKGIRQTVVREDNAQNRGLINVVRHLVTVEEV,59,50s ribosomal protein l30, ,Derived by automated computational analysis using gene prediction method: Protein Homology.,OG0000029,Conserved,rpmD,Conserved,Soft core,Soft core
GCF_015099595.1,RQCS_RS09160,MKVQPSVKKICEKCKVIRRNGRVMVICENLRHKQRQG,37,50s ribosomal protein l36, ,Derived by automated computational analysis using gene prediction method: Protein Homology.,OG0000030,Conserved,rpmJ,Conserved,Soft core,Soft core
GCF_015099595.1,RQCS_RS31420,MTIFEWILAIPALALAVAFLFSGIISAGIDFDAEDGVMTH,40,hypothetical protein, ,Derived by automated computational analysis using gene prediction method: GeneMarkS-2+.,OG0000082,Soft core,group_2186,Soft core,Soft core,Soft core
GCF_015099595.1,RQCS_RS10495,MSSYRCPVCEYVYDESKGAPREGFPAGTPWDAVPDDWCCPDCGVREKLDFEPMPATAGSES,61,rubredoxin, ,Derived by automated computational analysis using gene prediction method: Protein Homology.,OG0000053,Core,group_2279,Soft core,Soft core,Soft core
GCF_015099595.1,RQCS_RS10500,MNDYKLYQCAQCGFEYDEAVGWPEDGIEPGTRWDDIPEDWSCPDCGAAKSDFFMVEVERR,60,rubredoxin, ,Derived by automated computational analysis using gene prediction method: Protein Homology.,OG0000007,Conserved,group_2155,Soft core,Soft core,Soft core
GCF_015099595.1,RQCS_RS11170,MATDPAPRSERKKILLRLDPAVHDALARWAADDLRSTNAQIEFLLRRALTEHGRMPKNAGKMHGPGRPPA,70,hypothetical protein, ,Derived by automated computational analysis using gene prediction method: Protein Homology.,OG0000114,Soft core,,,Soft core,Soft core
GCF_015099595.1,RQCS_RS11450,MSDLDSNTPSEPESQSEETKRKFREALERKNHQNAKSTDHRDGQSKVHNTHGPADHKREFRRKSG,65,duf5302 domain-containing protein, ,Derived by automated computational analysis using gene prediction method: Protein Homology.,OG0000031,Conserved,group_2470,Core,Soft core,Soft core
GCF_015099595.1,RQCS_RS11535,MAAVCDVCAKGPGFGKSVSHSHRRTNRRWNPNIQSVRTEVAPGNTRKVNVCTSCLKAGKVARG,63,50s ribosomal protein l28, ,Derived by automated computational analysis using gene prediction method: Protein Homology.,OG0000032,Conserved,rpmB,Conserved,Soft core,Soft core
GCF_015099595.1,RQCS_RS11575,MAVPKRKMSRSNTRSRRSQWKTTVPTLVTCPNRGCGEQTLPHIACPSCGTYKGRQVTAAV,60,50s ribosomal protein l32, ,Derived by automated computational analysis using gene prediction method: Protein Homology.,OG0000033,Conserved,group_2479,Conserved,Soft core,Soft core
GCF_015099595.1,RQCS_RS12425,MQLLDSEVVRRCAVTAAAAAAVCRSNGPGVVDCDAVTGKSFFLQDDGWPGT,51,hypothetical protein, ,Derived by automated computational analysis using gene prediction method: GeneMarkS-2+.,OG0000147,Shell,group_2063,Shell,Shell,Shell
GCF_015099595.1,RQCS_RS12455,MKVPAFHSTVPSDLDVYHDNESCILAARIAVSHRAHGVDGRPWCTACASLD,51,hypothetical protein, ,Derived by automated computational analysis using gene prediction method: Protein Homology.,OG0000083,Soft core,group_2187,Soft core,Soft core,Soft core
GCF_015099595.1,RQCS_RS12775,MFWKIVLAVVLVWVALAVVGALIKGLFWVLVVGAVGFGIYFLVKAMSGSDDNSPASRF,58,hypothetical protein, ,Derived by automated computational analysis using gene prediction method: Protein Homology.,OG0000034,Conserved,group_2296,Soft core,Soft core,Soft core
GCF_015099595.1,RQCS_RS12800,MRLTEFHEMVREEFGQVRGDSMLIDHVLQSLDGMTAAEAVEAGWEPREVWRALCVEFDVPPARR,64,duf3046 domain-containing protein, ,Derived by automated computational analysis using gene prediction method: Protein Homology.,OG0000035,Conserved,group_2481,Conserved,Soft core,Soft core
GCF_015099595.1,RQCS_RS13075,MPGTLTSPQLTAADRCDRCGAGARVRAVLPTGGELLFCGHHATEHADRLREMNAVVSESEPAI,63,hypothetical protein, ,Derived by automated computational analysis using gene prediction method: Protein Homology.,OG0000036,Conserved,group_2483,Conserved,Soft core,Soft core
GCF_015099595.1,RQCS_RS13445,MKIRFELMIGILLVVGGGCLWLFARDAEFFWFRGGPLGVILAIIGAFDIVNAVRTRETAMLERRND,66,hypothetical protein, ,Derived by automated computational analysis using gene prediction method: Protein Homology.,OG0000101,Soft core,group_2126,Soft core,Soft core,Soft core
GCF_015099595.1,RQCS_RS31170,MSPGGMLGGGPRGSRDDESPRTTPRYLVTAGDENSMVDDLPMVSPPVLGADDPDQYLFRDL,61,hypothetical protein, ,Derived by automated computational analysis using gene prediction method: Protein Homology.,OG0000321,Cloud,group_621,Cloud,,Cloud
GCF_015099595.1,RQCS_RS13575,MTLLARFDDRALGPDGAVIYRNRTVLLVRTKWGKIIEQEDYYEDTARTGDFDRRLREIEAGRACGTVVE,69,hypothetical protein, ,Derived by automated computational analysis using gene prediction method: Protein Homology.,OG0000308,Cloud,group_2128,Cloud,Cloud,Cloud
GCF_015099595.1,RQCS_RS13925,MAGIDSKFDKAYAGKSVEELADAPVAALNGVSDSDAEHLKAAFNIKTVRDLGTNKFFLWAQATAKLAE,68,hypothetical protein, ,Derived by automated computational analysis using gene prediction method: Protein Homology.,OG0000070,Soft core,group_2484,Soft core,Soft core,Soft core
GCF_015099595.1,RQCS_RS31175,MQLETRFSSFEPSGRQGGGYLGHREVEVSRYRATLARCLGRTLEYVSWRNSSPRASKGRSGVAGIEI,67,hypothetical protein, ,Derived by automated computational analysis using gene prediction method: GeneMarkS-2+.,OG0001437,,group_2589,Cloud,,Probably not conserved
GCF_015099595.1,RQCS_RS14880,MAQEQTQRAGGGEDDETTGGDGSAGQERREKLAAETDDLLDEIDDVLEENAEDFVRAYVQKGGQ,64,ubiquitin-like protein pup, ,Derived by automated computational analysis using gene prediction method: Protein Homology.,OG0000037,Conserved,group_340,Soft core,Soft core,Soft core
GCF_015099595.1,RQCS_RS15395,MAIDSTLLSILACPQDKGPLLLVGDELLYNPRLRRAYPIENGIPVLLIDEARDVADDEHEKLLARAEG,68,trm112 family protein, ,Derived by automated computational analysis using gene prediction method: Protein Homology.,OG0000038,Conserved,group_54,Soft core,Core,Soft core
GCF_015099595.1,RQCS_RS15490,MPKMKSHSGASKRFKVSGSGKLMRQKAGRRHLLEHKSSRVTRRLDGVAVVSPDDAPRIKRMLGI,64,50s ribosomal protein l35, ,Derived by automated computational analysis using gene prediction method: Protein Homology.,OG0000039,Conserved,group_2130,Soft core,Conserved,Soft core
GCF_015099595.1,RQCS_RS15840,MHVEVDLDLCQGHAACELEAPEIFVVPKRGKVSLLDSDPPESLRGEAEMAVRYCPTGALRIVD,63,ferredoxin, ,Derived by automated computational analysis using gene prediction method: Protein Homology.,OG0000001,Conserved,group_2270,Soft core,Soft core,Soft core
GCF_015099595.1,RQCS_RS16020,MSVLFTYLLFIGAGIAVGGAYSMFKVNKLASGILLALAVLAAVAGALRL,49,hypothetical protein, ,Derived by automated computational analysis using gene prediction method: Protein Homology.,OG0000040,Conserved,group_2410,Soft core,Conserved,Soft core
GCF_015099595.1,RQCS_RS16250,MNESSSGLFSDLSASEPVVDAKSAEQLAAERETAAAERSNTDTAEQRQSQLFSG,54,hypothetical protein, ,Derived by automated computational analysis using gene prediction method: Protein Homology.,OG0000084,Soft core,group_2262,Soft core,Soft core,Soft core
GCF_015099595.1,RQCS_RS31430,MLGIALGLGSAAVGIGLGLLGAGAGILLSDKTVKTARRELTA,42,hypothetical protein, ,Derived by automated computational analysis using gene prediction method: GeneMarkS-2+.,OG0000102,Soft core,group_2160,Soft core,Soft core,Soft core
GCF_015099595.1,RQCS_RS16355,MHAEVGDRLHVQGRVVGQAEVTAEVLEVHGEDGGPPYLVRYDNGHEALVFPGSDGWIDHPGKGS,64,duf1918 domain-containing protein, ,Derived by automated computational analysis using gene prediction method: Protein Homology.,OG0000041,Conserved,group_2499,Soft core,Conserved,Soft core
GCF_015099595.1,RQCS_RS31435,MTTYRYLDADRNLLEEKDFETEQDAQEYRLSVLGAEHIEPTDE,43,hypothetical protein, ,Derived by automated computational analysis using gene prediction method: Protein Homology.,OG0000054,Core,group_2400,Soft core,Core,Core
GCF_015099595.1,RQCS_RS17035,MTDEDRLWYFDVSDGSVTQGKGASSLTRMGPYPDRDSAEHALKIAAERNKAADRADEDWNN,61,hypothetical protein, ,Derived by automated computational analysis using gene prediction method: Protein Homology.,OG0000042,Conserved,group_592,Soft core,Core,Soft core
GCF_015099595.1,RQCS_RS31180,MKLALTEFKNSKATIRIIMSDGAKLNGTVTDFTEDTLVLNSPNGVYYINPSHIVRLFEPSDRAAK,65,hypothetical protein, ,Derived by automated computational analysis using gene prediction method: GeneMarkS-2+.,OG0000085,Soft core,group_2248,Soft core,Soft core,Soft core
GCF_015099595.1,RQCS_RS17400,MTVAGVVSVVLIAVAAALVIYLLVALVDPERF,32,k(+)-transporting atpase subunit f, ,Derived by automated computational analysis using gene prediction method: Protein Homology.,OG0000055,Core,kdpF,Soft core,Soft core,Soft core
GCF_015099595.1,RQCS_RS31545,MSEATAPVIRHQLALIAVGMLDVADVACC,29,ms4533a family cys-rich leader peptide, ,Derived by automated computational analysis using gene prediction method: Protein Homology.,OG0000133,Shell,group_1948,Soft core,Shell,Shell
GCF_015099595.1,RQCS_RS17540,MDRIADWWDSFELWMAGLPFIPQVALVLIVVVPLCRLVAIGLDRALAAVLALPLFGWLRRNSREVEES,68,hypothetical protein, ,Derived by automated computational analysis using gene prediction method: Protein Homology.,OG0000056,Core,group_2078,Soft core,Soft core,Soft core
GCF_015099595.1,RQCS_RS17960,MKKALPKTLKSLARTVGILALALVVVSVVERFTGAHQPTTGPASLTGPDQSL,52,hypothetical protein, ,Derived by automated computational analysis using gene prediction method: Protein Homology.,OG0000111,Soft core,group_2264,Soft core,Soft core,Soft core
GCF_015099595.1,RQCS_RS17970,MSFPPFPIVIEGIETTGSAAIDGLGRLSVLLYDLLGGTGSATINAGS,47,hypothetical protein, ,Derived by automated computational analysis using gene prediction method: Protein Homology.,OG0000125,Shell,group_2228,Shell,Shell,Shell
GCF_015099595.1,RQCS_RS18005,MIAAPTTGALAVVLNTVLQMFNAGSSFLYTDNSPIGGGGETPTTPAP,47,hypothetical protein, ,Derived by automated computational analysis using gene prediction method: Protein Homology.,OG0000086,Soft core,group_2210,Soft core,Soft core,Soft core
GCF_015099595.1,RQCS_RS18010,MPTIPLTGDPIVINIIVQLLSAGSSNALALGGVGSSGLGSTGLGSFDSASLGSAA,55,hypothetical protein, ,Derived by automated computational analysis using gene prediction method: Protein Homology.,OG0000087,Soft core,group_1002,Soft core,Soft core,Soft core
GCF_015099595.1,RQCS_RS31440,MYIQTCTYDTEDRNMGSINTLSAVIDIIKVVQPLIAKLNLS,41,hypothetical protein, ,Derived by automated computational analysis using gene prediction method: GeneMarkS-2+.,OG0000109,Soft core,group_2041,Soft core,Soft core,Soft core
GCF_015099595.1,RQCS_RS31085,MSTALLTIYVLIWPALVLVVLGVISKGFFKDWATARRNGEDLV,43,putative transporter small subunit, ,Derived by automated computational analysis using gene prediction method: Protein Homology.,OG0000088,Soft core,group_2364,Soft core,Soft core,Soft core
GCF_015099595.1,RQCS_RS19515,MAAMKPRTGDGPLEATKEGRGIVMRVPLEGGGRLVVELTPDEAAALGVELTNVTS,55,duf3117 domain-containing protein, ,Derived by automated computational analysis using gene prediction method: Protein Homology.,OG0000043,Conserved,group_1003,Soft core,Soft core,Soft core
GCF_015099595.1,RQCS_RS19620,MTEQDATFDPEAPESDALEQSTPVDPNAPEEPDLTDIPLDAPVADVVDQRVEVAVDDDYRPS,62,hypothetical protein, ,Derived by automated computational analysis using gene prediction method: Protein Homology.,OG0000057,Core,group_2211,Soft core,Soft core,Soft core
GCF_015099595.1,RQCS_RS19645,MYNWDLQNQIVAFVDSLRPMAGYYHDLYYGSLYAFADQQSHLLTLLGFPPVP,52,hypothetical protein, ,Derived by automated computational analysis using gene prediction method: Protein Homology.,OG0000058,Core,group_1175,Soft core,Soft core,Soft core
GCF_015099595.1,RQCS_RS19665,MGKVKASKVSQLKPKKKCCRKKTRCIKCPVVIMRMKKLENEGASKKELKAGLRKARAA,58,hypothetical protein, ,Derived by automated computational analysis using gene prediction method: Protein Homology.,OG0000044,Conserved,group_2365,Soft core,Soft core,Soft core
GCF_015099595.1,RQCS_RS31445,MGSMEGILGAVVQGLGSLFSADGLLKTFMGSVETISKDPTP,41,hypothetical protein, ,Derived by automated computational analysis using gene prediction method: GeneMarkS-2+.,OG0000103,Soft core,group_2051,Soft core,Soft core,Soft core
GCF_015099595.1,RQCS_RS19835,MTAKLTTAFRGTLWWVRSVMGDLDYQRYVEHTRRHHADSPVISEREFWRRRHAAADANPGARCC,64,ybdd/yjix family protein, ,Derived by automated computational analysis using gene prediction method: Protein Homology.,OG0000045,Conserved,group_2343,Soft core,Soft core,Soft core
GCF_015099595.1,RQCS_RS20085,MSTNSDRRPRLPVRIAYLAAGVLFVAAMLLLASVVNPDRDRDFSMNHVPAGTSTTAFAATSDLG,64,hypothetical protein, ,Derived by automated computational analysis using gene prediction method: Protein Homology.,OG0000104,Soft core,group_2149,Soft core,Soft core,Soft core
GCF_015099595.1,RQCS_RS20125,MSFDWWIAIGAIVAGALCLPFRIAALLVESGENRRLLDQIGMMFGILSVGWIILALLV,58,hypothetical protein, ,Derived by automated computational analysis using gene prediction method: GeneMarkS-2+.,OG0001438,,group_831,Cloud,,Probably not conserved
GCF_015099595.1,RQCS_RS20145,MSKSKDFKTSGSGVDVTYVPSSQFTRMASQDTPLSPRMERMLANRAAGLRAR,52,hypothetical protein, ,Derived by automated computational analysis using gene prediction method: GeneMarkS-2+.,OG0001439,,group_1193,Cloud,,Probably not conserved
GCF_015099595.1,RQCS_RS20285,MSSEQLEIPTAEALSRYARELKEGGFSQPVIDQLVIHASEHLVLGRARRDECGQESGALRVKVIANA,67,hypothetical protein, ,Derived by automated computational analysis using gene prediction method: GeneMarkS-2+.,OG0000594,Cloud,group_2438,Cloud,Cloud,Cloud
GCF_015099595.1,RQCS_RS20315,MPTLEDMIVGDLAHLRRERCRANKPAVAVLTATLNRRLALLTGDGQAH,48,hypothetical protein, ,Derived by automated computational analysis using gene prediction method: GeneMarkS-2+.,OG0000296,Cloud,group_2415,Cloud,Cloud,Cloud
GCF_015099595.1,RQCS_RS20340,MKTRLLKVATAFGLQFLALLILFLVLAILGIDGTPSWVYAAVGGFIFCFALAAQQGRPSEKE,62,hypothetical protein, ,Derived by automated computational analysis using gene prediction method: GeneMarkS-2+.,OG0001440,,group_542,Cloud,,Probably not conserved
GCF_015099595.1,RQCS_RS20400,MKLSEAIENVGKRVIYTHPATLATEPGIIRSVDIANRGLVNVQYGANIWATHHDNLTLDRSRR,63,hypothetical protein, ,Derived by automated computational analysis using gene prediction method: GeneMarkS-2+.,OG0000289,Cloud,group_2319,Cloud,Cloud,Cloud
GCF_015099595.1,RQCS_RS20415,MSDHIHNTECTKSGQLCYGRGVPCKKSHPRQPDITCAKLAGHGVDHEGWGNAMKRIEWTTEATA,64,hypothetical protein, ,Derived by automated computational analysis using gene prediction method: Protein Homology.,OG0000496,Cloud,group_2269,Cloud,Cloud,Cloud
GCF_015099595.1,RQCS_RS20430,MTAVVAVQRQRALAAIEVYEAALEEYELPSAPRSEADRIVAADRVIAAAAGLRAAIPM,58,hypothetical protein, ,Derived by automated computational analysis using gene prediction method: GeneMarkS-2+.,OG0000497,Cloud,group_2320,Cloud,Cloud,Cloud
GCF_015099595.1,RQCS_RS31190,MTVTIAAVPDGDEFWQATQCQAATGVPKGTWLYWAHIGKGPASFKLGRRRVWRKSVILAWIAEQEAAAS,69,helix-turn-helix domain-containing protein, ,Derived by automated computational analysis using gene prediction method: Protein Homology.,OG0000331,Cloud,group_17,Cloud,Cloud,Cloud
GCF_015099595.1,RQCS_RS20890,MAEGIVKWFNSEKGFGFIAPEDGSADVFVHYSEIQSGGFRTLEENQRVAFEIGQGNKGPQATGVTIV,67,cold-shock protein, ,Derived by automated computational analysis using gene prediction method: Protein Homology.,OG0000046,Conserved,group_132,Soft core,Soft core,Soft core
GCF_015099595.1,RQCS_RS20895,MTTAEYTVSGMTCGHCVGSVKEEIGNIAGVTAVDVELASGRVVVTSDAPVSAADVVAAVDEAGYAVVPS,69,heavy-metal-associated domain-containing protein, ,Derived by automated computational analysis using gene prediction method: Protein Homology.,OG0000006,Conserved,group_2139,Soft core,Soft core,Soft core
GCF_015099595.1,RQCS_RS21015,MKHTMSDDELRRAIREIQDRAHDARKRGDDVAAEELDRTVKGYQEQMMQRL,51,hypothetical protein, ,Derived by automated computational analysis using gene prediction method: Protein Homology.,OG0000059,Core,group_2336,Soft core,Soft core,Soft core
GCF_015099595.1,RQCS_RS21090,MSEQPDTPKKPSVDKKRLARIFGDVFPETTSDERGPEGSSRSSDDDWLRSQRPPHHGG,58,hypothetical protein, ,Derived by automated computational analysis using gene prediction method: Protein Homology.,OG0000089,Soft core,group_2328,Soft core,Soft core,Soft core
GCF_015099595.1,RQCS_RS21120,MAVPKRKMSRSNTRSRRAQWKATAPDLVEVTAFGQTHRVPRRLVKAVRLGVIDPSRI,57,50s ribosomal protein l32, ,Derived by automated computational analysis using gene prediction method: Protein Homology.,OG0000060,Soft core,group_2302,Soft core,Soft core,Soft core
GCF_015099595.1,RQCS_RS21140,MARNEIRPIVKLKSTAGTGYTYVTRKNRRNDPDRLVLKKYDPVLRKHVDFREEK,54,50s ribosomal protein l33, ,Derived by automated computational analysis using gene prediction method: Protein Homology.,OG0000047,Conserved,group_2199,Soft core,Soft core,Soft core
GCF_015099595.1,RQCS_RS21305,MHLTATTSTTTGAAGNSDPKDAESTLDMSGRPAALRARSAAATRPGGADVTA,52,hypothetical protein, ,Derived by automated computational analysis using gene prediction method: GeneMarkS-2+.,OG0000131,Shell,group_2058,Shell,Shell,Shell
GCF_015099595.1,RQCS_RS31200,MREPREYEQNPPRHEYSVTCKGQSIWPVLITM,32,winged helix-turn-helix transcriptional regulator, ,Derived by automated computational analysis using gene prediction method: Protein Homology.,OG0000510,Cloud,group_1942,Cloud,Cloud,Cloud
GCF_015099595.1,RQCS_RS21680,MGFLDNVKGLVEKGQELAAENSDKVHDAIDKVADIADDKTGNKYGDQIDKAAEAAKKAVPEKQ,63,antitoxin, ,Derived by automated computational analysis using gene prediction method: Protein Homology.,OG0000010,Conserved,group_425,Soft core,Soft core,Soft core
GCF_015099595.1,RQCS_RS31205,MANNSKQHYVDPGWPETADGDHAVTELSSTRAGGLSPFGEDTTFPVPVESLPYVHPHTVINR,62,hypothetical protein, ,Derived by automated computational analysis using gene prediction method: Protein Homology.,OG0000048,Conserved,group_501,Soft core,Soft core,Soft core
GCF_015099595.1,RQCS_RS31450,MADKAPGKNMKKPAQSIKERRAEKRAKTAESSEFIRKRKRS,41,hypothetical protein, ,Derived by automated computational analysis using gene prediction method: Protein Homology.,OG0000004,Core,group_2142,Soft core,Soft core,Soft core
GCF_015099595.1,RQCS_RS23160,MGRGRAKAKQTKVARELKYSVPTTDFDSLQRELAGGSTNSHRSSVRSDQTSDREGHAREDDYDDWRR,67,duf3073 domain-containing protein, ,Derived by automated computational analysis using gene prediction method: Protein Homology.,OG0000049,Conserved,group_133,Soft core,Soft core,Soft core
GCF_015099595.1,RQCS_RS23335,MRNNLQELRTAAGLSQQACADALGITRQTVISIEKGHFDPRLSLAFRIAEYFDKRVDDIFSS,62,helix-turn-helix transcriptional regulator, ,Derived by automated computational analysis using gene prediction method: Protein Homology.,OG0000105,Soft core,group_502,Soft core,Soft core,Soft core
GCF_015099595.1,RQCS_RS23465,MTSPMNTRKLTRARSGAMFGGVCAGIARYFGWKSSTVRLLFVLSCLLPGPQFLIYIVMWIFIPREQI,67,pspc domain-containing protein, ,Derived by automated computational analysis using gene prediction method: Protein Homology.,OG0000106,Soft core,group_134,Soft core,Soft core,Soft core
GCF_015099595.1,RQCS_RS23485,MAEGERPPGVLDDSTYQSPDGLRKFGRTKSEVWFRNKKAYNASRIDDAAVEAANG,55,hypothetical protein, ,Derived by automated computational analysis using gene prediction method: GeneMarkS-2+.,OG0000185,Shell,group_2143,Shell,Shell,Shell
GCF_015099595.1,RQCS_RS24050,MTFFAALLILPILFGALIAGYSAFPEVDGSEALLPPAFWILIAAGGALGGYIGVKVGVVRGSALDYRL,68,hypothetical protein, ,Derived by automated computational analysis using gene prediction method: GeneMarkS-2+.,OG0000399,Cloud,group_73,Cloud,Cloud,Cloud
GCF_015099595.1,RQCS_RS31215,MTVLCRAGKLQAGVLVADDDQGWASPFRSIAPTKMALLARALQDGLIAIDEL,52,hypothetical protein, ,Derived by automated computational analysis using gene prediction method: Protein Homology.,OG0000156,Shell,group_2040,Shell,Shell,Shell
GCF_015099595.1,RQCS_RS24260,MSDWVKKVEAEAKGLLAEAEEELTVLEGVDTIDPLADDDPAPEDGTKPTSD,51,hypothetical protein, ,Derived by automated computational analysis using gene prediction method: Protein Homology.,OG0000090,Soft core,group_2192,Soft core,Soft core,Soft core
GCF_015099595.1,RQCS_RS25200,MAQGIVKWFNGEKGFGFIAPDDGTPDVFVHYSEISGNGYKSLDENQRVEFEVGQGQKGPQATNVRAV,67,cold-shock protein, ,Derived by automated computational analysis using gene prediction method: Protein Homology.,OG0000003,Conserved,group_1991,Soft core,Soft core,Soft core
GCF_015099595.1,RQCS_RS25365,MGSINAFNEWVNQATYAGDPFATAIAIVQFFAVSLVNLFTGGPIL,45,hypothetical protein, ,Derived by automated computational analysis using gene prediction method: GeneMarkS-2+.,OG0000137,Shell,group_2383,Shell,Shell,Shell
GCF_015099595.1,RQCS_RS25390,MKKTDFAPISCIHRWEIESRHRTSEGTVTYLRCHCGSWQTLLAEWVSGGAGSAVAAPIKVRSR,63,hypothetical protein, ,Derived by automated computational analysis using gene prediction method: GeneMarkS-2+.,OG0000116,Soft core,group_2290,Soft core,Soft core,Soft core
GCF_015099595.1,RQCS_RS25430,MPTVIRTVHDLVRHARGPTHHHHHQSVHEARRMRAHHILVTHSLA,45,hypothetical protein, ,Derived by automated computational analysis using gene prediction method: GeneMarkS-2+.,OG0000112,Soft core,group_2176,Soft core,Soft core,Soft core
GCF_015099595.1,RQCS_RS25635,MVGTPVIVTIVSVCVGFVIFMLAASGARGKWDRRLVIALFIGAVVCLTVVPVSVALSAGV,60,hypothetical protein, ,Derived by automated computational analysis using gene prediction method: Protein Homology.,OG0000091,Soft core,group_2382,Soft core,Soft core,Soft core
GCF_015099595.1,RQCS_RS26235,MTEPDPGTVETDFPKTGAPAQRALIAAGYTHLAQLTSVSEKELGALHGMGPKALRILREALAERGLSFAD,70,hypothetical protein, ,Derived by automated computational analysis using gene prediction method: Protein Homology.,OG0000050,Conserved,,,Soft core,Soft core
GCF_015099595.1,RQCS_RS31225,MLGNVKCSHPRGYLHGEVLAVDAAMNLITAKVDDFENVREGVPGSSLVGGGYVPL,55,hypothetical protein, ,Derived by automated computational analysis using gene prediction method: GeneMarkS-2+.,OG0000198,Shell,group_2094,Shell,Shell,Shell
GCF_015099595.1,RQCS_RS31455,MGSSDTDLKALDSVITVAGALAAIFGGIAGVAGLATFLGTGGGS,44,hypothetical protein, ,Derived by automated computational analysis using gene prediction method: GeneMarkS-2+.,OG0000065,Soft core,group_2088,Shell,Shell,Shell
GCF_015099595.1,RQCS_RS26900,MTKESETVAPAADRSHIVVVLVALIMISAVGVLFGRRKR,39,lpxtg cell wall anchor domain-containing protein, ,Derived by automated computational analysis using gene prediction method: GeneMarkS-2+.,OG0000281,Shell,group_2086,Shell,Shell,Shell
GCF_015099595.1,RQCS_RS26995,MNAPTRYQFLIDGEVSDRVKAAFPELSVASAAGGFTSLYGPVADHTAMRSIMARLDSLGLTVAEMRRLPD,70,hypothetical protein, ,Derived by automated computational analysis using gene prediction method: Protein Homology.,OG0000092,Soft core,,,Soft core,Soft core
GCF_015099595.1,RQCS_RS31460,MSVVLISLLVAAGLTVLATSDGAGLDFGSRQLNRQLKTRTHR,42,hypothetical protein, ,Derived by automated computational analysis using gene prediction method: GeneMarkS-2+.,OG0000107,Soft core,group_1760,Soft core,Soft core,Soft core
GCF_015099595.1,RQCS_RS27410,MKIVVLSFLVALTLMTVGIIAARNRSTRPAVTGAVTAASTVLAAAWTLFAVAFVLA,56,hypothetical protein, ,Derived by automated computational analysis using gene prediction method: Protein Homology.,OG0000110,Soft core,group_2239,Soft core,Soft core,Soft core
GCF_015099595.1,RQCS_RS28370,MRRASRAQRMELIAGFISVFALMALIGAVVAIVKGDPGVMPSLVLLGCVVALGLAFRGYRNAVRAERRE,69,hypothetical protein, ,Derived by automated computational analysis using gene prediction method: Protein Homology.,OG0000051,Conserved,group_2375,Soft core,Shell,Shell
GCF_015099595.1,RQCS_RS28880,MRELLDGKDYLLVHTEPGTNKITAYEFDPGTAKSFHLEQSGSALMTRPAAGVGATPIAHPASQPN,65,hypothetical protein, ,Derived by automated computational analysis using gene prediction method: GeneMarkS-2+.,OG0001441,,,,,Probably not conserved
GCF_015099595.1,RQCS_RS28915,MAKGKRTFQPNNRRRARVHGFRLRMRTRAGRAIVSARRRKGRDSLTA,47,50s ribosomal protein l34, ,Derived by automated computational analysis using gene prediction method: Protein Homology.,OG0000052,Conserved,rpmH,Conserved,Shell,Shell
GCF_015099595.1,RQCS_RS31250,MPKRYPEEFRRKVLDLVAAGRPIAEIAHDLQVSDQTIYGWRNRT,44,helix-turn-helix domain-containing protein, ,Derived by automated computational analysis using gene prediction method: Protein Homology.,OG0000747,Cloud,,,,Probably not conserved
GCF_015099595.1,RQCS_RS29025,MRIGTEGVSVFTIVSVDEDAHTAIILSTADAPGKYPFPAKLANLMPAS,48,hypothetical protein, ,Derived by automated computational analysis using gene prediction method: Protein Homology.,OG0000072,Soft core,,,,Probably not conserved
GCF_015099595.1,RQCS_RS31470,MWGRMQTELLNRKRWRTRIELANTIFEYLEIFHNRQRRHSSRGMRTPIECELHHHTNQSIA,61,is3 family transposase, ,Derived by automated computational analysis using gene prediction method: Protein Homology.,OG0001442,,,,,Probably not conserved
GCF_015099595.1,RQCS_RS29175,MHAASRGTYGARRIHAELTLGLGLSVGYNQVEAVMSCAGIKGLPGTRRPKS,51,is3 family transposase, ,Derived by automated computational analysis using gene prediction method: Protein Homology.,OG0001443,,,,,Probably not conserved
GCF_015099595.1,RQCS_RS29190,MKTRRLSCSGADEFTAVDTAVISRTQDLADNFHRLGVYPQQVDATTWLADSRFDSIKSTINTALAN,66,hypothetical protein, ,Derived by automated computational analysis using gene prediction method: GeneMarkS-2+.,OG0001444,,,,,Probably not conserved
GCF_015099595.1,RQCS_RS31270,MQGAESPDAVADRSTHARRHRSKPQENGGDKQAPADALGMSRATIYRKIGEFGINL,56,helix-turn-helix domain-containing protein, ,Derived by automated computational analysis using gene prediction method: Protein Homology.,OG0001445,,,,,Probably not conserved
GCF_015099595.1,RQCS_RS29225,MWDQVVGLGHGDHLSECPPWSILHPDTGWVTAIPWLVASVFPVASVIRLRIVLAKTLIQE,60,hypothetical protein, ,Derived by automated computational analysis using gene prediction method: GeneMarkS-2+.,OG0001446,,,,,Probably not conserved
GCF_015099595.1,RQCS_RS29230,MQSLRDTAALANSPAMQSLRDTVALINSPAMQSLRDTAATVDLPVVTEARKIVDRQRRAQ,60,hypothetical protein, ,Derived by automated computational analysis using gene prediction method: GeneMarkS-2+.,OG0001447,,,,,Probably not conserved
GCF_015099595.1,RQCS_RS29245,MDIVVSSSGLQVVLELYEEFVELVTFGFWESIAFCYAHLVVSPHSG,46,hypothetical protein, ,Derived by automated computational analysis using gene prediction method: GeneMarkS-2+.,OG0001448,,,,,Probably not conserved
GCF_015099595.1,RQCS_RS31475,MLGKYFDSMVDLLITSLGNVVLGGLLTASMQGGGLQSLGDQSA,43,hypothetical protein, ,Derived by automated computational analysis using gene prediction method: GeneMarkS-2+.,OG0000475,Cloud,,,,Probably not conserved
GCF_015099595.1,RQCS_RS31480,MFVVDIRDAAEFHSGGDDLEESISGAMFPPAAPMPTPYSM,40,hypothetical protein, ,Derived by automated computational analysis using gene prediction method: GeneMarkS-2+.,OG0001449,,,,,Probably not conserved
GCF_015099595.1,RQCS_RS31280,MSSDALINEHPAAADDREIPGHHDGHLVIGPDSSAIGTLVERTTGYTTLLHLPPGT,56,hypothetical protein, ,Derived by automated computational analysis using gene prediction method: GeneMarkS-2+.,OG0000613,Cloud,,,,Probably not conserved
GCF_015099595.1,RQCS_RS29590,MRRVICDECGGKPLSDIKLSSTPDPTLFLATASKSLFGGSATDNGPYRWTASRPEP,56,hypothetical protein, ,Derived by automated computational analysis using gene prediction method: GeneMarkS-2+.,OG0001450,,,,,Probably not conserved
GCF_015099595.1,RQCS_RS31285,MTHNTRIKPSTKDRLRRGVDKLRYETGDREISEASMTEAALDEYLKARGL,50,hypothetical protein, ,Derived by automated computational analysis using gene prediction method: Protein Homology.,OG0000212,Shell,group_2308,Shell,Cloud,Shell
GCF_015099595.1,RQCS_RS29785,MEDNRIRSALDATPDADYLEQTIPADPNAVDAVDLEALTTELDTPWPAPEGDLLEQSTPAPLDDER,66,hypothetical protein, ,Derived by automated computational analysis using gene prediction method: Protein Homology.,OG0000199,Shell,group_2217,Cloud,Cloud,Cloud
GCF_015099595.1,RQCS_RS29810,MDVSDLDVVVWPVSEEREAWWREIVGGGRDGLSAAMTRNRPGEDTPPRVLHAA,53,hypothetical protein, ,Derived by automated computational analysis using gene prediction method: GeneMarkS-2+.,OG0000129,Shell,group_2405,Cloud,Cloud,Cloud
GCF_015099595.1,RQCS_RS29815,MATYRVINPAGDVTATRDIDSADDAHAWFVDARADNSELGWRMEVQHDGEWSFFDDTEGASS,62,hypothetical protein, ,Derived by automated computational analysis using gene prediction method: Protein Homology.,OG0000066,Soft core,group_2490,Shell,Cloud,Cloud
GCF_015099595.1,RQCS_RS31485,MNSSDVGSVSALLPMMLTAFKSIITMPVALSVDFGLDVPFNPFK,44,hypothetical protein, ,Derived by automated computational analysis using gene prediction method: GeneMarkS-2+.,OG0000186,Shell,group_2414,Cloud,Cloud,Cloud
GCF_015099595.1,RQCS_RS31490,MPDEPLNARLIRPGASTITAITAIIAMVTATTTTARYFTR,40,hypothetical protein, ,Derived by automated computational analysis using gene prediction method: GeneMarkS-2+.,OG0000854,Cloud,group_2224,Cloud,Cloud,Cloud
GCF_015099595.1,RQCS_RS30095,MLGLIGFLLVLWLVFVVVGFVAKGLLWLAIIGIVLFVATAAWGWIKRTAST,51,hypothetical protein, ,Derived by automated computational analysis using gene prediction method: GeneMarkS-2+.,OG0000599,Cloud,group_2492,Cloud,Cloud,Cloud
GCF_015099595.1,RQCS_RS30145,MTDRFDAELMMLADIRAYLRTAEGPDFPISTSVIDRVLDERNSARLGRSAESDIGLPVDEQQG,63,hypothetical protein, ,Derived by automated computational analysis using gene prediction method: Protein Homology.,OG0000117,Shell,group_2225,Cloud,Cloud,Cloud
GCF_015099595.1,RQCS_RS30185,MDSAIQLRPELRREAVGGVDRGEPDAESEECCDVVGHPDCEHVLMLPVTAEFRWQVILWCGARRAERTW,69,hypothetical protein, ,Derived by automated computational analysis using gene prediction method: GeneMarkS-2+.,OG0000614,Cloud,group_2046,Cloud,Cloud,Cloud
GCF_015099595.1,RQCS_RS30200,MRQTQGRGSAINGPRPAPADVALAVASATVLGVTVGVLLAEVVTGVVVGAGTAVVFRFVLRSIITRK,67,hypothetical protein, ,Derived by automated computational analysis using gene prediction method: Protein Homology.,OG0000124,Shell,group_2500,Shell,Cloud,Shell
GCF_015099595.1,RQCS_RS30270,MTPSRCLTIVGLLIAVVAAALRFAVLVIDDPDDRRLVTDLSVAAAALGDTLFAVGTVCGC,60,hypothetical protein, ,Derived by automated computational analysis using gene prediction method: GeneMarkS-2+.,OG0000587,Cloud,,,,Probably not conserved
GCF_015099595.1,RQCS_RS30280,MTDKHSQTDDAVTVGSRVDVTARTSGDNATEKQPGVVHRWAIALDDGRLVFANNEDLL,58,hypothetical protein, ,Derived by automated computational analysis using gene prediction method: Protein Homology.,OG0000236,Shell,,,,Probably not conserved
GCF_015099595.1,RQCS_RS30325,MAIHRTAATSHGKNRSLMRRAGIVGLPGPAKVERFNGVAQADYFTHREFYLLAE,54,hypothetical protein, ,Derived by automated computational analysis using gene prediction method: GeneMarkS-2+.,OG0001451,,,,,Probably not conserved
GCF_015099595.1,RQCS_RS31495,MSSATTASVTRPQLTSATASAGTGAGGAVDPADCAVLAGSGT,42,hypothetical protein, ,Derived by automated computational analysis using gene prediction method: GeneMarkS-2+.,OG0001452,,,,,Probably not conserved
GCF_015099595.1,RQCS_RS30400,MLMPKEVATMFGVTPKTVARWAAAGKFGSIKTAGGHRRYWRAEIDMLVRAAQISKT,56,bldc family transcriptional regulator, ,Derived by automated computational analysis using gene prediction method: Protein Homology.,OG0000068,Soft core,,,,Probably not conserved
GCF_015099595.1,RQCS_RS30425,MTGHHAQETTSVRESRTLRSPLSAADPGHELVLVEQLSRRTLSLPASRPSTA,52,hypothetical protein, ,Derived by automated computational analysis using gene prediction method: GeneMarkS-2+.,OG0001453,,,,,Probably not conserved
GCF_015099595.1,RQCS_RS30495,MPADPSYATDSDMHVAASRLFVKWMAATATSIRFLIQPRRSEIERPPLRCDPAENRLLDQAIAFE,65,hypothetical protein, ,Derived by automated computational analysis using gene prediction method: GeneMarkS-2+.,OG0001454,,,,,Probably not conserved
GCF_015099595.1,RQCS_RS30510,METRTLARADVYKWGAVTGIGVIAGYLAVVLANARHFYTDDTESKYAPLWGWNDIWSQPQGFE,63,hypothetical protein, ,Derived by automated computational analysis using gene prediction method: GeneMarkS-2+.,OG0001455,,,,,Probably not conserved
GCF_015099595.1,RQCS_RS31330,MTTVRREFLRSTLLARKTPPKMVAACVAATLAGDRRVSRPPSRAIPD,47,hypothetical protein, ,Derived by automated computational analysis using gene prediction method: GeneMarkS-2+.,OG0001456,,,,,Probably not conserved
GCF_015099595.1,RQCS_RS30550,MRPRKRCRRPAPAARTRVAPALGGIGCVALAAFLPTASLTIGIGVLTIGTLIYAARRRTTKPVR,64,hypothetical protein, ,Derived by automated computational analysis using gene prediction method: GeneMarkS-2+.,OG0001457,,,,,Probably not conserved
GCF_015099595.1,RQCS_RS31500,MKRKALLLITGALVIAFVNRSLGSLAAAQPFGVPLGHRLVR,41,hypothetical protein, ,Derived by automated computational analysis using gene prediction method: GeneMarkS-2+.,OG0001458,,,,,Probably not conserved
GCF_015099595.1,RQCS_RS31505,MGSSDTDLKLLDSVISVAGALAAIFGGVAGVAGLATFLGTGGGS,44,hypothetical protein, ,Derived by automated computational analysis using gene prediction method: GeneMarkS-2+.,OG0000065,Soft core,,,,Probably not conserved
GCF_015099595.1,RQCS_RS30625,MNIAAAGLRNWVLNLHNALESKGVYVAHVGITALIGAGHPEAEPDVIAKAYTALYDERQDAELHYVAYDA,70,hypothetical protein, ,Derived by automated computational analysis using gene prediction method: GeneMarkS-2+.,OG0001459,,,,,Probably not conserved
GCF_015099595.1,RQCS_RS30630,MTSVQLDVAALGKRFQRRTGRMEIREEAGVSVWRTIAPTVDAAHEPAPLKKTQ,53,hypothetical protein, ,Derived by automated computational analysis using gene prediction method: GeneMarkS-2+.,OG0000805,Cloud,,,,Probably not conserved
GCF_015099595.1,RQCS_RS30640,MVDEASRQSRVVVHDLRQRGLSVREIGVMLGITPSRVSQLGKDKATA,47,hypothetical protein, ,Derived by automated computational analysis using gene prediction method: GeneMarkS-2+.,OG0001460,,,,,Probably not conserved
GCF_015099595.1,RQCS_RS30755,MVSGAAASGDARYPLAEDGRLVMSGQALLVIHSFGGGIENATASE,45,hypothetical protein, ,Derived by automated computational analysis using gene prediction method: GeneMarkS-2+.,OG0001461,,,,,Probably not conserved
GCF_015099595.1,RQCS_RS31510,MTPNKVNQAKRMRENGMQLIAGATGTVQDNASFPGKPGGS,40,hypothetical protein, ,Derived by automated computational analysis using gene prediction method: GeneMarkS-2+.,OG0000373,Cloud,,,,Probably not conserved
GCF_015099595.1,RQCS_RS30835,MGSADRRGLGKTDDLDAVRIARSGLSVDVDQLRRPRADGSRVAMRLSWSLANR,53,hypothetical protein, ,Derived by automated computational analysis using gene prediction method: GeneMarkS-2+.,OG0001462,,,,,Probably not conserved
GCF_015099595.1,RQCS_RS30870,MSDRFDEELAMLTDVRRYLRSVEGPELSISTSVIDRVLDERNDSRAGRADEPRC,54,hypothetical protein, ,Derived by automated computational analysis using gene prediction method: Protein Homology.,OG0000117,Shell,,,,Probably not conserved
GCF_015099595.1,RQCS_RS30880,MLTDRVLLAARIREVHHLELPSFTTGCGVDTSSTVAAEALATETSPSPP,49,hypothetical protein, ,Derived by automated computational analysis using gene prediction method: GeneMarkS-2+.,OG0001463,,,,,Probably not conserved
GCF_016722835.1,JKI97_RS32690,MYIHTCTYDTEDRNMGSINTLSAVIDIIKVVQPLIAKLNLS,41,hypothetical protein, ,Derived by automated computational analysis using gene prediction method: GeneMarkS-2+.,OG0000109,Soft core,group_2041,Soft core,Soft core,Soft core
GCF_016722835.1,JKI97_RS01740,MGTLKSGQDLAAKFSKKAVGGEDSLEKSLTSHIQVVTEMRDFFQQCVDRYGEVEGSNASALASVDTPR,68,hypothetical protein, ,Derived by automated computational analysis using gene prediction method: GeneMarkS-2+.,OG0000123,Soft core,group_2307,Soft core,Soft core,Soft core
GCF_016722835.1,JKI97_RS01810,MSTALLTIYVLIWPALVLVVLGVISKGFFKDWATARRNGEDLV,43,putative transporter small subunit, ,Derived by automated computational analysis using gene prediction method: Protein Homology.,OG0000088,Soft core,group_2364,Soft core,Soft core,Soft core
GCF_016722835.1,JKI97_RS32695,MSAQRQLNAAKKSPAKKDAQPKAKKRKNPNRKRNVPQPKYLQ,42,hypothetical protein, ,Derived by automated computational analysis using gene prediction method: GeneMarkS-2+.,OG0000601,Cloud,group_1781,Cloud,Cloud,Cloud
GCF_016722835.1,JKI97_RS02475,MAAMKPRTGDGPLEATKEGRGIVMRVPLEGGGRLVVELTPDEAAALGVELTNVTS,55,duf3117 domain-containing protein, ,Derived by automated computational analysis using gene prediction method: Protein Homology.,OG0000043,Conserved,group_1003,Soft core,Soft core,Soft core
GCF_016722835.1,JKI97_RS02580,MTEQDATFDPEAPESDALEQSTPVDPNAPEEPDLTDIPLDAPVADVVDQRVEVAVDDDYRPS,62,hypothetical protein, ,Derived by automated computational analysis using gene prediction method: Protein Homology.,OG0000057,Core,group_2211,Soft core,Soft core,Soft core
GCF_016722835.1,JKI97_RS02605,MYNWDLQNQIVAFVDSLRPMAGYYHDLYYGSLYAFADQQSHLLTLLGFPPVP,52,hypothetical protein, ,Derived by automated computational analysis using gene prediction method: Protein Homology.,OG0000058,Core,group_1175,Soft core,Soft core,Soft core
GCF_016722835.1,JKI97_RS02625,MGKVKASKVSQLKPKKKCCRKKTRCIKCPVVIMRMKKLENEGASKKELKAGLKKARAA,58,hypothetical protein, ,Derived by automated computational analysis using gene prediction method: Protein Homology.,OG0000044,Conserved,group_2365,Soft core,Soft core,Soft core
GCF_016722835.1,JKI97_RS32700,MGSMEGILGAVVQGLGSLFSADGLLKTFMGSVETISKDPTP,41,hypothetical protein, ,Derived by automated computational analysis using gene prediction method: GeneMarkS-2+.,OG0000103,Soft core,group_2051,Soft core,Soft core,Soft core
GCF_016722835.1,JKI97_RS02795,MTAKLTTAFRGTLWWVRSVMGDLDYQRYVEHTRRHHADSPVISEREFWRRRHAAADANPGARCC,64,ybdd/yjix family protein, ,Derived by automated computational analysis using gene prediction method: Protein Homology.,OG0000045,Conserved,group_2343,Soft core,Conserved,Soft core
GCF_016722835.1,JKI97_RS03045,MSTNSDRRPRLPVRIAYLAAGVLFVAAMLLLASVVNPDRDRDFSMNHVPAGTSTTAFAATSDLG,64,hypothetical protein, ,Derived by automated computational analysis using gene prediction method: Protein Homology.,OG0000104,Soft core,group_2149,Soft core,Soft core,Soft core
GCF_016722835.1,JKI97_RS03050,MTAFVLAKGSPMFDFFGAISGFFGLLFGTGSSSGSSGGSSDAPVAPPT,48,hypothetical protein, ,Derived by automated computational analysis using gene prediction method: Protein Homology.,OG0000268,Shell,,,Shell,Shell
GCF_016722835.1,JKI97_RS03280,MSRVEICGAGMDSVRHRRKIHEMREFYIGLVIARAERILLLAGLALEF,48,hypothetical protein, ,Derived by automated computational analysis using gene prediction method: GeneMarkS-2+.,OG0000602,Cloud,group_1439,Cloud,Cloud,Cloud
GCF_016722835.1,JKI97_RS03480,MAEGIVKWFNSEKGFGFIAPEDGSADVFVHYSEIQSGGFRTLEENQRVAFEIGQGNKGPQATGVTIV,67,cold-shock protein, ,Derived by automated computational analysis using gene prediction method: Protein Homology.,OG0000046,Conserved,group_132,Soft core,Soft core,Soft core
GCF_016722835.1,JKI97_RS03485,MTTAEYTVSGMTCGHCVGSVKEEIGNIAGVTAVDVELASGRVVVTSDAPVSAADVVAAVDEAGYAVVPS,69,heavy-metal-associated domain-containing protein, ,Derived by automated computational analysis using gene prediction method: Protein Homology.,OG0000006,Conserved,group_2139,Soft core,Soft core,Soft core
GCF_016722835.1,JKI97_RS03605,MKHTMSDDELRRAIREIQDRAHDARKRGDDVAAEELDRTVKGYQEQMMQRL,51,hypothetical protein, ,Derived by automated computational analysis using gene prediction method: Protein Homology.,OG0000059,Core,group_2336,Soft core,Soft core,Soft core
GCF_016722835.1,JKI97_RS03680,MSEQRDTPKKPSVDKKRLARIFGDVFPETTSDERGPEGSSRSSDDDWLRSQRPPHHGG,58,hypothetical protein, ,Derived by automated computational analysis using gene prediction method: Protein Homology.,OG0000089,Soft core,group_2328,Soft core,Soft core,Soft core
GCF_016722835.1,JKI97_RS03710,MAVPKRKMSRSNTRSRRAQWKATAPDLVEVTAFGQTHRVPRRLVKAVRLGVIDPSRI,57,50s ribosomal protein l32, ,Derived by automated computational analysis using gene prediction method: Protein Homology.,OG0000060,Soft core,group_2302,Soft core,Soft core,Soft core
GCF_016722835.1,JKI97_RS03730,MARNEIRPIVKLKSTAGTGYTYVTRKNRRNDPDRLVLKKYDPVLRKHVDFREEK,54,50s ribosomal protein l33, ,Derived by automated computational analysis using gene prediction method: Protein Homology.,OG0000047,Conserved,group_2199,Soft core,Soft core,Soft core
GCF_016722835.1,JKI97_RS03895,MHLTATTSTTTGAAGNSDPKDAESTLDMSGRPAALRARSAAATRPGGADVTA,52,hypothetical protein, ,Derived by automated computational analysis using gene prediction method: GeneMarkS-2+.,OG0000131,Shell,group_2058,Shell,Shell,Shell
GCF_016722835.1,JKI97_RS04360,MGFLDNVKGLVEKGQELAAENSDKVHDAIDKVADIADDKTGNKYGDQIDKAAEAAKKAVPEKQ,63,antitoxin, ,Derived by automated computational analysis using gene prediction method: Protein Homology.,OG0000010,Conserved,group_425,Soft core,Soft core,Soft core
GCF_016722835.1,JKI97_RS32705,MTVTLSCDHRVIDGALGATFLRELQRFVASPALMLV,36,2-oxo acid dehydrogenase subunit e2, ,Derived by automated computational analysis using gene prediction method: Protein Homology.,OG0001464,,group_1932,Cloud,,Probably not conserved
GCF_016722835.1,JKI97_RS04900,MANNSKQHYVDPGWPETADGDHAVTELSSTRAGGLSPFGEDTTFPVPVESLPYVHPHTVINR,62,hypothetical protein, ,Derived by automated computational analysis using gene prediction method: Protein Homology.,OG0000048,Conserved,group_501,Soft core,Soft core,Soft core
GCF_016722835.1,JKI97_RS32710,MADKAPGKNMKKPAQSIKERRAEKRAKTAESSEFIRKRKRS,41,hypothetical protein, ,Derived by automated computational analysis using gene prediction method: Protein Homology.,OG0000004,Core,group_2142,Soft core,Soft core,Soft core
GCF_016722835.1,JKI97_RS05840,MGRGRAKAKQTKVARELKYSVPTTDFDSLQRELAGGSTNSHRSSVRSDQTSDREGHAREDDYDDWRR,67,duf3073 domain-containing protein, ,Derived by automated computational analysis using gene prediction method: Protein Homology.,OG0000049,Conserved,group_133,Soft core,Soft core,Soft core
GCF_016722835.1,JKI97_RS06020,MRNNLQELRTAAGLSQQACADALGITRQTVISIEKGHFDPRLSLAFRIAEYFDKRVDDIFSS,62,helix-turn-helix transcriptional regulator, ,Derived by automated computational analysis using gene prediction method: Protein Homology.,OG0000105,Soft core,group_502,Soft core,Soft core,Soft core
GCF_016722835.1,JKI97_RS06145,MTSPMNTRKLTRARSGAMFGGVCAGIARYFGWKSSTVRLLFVLSCLLPGPQFLIYIVMWIFIPREQI,67,pspc domain-containing protein, ,Derived by automated computational analysis using gene prediction method: Protein Homology.,OG0000106,Soft core,group_134,Soft core,Soft core,Soft core
GCF_016722835.1,JKI97_RS06880,MTVLCRAGKLQAGVLVADDDQGWASPFRSIAPTKMALLARALQDGLIAIDEL,52,hypothetical protein, ,Derived by automated computational analysis using gene prediction method: Protein Homology.,OG0000156,Shell,group_2040,Shell,Shell,Shell
GCF_016722835.1,JKI97_RS06935,MSDWVKKVEAEAKGLLAEAEEELTVLEGVDTIDPLADDDPAPEDGTKPTSD,51,hypothetical protein, ,Derived by automated computational analysis using gene prediction method: Protein Homology.,OG0000090,Soft core,group_2192,Soft core,Soft core,Soft core
GCF_016722835.1,JKI97_RS07135,MAATTPVSGYVIVPHPSDVDAVGNREVEVDELPEQYSKPGTPPITGGPTVPS,52,hypothetical protein, ,Derived by automated computational analysis using gene prediction method: GeneMarkS-2+.,OG0000204,Shell,group_2298,Shell,Shell,Shell
GCF_016722835.1,JKI97_RS07140,MSASLVGTARREVEACLTSRRYPERGRIDIVCSTDDKDATPAFDHGTREFFCNQS,55,hypothetical protein, ,Derived by automated computational analysis using gene prediction method: GeneMarkS-2+.,OG0000603,Cloud,,,Cloud,Cloud
GCF_016722835.1,JKI97_RS07725,MSDADADADADADADADGDGEYRIRDTNRPVESRGDFRRACTSICLQLQLLT,52,hypothetical protein, ,Derived by automated computational analysis using gene prediction method: GeneMarkS-2+.,OG0000349,Cloud,group_2314,Cloud,Cloud,Cloud
GCF_016722835.1,JKI97_RS07730,MNPSVMKQRIPNGEVPTVEEFVTVPPALRALPIPRIEAVDGRVQIN,46,hypothetical protein, ,Derived by automated computational analysis using gene prediction method: GeneMarkS-2+.,OG0000260,Shell,group_2250,Shell,Shell,Shell
GCF_016722835.1,JKI97_RS08000,MAQGIVKWFNGEKGFGFIAPDDGTPDVFVHYSEISGNGYKSLDENQRVEFEVGQGQKGPQATNVRAV,67,cold-shock protein, ,Derived by automated computational analysis using gene prediction method: Protein Homology.,OG0000003,Conserved,group_1991,Soft core,Soft core,Soft core
GCF_016722835.1,JKI97_RS32715,MSHQHGLVIGVPISVWYLILVSAAAIAAVTGLWVTECRQGAVD,43,hypothetical protein, ,Derived by automated computational analysis using gene prediction method: GeneMarkS-2+.,OG0000350,Cloud,group_2059,Cloud,Cloud,Cloud
GCF_016722835.1,JKI97_RS08255,MKKTDFAPISCIHRWEIESRHRTSEGTVTYLRCHCGSWQTLLAEWVSGGAGSAVAAPIKVRSR,63,hypothetical protein, ,Derived by automated computational analysis using gene prediction method: GeneMarkS-2+.,OG0000116,Soft core,group_2290,Soft core,Soft core,Soft core
GCF_016722835.1,JKI97_RS08295,MPTVIRTVHDLVRHARGPTHHHHHQSVHEARRMRAHHILVTHSLA,45,hypothetical protein, ,Derived by automated computational analysis using gene prediction method: GeneMarkS-2+.,OG0000112,Soft core,group_2176,Soft core,Soft core,Soft core
GCF_016722835.1,JKI97_RS08525,MVGTPVIVTIVSVCVGFVIFMLAASGARGKWDRRLVIALFIGAVVCLTVVPVSVALSAGV,60,hypothetical protein, ,Derived by automated computational analysis using gene prediction method: Protein Homology.,OG0000091,Soft core,group_2382,Soft core,Soft core,Soft core
GCF_016722835.1,JKI97_RS08630,MNETQPHNLERERWRTLPTPPSTELIEMVGDGPSSADFDPAAPVAQQG,48,hypothetical protein, ,Derived by automated computational analysis using gene prediction method: Protein Homology.,OG0000128,Shell,group_2355,Shell,Shell,Shell
GCF_016722835.1,JKI97_RS09120,MTEPDPGTVETDFPKMGAPAQRALIAAGYTHLAQLTSVSEKELGALHGMGPKALRILREALAERGLSFAD,70,dna-binding protein, ,Derived by automated computational analysis using gene prediction method: Protein Homology.,OG0000050,Conserved,,,Soft core,Soft core
GCF_016722835.1,JKI97_RS32720,MGSSDTDLKALDSVITVAGALAAIFGGIAGVAGLATFLGTGGGS,44,hypothetical protein, ,Derived by automated computational analysis using gene prediction method: GeneMarkS-2+.,OG0000065,Soft core,group_2088,Shell,Shell,Shell
GCF_016722835.1,JKI97_RS32725,MNSSDLGSVSALLPMMLTAFKSIITMPFALSVDFGLDVPFNPFK,44,hypothetical protein, ,Derived by automated computational analysis using gene prediction method: GeneMarkS-2+.,OG0000186,Shell,group_2240,Shell,Shell,Shell
GCF_016722835.1,JKI97_RS09875,MNAPTRYQFLIDGEVSDRVKAAFPELSVASAAGGFTSLYGPVADHTAMRSIMARLDSLGLTVAEMRRLPD,70,hypothetical protein, ,Derived by automated computational analysis using gene prediction method: Protein Homology.,OG0000092,Soft core,,,Soft core,Soft core
GCF_016722835.1,JKI97_RS32730,MSVVLISLLVAAGLTVLATSDGAGLDFGSRQLNRQLKTRTHR,42,hypothetical protein, ,Derived by automated computational analysis using gene prediction method: GeneMarkS-2+.,OG0000107,Soft core,group_1760,Soft core,Soft core,Soft core
GCF_016722835.1,JKI97_RS10295,MKIVVLSFLVALTLMTVGIIAARNRSTRPAVTGAVTAASTVLAAAWTLFAVAFVLA,56,hypothetical protein, ,Derived by automated computational analysis using gene prediction method: Protein Homology.,OG0000110,Soft core,group_2239,Soft core,Soft core,Soft core
GCF_016722835.1,JKI97_RS10780,MHPKRSNGDDKPRGDREELTVTARRIEDEVSAACGSTSATAGVMREGLADCSAQRVRT,58,hypothetical protein, ,Derived by automated computational analysis using gene prediction method: GeneMarkS-2+.,OG0000282,Shell,group_815,Shell,Shell,Shell
GCF_016722835.1,JKI97_RS10835,MDSRQLFALGALGTGMLSLALQLTPLCLGTENAEQYVFVRAANATAVLTLALLSAAFVFWPPAG,64,hypothetical protein, ,Derived by automated computational analysis using gene prediction method: GeneMarkS-2+.,OG0000140,Shell,group_2266,Shell,Shell,Shell
GCF_016722835.1,JKI97_RS11230,MNHRESFQAVKWGTPRRTRRHRQLIRGRIAGGGATVEVSSEVLAYY,46,hypothetical protein, ,Derived by automated computational analysis using gene prediction method: GeneMarkS-2+.,OG0000141,Shell,group_2265,Shell,Shell,Shell
GCF_016722835.1,JKI97_RS11325,MRRASRAQRMELIAGFISVFALMALIGAVVAIVKGDPGVMPSLVLLGCVVALGLAFRGYRNAVRAERRE,69,hypothetical protein, ,Derived by automated computational analysis using gene prediction method: Protein Homology.,OG0000051,Conserved,group_2375,Soft core,Soft core,Soft core
GCF_016722835.1,JKI97_RS11850,MPARHWVGLEHEIRHLASPERSSTPAHDEPFATFEISEDDPISAI,45,hypothetical protein, ,Derived by automated computational analysis using gene prediction method: GeneMarkS-2+.,OG0000405,Cloud,group_1620,Cloud,Cloud,Cloud
GCF_016722835.1,JKI97_RS11880,MAKGKRTFQPNNRRRARVHGFRLRMRTRAGRAIVSARRRKGRDSLTA,47,50s ribosomal protein l34, ,Derived by automated computational analysis using gene prediction method: Protein Homology.,OG0000052,Conserved,rpmH,Conserved,Shell,Shell
GCF_016722835.1,JKI97_RS12405,MSNISFDSVSNSAPANALQGVGTNALVDNPFTFEPVAEATSAHALQGVGTNALVDNPFSFQS,62,streptamidine-related ripp repeat protein, ,Derived by automated computational analysis using gene prediction method: Protein Homology.,OG0000093,Soft core,group_2291,Soft core,Soft core,Soft core
GCF_016722835.1,JKI97_RS12600,MFNDVFNNVIHPMVTNFQQLGPQQFIPQQFIPQGVFQQAPQAAEQAVTIFGS,52,hypothetical protein, ,Derived by automated computational analysis using gene prediction method: Protein Homology.,OG0000075,Soft core,group_2178,Soft core,Soft core,Soft core
GCF_016722835.1,JKI97_RS13500,MGIADKAQNKAEDLGGKAKEAAGSATGDRDLENEGKGDQVKSAVKDAGEKVKDAASSIKDKLT,63,csbd family protein, ,Derived by automated computational analysis using gene prediction method: Protein Homology.,OG0000011,Conserved,group_2411,Conserved,Soft core,Soft core
GCF_016722835.1,JKI97_RS13515,MADLTLLTDDELRERRIALSRSLTTAADLIPTPPPSFFEKLKQDIDAAAAEWIARRS,57,hypothetical protein, ,Derived by automated computational analysis using gene prediction method: Protein Homology.,OG0000076,Soft core,group_2322,Soft core,Soft core,Soft core
GCF_016722835.1,JKI97_RS14265,MSEITSWEYTVTPLLVHNPKAILDNWGVDGWELVAVLPSASGEQHVAYMKRPKG,54,hypothetical protein, ,Derived by automated computational analysis using gene prediction method: Protein Homology.,OG0000012,Conserved,group_2273,Conserved,Soft core,Soft core
GCF_016722835.1,JKI97_RS14465,MISKTLRTVSARFALLVTEDDGMSTAEYAIGTIAAAAFGAVLYTVVTGDSIVAALTGIIDKALKTAV,67,duf4244 domain-containing protein, ,Derived by automated computational analysis using gene prediction method: Protein Homology.,OG0000094,Soft core,group_2136,Soft core,Soft core,Soft core
GCF_016722835.1,JKI97_RS14485,MAQGTVKWFNAEKGFGFIAPEDGSADVFVHYSEIQGNGFRTLEENQRVEFEVGQGTKGPQATGVRAV,67,cold-shock protein, ,Derived by automated computational analysis using gene prediction method: Protein Homology.,OG0000013,Conserved,group_128,Conserved,Soft core,Soft core
GCF_016722835.1,JKI97_RS14520,MADSLKARVKEKLLRQLAEDGRHPIQEAEGDDPRLVSINDDLEALEQAEEGDPIVEELAERYWVP,65,hypothetical protein, ,Derived by automated computational analysis using gene prediction method: Protein Homology.,OG0000014,Conserved,group_2342,Conserved,Soft core,Soft core
GCF_016722835.1,JKI97_RS14680,MGSADVMAWLAEGYLAGDPIRYPLYVGSMFLAMPFQLIGVILGHPF,46,hypothetical protein, ,Derived by automated computational analysis using gene prediction method: Protein Homology.,OG0000061,Soft core,group_1542,Soft core,Soft core,Soft core
GCF_016722835.1,JKI97_RS32840,MPGSVIEKARAEAEGLFRDYEGNRYWFCCKGCGPRFDANPRKYADVS,47,yhs domain-containing protein, ,Derived by automated computational analysis using gene prediction method: Protein Homology.,OG0000257,Shell,group_1484,Shell,Shell,Shell
GCF_016722835.1,JKI97_RS15015,MATTAAVQNPTRSRARTMSLSEYVAEHPAQRVFPPTSERAARMAMLIMFALMAVTLVVLVLDEAGIFG,68,hypothetical protein, ,Derived by automated computational analysis using gene prediction method: GeneMarkS-2+.,OG0000095,Soft core,group_53,Soft core,Soft core,Soft core
GCF_016722835.1,JKI97_RS15275,MALAYSPDTSIDSTRLAFLAAAVVLFAMLALYLVGFDQGAISRTGMYMHELMHDGRHLMGLPCH,64,cbtb domain-containing protein, ,Derived by automated computational analysis using gene prediction method: Protein Homology.,OG0000008,Conserved,group_2468,Conserved,Core,Conserved
GCF_016722835.1,JKI97_RS15705,MNAYICPICDYTYTESTGAAREGFPPGTPWSSIPDDWCCPDCGVREKVDFTLVTQS,56,rubredoxin, ,Derived by automated computational analysis using gene prediction method: Protein Homology.,OG0000096,Soft core,group_2166,Soft core,Soft core,Soft core
GCF_016722835.1,JKI97_RS15710,MSETATAYKLFRCLQCGFEYDEAIGWPDDGIEPGTRWDEIPEDWSCPDCGAAKVDFEMVEVDR,63,rubredoxin, ,Derived by automated computational analysis using gene prediction method: Protein Homology.,OG0000097,Soft core,group_421,Soft core,Soft core,Soft core
GCF_016722835.1,JKI97_RS16250,MKNPNLTPSRVLAVVLAAALVIFVIARRRDDGALSRGEWLSDSVGPDDLAG,51,hypothetical protein, ,Derived by automated computational analysis using gene prediction method: Protein Homology.,OG0000077,Soft core,group_2167,Soft core,Soft core,Soft core
GCF_016722835.1,JKI97_RS16340,MEVRVDLDRCEANGVCVGIAPDIFDLDDNEELVISSVRPPEDRWEDVRSAIAQCPRAALTEHP,63,ferredoxin, ,Derived by automated computational analysis using gene prediction method: Protein Homology.,OG0000005,Conserved,group_423,Soft core,Soft core,Soft core
GCF_016722835.1,JKI97_RS16405,MAENTTVETEIADEEIETVAEETARMAQHVVAAYAEDADECRMLLSMLGISPAAKLD,57,hypothetical protein, ,Derived by automated computational analysis using gene prediction method: Protein Homology.,OG0000015,Conserved,group_2168,Soft core,Soft core,Soft core
GCF_016722835.1,JKI97_RS17085,MTKFLVPGVASAVIGAVLGAGVIFGVTAAASDNTRPEIDRSGNADSSVLNQVEYGSR,57,duf2613 domain-containing protein, ,Derived by automated computational analysis using gene prediction method: Protein Homology.,OG0000016,Conserved,group_855,Soft core,Soft core,Soft core
GCF_016722835.1,JKI97_RS17225,MSSLSDGRGVRPAEVGSGILKTMWWMVGLIVLAALVLASVLVGFVFRRPIAEAKSAVLAFDDASSQPQRD,70,hypothetical protein, ,Derived by automated computational analysis using gene prediction method: Protein Homology.,OG0000098,Soft core,,,Soft core,Soft core
GCF_016722835.1,JKI97_RS32740,MGSSDADLALIKQIQPVITGVAGLISGIGAIVGLGVALQSFS,42,hypothetical protein, ,Derived by automated computational analysis using gene prediction method: Protein Homology.,OG0000065,Soft core,group_1769,Shell,Shell,Shell
GCF_016722835.1,JKI97_RS17295,MPERGQSRVDAGIIAVVAVITGVFVALTGHGLVAALATVLGLALGMAIVRYLIKCR,56,hypothetical protein, ,Derived by automated computational analysis using gene prediction method: Protein Homology.,OG0000078,Soft core,group_2220,Soft core,Soft core,Soft core
GCF_016722835.1,JKI97_RS17365,MADKQSKPWLGPLIFYRLNDYAPYGATTDRESYFGAVRSDGTVKPSAAYVKSELCP,56,hypothetical protein, ,Derived by automated computational analysis using gene prediction method: GeneMarkS-2+.,OG0000412,Cloud,group_2137,Cloud,Cloud,Cloud
GCF_016722835.1,JKI97_RS17385,MMRIVTLIVLIWLIVGAVAAGQRGYYSSSPTNCAGVGTIALTVIAGPLNYFGVNPKVTDCTLPQPTE,67,hypothetical protein, ,Derived by automated computational analysis using gene prediction method: Protein Homology.,OG0000017,Conserved,group_129,Soft core,Soft core,Soft core
GCF_016722835.1,JKI97_RS17390,MIILGVILLIIGFVVNIPILWTIGVVLLVIGIILYALGAAGHAIGGRRHYY,51,duf6131 family protein, ,Derived by automated computational analysis using gene prediction method: Protein Homology.,OG0000000,Conserved,group_1229,Soft core,Soft core,Soft core
GCF_016722835.1,JKI97_RS17445,MTEKDNNDQSPKGGHPGPVDKGGDGGMATREQAPELVEETSEKKSDDK,48,hypothetical protein, ,Derived by automated computational analysis using gene prediction method: Protein Homology.,OG0000018,Core,group_2221,Soft core,Soft core,Soft core
GCF_016722835.1,JKI97_RS17545,MIVLGIILALIGFFTGLSILTTVGIILVVVGAVLSILGATGRAVGGRKVWY,51,duf6131 family protein, ,Derived by automated computational analysis using gene prediction method: Protein Homology.,OG0000000,Conserved,group_1230,Soft core,Soft core,Soft core
GCF_016722835.1,JKI97_RS17860,MPAPIMAPAAALAEPVVWNEDPQRQRWWTRILAAGSPENSSNDEFQP,47,hypothetical protein, ,Derived by automated computational analysis using gene prediction method: Protein Homology.,OG0000118,Soft core,group_2222,Soft core,Soft core,Soft core
GCF_016722835.1,JKI97_RS17905,MEMPRVMTVSEVQKASRRGENWVRGAANTGALKALPRQTGQWFRFLEEDVIDWILRGSPEFPPHARKRR,69,hypothetical protein, ,Derived by automated computational analysis using gene prediction method: GeneMarkS-2+.,OG0000847,Cloud,group_23,Cloud,Cloud,Cloud
GCF_016722835.1,JKI97_RS17910,MSENIDTPWMNVSEAAAYMRRHPVTVRKDLESERLLGYQRKAPNGHWRIHRDDCDRFLRGESS,63,helix-turn-helix domain-containing protein, ,Derived by automated computational analysis using gene prediction method: Protein Homology.,OG0000207,Shell,group_438,Cloud,Cloud,Cloud
GCF_016722835.1,JKI97_RS17925,MTEAHETDPARPLGAVVEEYLSGLTEQDFTDLVARTREPAQEETLYPASWRTQ,53,hypothetical protein, ,Derived by automated computational analysis using gene prediction method: GeneMarkS-2+.,OG0000328,Cloud,group_1123,Cloud,Cloud,Cloud
GCF_016722835.1,JKI97_RS17965,MAQLHPIPYVCGRTGLGRTSIYGYIAAGKLKSIKVGRRRLVAESAIEELIAYLESQSDASVAS,63,helix-turn-helix domain-containing protein, ,Derived by automated computational analysis using gene prediction method: Protein Homology.,OG0000406,Cloud,group_453,Cloud,Cloud,Cloud
GCF_016722835.1,JKI97_RS17995,MWWIVGGVLLVWVVCSIPIAILVGRGIARRDRAEFDGRNQQWADEVVRSIEKQSDQDNADRRKPPLIS,68,hypothetical protein, ,Derived by automated computational analysis using gene prediction method: Protein Homology.,OG0000079,Soft core,group_2275,Shell,Shell,Shell
GCF_016722835.1,JKI97_RS18025,MGALSPTHWAIVAVVLVVLFGSKKLPDAARGLGRSMRILKTEVGELHSDTDLALEKRD,58,sec-independent protein translocase subunit tata, ,Derived by automated computational analysis using gene prediction method: Protein Homology.,OG0000019,Conserved,tatA,Soft core,Soft core,Soft core
GCF_016722835.1,JKI97_RS18070,MAQGSVKWFNGEKGFGFIEQEGGGPDVFVHYSEIQGSGYKSLDEGQKVEFEIGQGQKGPQAQNVRAI,67,cold-shock protein, ,Derived by automated computational analysis using gene prediction method: Protein Homology.,OG0000069,Soft core,group_130,Soft core,Soft core,Soft core
GCF_016722835.1,JKI97_RS32745,MSADSRGTSAQTRREYQMFVLQQRLLFGSIVAGTALGVLAINYF,44,hypothetical protein, ,Derived by automated computational analysis using gene prediction method: GeneMarkS-2+.,OG0000122,Soft core,group_2138,Soft core,Soft core,Soft core
GCF_016722835.1,JKI97_RS18120,MTTIDIPPTQGESTTGIGITVASATLTTEEVKRRIAMMYGDPVTEEPVALAH,52,hypothetical protein, ,Derived by automated computational analysis using gene prediction method: Protein Homology.,OG0000002,Conserved,group_2274,Soft core,Soft core,Soft core
GCF_016722835.1,JKI97_RS18145,MSERNSTDRTDQTDEPQTTGTDHGPGTGADAAHKDVQTDPSGERTWADEGGASSNGPATDTD,62,pi-type proteinase, ,Derived by automated computational analysis using gene prediction method: Protein Homology.,OG0000020,Core,group_2297,Soft core,Soft core,Soft core
GCF_016722835.1,JKI97_RS18175,MGGSADALNRALERVDRDFAFPIGVVVRTSLRGTMRQIAKPVRAQYTRVRARFPGAKTYTEI,62,hypothetical protein, ,Derived by automated computational analysis using gene prediction method: GeneMarkS-2+.,OG0000115,Soft core,group_2190,Soft core,Soft core,Soft core
GCF_016722835.1,JKI97_RS18180,MTTSTVGLLAGLLLGVAAAAGGFTGFLIALVLGVIGYLVGGQRDGEFDLGVMLKGRGRG,59,hypothetical protein, ,Derived by automated computational analysis using gene prediction method: Protein Homology.,OG0000099,Soft core,group_732,Soft core,Soft core,Soft core
GCF_016722835.1,JKI97_RS18205,MSDFIDKAKHRAEDLIGEAKEKIGNATGNDDLAAEGVADQGEAKVKKAGDTVSDKVSDIKDKFTS,65,csbd family protein, ,Derived by automated computational analysis using gene prediction method: Protein Homology.,OG0000074,Soft core,group_2191,Soft core,Soft core,Soft core
GCF_016722835.1,JKI97_RS18565,MSKEVSAGLAVGAMVLVAGLIWTGFPLDAYSVVAVIFAICGGFITWIYLRENVDGVPHTATKEGSR,66,hypothetical protein, ,Derived by automated computational analysis using gene prediction method: Protein Homology.,OG0000144,Shell,group_2282,Shell,Shell,Shell
GCF_016722835.1,JKI97_RS32755,MGSLGNLLKANGMGWGILQLLPLVNMLKTLQGLDTASSNS,40,hypothetical protein, ,Derived by automated computational analysis using gene prediction method: GeneMarkS-2+.,OG0000080,Soft core,group_2512,Soft core,Soft core,Soft core
GCF_016722835.1,JKI97_RS32760,MGSFEDFSGVVKTFIPVLKDLFTALGGGSLTPGTGSAADK,40,hypothetical protein, ,Derived by automated computational analysis using gene prediction method: GeneMarkS-2+.,OG0000108,Soft core,group_2511,Soft core,Soft core,Soft core
GCF_016722835.1,JKI97_RS18890,MFGSLSTLGPLLTALGAFLKSVPTESLSGEGEGSSTGSLSGLSSGSAE,48,hypothetical protein, ,Derived by automated computational analysis using gene prediction method: Protein Homology.,OG0000081,Soft core,group_2510,Soft core,Soft core,Soft core
GCF_016722835.1,JKI97_RS18940,MSNSSGTEVYRGTVDADAVLHWLTGTDQLYVITSGGVIVIDTSAGVWAESPAPSELPDEIKALVP,65,hypothetical protein, ,Derived by automated computational analysis using gene prediction method: GeneMarkS-2+.,OG0000504,Cloud,group_297,Cloud,Cloud,Cloud
GCF_016722835.1,JKI97_RS32855,MKAVEGGFDTAWSRRHVDLCRTAGSFCTN,29,putative leader peptide, ,Derived by automated computational analysis using gene prediction method: Protein Homology.,OG0000132,Shell,group_1947,Shell,Shell,Shell
GCF_016722835.1,JKI97_RS32765,MGSLDTGSLSTESLEDLNLGKISELLKLGITAVSFITALNSLS,43,hypothetical protein, ,Derived by automated computational analysis using gene prediction method: GeneMarkS-2+.,OG0000067,Soft core,group_2503,Soft core,Soft core,Soft core
GCF_016722835.1,JKI97_RS32770,MIVMFLQATAQLFTDLLANTWSGSMLPGVEAGTGSLVSAIELS,43,hypothetical protein, ,Derived by automated computational analysis using gene prediction method: Protein Homology.,OG0000184,Shell,group_2237,Shell,Shell,Shell
GCF_016722835.1,JKI97_RS19360,MGSLMDILGGPNGDGAPMQALLTMLLGLDNVGANLFGSLADTAGGIFGSLDTLSFTPPVVP,61,hypothetical protein, ,Derived by automated computational analysis using gene prediction method: GeneMarkS-2+.,OG0000188,Shell,group_2425,Shell,Shell,Shell
GCF_016722835.1,JKI97_RS19365,MLEGSVMDAAGSVGAIIGQGLGSVSGLAVKGLEALAALSGGELKAAK,47,hypothetical protein, ,Derived by automated computational analysis using gene prediction method: Protein Homology.,OG0000138,Shell,group_2381,Shell,Shell,Shell
GCF_016722835.1,JKI97_RS19370,MTFESNTPRPFTRSNDKKMFAGVCGGIADYFGADVNLVRLLAVIAAICTGGTAALVYLAAWMLMPLG,67,pspc domain-containing protein, ,Derived by automated computational analysis using gene prediction method: Protein Homology.,OG0000021,Conserved,group_2380,Conserved,Soft core,Soft core
GCF_016722835.1,JKI97_RS19880,MGSSHDGKPAVAGTQFLTVAEVATLMRVSKMTVYRLVHSGELPAVRVGRSFRVHAKAVHDYLETSYFDAG,70,helix-turn-helix domain-containing protein, ,Derived by automated computational analysis using gene prediction method: Protein Homology.,OG0000071,Soft core,,,Soft core,Soft core
GCF_016722835.1,JKI97_RS19885,MGSVIKKRRKRMSKKKHRKLLRRTRVQRRKLGK,33,aurkaip1/cox24 domain-containing protein, ,Derived by automated computational analysis using gene prediction method: Protein Homology.,OG0000022,Conserved,group_1939,Conserved,Conserved,Conserved
GCF_016722835.1,JKI97_RS19940,MSSQEALRTESTHDAPLRQRGSRTEVILFAILGASVLVTLLVLMIPGIVSG,51,hypothetical protein, ,Derived by automated computational analysis using gene prediction method: Protein Homology.,OG0000100,Soft core,group_1231,Soft core,Soft core,Soft core
GCF_016722835.1,JKI97_RS20070,MLYLLALVGLVTLIVLMWKAFGPDPSTRTPVSGVRGPDDDPEFLWNVNQQTRRKRTEGPDVPPTDTST,68,hypothetical protein, ,Derived by automated computational analysis using gene prediction method: Protein Homology.,OG0000023,Conserved,group_2362,Soft core,Conserved,Soft core
GCF_016722835.1,JKI97_RS20075,MSAPTFNTAADALMTPGQVAALFHVDPKTVTRWAHAGRLGSLRTPGGHRRFRETEVMQLLRSLTTEADNN,70,bldc family transcriptional regulator, ,Derived by automated computational analysis using gene prediction method: Protein Homology.,OG0000068,Soft core,,,Soft core,Soft core
GCF_016722835.1,JKI97_RS20280,MASSTDVRPKITLACEVCKHRNYITKKNRRNDPDRLELKKFCPNCGTHQSHRESK,55,50s ribosomal protein l33, ,Derived by automated computational analysis using gene prediction method: Protein Homology.,OG0000024,Conserved,rpmG,Conserved,Soft core,Soft core
GCF_016722835.1,JKI97_RS20415,MAGKKLDRTNARTALEVVRESPTIAFITVAPAVVVFGVVWWLFGFWAAILLALVFGVAAVATQKLR,66,hypothetical protein, ,Derived by automated computational analysis using gene prediction method: Protein Homology.,OG0000025,Conserved,group_2209,Conserved,Soft core,Soft core
GCF_016722835.1,JKI97_RS20560,MNSTTVGLLVGLLLALAGIMGGFSGFVFAVLLGAAGMAIGAHRDGHLDLGAILRSRGRG,59,hypothetical protein, ,Derived by automated computational analysis using gene prediction method: Protein Homology.,OG0000026,Conserved,group_2303,Conserved,Soft core,Soft core
GCF_016722835.1,JKI97_RS20685,MRLSTRNQLTGTITEVNLGTVMATVKVKLDGGNQIVTSSITRDAALDLDLEPGQAATVFVKSTEVTIGVE,70,tobe domain-containing protein, ,Derived by automated computational analysis using gene prediction method: Protein Homology.,OG0000064,Soft core,,,Soft core,Soft core
GCF_016722835.1,JKI97_RS20690,MTEPVKGPASYFPSIEKRYGRPIGEWQELIRSSDLTKHMELVNWLKSEHGMGHGHANALVAHTLKEG,67,duf4287 domain-containing protein, ,Derived by automated computational analysis using gene prediction method: Protein Homology.,OG0000027,Conserved,group_2329,Soft core,Soft core,Soft core
GCF_016722835.1,JKI97_RS20705,MSDRDNKALENDLVEESLVEEVSIDGMCGVY,31,mycofactocin precursor mfta, ,"Mycofactocin is a small molecule electron carrier derived from the final two amino acids, Val-Tyr, of MftA, the mycofactocin precursor. It plays a role in redox homeostasis and the metabolism of alcohols and aldehydes in Actinobacteria, including Mycobacterium tuberculosis; Derived by automated computational analysis using gene prediction method: Protein Homology.",OG0000009,Conserved,group_2326,Conserved,Soft core,Soft core
GCF_016722835.1,JKI97_RS21050,MAKKALVNKANKKPKFAVRAYTRCQRCGRPHSVFRKFGLCRICVREMAHAGELPGVRKSSW,61,type z 30s ribosomal protein s14, ,Derived by automated computational analysis using gene prediction method: Protein Homology.,OG0000028,Conserved,group_2294,Conserved,Soft core,Soft core
GCF_016722835.1,JKI97_RS21075,MADLKVTQIKSIIGTKQNQKDSLRTLGLKGIRQTVVREDNAQNRGLINVVRHLVTVEEV,59,50s ribosomal protein l30, ,Derived by automated computational analysis using gene prediction method: Protein Homology.,OG0000029,Conserved,rpmD,Conserved,Soft core,Soft core
GCF_016722835.1,JKI97_RS21105,MKVQPSVKKICEKCKVIRRNGRVMVICENLRHKQRQG,37,50s ribosomal protein l36, ,Derived by automated computational analysis using gene prediction method: Protein Homology.,OG0000030,Conserved,rpmJ,Conserved,Soft core,Soft core
GCF_016722835.1,JKI97_RS21220,MLASAGGLGFVGVGVGSDADRRYGPDLTDPSVSLSADVVSDGGSWRDSSLAAAALRSRKSSS,62,hypothetical protein, ,Derived by automated computational analysis using gene prediction method: GeneMarkS-2+.,OG0000344,Cloud,group_2244,Cloud,Cloud,Cloud
GCF_016722835.1,JKI97_RS32775,MTIFEWILAIPALALAVAFLFSGIISAGIDFDAEDGVMTH,40,hypothetical protein, ,Derived by automated computational analysis using gene prediction method: GeneMarkS-2+.,OG0000082,Soft core,group_2186,Soft core,Soft core,Soft core
GCF_016722835.1,JKI97_RS22430,MSSYRCPVCEYVYDESKGAPREGFPAGTPWDAVPDDWCCPDCGVREKLDFEPMPATAGSES,61,rubredoxin, ,Derived by automated computational analysis using gene prediction method: Protein Homology.,OG0000053,Core,group_2279,Soft core,Soft core,Soft core
GCF_016722835.1,JKI97_RS22435,MNDYKLYQCAQCGFEYDEAVGWPEDGIEPGTRWDDIPEDWSCPDCGAAKSDFFMVEVERR,60,rubredoxin, ,Derived by automated computational analysis using gene prediction method: Protein Homology.,OG0000007,Conserved,group_2155,Soft core,Soft core,Soft core
GCF_016722835.1,JKI97_RS23115,MATDPAPRSERKKILLRLDPAVHDALARWAADDLRSTNAQIEFLLRRALTEHGRMPKNAGKMHGPGRPPA,70,hypothetical protein, ,Derived by automated computational analysis using gene prediction method: Protein Homology.,OG0000114,Soft core,,,Soft core,Soft core
GCF_016722835.1,JKI97_RS23395,MSDLDSNTPSAPESQSEETKRKFREALERKNHQNAKSTDHRDGQSKVHNTHGPADHKREFRRKSG,65,duf5302 domain-containing protein, ,Derived by automated computational analysis using gene prediction method: Protein Homology.,OG0000031,Conserved,group_2470,Core,Soft core,Soft core
GCF_016722835.1,JKI97_RS23480,MAAVCDVCAKGPGFGKSVSHSHRRTNRRWNPNIQSVRTEVAPGNTRKVNVCTSCLKAGKVARG,63,50s ribosomal protein l28, ,Derived by automated computational analysis using gene prediction method: Protein Homology.,OG0000032,Conserved,rpmB,Conserved,Soft core,Soft core
GCF_016722835.1,JKI97_RS23520,MAVPKRKMSRSNTRSRRSQWKTTVPTLVTCPNRGCGEQTLPHIACPSCGTYKGRQVTAAV,60,50s ribosomal protein l32, ,Derived by automated computational analysis using gene prediction method: Protein Homology.,OG0000033,Conserved,group_2479,Conserved,Soft core,Soft core
GCF_016722835.1,JKI97_RS24375,MQLLDSEVVRRCAVTAAAAAAVCRSNGPGVVDGDAVTGKSFFLPDGGWPGT,51,hypothetical protein, ,Derived by automated computational analysis using gene prediction method: GeneMarkS-2+.,OG0000147,Shell,group_2063,Shell,Shell,Shell
GCF_016722835.1,JKI97_RS24405,MKVPAFHSTVPSDLDVYHDNESCILAARIAVSHRAPGVDGRPWCTACASLD,51,hypothetical protein, ,Derived by automated computational analysis using gene prediction method: Protein Homology.,OG0000083,Soft core,group_2187,Soft core,Soft core,Soft core
GCF_016722835.1,JKI97_RS24730,MFWKIVLAVVLVWVALAVVGALIKGLFWVLVVGAVGFGIYFLVKAMSGSDDNSPASRF,58,hypothetical protein, ,Derived by automated computational analysis using gene prediction method: Protein Homology.,OG0000034,Conserved,group_2296,Soft core,Soft core,Soft core
GCF_016722835.1,JKI97_RS24755,MRLTEFHEMVREEFGQVRGDSMLIDHVLQSLDGMTAAEAVEAGWEPREVWRALCVEFDVPPARR,64,duf3046 domain-containing protein, ,Derived by automated computational analysis using gene prediction method: Protein Homology.,OG0000035,Conserved,group_2481,Conserved,Soft core,Soft core
GCF_016722835.1,JKI97_RS25030,MPGTLTSPQLTAADRCDRCGAGARVRAVLPTGGELLFCGHHATEHADRLREMNAVVSESEPAI,63,hypothetical protein, ,Derived by automated computational analysis using gene prediction method: Protein Homology.,OG0000036,Conserved,group_2483,Conserved,Soft core,Soft core
GCF_016722835.1,JKI97_RS25405,MKIRFELMIGILLVVGGGCLWLFARDAEFFWFRGGPLGVILAIIGAFDIVNAVRTRETAIPERRND,66,hypothetical protein, ,Derived by automated computational analysis using gene prediction method: Protein Homology.,OG0000101,Soft core,group_2126,Soft core,Soft core,Soft core
GCF_016722835.1,JKI97_RS25885,MAGIDSKFDKAYAGKSVEELADAPVAALNGVSDSDAEHLKAAFNIKTVRDLGTNKFFLWAQATAKLAE,68,hypothetical protein, ,Derived by automated computational analysis using gene prediction method: Protein Homology.,OG0000070,Soft core,group_2484,Soft core,Soft core,Soft core
GCF_016722835.1,JKI97_RS32780,MKNLEPWEFAGMLTHLRAYLANARRFLRGWSYREVDGSSEDR,42,hypothetical protein, ,Derived by automated computational analysis using gene prediction method: GeneMarkS-2+.,OG0000258,Shell,group_2129,Shell,Shell,Shell
GCF_016722835.1,JKI97_RS32790,MFGIDRILGTARALATEVLRTILDEIEASNWITNKFVPPGGP,42,hypothetical protein, ,Derived by automated computational analysis using gene prediction method: GeneMarkS-2+.,OG0000348,Cloud,group_2038,Cloud,Cloud,Cloud
GCF_016722835.1,JKI97_RS26675,MAQEQTQRAGGGEDDETTGGDGSAGQERREKLAAETDDLLDEIDDVLEENAEDFVRAYVQKGGQ,64,ubiquitin-like protein pup, ,Derived by automated computational analysis using gene prediction method: Protein Homology.,OG0000037,Conserved,group_340,Soft core,Soft core,Soft core
GCF_016722835.1,JKI97_RS27200,MAIDSTLLSILACPQDKGPLLLVGDELLYNPRLRRAYPIENGIPVLLIDEARDVADDEHEKLLARAEG,68,trm112 family protein, ,Derived by automated computational analysis using gene prediction method: Protein Homology.,OG0000038,Conserved,group_54,Soft core,Core,Soft core
GCF_016722835.1,JKI97_RS27295,MPKMKSHSGASKRFKVSGSGKLMRQKAGRRHLLEHKSSRVTRRLDGVAVVSPDDAPRIKRMLGI,64,50s ribosomal protein l35, ,Derived by automated computational analysis using gene prediction method: Protein Homology.,OG0000039,Conserved,group_2130,Soft core,Conserved,Soft core
GCF_016722835.1,JKI97_RS27645,MHVEVDLDLCQGHAACELEAPEIFVVPKRGKVSLLDSDPPESLRGEAEMAVRYCPTGALRIVD,63,ferredoxin, ,Derived by automated computational analysis using gene prediction method: Protein Homology.,OG0000001,Conserved,group_2270,Soft core,Soft core,Soft core
GCF_016722835.1,JKI97_RS27830,MSVLFTYLLFIGAGIAVGGAYSMFKVNKLASGILLALAVLAAVAGALRL,49,hypothetical protein, ,Derived by automated computational analysis using gene prediction method: Protein Homology.,OG0000040,Conserved,group_2410,Soft core,Conserved,Soft core
GCF_016722835.1,JKI97_RS28060,MNESSSGLFSDLSASEPVVDAKSAEQLAAERETAAAERSNTDTAEQRQSRLFSG,54,hypothetical protein, ,Derived by automated computational analysis using gene prediction method: Protein Homology.,OG0000084,Soft core,group_2262,Soft core,Soft core,Soft core
GCF_016722835.1,JKI97_RS32795,MLGIALGLGSAAVGIGLGLLGAGAGILLSDKTVKTARRELTA,42,hypothetical protein, ,Derived by automated computational analysis using gene prediction method: GeneMarkS-2+.,OG0000102,Soft core,group_2160,Soft core,Soft core,Soft core
GCF_016722835.1,JKI97_RS28165,MHAEVGDRLHVQGRVVGQAEVTAEVLEVHGEDGGPPYLVRYDNGHEALVFPGSDGWIDHPGKGS,64,duf1918 domain-containing protein, ,Derived by automated computational analysis using gene prediction method: Protein Homology.,OG0000041,Conserved,group_2499,Soft core,Conserved,Soft core
GCF_016722835.1,JKI97_RS32800,MTTYRYLDADRNLLEEKDFETEQDAQEYRLSVLGAEHIEPTDE,43,hypothetical protein, ,Derived by automated computational analysis using gene prediction method: Protein Homology.,OG0000054,Core,group_2400,Soft core,Core,Core
GCF_016722835.1,JKI97_RS28850,MTDEDRLWYFDVSDGSVTQGKGASSLTRMGPYPDRDSAEHALKIAAERNKAADRADEDWNN,61,hypothetical protein, ,Derived by automated computational analysis using gene prediction method: Protein Homology.,OG0000042,Conserved,group_592,Soft core,Core,Soft core
GCF_016722835.1,JKI97_RS29050,MDCVAAPIRVAAFVHRSSPQVMHARRYLRWELVGGMSFLSLAGGSTITAA,50,hypothetical protein, ,Derived by automated computational analysis using gene prediction method: GeneMarkS-2+.,OG0000286,Shell,group_1308,Shell,Shell,Shell
GCF_016722835.1,JKI97_RS29075,MKLALTEFKNSKATIRIIMSDGAKLNGTVTDFTEDTLVLNSPNGVYYINPSHIIRLFEPSDRAAK,65,hypothetical protein, ,Derived by automated computational analysis using gene prediction method: GeneMarkS-2+.,OG0000085,Soft core,group_2248,Soft core,Soft core,Soft core
GCF_016722835.1,JKI97_RS29240,MTVAGVVSVVLIAVAAALVIYLLVALVDPERF,32,k(+)-transporting atpase subunit f, ,Derived by automated computational analysis using gene prediction method: Protein Homology.,OG0000055,Core,kdpF,Soft core,Soft core,Soft core
GCF_016722835.1,JKI97_RS32860,MSEATAPVIRHQLALIAVGMLDVADVACC,29,ms4533a family cys-rich leader peptide, ,Derived by automated computational analysis using gene prediction method: Protein Homology.,OG0000133,Shell,group_1948,Soft core,Shell,Shell
GCF_016722835.1,JKI97_RS29380,MDRIADWWDSFELWMAGLPFIPQVALVLIVVVPLCRLVAIGLDRVLAAVLALPLFGWLRRNSREVEES,68,hypothetical protein, ,Derived by automated computational analysis using gene prediction method: Protein Homology.,OG0000056,Core,group_2078,Soft core,Soft core,Soft core
GCF_016722835.1,JKI97_RS29780,MRPILANGIDEWLGYIASSSPGTPVVQVLASAARVALNSPAATPDAIALIRRLQRIVPGDPALRNAW,67,hypothetical protein, ,Derived by automated computational analysis using gene prediction method: GeneMarkS-2+.,OG0000234,Shell,group_157,Shell,Shell,Shell
GCF_016722835.1,JKI97_RS29880,MKKALPKTLKSLARTVGILALAIVVVSVVERFTGAHQPTTGPASLTGPDQSL,52,hypothetical protein, ,Derived by automated computational analysis using gene prediction method: Protein Homology.,OG0000111,Soft core,group_2264,Soft core,Soft core,Soft core
GCF_016722835.1,JKI97_RS29890,MSFLPFPIVIEGIETTGSAAIDGLGRLSVLLYDLLGGTGSATIDAGS,47,hypothetical protein, ,Derived by automated computational analysis using gene prediction method: Protein Homology.,OG0000125,Shell,group_2228,Shell,Shell,Shell
GCF_016722835.1,JKI97_RS29900,MYGYLWGALPGPRPVKALLAIVLVVAVVLLLMEFVFPWVSEHMPYSDVTV,50,hypothetical protein, ,Derived by automated computational analysis using gene prediction method: Protein Homology.,OG0000214,Shell,group_1309,Shell,Shell,Shell
GCF_016722835.1,JKI97_RS29930,MIAAPTTGALAVVLNTVLQMFNAGSSFLYTDNSPIGGGGETPTTPAP,47,hypothetical protein, ,Derived by automated computational analysis using gene prediction method: Protein Homology.,OG0000086,Soft core,group_2210,Soft core,Soft core,Soft core
GCF_016722835.1,JKI97_RS29935,MPTIPLTGDPIVINIIVQLLSAGSSNALALGGVGSSGLGSTGLGSFDSASLGSAA,55,hypothetical protein, ,Derived by automated computational analysis using gene prediction method: Protein Homology.,OG0000087,Soft core,group_1002,Soft core,Shell,Soft core
GCF_016722835.1,JKI97_RS32805,MSLTSSAIEARVSAVLSEFLIDDQAGASPAGATDVSWPAKNIPS,44,hypothetical protein, ,Derived by automated computational analysis using gene prediction method: GeneMarkS-2+.,OG0000235,Shell,group_2407,Cloud,,Cloud
GCF_016722835.1,JKI97_RS30370,MFADDGSGNPIWIAADGSVRLVDHDNANTVVRLAASFRTLLEENVDD,47,hypothetical protein, ,Derived by automated computational analysis using gene prediction method: GeneMarkS-2+.,OG0000611,Cloud,group_1500,Cloud,,Cloud
GCF_016722835.1,JKI97_RS30590,MSKDQTSRRHRPDLTFHPDILGIPAQFRVVDTRRAEEAGPDTAGDAVRDIGVQEN,55,hypothetical protein, ,Derived by automated computational analysis using gene prediction method: GeneMarkS-2+.,OG0000217,Shell,group_2236,Cloud,Cloud,Cloud
GCF_016722835.1,JKI97_RS30705,MGYAEIGGDPGYGRAVGIAVQRDAVELYWHGPVHWGHASDAVADIATETGVEE,53,hypothetical protein, ,Derived by automated computational analysis using gene prediction method: GeneMarkS-2+.,OG0000509,Cloud,group_1137,Cloud,Cloud,Cloud
GCF_016722835.1,JKI97_RS30880,MSKKRPRAGQSPEQARIAELEKQIGKLEGDAARKDEVIADRDAALEVMGKGVAFLEALSRKNKE,64,hypothetical protein, ,Derived by automated computational analysis using gene prediction method: GeneMarkS-2+.,OG0000417,Cloud,group_342,Cloud,,Cloud
GCF_016722835.1,JKI97_RS00130,MSKIEEPDDVASWRPAPDVGQAGAVVLEGGLWAYRYKEGADPILIPMPPV,50,hypothetical protein, ,Derived by automated computational analysis using gene prediction method: Protein Homology.,OG0000119,Shell,,,Cloud,Cloud
GCF_016722835.1,JKI97_RS00200,MDRHTPGNADLEHGYERLAADSAESNAEQLARRTQYATRIDGAHPTGETEKTPQAQPPTTSPETL,65,hypothetical protein, ,Derived by automated computational analysis using gene prediction method: GeneMarkS-2+.,OG0001465,,,,,Probably not conserved
GCF_016722835.1,JKI97_RS00235,MIHYLSLRDVAAKSNLAVNTVKGYARKGILPPYDATIGTHRGWLEKTIDDWLRERNTSKE,60,helix-turn-helix domain-containing protein, ,Derived by automated computational analysis using gene prediction method: Protein Homology.,OG0000237,Shell,,,,Probably not conserved
GCF_016722835.1,JKI97_RS00445,MIQRTAIQLSVGDVIVADDGKRHAVTDIQKHGLEGAWLTIVTDTGIKLDKSRVAAKLDTYDVEPAGTTST,70,hypothetical protein, ,Derived by automated computational analysis using gene prediction method: Protein Homology.,OG0001466,,,,,Probably not conserved
GCF_016722835.1,JKI97_RS00505,MDDIEKIAKAAAAYKNAEQRLHAKRAELRTAIRESSPDTTRQVDIIKVTGWSREHIRRIRNGDLS,65,hypothetical protein, ,Derived by automated computational analysis using gene prediction method: GeneMarkS-2+.,OG0000493,Cloud,group_2565,Cloud,,Cloud
GCF_016722835.1,JKI97_RS00515,MTTKTSSRHRRVIVAVAAVTLAISTGVLTGCAAVSPTSTATEAVSVTSAGASHGCSRGSPTVA,63,hypothetical protein, ,Derived by automated computational analysis using gene prediction method: GeneMarkS-2+.,OG0001467,,group_2575,Cloud,,Probably not conserved
GCF_016722835.1,JKI97_RS00545,MKSTPIVDTNPAVTTDGKGTVWVRGVGVQSIPTESMQWPDDLDVAALLDEN,51,hypothetical protein, ,Derived by automated computational analysis using gene prediction method: GeneMarkS-2+.,OG0000615,Cloud,group_2567,Cloud,,Cloud
GCF_016722835.1,JKI97_RS00620,MAEESTANRWNIELKNSFGEFWKLSTIVADTAENAQSEALARWGHLNGGGWSICSCTPA,59,hypothetical protein, ,Derived by automated computational analysis using gene prediction method: GeneMarkS-2+.,OG0000812,Cloud,group_2572,Cloud,,Cloud
GCF_016722835.1,JKI97_RS32675,MSDEHRRSSHPRDELSDEEFAKIVERAVDPETALVDPSIVPE,42,hypothetical protein, ,Derived by automated computational analysis using gene prediction method: GeneMarkS-2+.,OG0001468,,group_2569,Cloud,,Probably not conserved
GCF_016722835.1,JKI97_RS00685,MSSNETQNLRVVLDTLDAFFDGGAEDIESLDGLRDKVRTKLASSD,45,hypothetical protein, ,Derived by automated computational analysis using gene prediction method: GeneMarkS-2+.,OG0000813,Cloud,group_2557,Cloud,,Cloud
GCF_016722835.1,JKI97_RS00750,MPVGHQFGVQLAPGSRYDNGTGKVYANLDWLVDEAASRGGEVSLSVNDPALWRNQFSFAQHW,62,hypothetical protein, ,Derived by automated computational analysis using gene prediction method: GeneMarkS-2+.,OG0001469,,group_2561,Cloud,,Probably not conserved
GCF_016722835.1,JKI97_RS32680,MSASRGSGHYIVWIIDERLHTKAQCGNYLNLTDQGRFASAFTVV,44,hypothetical protein, ,Derived by automated computational analysis using gene prediction method: GeneMarkS-2+.,OG0001470,,group_2577,Cloud,,Probably not conserved
GCF_016722835.1,JKI97_RS00835,MPETPEQAKNRKRQLLAIAIVIVGLLVIVGISKLDLGKNDENTAAAETLQESRWGTLDERYG,62,hypothetical protein, ,Derived by automated computational analysis using gene prediction method: GeneMarkS-2+.,OG0001471,,group_2562,Cloud,,Probably not conserved
GCF_016722835.1,JKI97_RS00845,MVRSTCEDALSSGEAIKCVSLSLDDGTMLEDAEVEAILGGVLFIRAGVDYREGDCTHFS,59,hypothetical protein, ,Derived by automated computational analysis using gene prediction method: GeneMarkS-2+.,OG0001472,,group_2573,Cloud,,Probably not conserved
GCF_016722835.1,JKI97_RS00870,MARRRAIDAIDALGTRIAVLPVKGLEVHFAMTLRHDAGPASSTISAP,47,hypothetical protein, ,Derived by automated computational analysis using gene prediction method: GeneMarkS-2+.,OG0001473,,group_2574,Cloud,,Probably not conserved
GCF_016722835.1,JKI97_RS32685,MAVSARITLAAPRSAPGPDVVALIHRTYIVDGEGRVAETS,40,hypothetical protein, ,Derived by automated computational analysis using gene prediction method: GeneMarkS-2+.,OG0001474,,group_2566,Cloud,,Probably not conserved
GCF_016722835.1,JKI97_RS00980,MAHNETGLIEQFGVWGEHPSHPARDWQHEVADGNTRLGYWAWVAVQLDNADT,52,hypothetical protein, ,Derived by automated computational analysis using gene prediction method: Protein Homology.,OG0000811,Cloud,group_2576,Cloud,,Cloud
GCF_016722835.1,JKI97_RS01000,MPGGGDYTMNIDGPGGRVLDTAELHTEVLDRWKIVLRETAAALRP,45,hypothetical protein, ,Derived by automated computational analysis using gene prediction method: GeneMarkS-2+.,OG0001475,,group_2558,Cloud,,Probably not conserved
GCF_016722835.1,JKI97_RS01025,MESQEMTTPEPLTCTACGATHLPSGHHENSCSEEEAGSIPAGWTNAYDETYCPICADVRARTWGSKT,67,hypothetical protein, ,Derived by automated computational analysis using gene prediction method: GeneMarkS-2+.,OG0000586,Cloud,group_2559,Cloud,,Cloud
GCF_016722835.1,JKI97_RS01030,MQEFNVEWRMPIEAESPREAAEKAFRIHRDPESTATAFVVDGVDIDLGEDFR,52,hypothetical protein, ,Derived by automated computational analysis using gene prediction method: GeneMarkS-2+.,OG0000810,Cloud,group_2570,Cloud,,Cloud
GCF_016722835.1,JKI97_RS01035,MMMLMITCDGGCLTHMETQTEHGDKCSDIDRELELGWIHQGETDYCPNCAKKLAR,55,hypothetical protein, ,Derived by automated computational analysis using gene prediction method: GeneMarkS-2+.,OG0000586,Cloud,group_2560,Cloud,,Cloud
GCF_016722835.1,JKI97_RS01160,MLSGTVKWFNSEKGFGFITPEGGGADVFVHYSQIAVSGFKSLEDGEHVEFAIGDGAKGPQAVDVRPL,67,cold-shock protein, ,Derived by automated computational analysis using gene prediction method: Protein Homology.,OG0000069,Soft core,group_2568,Cloud,,Cloud
GCF_016722835.1,JKI97_RS01165,MELSDEHPRSRAPEDSVVFATGVVRLAEGTVTDDDLAAGRRVASGETTADDEISAYRAALGF,62,hypothetical protein, ,Derived by automated computational analysis using gene prediction method: GeneMarkS-2+.,OG0000211,Shell,,,,Probably not conserved
GCF_016722835.1,JKI97_RS31340,MSLAPFLVVVLGIPAGMAAIIGLMTAGNERKSRVDRPMRRMRAEISRLNSENAAQ,55,hypothetical protein, ,Derived by automated computational analysis using gene prediction method: GeneMarkS-2+.,OG0000386,Cloud,group_1017,Cloud,,Cloud
GCF_016722835.1,JKI97_RS31350,MIVYGISAERAFDILIWRLEQKNVKLRQVSEQLSARVRADFALLGGLRSQFDQLLLGL,58,antar domain-containing protein, ,Derived by automated computational analysis using gene prediction method: Protein Homology.,OG0000244,Shell,group_822,Cloud,,Cloud
GCF_016722835.1,JKI97_RS31450,MKFMGAAKALVDKGKEAASKNADKIENAIDKTAASAEAKTGGKLTSQIRRAALAAKRAIPPKK,63,antitoxin, ,Derived by automated computational analysis using gene prediction method: Protein Homology.,OG0000218,Shell,group_2424,Shell,,Shell
GCF_016722835.1,JKI97_RS31570,MTHNTRIKPSTKDRLRRGVDKLRYETGDREISEASMTEAALDEYLKARGL,50,hypothetical protein, ,Derived by automated computational analysis using gene prediction method: Protein Homology.,OG0000212,Shell,group_2308,Shell,,Shell
GCF_016722835.1,JKI97_RS31580,MRAILAYRVMRALRALRALYGLHAEQRVRAEVAPQAVRAEHAMRCM,46,hypothetical protein, ,Derived by automated computational analysis using gene prediction method: GeneMarkS-2+.,OG0000839,Cloud,group_1569,Cloud,,Cloud
GCF_016722835.1,JKI97_RS31600,MMLLFRERAATTVTIAALIAGAVATSWIYLNGIFFATTSPVSAMSYVALTTITPALPPVI,60,hypothetical protein, ,Derived by automated computational analysis using gene prediction method: GeneMarkS-2+.,OG0000351,Cloud,group_2257,Cloud,,Cloud
GCF_016722835.1,JKI97_RS32820,MRDLLKNHAVAASTSSIGTISATALHHYPGLNSMHAALGI,40,hypothetical protein, ,Derived by automated computational analysis using gene prediction method: GeneMarkS-2+.,OG0000840,Cloud,group_1885,Cloud,,Cloud
GCF_016722835.1,JKI97_RS31630,MTTKFTISLPDEDAHLLDEYVRDHGLRGRSAGIRAALRLLSTSGLERDYAAAFAEGDVDEVWDAVSADTE,70,ribbon-helix-helix domain-containing protein, ,Derived by automated computational analysis using gene prediction method: Protein Homology.,OG0000213,Shell,,,,Probably not conserved
GCF_016722835.1,JKI97_RS31875,MTEDPPVETLSRWSDSGATWRVLRRTSTSITVSLRRCDGGEEVERLTSSDPDLLEWIGDRVSSED,65,hypothetical protein, ,Derived by automated computational analysis using gene prediction method: Protein Homology.,OG0000285,Shell,group_2491,Cloud,,Cloud
GCF_016722835.1,JKI97_RS31970,MSLRREVQAAWTPGGRADAAGLGVGHNHVSAGTGLLDDRDEGLDEPRMRRLAEHLIPAHLVCRTRSIRDP,70,hypothetical protein, ,Derived by automated computational analysis using gene prediction method: GeneMarkS-2+.,OG0001476,,,,,Probably not conserved
GCF_016722835.1,JKI97_RS32155,MATNEIPTLTQEQREVFWRQWGWTPDLPEAERLAIEQEWDDLAIDLAKFHGF,52,hypothetical protein, ,Derived by automated computational analysis using gene prediction method: Protein Homology.,OG0000153,Shell,,,,Probably not conserved
GCF_016722835.1,JKI97_RS32175,MVRDIGLLQVLLHGLTMPNLPVAERASLPAGELSVEDMQRAFLLRY,46,hypothetical protein, ,Derived by automated computational analysis using gene prediction method: GeneMarkS-2+.,OG0001477,,,,,Probably not conserved
GCF_016722835.1,JKI97_RS32225,MFTVISIDEDTQTAIIESTADAPGKYPFPMKTTTLVSLPGFHCLTAQYRDRHLAAPLSLRVF,62,hypothetical protein, ,Derived by automated computational analysis using gene prediction method: GeneMarkS-2+.,OG0000072,Soft core,,,Cloud,Cloud
GCF_016722835.1,JKI97_RS32540,MTLAPRPGPTPYIVGKDAGSAIGTLVERQTRMVRLLHLPFVTAILSMRR,49,hypothetical protein, ,Derived by automated computational analysis using gene prediction method: GeneMarkS-2+.,OG0000613,Cloud,,,,Probably not conserved
GCF_016722835.1,JKI97_RS32825,MVLVTIEPDLTWYDTDDKPVAVIDAKYKSKPPAGQERTRICSA,43,hypothetical protein, ,Derived by automated computational analysis using gene prediction method: GeneMarkS-2+.,OG0001478,,,,,Probably not conserved
GCF_016722835.1,JKI97_RS32655,MPGVIAASDKRMRPWKALAYAFARAPHSGAVVLTTNLQGWSALSGRVVSQAA,52,hypothetical protein, ,Derived by automated computational analysis using gene prediction method: GeneMarkS-2+.,OG0001479,,,,,Probably not conserved
GCF_017068035.1,JXX30_RS29440,MRVRELIFDQLTRAEIRQLGIIASKISAAVGPDGACAEKLT,41,hypothetical protein, ,Derived by automated computational analysis using gene prediction method: GeneMarkS-2+.,OG0001480,,,,,Probably not conserved
GCF_017068035.1,JXX30_RS29450,MSENYIPRERSKVEAAAYQATKHTRVITDANLVAVVEGLTGASVPEVPRADIAFPAPGDPNGIFD,65,hypothetical protein, ,Derived by automated computational analysis using gene prediction method: Protein Homology.,OG0000121,Shell,,,,Probably not conserved
GCF_017068035.1,JXX30_RS00390,MATNTGRGHRVGAVKGRSEFKVGKTWFKRDAATGRILNGSSSQHKGVRNEK,51,hypothetical protein, ,Derived by automated computational analysis using gene prediction method: Protein Homology.,OG0001481,,,,,Probably not conserved
GCF_017068035.1,JXX30_RS00715,MSNISFDSVSNSAPANALQGVGTNALVDNPFTFEPVAEATSAHALQGVGTNALVDNPFSFQS,62,streptamidine-related ripp repeat protein, ,Derived by automated computational analysis using gene prediction method: Protein Homology.,OG0000093,Soft core,group_2291,Soft core,Soft core,Soft core
GCF_017068035.1,JXX30_RS00910,MFNDVFNNVIHPMVTNFQQLGPQQFIPQQFIPQQFIPQGLFQQAPQAAEQAVTIFGS,57,hypothetical protein, ,Derived by automated computational analysis using gene prediction method: Protein Homology.,OG0000075,Soft core,group_2178,Soft core,Soft core,Soft core
GCF_017068035.1,JXX30_RS01530,MHRTLLLDAAVQVVGFTWNHQDVVVFLWDAVGEVVVIGDQGKWMATLEGEDV,52,hypothetical protein, ,Derived by automated computational analysis using gene prediction method: GeneMarkS-2+.,OG0000309,Cloud,group_1174,Cloud,Cloud,Cloud
GCF_017068035.1,JXX30_RS01790,MGIADKAQNKAEDLGGKAKEAAGSATGDRDLENEGKGDQVKSAVKDAGEKVKDAASSIKDKLT,63,csbd family protein, ,Derived by automated computational analysis using gene prediction method: Protein Homology.,OG0000011,Conserved,group_2411,Conserved,Soft core,Soft core
GCF_017068035.1,JXX30_RS01805,MADLTLLTDDELRERRIALSRSLTTAADLIPTPPPSFFEKLKQDIDAAAAEWIARRS,57,hypothetical protein, ,Derived by automated computational analysis using gene prediction method: Protein Homology.,OG0000076,Soft core,group_2322,Soft core,Soft core,Soft core
GCF_017068035.1,JXX30_RS02505,MSEITSWEYTVTPLLVHNPKAILDNWGVDGWELVAVLPSASGEQHVAYMKRPKG,54,hypothetical protein, ,Derived by automated computational analysis using gene prediction method: Protein Homology.,OG0000012,Conserved,group_2273,Conserved,Soft core,Soft core
GCF_017068035.1,JXX30_RS02705,MISKTLRTVSARFALLVTEDDGMSTAEYAIGTIAAAAFGAVLYTVVTGDSIVSALTGIIDKALKTAV,67,duf4244 domain-containing protein, ,Derived by automated computational analysis using gene prediction method: Protein Homology.,OG0000094,Soft core,group_2136,Soft core,Soft core,Soft core
GCF_017068035.1,JXX30_RS02725,MAQGTVKWFNAEKGFGFIAPEDGSADVFVHYSEIQGNGFRTLEENQRVEFEVGQGTKGPQATGVRAV,67,cold-shock protein, ,Derived by automated computational analysis using gene prediction method: Protein Homology.,OG0000013,Conserved,group_128,Conserved,Soft core,Soft core
GCF_017068035.1,JXX30_RS02760,MADSLKARVKEKLLRQLAEDGRHPIQEAEGDDPRLVSINDDLEALEQAEEGDPIVEELAERYWVP,65,hypothetical protein, ,Derived by automated computational analysis using gene prediction method: Protein Homology.,OG0000014,Conserved,group_2342,Conserved,Soft core,Soft core
GCF_017068035.1,JXX30_RS02920,MGSADVMAWLAEGYLAGDPIRYPLYVGSMFLAMPFQLIGVILGHPF,46,hypothetical protein, ,Derived by automated computational analysis using gene prediction method: Protein Homology.,OG0000061,Soft core,group_1542,Soft core,Soft core,Soft core
GCF_017068035.1,JXX30_RS29685,MPGSVIEKARAEAEGLFRDYEGNRYWFCCKGCGPRFDANPRKYADVS,47,yhs domain-containing protein, ,Derived by automated computational analysis using gene prediction method: Protein Homology.,OG0000257,Shell,group_1484,Shell,Shell,Shell
GCF_017068035.1,JXX30_RS29475,MRALMWHGARLMGVFGLECARRGMTKRTAIADPQGHRADDLVQ,43,hypothetical protein, ,Derived by automated computational analysis using gene prediction method: Protein Homology.,OG0000481,Cloud,group_2084,Cloud,Cloud,Cloud
GCF_017068035.1,JXX30_RS03240,MSAQVIILTGPPGAGKSTLAEKLARGYSKGVHLHTDDFWHCIVSGAYLRTTPRPMRRTRLSWM,63,aaa family atpase, ,Derived by automated computational analysis using gene prediction method: Protein Homology.,OG0001482,,group_455,Cloud,,Probably not conserved
GCF_017068035.1,JXX30_RS03265,MATTAAVQNPTRSRARTMSLSEYVAEHPAQRVFPPTSERAARMAMLIMFALMAVTLVVLVLDEAGIFG,68,hypothetical protein, ,Derived by automated computational analysis using gene prediction method: GeneMarkS-2+.,OG0000095,Soft core,group_53,Soft core,Soft core,Soft core
GCF_017068035.1,JXX30_RS03510,MALAYSPDTSIDSTRLAFLAAAVVLFAMLALYLVGFDQGAISRTGMYMHELMHDGRHLMGLPCH,64,cbtb domain-containing protein, ,Derived by automated computational analysis using gene prediction method: Protein Homology.,OG0000008,Conserved,group_2468,Conserved,Soft core,Soft core
GCF_017068035.1,JXX30_RS03935,MNAYICPICDYTYTESTGAAREGFPPGTPWSSIPDDWCCPDCGVREKIDFTLVTQS,56,rubredoxin, ,Derived by automated computational analysis using gene prediction method: Protein Homology.,OG0000096,Soft core,group_2166,Soft core,Soft core,Soft core
GCF_017068035.1,JXX30_RS03940,MSETATTYKLFRCLQCGFEYDEAIGWPDDGIEPGTRWDEIPEDWSCPDCGAAKVDFEMVEVDR,63,rubredoxin, ,Derived by automated computational analysis using gene prediction method: Protein Homology.,OG0000097,Soft core,group_421,Soft core,Soft core,Soft core
GCF_017068035.1,JXX30_RS04470,MKNPNLTPSRVLAVVLAAALVIFVIARRRDDGALSRGEWLSDSVGPDDLAG,51,hypothetical protein, ,Derived by automated computational analysis using gene prediction method: Protein Homology.,OG0000077,Soft core,group_2167,Soft core,Soft core,Soft core
GCF_017068035.1,JXX30_RS04560,MEVRVDLDRCEANGVCVGIAPDIFDLDDNEELVISSVRPPEDRWEDVRSAIAQCPRAALTEHP,63,ferredoxin, ,Derived by automated computational analysis using gene prediction method: Protein Homology.,OG0000005,Conserved,group_423,Soft core,Soft core,Soft core
GCF_017068035.1,JXX30_RS04625,MMAENTTVETEIADEEIETVAEETARMAQHVVAAYAEDADECRMLLSMLGISPAAKLD,58,hypothetical protein, ,Derived by automated computational analysis using gene prediction method: GeneMarkS-2+.,OG0000015,Conserved,group_2168,Soft core,Soft core,Soft core
GCF_017068035.1,JXX30_RS05345,MTKFLVPGVASAVIGAVLGAGVIFGVTAAASDNTRPEIDRSGNADSSVLNQVEYGSR,57,duf2613 domain-containing protein, ,Derived by automated computational analysis using gene prediction method: Protein Homology.,OG0000016,Conserved,group_855,Soft core,Soft core,Soft core
GCF_017068035.1,JXX30_RS05480,MSSLSDGRGVRPAEVGSGILKTMWWMVGLIVLAALVLASVLVGFVFRRPIAEAKSAVLAFDDASSQPQRD,70,hypothetical protein, ,Derived by automated computational analysis using gene prediction method: Protein Homology.,OG0000098,Soft core,,,Soft core,Soft core
GCF_017068035.1,JXX30_RS05490,MAYTSSIAANATTGPLTDLAKVLGPIAGIVSGIAAVATIAALFGGNSAS,49,hypothetical protein, ,Derived by automated computational analysis using gene prediction method: GeneMarkS-2+.,OG0000265,Shell,group_1373,Cloud,Shell,Shell
GCF_017068035.1,JXX30_RS05555,MPERGQSRVDAGIIAVVAVITGVFVALTGHGLVAALATVLGLALGMAIVRYLIKGR,56,hypothetical protein, ,Derived by automated computational analysis using gene prediction method: Protein Homology.,OG0000078,Soft core,group_2220,Soft core,Soft core,Soft core
GCF_017068035.1,JXX30_RS05645,MMRIVTLIVLIWLIVGAVAAGQRGYYSSSPTNCAGVGTIALTVIAGPLNYFGVNPKVTDCTLPQPTE,67,hypothetical protein, ,Derived by automated computational analysis using gene prediction method: Protein Homology.,OG0000017,Conserved,group_129,Soft core,Soft core,Soft core
GCF_017068035.1,JXX30_RS05650,MIILGVILLIIGFVVNIPILWTIGVVLLVIGIILYALGAAGHAIGGRRHYY,51,duf6131 family protein, ,Derived by automated computational analysis using gene prediction method: Protein Homology.,OG0000000,Conserved,group_1229,Soft core,Soft core,Soft core
GCF_017068035.1,JXX30_RS05705,MTEKDNNDQSPKGGHPGPVDKGGDGGMATREQAPELVEETSEKKSDDK,48,hypothetical protein, ,Derived by automated computational analysis using gene prediction method: Protein Homology.,OG0000018,Core,group_2221,Soft core,Soft core,Soft core
GCF_017068035.1,JXX30_RS05805,MIVLGIILALIGFFTGLSILTTVGIILVVVGAVLSILGATGRAVGGRKVWY,51,duf6131 family protein, ,Derived by automated computational analysis using gene prediction method: Protein Homology.,OG0000000,Conserved,group_1230,Soft core,Soft core,Soft core
GCF_017068035.1,JXX30_RS06090,MPAPIMAPTAALAEPVVWNEDPQRQRWWTRILAAGSPENSSNDEFQP,47,hypothetical protein, ,Derived by automated computational analysis using gene prediction method: Protein Homology.,OG0000118,Soft core,group_2222,Soft core,Soft core,Soft core
GCF_017068035.1,JXX30_RS06150,MWWIVGGVLLVWVVCSIPIAILVGRGIARRDRAEFDGRNQQWADEVVRSIEKQSDQDNADRRKPPLIS,68,hypothetical protein, ,Derived by automated computational analysis using gene prediction method: Protein Homology.,OG0000079,Soft core,group_2275,Shell,Shell,Shell
GCF_017068035.1,JXX30_RS06180,MGALSPTHWAIVAVVLVVLFGSKKLPDAARGLGRSMRILKTEVGELHSDTDLALEKRD,58,sec-independent protein translocase subunit tata, ,Derived by automated computational analysis using gene prediction method: Protein Homology.,OG0000019,Conserved,tatA,Soft core,Soft core,Soft core
GCF_017068035.1,JXX30_RS06225,MAQGSVKWFNGEKGFGFIEQEGGGPDVFVHYSEIQGSGYKSLDEGQKVEFEIGQGQKGPQAQNVRAI,67,cold-shock protein, ,Derived by automated computational analysis using gene prediction method: Protein Homology.,OG0000069,Soft core,group_130,Soft core,Soft core,Soft core
GCF_017068035.1,JXX30_RS06280,MTTIDIPPTQGESTTGIGITVASATLTTEEVKRRIAMMYGDPVTEEPVALAH,52,hypothetical protein, ,Derived by automated computational analysis using gene prediction method: Protein Homology.,OG0000002,Conserved,group_2274,Soft core,Soft core,Soft core
GCF_017068035.1,JXX30_RS06305,MSERNSTDRTDQTDEPQTTGTDHGPGTGADAAHKDVQTDPSGERTWADEGGASSTGPATDTD,62,pi-type proteinase, ,Derived by automated computational analysis using gene prediction method: Protein Homology.,OG0000020,Core,group_2297,Soft core,Soft core,Soft core
GCF_017068035.1,JXX30_RS06335,MGGSADALNRALERVDRDFASPIGVVVRTSLRGTMRQIAKPVRAQYTRVRARFPGAKTYTEI,62,hypothetical protein, ,Derived by automated computational analysis using gene prediction method: GeneMarkS-2+.,OG0000115,Soft core,group_2190,Soft core,Soft core,Soft core
GCF_017068035.1,JXX30_RS06340,MTTSTVGLLAGLLLGVAAAAGGFTGFLIALVLGVIGYLVGGQRDGEFDLGVMLKGRGRG,59,hypothetical protein, ,Derived by automated computational analysis using gene prediction method: Protein Homology.,OG0000099,Soft core,group_732,Soft core,Soft core,Soft core
GCF_017068035.1,JXX30_RS06365,MSDFIDKAKHRAEDLIGEAKEKIGNATGNDDLAAEGVADQGEAKVKKAGDTVSDKVSDIKDKFTS,65,csbd family protein, ,Derived by automated computational analysis using gene prediction method: Protein Homology.,OG0000074,Soft core,group_2191,Soft core,Soft core,Soft core
GCF_017068035.1,JXX30_RS06725,MSKEVSAGLAVGAMVLVAGLIWTGLPLDAYSVVAVIFAICGGFITWIYLRENVDGVPHTATKEGSR,66,hypothetical protein, ,Derived by automated computational analysis using gene prediction method: Protein Homology.,OG0000144,Shell,group_2282,Shell,Shell,Shell
GCF_017068035.1,JXX30_RS29495,MGSLGNLLKANGMGWGILQLLPLVNMLKTLQGLDTASSNS,40,hypothetical protein, ,Derived by automated computational analysis using gene prediction method: GeneMarkS-2+.,OG0000080,Soft core,group_2512,Soft core,Soft core,Soft core
GCF_017068035.1,JXX30_RS29500,MGSFEDFSGVVKTFIPVLKDLFTALGGGSLTPGTGSAADK,40,hypothetical protein, ,Derived by automated computational analysis using gene prediction method: GeneMarkS-2+.,OG0000108,Soft core,group_2511,Soft core,Soft core,Soft core
GCF_017068035.1,JXX30_RS07050,MFGSLSTLGPLLTALGAFLKSVPTESLSGEGEGSSTGSLSGLSSGSAE,48,hypothetical protein, ,Derived by automated computational analysis using gene prediction method: Protein Homology.,OG0000081,Soft core,group_2510,Soft core,Soft core,Soft core
GCF_017068035.1,JXX30_RS29505,MGSLDTGSLSTESLEDLNLGKISELLKLGITAVSFITALNSLS,43,hypothetical protein, ,Derived by automated computational analysis using gene prediction method: GeneMarkS-2+.,OG0000067,Soft core,group_2503,Soft core,Soft core,Soft core
GCF_017068035.1,JXX30_RS29510,MIVMFLQATAQLFTDLLANTWSGSMLPGVEAGTGSLVSAIELS,43,hypothetical protein, ,Derived by automated computational analysis using gene prediction method: Protein Homology.,OG0000184,Shell,group_2237,Shell,Shell,Shell
GCF_017068035.1,JXX30_RS07515,MGSLMDILGGPNGDGAPMQALLTMLLGLDNVGANLFGSLADTAGGIFGSLDTLSFTPPVVP,61,hypothetical protein, ,Derived by automated computational analysis using gene prediction method: GeneMarkS-2+.,OG0000188,Shell,group_2425,Shell,Shell,Shell
GCF_017068035.1,JXX30_RS07520,MLEGSVMDAAGSVGAIIGQGLGSVSGLAVKGLEALAALSGGELKAAK,47,hypothetical protein, ,Derived by automated computational analysis using gene prediction method: Protein Homology.,OG0000138,Shell,group_2381,Shell,Shell,Shell
GCF_017068035.1,JXX30_RS07525,MTFESNTPRPFTRSNDKKMFAGVCGGIADYFGADVNLVRLLAVIAAICTGGTAALVYLAAWMLMPLG,67,pspc domain-containing protein, ,Derived by automated computational analysis using gene prediction method: Protein Homology.,OG0000021,Conserved,group_2380,Conserved,Soft core,Soft core
GCF_017068035.1,JXX30_RS08035,MGSSHDGKPAVAGTQFLTVAEVATLMRVSKMTVYRLVHSGELPAVRVGRSFRVHAKAVHDYLETSYFDAG,70,helix-turn-helix domain-containing protein, ,Derived by automated computational analysis using gene prediction method: Protein Homology.,OG0000071,Soft core,,,Soft core,Soft core
GCF_017068035.1,JXX30_RS08040,MGSVIKKRRKRMSKKKHRKLLRRTRVQRRKLGK,33,aurkaip1/cox24 domain-containing protein, ,Derived by automated computational analysis using gene prediction method: Protein Homology.,OG0000022,Conserved,group_1939,Conserved,Conserved,Conserved
GCF_017068035.1,JXX30_RS08095,MSSQEALRTESTHDAPLRQRGSRTEVILFAILGASVLVTLLVLMIPGIVSG,51,hypothetical protein, ,Derived by automated computational analysis using gene prediction method: Protein Homology.,OG0000100,Soft core,group_1231,Soft core,Soft core,Soft core
GCF_017068035.1,JXX30_RS08225,MLYLLALVGLVTLIVLMWKAFGPDPSTRTPVSGVRGPDDDPEFLWNVNQQTRRKRTEGPDVPPTDTST,68,hypothetical protein, ,Derived by automated computational analysis using gene prediction method: Protein Homology.,OG0000023,Conserved,group_2362,Soft core,Conserved,Soft core
GCF_017068035.1,JXX30_RS08230,MSAPTFNTAADALMTPGQVAALFHVDPKTVTRWAHAGRLGSLRTPGGHRRFRETEVMQLLRSLTTEADNN,70,bldc family transcriptional regulator, ,Derived by automated computational analysis using gene prediction method: Protein Homology.,OG0000068,Soft core,,,Soft core,Soft core
GCF_017068035.1,JXX30_RS08435,MASSTDVRPKITLACEVCKHRNYITKKNRRNDPDRLELKKFCPNCGTHQSHRESK,55,50s ribosomal protein l33, ,Derived by automated computational analysis using gene prediction method: Protein Homology.,OG0000024,Conserved,rpmG,Conserved,Soft core,Soft core
GCF_017068035.1,JXX30_RS08570,MAGKKLDRTNARTALEVVRESPTIAFITVAPAVVVFGVVWWLFGFWAAILLALVFGVAAVATQKLR,66,hypothetical protein, ,Derived by automated computational analysis using gene prediction method: Protein Homology.,OG0000025,Conserved,group_2209,Conserved,Soft core,Soft core
GCF_017068035.1,JXX30_RS08715,MNSTTVGLLVGLLLALAGIMGGFSGFVFAVLLGAAGMAIGAHRDGHLDLGAILRSRGRG,59,hypothetical protein, ,Derived by automated computational analysis using gene prediction method: Protein Homology.,OG0000026,Conserved,group_2303,Conserved,Soft core,Soft core
GCF_017068035.1,JXX30_RS08840,MRLSTRNQLTGTITEVNLGTVMATVKVKLDGGNQIVTSSITRDAALDLDLEPGQAATVFVKSTEVTIGVE,70,tobe domain-containing protein, ,Derived by automated computational analysis using gene prediction method: Protein Homology.,OG0000064,Soft core,,,Soft core,Soft core
GCF_017068035.1,JXX30_RS08845,MTEPAKGPASYFPSIEKKYGRPIGEWQELIRSSDLTKHMELVNWLKSEHGMGHGHANALVAHTLKEG,67,duf4287 domain-containing protein, ,Derived by automated computational analysis using gene prediction method: Protein Homology.,OG0000027,Conserved,group_2329,Soft core,Soft core,Soft core
GCF_017068035.1,JXX30_RS08860,MSDRDNKALENDLVEESLVEEVSIDGMCGVY,31,mycofactocin precursor mfta, ,"Mycofactocin is a small molecule electron carrier derived from the final two amino acids, Val-Tyr, of MftA, the mycofactocin precursor. It plays a role in redox homeostasis and the metabolism of alcohols and aldehydes in Actinobacteria, including Mycobacterium tuberculosis; Derived by automated computational analysis using gene prediction method: Protein Homology.",OG0000009,Conserved,group_2326,Conserved,Soft core,Soft core
GCF_017068035.1,JXX30_RS09200,MAKKALVNKANKKPKFAVRAYTRCQRCGRPHSVFRKFGLCRICVREMAHAGELPGVRKSSW,61,type z 30s ribosomal protein s14, ,Derived by automated computational analysis using gene prediction method: Protein Homology.,OG0000028,Conserved,group_2294,Conserved,Soft core,Soft core
GCF_017068035.1,JXX30_RS09225,MADLKVTQIKSIIGTKQNQKDSLRTLGLKGIRQTVVREDNAQNRGLINVVRHLVTVEEV,59,50s ribosomal protein l30, ,Derived by automated computational analysis using gene prediction method: Protein Homology.,OG0000029,Conserved,rpmD,Conserved,Soft core,Soft core
GCF_017068035.1,JXX30_RS09255,MKVQPSVKKICEKCKVIRRNGRVMVICENLRHKQRQG,37,50s ribosomal protein l36, ,Derived by automated computational analysis using gene prediction method: Protein Homology.,OG0000030,Conserved,rpmJ,Conserved,Soft core,Soft core
GCF_017068035.1,JXX30_RS29515,MTIFEWILAIPALALAVAFLFSGIIAAGIDFDTEDGVMTH,40,hypothetical protein, ,Derived by automated computational analysis using gene prediction method: GeneMarkS-2+.,OG0000082,Soft core,group_2186,Soft core,Soft core,Soft core
GCF_017068035.1,JXX30_RS10550,MSSYRCPVCEYVYDESKGAPREGFPAGTPWDAVPDDWCCPDCGVREKLDFEPMPATAGSES,61,rubredoxin, ,Derived by automated computational analysis using gene prediction method: Protein Homology.,OG0000053,Core,group_2279,Soft core,Soft core,Soft core
GCF_017068035.1,JXX30_RS10555,MNDYKLYQCAQCGFEYDEAVGWPEDGIEPGTRWDDIPEDWSCPDCGAAKSDFFMVEVERR,60,rubredoxin, ,Derived by automated computational analysis using gene prediction method: Protein Homology.,OG0000007,Conserved,group_2155,Soft core,Soft core,Soft core
GCF_017068035.1,JXX30_RS11225,MATDPAPRSERKKILLRLDPAVHDALARWAADDLRSTNAQIEFLLRRALTEHGRMPKNAGKMHGPGRPPA,70,hypothetical protein, ,Derived by automated computational analysis using gene prediction method: Protein Homology.,OG0000114,Soft core,,,Soft core,Soft core
GCF_017068035.1,JXX30_RS11505,MSDLDSNTPSEPESQSEETKRKFREALERKNHQNAKSTDHRDGQSKVHNTHGPADHKREFRRKSG,65,duf5302 domain-containing protein, ,Derived by automated computational analysis using gene prediction method: Protein Homology.,OG0000031,Conserved,group_2470,Core,Soft core,Soft core
GCF_017068035.1,JXX30_RS11590,MAAVCDVCAKGPGFGKSVSHSHRRTNRRWNPNIQSVRTEVAPGNTRKVNVCTSCLKAGKVARG,63,50s ribosomal protein l28, ,Derived by automated computational analysis using gene prediction method: Protein Homology.,OG0000032,Conserved,rpmB,Conserved,Soft core,Soft core
GCF_017068035.1,JXX30_RS11630,MAVPKRKMSRSNTRSRRSQWKTTVPTLVTCPNRGCGEQTLPHIACPSCGTYKGRQVTAAV,60,50s ribosomal protein l32, ,Derived by automated computational analysis using gene prediction method: Protein Homology.,OG0000033,Conserved,group_2479,Conserved,Soft core,Soft core
GCF_017068035.1,JXX30_RS11955,MSDGDSNGQPDVTMQGGESSGSAELVDWGTSKSVLGSAQPGDRDYFRQE,49,hypothetical protein, ,Derived by automated computational analysis using gene prediction method: GeneMarkS-2+.,OG0001483,,group_1381,Cloud,,Probably not conserved
GCF_017068035.1,JXX30_RS12690,MTTEVDMKVPAFHSTEPSDLDVYHDNESCILAARIAVPHRAPGVDGRPWCTACASLD,57,hypothetical protein, ,Derived by automated computational analysis using gene prediction method: Protein Homology.,OG0000083,Soft core,group_2187,Soft core,Soft core,Soft core
GCF_017068035.1,JXX30_RS13020,MFWKIVLAVVLVWVALAVVGALIKGLFWVLVVGAVGFGIYFLVKAMSGSDDNSPASRF,58,hypothetical protein, ,Derived by automated computational analysis using gene prediction method: Protein Homology.,OG0000034,Conserved,group_2296,Soft core,Soft core,Soft core
GCF_017068035.1,JXX30_RS13045,MRLTEFHEMVREEFGQVRGDSMLIDHVLQSLDGMTAAEAVEAGWEPREVWRALCVEFDVPPARR,64,duf3046 domain-containing protein, ,Derived by automated computational analysis using gene prediction method: Protein Homology.,OG0000035,Conserved,group_2481,Conserved,Soft core,Soft core
GCF_017068035.1,JXX30_RS13335,MPGTLTSPQLTAADRCDRCGAGARVRAVLPTGGELLFCGHHATEHADRLREMNAVVSESEPAI,63,hypothetical protein, ,Derived by automated computational analysis using gene prediction method: Protein Homology.,OG0000036,Conserved,group_2483,Conserved,Soft core,Soft core
GCF_017068035.1,JXX30_RS13470,MNYTSGFTLKPDATGTILEMYFSGESESTSRISKIFTAVFGRLGARVTRKFMAKDLEDIAAKAESLAGK,69,hypothetical protein, ,Derived by automated computational analysis using gene prediction method: GeneMarkS-2+.,OG0000474,Cloud,group_2169,Cloud,Cloud,Cloud
GCF_017068035.1,JXX30_RS13710,MKIRFELMIGILLVVGGGCLWLFARDAEFFWFRGGPLGVILAIIGAFDIVNAVRTRETAIPERRND,66,hypothetical protein, ,Derived by automated computational analysis using gene prediction method: Protein Homology.,OG0000101,Soft core,group_2126,Soft core,Soft core,Soft core
GCF_017068035.1,JXX30_RS14195,MAGIDSKFDKAYAGKSVEELADAPVAALNGVSDSDAEHLKAAFNIKTVRDLGTNKFFLWAQATAKLAE,68,hypothetical protein, ,Derived by automated computational analysis using gene prediction method: Protein Homology.,OG0000070,Soft core,group_2484,Soft core,Soft core,Soft core
GCF_017068035.1,JXX30_RS14995,MAQEQTQRAGGGEDDETTGGDGSAGQERREKLAAETDDLLDEIDDVLEENAEDFVRAYVQKGGQ,64,ubiquitin-like protein pup, ,Derived by automated computational analysis using gene prediction method: Protein Homology.,OG0000037,Conserved,group_340,Soft core,Soft core,Soft core
GCF_017068035.1,JXX30_RS15390,MTVLGPVDTASTPHFTAAGITYEIDEEYVAVVNAADAELTSPQDFPRDPLPNL,53,hypothetical protein, ,Derived by automated computational analysis using gene prediction method: Protein Homology.,OG0000298,Cloud,group_2131,Cloud,Cloud,Cloud
GCF_017068035.1,JXX30_RS15525,MAIDSTLLSILACPQDKGPLLLVGDELLYNPRLRRAYPIENGIPVLLIDEARDVADDEHEKLLARAEG,68,trm112 family protein, ,Derived by automated computational analysis using gene prediction method: Protein Homology.,OG0000038,Conserved,group_54,Soft core,Soft core,Soft core
GCF_017068035.1,JXX30_RS15620,MPKMKSHSGASKRFKVSGSGKLMRQKAGRRHLLEHKSSRVTRRLDGVAVVSPDDAPRIKRMLGI,64,50s ribosomal protein l35, ,Derived by automated computational analysis using gene prediction method: Protein Homology.,OG0000039,Conserved,group_2130,Soft core,Soft core,Soft core
GCF_017068035.1,JXX30_RS15810,MTPTEIPRLLSAKEAAAVLLTSEGALAALRYRGAGPKFRKLGHRVAYAVQDLRDYIDSDIRTGTATDATA,70,dna-binding protein, ,Derived by automated computational analysis using gene prediction method: Protein Homology.,OG0000311,Cloud,,,Cloud,Cloud
GCF_017068035.1,JXX30_RS15845,MKINVNIDTALSDDDVLDLIDETRCAGIGPQAQVASRMAVAQALLGLTQEVRALREEIAAKR,62,hypothetical protein, ,Derived by automated computational analysis using gene prediction method: GeneMarkS-2+.,OG0000535,Cloud,group_499,Cloud,Cloud,Cloud
GCF_017068035.1,JXX30_RS16045,MHVEVDLDLCQGHAACELEAPEIFVVPKRGKVSLLDSDPPESLRGEAELAVRYCPTGALRIVD,63,ferredoxin, ,Derived by automated computational analysis using gene prediction method: Protein Homology.,OG0000001,Conserved,group_2270,Soft core,Soft core,Soft core
GCF_017068035.1,JXX30_RS16225,MSVLFTYLLFIGAGIAVGGAYSMFKVNKLASGILLGLAVLAAVAGALRL,49,hypothetical protein, ,Derived by automated computational analysis using gene prediction method: Protein Homology.,OG0000040,Conserved,group_2410,Soft core,Conserved,Soft core
GCF_017068035.1,JXX30_RS16455,MNESSNGLFSDLSASEPVVDAKSAEQLAAERETAAAERSNTDTAEQRQSQLFSG,54,hypothetical protein, ,Derived by automated computational analysis using gene prediction method: Protein Homology.,OG0000084,Soft core,group_2262,Soft core,Soft core,Soft core
GCF_017068035.1,JXX30_RS29555,MLGIALGLGSAAVGIGLGLLGAGAGILLSDKTVKTARRDLTA,42,hypothetical protein, ,Derived by automated computational analysis using gene prediction method: GeneMarkS-2+.,OG0000102,Soft core,group_2160,Soft core,Soft core,Soft core
GCF_017068035.1,JXX30_RS16560,MHAEVGDRLHVQGRVVGQAEVTAEVLEVHGEDGGPPYLVRYDNGHEALVFPGSDGWIDHPGKGS,64,duf1918 domain-containing protein, ,Derived by automated computational analysis using gene prediction method: Protein Homology.,OG0000041,Conserved,group_2499,Soft core,Core,Soft core
GCF_017068035.1,JXX30_RS29560,MTTYRYLDADRNLLEEKDFETEQDAQEYRLSVLGAEHIEPADE,43,hypothetical protein, ,Derived by automated computational analysis using gene prediction method: Protein Homology.,OG0000054,Core,group_2400,Soft core,Core,Core
GCF_017068035.1,JXX30_RS17235,MTDEDRLWYFDVSDGSVTQGKGASSLTRMGPYPDRDSAEHALKIAAERNKAADRADEDWNN,61,hypothetical protein, ,Derived by automated computational analysis using gene prediction method: Protein Homology.,OG0000042,Conserved,group_592,Soft core,Core,Soft core
GCF_017068035.1,JXX30_RS29565,MKLALTEFKNSKATIRIIMSDGAKLNGTVTDFTEDTLVLNSPNGVYYINPSHIIRLFEPSDRAAK,65,hypothetical protein, ,Derived by automated computational analysis using gene prediction method: GeneMarkS-2+.,OG0000085,Soft core,group_2248,Soft core,Soft core,Soft core
GCF_017068035.1,JXX30_RS17605,MTVAGVVSVVLIAVAAALVIYLLVALVDPERF,32,k(+)-transporting atpase subunit f, ,Derived by automated computational analysis using gene prediction method: Protein Homology.,OG0000055,Core,kdpF,Soft core,Soft core,Soft core
GCF_017068035.1,JXX30_RS17745,MDRIADWWDSFELWMAGLPFIPQVALVLIVVVPLCRLVAIGLDRALAAVLALPLFGWLRRNSREVEES,68,hypothetical protein, ,Derived by automated computational analysis using gene prediction method: Protein Homology.,OG0000056,Core,group_2078,Soft core,Soft core,Soft core
GCF_017068035.1,JXX30_RS18165,MKKALPKTLKSLARTVGILALAIVVVSVVERFTGAHQPTTGPASLTGPDQSL,52,hypothetical protein, ,Derived by automated computational analysis using gene prediction method: Protein Homology.,OG0000111,Soft core,group_2264,Soft core,Soft core,Soft core
GCF_017068035.1,JXX30_RS18205,MIAAPTTGALAVVLNTVLQMFNAGSSFLFTNNSPIGGGGGETPTTPAP,48,hypothetical protein, ,Derived by automated computational analysis using gene prediction method: Protein Homology.,OG0000086,Soft core,group_2210,Soft core,Soft core,Soft core
GCF_017068035.1,JXX30_RS18210,MPTIPLTGDPIVINIIVQLLSAGSSNALALGGVGSSGLGSTGLGSFDSASLGSAA,55,hypothetical protein, ,Derived by automated computational analysis using gene prediction method: Protein Homology.,OG0000087,Soft core,group_1002,Soft core,Soft core,Soft core
GCF_017068035.1,JXX30_RS29580,MYIQTCTYDTEDRNMGSINTLSAVIDIIKVVQPLIAKLNLS,41,hypothetical protein, ,Derived by automated computational analysis using gene prediction method: GeneMarkS-2+.,OG0000109,Soft core,group_2041,Soft core,Soft core,Soft core
GCF_017068035.1,JXX30_RS19030,MGTLQSGINLAAKFSKKAVGGEDSLEKSLNSHIQVVTEMRDFFQQCVDRYGEVDDSNASALASAETPR,68,hypothetical protein, ,Derived by automated computational analysis using gene prediction method: GeneMarkS-2+.,OG0000123,Soft core,group_2307,Soft core,Soft core,Soft core
GCF_017068035.1,JXX30_RS29425,MSTALLTIYVLIWPALVLVVLGVISKGFFKDWATARRNGEDLV,43,putative transporter small subunit, ,Derived by automated computational analysis using gene prediction method: Protein Homology.,OG0000088,Soft core,group_2364,Soft core,Soft core,Soft core
GCF_017068035.1,JXX30_RS19750,MAAMKPRTGDGPLEATKEGRGIVMRVPLEGGGRLVVELTPDEAAALGVELTNVTS,55,duf3117 domain-containing protein, ,Derived by automated computational analysis using gene prediction method: Protein Homology.,OG0000043,Conserved,group_1003,Soft core,Soft core,Soft core
GCF_017068035.1,JXX30_RS19855,MTEQDATFDPEAPESDALEQSTPVDPNAPEEPDLTDIPLDAPVADVVDQRVEVAVDDDYRPS,62,hypothetical protein, ,Derived by automated computational analysis using gene prediction method: Protein Homology.,OG0000057,Core,group_2211,Soft core,Soft core,Soft core
GCF_017068035.1,JXX30_RS19880,MYNWDLQNQIVAFVDSLRPMAGYYHDMYYGSLYAFADQQSHLLTLLGFPPVP,52,hypothetical protein, ,Derived by automated computational analysis using gene prediction method: Protein Homology.,OG0000058,Core,group_1175,Soft core,Soft core,Soft core
GCF_017068035.1,JXX30_RS19900,MGKIKASKVSKLKPKKKCCRKKTRCIKCPVVIMRMKKLENEGASKKELKAGLKKARAA,58,hypothetical protein, ,Derived by automated computational analysis using gene prediction method: Protein Homology.,OG0000044,Conserved,group_2365,Soft core,Soft core,Soft core
GCF_017068035.1,JXX30_RS29595,MGSMEGILGAVVQGLGSLFSADGLLKTFMGSVETISKDPTP,41,hypothetical protein, ,Derived by automated computational analysis using gene prediction method: GeneMarkS-2+.,OG0000103,Soft core,group_2051,Soft core,Soft core,Soft core
GCF_017068035.1,JXX30_RS20075,MTMTAKLTTAFRGTLWWVRSVMGDLDYQRYVEHTRRHHADSPVISEREFWRRRHAAADANPSARCC,66,ybdd/yjix family protein, ,Derived by automated computational analysis using gene prediction method: Protein Homology.,OG0000045,Conserved,group_2343,Soft core,Conserved,Soft core
GCF_017068035.1,JXX30_RS20325,MSTNSDRRPRLPVKIAYLAAGVLFVAAMLLLASVVNPDRDRDFSMNHVPAGTSVTSVVATTDLG,64,hypothetical protein, ,Derived by automated computational analysis using gene prediction method: Protein Homology.,OG0000104,Soft core,group_2149,Soft core,Soft core,Soft core
GCF_017068035.1,JXX30_RS29700,MNASDCLGAVDRKSAVAVALLEPLLVERLLAEPLPVGRLLAEPLLAELLALDPLPEPLGPVIP,63,hypothetical protein, ,Derived by automated computational analysis using gene prediction method: GeneMarkS-2+.,OG0000327,Cloud,group_2140,Cloud,Cloud,Cloud
GCF_017068035.1,JXX30_RS20720,MAEGIVKWFNSEKGFGFIAPEDGSADVFVHYSEIQSGGFRTLEENQRVAFEIGQGNKGPQATGVTIV,67,cold-shock protein, ,Derived by automated computational analysis using gene prediction method: Protein Homology.,OG0000046,Conserved,group_132,Soft core,Soft core,Soft core
GCF_017068035.1,JXX30_RS20725,MTTAEYTVSGMTCGHCVGSVKEEIGNIAGVTAVDVELASGRVVVTSDAPVSAADVVAAVDEAGYAVVPS,69,heavy-metal-associated domain-containing protein, ,Derived by automated computational analysis using gene prediction method: Protein Homology.,OG0000006,Conserved,group_2139,Soft core,Soft core,Soft core
GCF_017068035.1,JXX30_RS20845,MSDDELRRAIREIQDRAHDARKRGDDVAAEELDRTVRGYQEQMAQRL,47,hypothetical protein, ,Derived by automated computational analysis using gene prediction method: Protein Homology.,OG0000059,Core,group_2336,Soft core,Soft core,Soft core
GCF_017068035.1,JXX30_RS20920,MSEQPDTPKKPPVDKKRLARIFGDVFPETTSDERGPEGSSRSSDDDWLRSQRPPHHGG,58,hypothetical protein, ,Derived by automated computational analysis using gene prediction method: Protein Homology.,OG0000089,Soft core,group_2328,Soft core,Soft core,Soft core
GCF_017068035.1,JXX30_RS20950,MAVPKRKMSRSNTRSRRAQWKATAPDLVEVTAFGQTHRVPRRLVKAVRLGVIDPSRI,57,50s ribosomal protein l32, ,Derived by automated computational analysis using gene prediction method: Protein Homology.,OG0000060,Soft core,group_2302,Soft core,Soft core,Soft core
GCF_017068035.1,JXX30_RS20970,MARNEIRPIVKLKSTAGTGYTYVTRKNRRNDPDRLVLKKYDPVVRKHVDFREEK,54,50s ribosomal protein l33, ,Derived by automated computational analysis using gene prediction method: Protein Homology.,OG0000047,Conserved,group_2199,Soft core,Soft core,Soft core
GCF_017068035.1,JXX30_RS21600,MGFLDNVKGLVEKGQELAAENSDKVHDAIDKVADIADDKTGNKYGDQIDKAAEAAKKAVPEKQ,63,antitoxin, ,Derived by automated computational analysis using gene prediction method: Protein Homology.,OG0000010,Conserved,group_425,Soft core,Soft core,Soft core
GCF_017068035.1,JXX30_RS29600,MANNSKQHYVDPGWPETADGDHAVTELSSTRAGGLSPFGEDTTFPVPVESLPYVHPHTVINR,62,hypothetical protein, ,Derived by automated computational analysis using gene prediction method: Protein Homology.,OG0000048,Conserved,group_501,Soft core,Soft core,Soft core
GCF_017068035.1,JXX30_RS29605,MADKAPGKNMKKPAQSIKERRAEKRAKNTESSEFIRKRKRS,41,hypothetical protein, ,Derived by automated computational analysis using gene prediction method: Protein Homology.,OG0000004,Core,group_2142,Soft core,Soft core,Soft core
GCF_017068035.1,JXX30_RS23050,MGRGRAKAKQTKVARELKYSVPTTDFDSLQRELAGGSTNSHRSSVRSDQTSDREGHAREDDYDDWRR,67,duf3073 domain-containing protein, ,Derived by automated computational analysis using gene prediction method: Protein Homology.,OG0000049,Conserved,group_133,Soft core,Soft core,Soft core
GCF_017068035.1,JXX30_RS23230,MRNNLQELRTAAGLSQQACADALGITRQTVISIEKGHFDPRLSLAFRIAEYFDKRVDDVFSS,62,helix-turn-helix transcriptional regulator, ,Derived by automated computational analysis using gene prediction method: Protein Homology.,OG0000105,Soft core,group_502,Soft core,Soft core,Soft core
GCF_017068035.1,JXX30_RS23365,MTSPMKTRKLTRARSGAMFGGVCAGIARYFGWKSSTVRLLFVLSCLLPGPQFLIYIVMWIFIPREQI,67,pspc domain-containing protein, ,Derived by automated computational analysis using gene prediction method: Protein Homology.,OG0000106,Soft core,group_134,Soft core,Soft core,Soft core
GCF_017068035.1,JXX30_RS24340,MSDWEKKFEAEAKGLLAEVEEELTVLEGVDTIDPFGEDDPDPVAGDDPSAGNDDTKPASD,60,hypothetical protein, ,Derived by automated computational analysis using gene prediction method: Protein Homology.,OG0000090,Soft core,group_2192,Soft core,Soft core,Soft core
GCF_017068035.1,JXX30_RS25325,MAQGIVKWFNGEKGFGFIAPDDGTPDVFVHYSEISGNGYKSLDENQRVEFEVGQGQKGPQATNVRAV,67,cold-shock protein, ,Derived by automated computational analysis using gene prediction method: Protein Homology.,OG0000003,Conserved,group_1991,Soft core,Soft core,Soft core
GCF_017068035.1,JXX30_RS25525,MKKTEITPIGCIHRWEVESRHRTSEGTVTYLRCHCGSWQTLLAEWMSGGAASAVAAPIKVRSR,63,hypothetical protein, ,Derived by automated computational analysis using gene prediction method: Protein Homology.,OG0000116,Soft core,group_2290,Soft core,Soft core,Soft core
GCF_017068035.1,JXX30_RS25565,MPTVIRTVHDLVRHARGPTHHHHHQSVHEARRMRAHHILVTHSLA,45,hypothetical protein, ,Derived by automated computational analysis using gene prediction method: GeneMarkS-2+.,OG0000112,Soft core,group_2176,Soft core,Soft core,Soft core
GCF_017068035.1,JXX30_RS25760,MVGTPVIVTIVSVCVGFVIFMLAASGARGKWDRRLVIALFVGAVVCLTVVPVSVALSAGV,60,hypothetical protein, ,Derived by automated computational analysis using gene prediction method: Protein Homology.,OG0000091,Soft core,group_2382,Soft core,Soft core,Soft core
GCF_017068035.1,JXX30_RS26355,MTEPDPGTVETDFPKTGAPAQRALIGAGYTHLAQLTSVSEKELGALHGMGPKALRILREALAERGLSFAD,70,hypothetical protein, ,Derived by automated computational analysis using gene prediction method: Protein Homology.,OG0000050,Conserved,,,Soft core,Soft core
GCF_017068035.1,JXX30_RS27060,MNAPTRYQFLIDGEVSDRVKAAFPELSVASAAGGFTSLYGPVADHTAMRSIMARLDSLGLTVAELRRLPD,70,hypothetical protein, ,Derived by automated computational analysis using gene prediction method: Protein Homology.,OG0000092,Soft core,,,Soft core,Soft core
GCF_017068035.1,JXX30_RS29645,MSVVLISLLVAAGLTVLATSDGAGLDFGSRQLNRQLKTRTHR,42,hypothetical protein, ,Derived by automated computational analysis using gene prediction method: GeneMarkS-2+.,OG0000107,Soft core,group_1760,Soft core,Soft core,Soft core
GCF_017068035.1,JXX30_RS27425,MKIVVLSFLMALTLMTVGIIAARNCSTRPAVTGAVTAASTVLAAAWTHFAVAFVLA,56,hypothetical protein, ,Derived by automated computational analysis using gene prediction method: Protein Homology.,OG0000110,Soft core,group_2239,Soft core,Soft core,Soft core
GCF_017068035.1,JXX30_RS27565,MDRYKITMPDGSSTEEPFDSDQEAIACAVDANRGVSKHLVVEKYTADGRLIPTAQAPAKHKGHHKNRSNS,70,hypothetical protein, ,Derived by automated computational analysis using gene prediction method: Protein Homology.,OG0000113,Soft core,,,Cloud,Cloud
GCF_017068035.1,JXX30_RS27900,MENLALIPERVNKSIGVRIQQAMARQGLTEGDPIAKIITQELIKLPIFPK,50,hypothetical protein, ,Derived by automated computational analysis using gene prediction method: GeneMarkS-2+.,OG0001484,,group_1323,Cloud,,Probably not conserved
GCF_017068035.1,JXX30_RS28295,MRRASRAQRMELIAGFISVFALMALIGAVVAIVKGDPGVMPSLVLLGCVVALGLAFRGYRNAVRAERRE,69,hypothetical protein, ,Derived by automated computational analysis using gene prediction method: Protein Homology.,OG0000051,Conserved,group_2375,Soft core,Shell,Shell
GCF_017068035.1,JXX30_RS28805,MATRCQVDAVHPGAFERSVGMSQQRIVAVIDIRNTIRALDLTLNDHYCHLSRKR,54,hypothetical protein, ,Derived by automated computational analysis using gene prediction method: GeneMarkS-2+.,OG0000855,Cloud,group_2230,Cloud,,Cloud
GCF_017068035.1,JXX30_RS28945,MAKGKRTFQPNNRRRARVHGFRLRMRTRAGRAIVSARRRKGRDSLTA,47,50s ribosomal protein l34, ,Derived by automated computational analysis using gene prediction method: Protein Homology.,OG0000052,Conserved,rpmH,Conserved,Shell,Shell
GCF_017068035.1,JXX30_RS29005,MNDKNIPVERSAVEAAMYQSTKHLNVITDADLAAVVEGLTGEPVARAQIDFAFPAPGTTDHLFD,64,hypothetical protein, ,Derived by automated computational analysis using gene prediction method: Protein Homology.,OG0000121,Shell,group_2475,Shell,Cloud,Shell
GCF_017068035.1,JXX30_RS29015,MSLKARKLLWATTVAIFLVAAVLSYFSSGLGSAALWVTVGLALGASGFADLKVQARS,57,hypothetical protein, ,Derived by automated computational analysis using gene prediction method: GeneMarkS-2+.,OG0000375,Cloud,group_873,Cloud,Cloud,Cloud
GCF_017068035.1,JXX30_RS29090,MSTETGTLAPALVAVVEATAALDAAMFDRSREGFIDVTALVDAFAASRAAARDAGHPEEDIDAAAAPTN,69,hypothetical protein, ,Derived by automated computational analysis using gene prediction method: Protein Homology.,OG0000226,Shell,group_2451,Shell,Shell,Shell
GCF_017068035.1,JXX30_RS29670,MAATVLGVTVGVLLADVVAGVAVGAGTAVVFRFVLRTIITRK,42,hypothetical protein, ,Derived by automated computational analysis using gene prediction method: Protein Homology.,OG0000124,Shell,group_1774,Cloud,Cloud,Cloud
GCF_017068035.1,JXX30_RS29125,MTETAAPTRFVAIPRTEEHGGYENECFTHYVQDNGGRYCLRGPMVQSDAEWLASKMNTQLS,61,hypothetical protein, ,Derived by automated computational analysis using gene prediction method: GeneMarkS-2+.,OG0000189,Shell,group_2471,Shell,Shell,Shell
GCF_017068035.1,JXX30_RS29165,MKTEEEERLIAHAVTRLSVKYPSISADVVADAVASAHAHFDGHKVRDFVPLLVERMAGEKLSSLVAS,67,hypothetical protein, ,Derived by automated computational analysis using gene prediction method: Protein Homology.,OG0000062,Soft core,group_2496,Shell,Cloud,Cloud
GCF_017068035.1,JXX30_RS29315,MSLFTNTHLHPYCARTAVAAPCGVGTAQLVRLALYLAMCTGTNAIP,46,hypothetical protein, ,Derived by automated computational analysis using gene prediction method: GeneMarkS-2+.,OG0000259,Shell,group_2153,Shell,Cloud,Shell
GCF_017068035.1,JXX30_RS29320,MPTPSKGDRTRVVSRVPDPVYAELEKRRKAAGVSSVSQYVADLLAATTGHKNLVVELDQEVLQLTA,66,hypothetical protein, ,Derived by automated computational analysis using gene prediction method: Protein Homology.,OG0000139,Shell,group_216,Shell,Shell,Shell
GCF_017068375.1,JWS14_RS51390,MSLDGDSGFTQRTRQVFCAHCHTVTTTAAAIDSELRCGGCRATLTVYHHFSRRHHAYLGYRADSEDLT,68,dimethylamine monooxygenase subunit dmma family protein, ,Derived by automated computational analysis using gene prediction method: Protein Homology.,OG0001485,,,,,Probably not conserved
GCF_017068375.1,JWS14_RS00435,MSNTAIVEGAAELDAARARYRASIGGDSHSEFVAAKVALVELGTGRKVSEEEIDYL,56,hypothetical protein, ,Derived by automated computational analysis using gene prediction method: GeneMarkS-2+.,OG0000856,Cloud,,,,Probably not conserved
GCF_017068375.1,JWS14_RS00440,MLSPETQLVMSPTAAVSIAHAATATDSPVLAMWAFLVAGLGAHAWYRAAEPKPHDGRRP,59,hypothetical protein, ,Derived by automated computational analysis using gene prediction method: GeneMarkS-2+.,OG0001486,,,,,Probably not conserved
GCF_017068375.1,JWS14_RS00455,MTENPGTRALLKVGDKVKVHAEATSVFTIVSIDGDDALIESIASTPGTYPFHCKLDRLVPVES,63,hypothetical protein, ,Derived by automated computational analysis using gene prediction method: Protein Homology.,OG0000072,Soft core,,,,Probably not conserved
GCF_017068375.1,JWS14_RS00500,MRETGMQLGEIAEILGVGRTTLYRHPLERS,30,helix-turn-helix domain-containing protein, ,Derived by automated computational analysis using gene prediction method: Protein Homology.,OG0000373,Cloud,,,,Probably not conserved
GCF_017068375.1,JWS14_RS00710,MGDRTAADLERELAMLAYVRDCLRASEGEDFRIPTTTVDEVLDELNSVERSRWAST,56,hypothetical protein, ,Derived by automated computational analysis using gene prediction method: Protein Homology.,OG0000117,Shell,,,,Probably not conserved
GCF_017068375.1,JWS14_RS00715,MTDPLHAHLTERLRRAVARAAREGDPLFGTVEVTIEELAELLERQVPPRDEDAAPR,56,hypothetical protein, ,Derived by automated computational analysis using gene prediction method: Protein Homology.,OG0000136,Shell,,,,Probably not conserved
GCF_017068375.1,JWS14_RS00780,MDLDAAAVAALNRYYGRPYLGDAAYVGAHFDSWSSTGDRAGEADRFTADDLVAAGVPVGAGPTGG,65,duf6308 family protein, ,Derived by automated computational analysis using gene prediction method: Protein Homology.,OG0000240,Shell,,,,Probably not conserved
GCF_017068375.1,JWS14_RS00820,MARNTESMGASVLNTLRVGVVGTVLYAGLIMGVVVVAVWKFPMPGV,46,hypothetical protein, ,Derived by automated computational analysis using gene prediction method: Protein Homology.,OG0000126,Shell,,,,Probably not conserved
GCF_017068375.1,JWS14_RS00970,MATPLDVRTAGLTKSYGSVPALDEPTGRLDPLRRRFSITAPPATISALIVVVGCNRWDMVR,61,hypothetical protein, ,Derived by automated computational analysis using gene prediction method: GeneMarkS-2+.,OG0001487,,,,,Probably not conserved
GCF_017068375.1,JWS14_RS01045,MSAFLGPRACRTLRVAQTVVDGEAIYDARVVRKAEDAIRQEDAVADHCHIRCVGFPDHRREDVDRTVL,68,hypothetical protein, ,Derived by automated computational analysis using gene prediction method: GeneMarkS-2+.,OG0001488,,,,,Probably not conserved
GCF_017068375.1,JWS14_RS01100,MKPAPRERRLPAARRIPQSNAGGRQQCVPVPEPDVVRWPDPSPLANWWVRVMFDADYDQRAS,62,hypothetical protein, ,Derived by automated computational analysis using gene prediction method: GeneMarkS-2+.,OG0000191,Shell,,,,Probably not conserved
GCF_017068375.1,JWS14_RS01200,MQTGTVRWFNAEQGFGFLAPADGSDDVFVHVSEIAGDGHRILVDGQRVSFTVCRTDTGNQARDVRIA,67,cold shock domain-containing protein, ,Derived by automated computational analysis using gene prediction method: Protein Homology.,OG0000157,Shell,group_2444,Cloud,,Cloud
GCF_017068375.1,JWS14_RS01220,MSESTHDEKDDPKGGRPGPADHGKDGGMATRENAPELTEDSAVAEND,47,hypothetical protein, ,Derived by automated computational analysis using gene prediction method: GeneMarkS-2+.,OG0000018,Core,group_2443,Cloud,Shell,Cloud
GCF_017068375.1,JWS14_RS01250,MNTFTPTSARNRGFAPSRGSMSTAEIKNRIEAMFREDDERESIAVRAE,48,hypothetical protein, ,Derived by automated computational analysis using gene prediction method: GeneMarkS-2+.,OG0000190,Shell,group_2430,Cloud,Shell,Shell
GCF_017068375.1,JWS14_RS01455,MYGSTGWELLMLPASLMVGLIVVAAGLLMAAASRRKDARSEPGEQQVA,48,hypothetical protein, ,Derived by automated computational analysis using gene prediction method: GeneMarkS-2+.,OG0001489,,group_1441,Cloud,,Probably not conserved
GCF_017068375.1,JWS14_RS01480,MHSDTRIREALHGHTKVTRRFALADVALTTFVCLACATGIGIITGSVLAAATGGLIVVLATALMVAAV,68,hypothetical protein, ,Derived by automated computational analysis using gene prediction method: Protein Homology.,OG0000158,Shell,group_2398,Cloud,Shell,Shell
GCF_017068375.1,JWS14_RS01570,MESGTDATKTCSSCHGPIGYEIKDAHAGFASLPPGKRYRVFHCMNRCSRSAPDGLECGHRHEYL,64,hypothetical protein, ,Derived by automated computational analysis using gene prediction method: Protein Homology.,OG0000203,Shell,group_2135,Cloud,Shell,Shell
GCF_017068375.1,JWS14_RS01605,MITHGALIRAVLGDLSDTVVPRIVNGAVCEIEWAGGWRVVSVNRTVSHGVADPA,54,hypothetical protein, ,Derived by automated computational analysis using gene prediction method: GeneMarkS-2+.,OG0001490,,group_1084,Cloud,,Probably not conserved
GCF_017068375.1,JWS14_RS01685,MYGRTREDDDTVDGARRRSPGSTAAEAATPAQAAGKLDISVGRIAARPSPADRDGGPADAYGCRHRIRD,69,hypothetical protein, ,Derived by automated computational analysis using gene prediction method: GeneMarkS-2+.,OG0001491,,group_25,Cloud,,Probably not conserved
GCF_017068375.1,JWS14_RS01735,MSEMVPADDTRRIALVDLLDRVLGGGVVITGEITLSLADVDMVRISLRTLIASVSALVPDPAEQDSTDG,69,gas vesicle protein, ,Derived by automated computational analysis using gene prediction method: Protein Homology.,OG0000145,Shell,group_2283,Cloud,Shell,Shell
GCF_017068375.1,JWS14_RS01745,MNMGKKIRHKVETAEGAAKKAVGKATGNAHLEAEGSKEQARGNAKQMGDKVKDAGKKIKNALKH,64,csbd family protein, ,Derived by automated computational analysis using gene prediction method: Protein Homology.,OG0000073,Shell,group_2161,Cloud,Shell,Shell
GCF_017068375.1,JWS14_RS01965,MIKQVVTTVNMTPVAEAVAIPFVAQFLDEKRNFVPTPPCPHRPRQCSTSLSG,52,hypothetical protein, ,Derived by automated computational analysis using gene prediction method: GeneMarkS-2+.,OG0001492,,group_1194,Cloud,,Probably not conserved
GCF_017068375.1,JWS14_RS02205,MSTNTYPTIETIRIGQYGHECRYCGHAVAKDGPGYRHTTTGQFRCDPTSRALQEARLSDSLVRS,64,hypothetical protein, ,Derived by automated computational analysis using gene prediction method: Protein Homology.,OG0000148,Shell,group_2235,Cloud,Cloud,Cloud
GCF_017068375.1,JWS14_RS02245,MPRRRLPWLVAAVAVLGTPLGPAGPCGPVADPFDTVVIDEHVTEMMLPATKCRHHSTAT,59,hypothetical protein, ,Derived by automated computational analysis using gene prediction method: GeneMarkS-2+.,OG0001493,,group_757,Cloud,,Probably not conserved
GCF_017068375.1,JWS14_RS02320,MRLSTRNQLTGTITEVTLGSVMATVKVRLDGGEQIVTASITKEAVEELGLQAGVAATVLVKSTEVMLGVE,70,tobe domain-containing protein, ,Derived by automated computational analysis using gene prediction method: Protein Homology.,OG0000064,Soft core,,,,Probably not conserved
GCF_017068375.1,JWS14_RS02420,MAAPMGDDRDGDQDAQDHEEEQQTREDPQRELPEPTNTDPSPDSIVRLYGATG,53,hypothetical protein, ,Derived by automated computational analysis using gene prediction method: GeneMarkS-2+.,OG0001494,,group_1139,Cloud,,Probably not conserved
GCF_017068375.1,JWS14_RS02500,MARISKKSGADLLDALRVSVVGTVVCAGLVMGVIVVAMWNFPVPGV,46,hypothetical protein, ,Derived by automated computational analysis using gene prediction method: Protein Homology.,OG0000126,Shell,group_2515,Shell,Cloud,Shell
GCF_017068375.1,JWS14_RS02685,MEIHIDEDKCVGGGQCVLAAPDVFDQRDEDGVAVLLVDNAPAELHDQIREAARLCPAVAIELGERAET,68,ferredoxin, ,Derived by automated computational analysis using gene prediction method: Protein Homology.,OG0000005,Conserved,group_81,Cloud,,Cloud
GCF_017068375.1,JWS14_RS51125,MAVAALIVIGALLIWVFGSITEEPDDRETIKSGSADPSAWLTGY,44,hypothetical protein, ,Derived by automated computational analysis using gene prediction method: GeneMarkS-2+.,OG0001495,,group_1674,Cloud,,Probably not conserved
GCF_017068375.1,JWS14_RS02760,MEGDTEAVEKLMTAGRHQFRYIAKRLLDDHAEKAERAAQPYLDKGYTILAEEP,53,hypothetical protein, ,Derived by automated computational analysis using gene prediction method: GeneMarkS-2+.,OG0000857,Cloud,group_1140,Cloud,,Cloud
GCF_017068375.1,JWS14_RS02765,MRRPPHLRVLVKIAGSCPGERVDLAGARSCLLVDTGRYPNSISEKRVDNARAAVLYLGGVVRSLPR,66,hypothetical protein, ,Derived by automated computational analysis using gene prediction method: GeneMarkS-2+.,OG0001496,,group_234,Cloud,,Probably not conserved
GCF_017068375.1,JWS14_RS49905,MVPRRWQPISALRGIVNPLIDRSLERNPHIVDAVLTVADPDEQDVGTDDHDRP,53,hypothetical protein, ,Derived by automated computational analysis using gene prediction method: GeneMarkS-2+.,OG0001497,,group_1141,Cloud,,Probably not conserved
GCF_017068375.1,JWS14_RS02835,MAARSGPDVAQARAIHERIAGDLDGPTRDGLLNRSARLPRFGLRPAGDVQGFGRGRGLWPTRLT,64,hypothetical protein, ,Derived by automated computational analysis using gene prediction method: GeneMarkS-2+.,OG0001498,,group_376,Cloud,,Probably not conserved
GCF_017068375.1,JWS14_RS49910,MISDPNRVTVVGAGILGGQIARHSAFKGKDLSAHGMYADVNRADVAATDENIAKTRKR,58,hypothetical protein, ,Derived by automated computational analysis using gene prediction method: GeneMarkS-2+.,OG0000548,Cloud,group_2401,Cloud,,Cloud
GCF_017068375.1,JWS14_RS02920,MADAFDNVLAATTAGSYKAEGIADDSPFRIEPLRTISDVEEATTA,45,hypothetical protein, ,Derived by automated computational analysis using gene prediction method: GeneMarkS-2+.,OG0000858,Cloud,group_2189,Cloud,,Cloud
GCF_017068375.1,JWS14_RS02925,MFTPRIRRFARSSMLLSVIGLSVLGGVGAANAASADAPRHTDDVYICWYDDGYSTTYWIC,60,hypothetical protein, ,Derived by automated computational analysis using gene prediction method: GeneMarkS-2+.,OG0000553,Cloud,group_683,Cloud,,Cloud
GCF_017068375.1,JWS14_RS03000,MNSAEEARQVSQVTTRLLTKFPTASPEVVETAVEEAVAHFKGGRIRDFVPLLIERTATAKLATLIER,67,hypothetical protein, ,Derived by automated computational analysis using gene prediction method: Protein Homology.,OG0000062,Soft core,group_162,Cloud,,Cloud
GCF_017068375.1,JWS14_RS03025,MSTTDTTATTFSSTADLTRALIRAAIAHGEHEKRTGAEDPNWPDWYAAYMVAEQAGAELPA,61,glyoxalase, ,Derived by automated computational analysis using gene prediction method: Protein Homology.,OG0000221,Shell,group_622,Cloud,,Cloud
GCF_017068375.1,JWS14_RS03035,MNTAEEVRQLSQVAVRLLNKFPAASREAVGTAVGEAVAQFSGCPIRDFVPLLVERAATVKLGSLLAA,67,hypothetical protein, ,Derived by automated computational analysis using gene prediction method: Protein Homology.,OG0000062,Soft core,group_163,Cloud,,Cloud
GCF_017068375.1,JWS14_RS49930,MINTAPAVRNPVVVTAIRIITGAVRAPIPNTSAAPDTAPNARQSTPADTVTSPATLTRPIR,61,hypothetical protein, ,Derived by automated computational analysis using gene prediction method: GeneMarkS-2+.,OG0000771,Cloud,group_623,Cloud,,Cloud
GCF_017068375.1,JWS14_RS03060,MTDIPVEYPARFNTTEWIKAHLERMGQADPATGETRHEPDPRTHQPD,47,hypothetical protein, ,Derived by automated computational analysis using gene prediction method: GeneMarkS-2+.,OG0000201,Shell,group_1502,Cloud,,Cloud
GCF_017068375.1,JWS14_RS03080,MLDAEALTEVVLQVKIVASLQRMQVLHRLQLVQGEVRGHRFPAAGAPVAQDGGAGSM,57,hypothetical protein, ,Derived by automated computational analysis using gene prediction method: GeneMarkS-2+.,OG0001499,,group_884,Cloud,,Probably not conserved
GCF_017068375.1,JWS14_RS03100,MRLSTRNQLAGTITEVTIGSVMATVKVRLDGGDQIVTASLTKEAVEELGLQAGVAATVLVKSTEVMLGVE,70,tobe domain-containing protein, ,Derived by automated computational analysis using gene prediction method: Protein Homology.,OG0000064,Soft core,,,,Probably not conserved
GCF_017068375.1,JWS14_RS49940,MAVAKAKGRLRGKKPKLSPHQEPHLVELHRAGRHTTTELAELFNVARSTVYRAIRRAGVEPSATD,65,helix-turn-helix domain-containing protein, ,Derived by automated computational analysis using gene prediction method: Protein Homology.,OG0001500,,group_301,Cloud,,Probably not conserved
GCF_017068375.1,JWS14_RS03385,MATVSITPATPTVSRTPRHGGSMSTAEIKSRIEAMFADDRSPARRAGTAVSP,52,hypothetical protein, ,Derived by automated computational analysis using gene prediction method: Protein Homology.,OG0000002,Conserved,group_2516,Shell,Cloud,Cloud
GCF_017068375.1,JWS14_RS03425,MTVHILVRSSGKRGWMLRCDLCEHRFDAAVAGRREAVAFARTNGWIVGEATWCPMCAATHTIRRTA,66,hypothetical protein, ,Derived by automated computational analysis using gene prediction method: GeneMarkS-2+.,OG0000154,Shell,group_2347,Cloud,Cloud,Cloud
GCF_017068375.1,JWS14_RS04020,MNRTDLPQTLRRSSKEVQAAFATAHETAVRRYGEGEEAQRAAYGELKQSFELVTDHWVPKQD,62,chab family protein, ,Derived by automated computational analysis using gene prediction method: Protein Homology.,OG0000159,Shell,group_503,Cloud,Cloud,Cloud
GCF_017068375.1,JWS14_RS04030,MNDDQRRALEHVRDTCAMLHCFLTTHPSDRPPERVRTATFEQLTDDLLDAVTSAQNAGVPEQRIFDSM,68,hypothetical protein, ,Derived by automated computational analysis using gene prediction method: Protein Homology.,OG0000135,Shell,group_2182,Cloud,Cloud,Cloud
GCF_017068375.1,JWS14_RS51135,MALDELTAIATTPPLTVTAPLIPAVPLMPSCGAVTDGNGQS,41,hypothetical protein, ,Derived by automated computational analysis using gene prediction method: GeneMarkS-2+.,OG0001501,,group_1848,Cloud,,Probably not conserved
GCF_017068375.1,JWS14_RS04140,MAPIVENPGTNLLNTLRVSVVGTVLYAGLIMGVVVVAVWKFPMPGV,46,hypothetical protein, ,Derived by automated computational analysis using gene prediction method: Protein Homology.,OG0000126,Shell,group_2344,Cloud,Cloud,Cloud
GCF_017068375.1,JWS14_RS04435,MAQEQTKRTGGGDEDDTPGGDGAAGQERREKLAEDTDDLLDEIDDVLEENAEDFVRAYVQKGGQ,64,ubiquitin-like protein pup, ,Derived by automated computational analysis using gene prediction method: Protein Homology.,OG0000037,Conserved,group_343,Shell,Shell,Shell
GCF_017068375.1,JWS14_RS04550,MSSSDTAGETEFPASMGKVSRRELASHGYTRFDQLTTVTAKELLKIHGVGPKAIRILEEELAERGLGFAG,70,hypothetical protein, ,Derived by automated computational analysis using gene prediction method: Protein Homology.,OG0000050,Conserved,,,Shell,Shell
GCF_017068375.1,JWS14_RS04945,MVIDPTLLGILACPQDKGPLLLVGDELLYNPRLRRAYPIENGIPVLLIDEARDVDAAEHETLLARAAGEA,70,trm112 family protein, ,Derived by automated computational analysis using gene prediction method: Protein Homology.,OG0000038,Conserved,,,Soft core,Soft core
GCF_017068375.1,JWS14_RS05020,MPKSKTHSGTAKRFKVSGSGKILRQKAGRRHLLEHKATKVTRRLDGVAVVSKADTPRIKRLLDI,64,50s ribosomal protein l35, ,Derived by automated computational analysis using gene prediction method: Protein Homology.,OG0000039,Conserved,rpmI,Shell,Soft core,Shell
GCF_017068375.1,JWS14_RS05305,MPLIQISQTPGLTAEQKRATIEAVTKAYADATGKNAATVWVTITEVPRDSWGVGGTPLG,59,2-hydroxymuconate tautomerase family protein, ,Derived by automated computational analysis using gene prediction method: Protein Homology.,OG0000160,Shell,group_2162,Shell,Shell,Shell
GCF_017068375.1,JWS14_RS05345,MSVVLVYVLFIAAGIAAGGAYSMWKFNKLASGVLLALAVLAAVAGVLRLL,50,hypothetical protein, ,Derived by automated computational analysis using gene prediction method: Protein Homology.,OG0000040,Conserved,group_1297,Shell,Core,Shell
GCF_017068375.1,JWS14_RS05515,MHVAVGDRLHVQGRVVGVHETTAEVVEVHGENGEPPYLVRYDDGHEALVFPGSDAWVEHPKS,62,duf1918 domain-containing protein, ,Derived by automated computational analysis using gene prediction method: Protein Homology.,OG0000041,Conserved,group_504,Shell,Soft core,Shell
GCF_017068375.1,JWS14_RS05520,MATYRYLDKDRNVLEEQDFGTVQDAEEHRLSVLGAEIIEEVEDSGTPES,49,hypothetical protein, ,Derived by automated computational analysis using gene prediction method: Protein Homology.,OG0000054,Core,group_2183,Shell,Soft core,Shell
GCF_017068375.1,JWS14_RS06080,MTDEDHLWYYNVEDGTVTQGKAASSMTRMGPYPDRASAEKALQIAAERNKAADRADEEWNN,61,hypothetical protein, ,Derived by automated computational analysis using gene prediction method: Protein Homology.,OG0000042,Conserved,group_2293,Shell,Soft core,Shell
GCF_017068375.1,JWS14_RS06170,MSSDVTKLGDDELLALLAEQRALLGESIANDYGCGTVRTVTSRIAELEAELDRRGSTASRHGT,63,hypothetical protein, ,Derived by automated computational analysis using gene prediction method: Protein Homology.,OG0000192,Shell,group_2325,Shell,Shell,Shell
GCF_017068375.1,JWS14_RS06175,MSRYKVTLRNGTSSDRTFESDFQAVNETHRPTEPGAGIVKIDRYEDGGGVAGVWAAPATSRPSR,64,hypothetical protein, ,Derived by automated computational analysis using gene prediction method: Protein Homology.,OG0000113,Soft core,group_2295,Shell,Shell,Shell
GCF_017068375.1,JWS14_RS06390,MTGAGILAVVLVAIAAALVVYLLVALIDPERF,32,k(+)-transporting atpase subunit f, ,Derived by automated computational analysis using gene prediction method: Protein Homology.,OG0000055,Core,group_2327,Shell,Soft core,Shell
GCF_017068375.1,JWS14_RS06445,MRVDGAAHDSGGGHDVVSLAGLIGGLALGIGALVVALVLPGRTVTPESGDRSSELAVTGQ,60,hypothetical protein, ,Derived by automated computational analysis using gene prediction method: GeneMarkS-2+.,OG0001502,,group_684,Cloud,,Probably not conserved
GCF_017068375.1,JWS14_RS06590,MDRMASWWDGFELWIAGLPFVPQVALVLLVMVPVCRGLAWLLDRGLAAVFVLLRRDVSKVEEP,63,hypothetical protein, ,Derived by automated computational analysis using gene prediction method: Protein Homology.,OG0000056,Core,group_427,Shell,Shell,Shell
GCF_017068375.1,JWS14_RS06675,MSESERTDLDVDDELDAGQVWRAQRVVAAQSLDAEDCRMLLSMLGIAGNPDSPESD,56,hypothetical protein, ,Derived by automated computational analysis using gene prediction method: Protein Homology.,OG0000161,Shell,group_2171,Shell,Shell,Shell
GCF_017068375.1,JWS14_RS49980,MNDHHVQLFSELHSTAGSQAGGEDAGEALRPVDPEHRTATEVHRALFSDQ,50,hypothetical protein, ,Derived by automated computational analysis using gene prediction method: GeneMarkS-2+.,OG0000162,Shell,group_2285,Shell,Shell,Shell
GCF_017068375.1,JWS14_RS51140,MRALPTASAARLQPSRTGAASFPAGRQGERGIMPAAKTQRSA,42,hypothetical protein, ,Derived by automated computational analysis using gene prediction method: GeneMarkS-2+.,OG0000208,Shell,group_2409,Shell,Shell,Shell
GCF_017068375.1,JWS14_RS49985,MESTLSCTACPHSPDSHDALGIRFCAVTSDRNLDRKCICAGEQATGQHYSRY,52,rgcvc family protein, ,Derived by automated computational analysis using gene prediction method: Protein Homology.,OG0000210,Shell,group_1195,Cloud,,Cloud
GCF_017068375.1,JWS14_RS07225,MSPTMISTTARIAVAGFAALAISLTGAAGMASAKPICETGCSQPLPNKNPRPDVKQMCWVEWGQTQCQVS,70,hypothetical protein, ,Derived by automated computational analysis using gene prediction method: Protein Homology.,OG0000616,Cloud,,,Cloud,Cloud
GCF_017068375.1,JWS14_RS07230,MVGKFERRKDTVQELTESAATHVGKIATIIAGAVRDVTREIGDWVSDGIEMREAAKKAREDEGEGETVD,69,hypothetical protein, ,Derived by automated computational analysis using gene prediction method: Protein Homology.,OG0000149,Shell,group_2446,Shell,Shell,Shell
GCF_017068375.1,JWS14_RS08145,MTFPGDEAVPITEPDGDVGGDPVCWLDRVCPDCGLFLTDRTASTCPRCGAARDR,54,hypothetical protein, ,Derived by automated computational analysis using gene prediction method: Protein Homology.,OG0000163,Shell,group_2435,Shell,Shell,Shell
GCF_017068375.1,JWS14_RS51145,MADKSPRNSMSKKSGKSLKEKRADKKMKTNGQSDPEIVTHVKKR,44,hypothetical protein, ,Derived by automated computational analysis using gene prediction method: Protein Homology.,OG0000004,Core,group_2437,Shell,Shell,Shell
GCF_017068375.1,JWS14_RS08370,MTDERPAKNQTRPDKATRSTPKEETADVSKTDLAAVVDALTATNEKNFDF,50,hypothetical protein, ,Derived by automated computational analysis using gene prediction method: Protein Homology.,OG0000164,Shell,group_2447,Shell,Shell,Shell
GCF_017068375.1,JWS14_RS08570,MTNDAYGSPSLARLARVPTLVVAAGRHRESASVIESVNTVVNEGGFQ,47,hypothetical protein, ,Derived by automated computational analysis using gene prediction method: GeneMarkS-2+.,OG0001503,,group_1503,Cloud,,Probably not conserved
GCF_017068375.1,JWS14_RS08625,MPTHHPSRTYRGCALCSPRKRRGIGVAARETIPTLRKLGKSRRLNRRDLGDHADDLWERNER,62,hypothetical protein, ,Derived by automated computational analysis using gene prediction method: Protein Homology.,OG0000418,Cloud,group_2454,Cloud,Cloud,Cloud
GCF_017068375.1,JWS14_RS08755,MIRVSVDNTKCIAAGLCVGREPGIFDQNDDDGLVFVLRENVLPSEQEGVIESERICPSGAIVVHTD,66,ferredoxin, ,Derived by automated computational analysis using gene prediction method: Protein Homology.,OG0000352,Cloud,group_2432,Cloud,Cloud,Cloud
GCF_017068375.1,JWS14_RS08990,MSHDPPPALRPSEEMMVMPRAAAVPNLGMHFADDLEHASALLLRDHVYPDRRSGPG,56,hypothetical protein, ,Derived by automated computational analysis using gene prediction method: Protein Homology.,OG0000617,Cloud,group_2402,Cloud,Cloud,Cloud
GCF_017068375.1,JWS14_RS50000,MVTRVLTPPLREVYAVLLRAGVIEIVD,27,rv1535 domain-containing protein, ,Derived by automated computational analysis using gene prediction method: Protein Homology.,OG0000231,Shell,group_1952,Cloud,,Cloud
GCF_017068375.1,JWS14_RS09765,MGSGPVKAIMWSLLVVGLVGAGVGISELHVPWTVASLIVASVSGLVLLRIRADAHPELHSERRMAAG,67,hypothetical protein, ,Derived by automated computational analysis using gene prediction method: Protein Homology.,OG0000165,Shell,group_2193,Shell,Shell,Shell
GCF_017068375.1,JWS14_RS09820,MNSTITGLIVGLLLAIAGILGGFSGFVFAVLLGALGMAVGAHRDGHLDLGAILRSRGRG,59,hypothetical protein, ,Derived by automated computational analysis using gene prediction method: Protein Homology.,OG0000026,Conserved,group_2303,Conserved,Shell,Shell
GCF_017068375.1,JWS14_RS10020,MSEKKIDRVKAESALEVVRESPTIALITVAPALVVFGVVWWLFGFWSALVLVLILGVVAVVGRKLF,66,hypothetical protein, ,Derived by automated computational analysis using gene prediction method: Protein Homology.,OG0000025,Conserved,group_2209,Conserved,Soft core,Soft core
GCF_017068375.1,JWS14_RS10150,MASSTDVRPKITLACEVCKHRNYITKKNRRNDPDRLEIKKFCPNCGTHQSHRESK,55,50s ribosomal protein l33, ,Derived by automated computational analysis using gene prediction method: Protein Homology.,OG0000024,Conserved,rpmG,Conserved,Conserved,Conserved
GCF_017068375.1,JWS14_RS10305,MGALSPSHWAIIAVVLVVLFGSKKLPDAARGLGRSMRILKTEVGELQADAPELEK,55,sec-independent protein translocase subunit tata, ,Derived by automated computational analysis using gene prediction method: Protein Homology.,OG0000019,Conserved,group_2146,Shell,Shell,Shell
GCF_017068375.1,JWS14_RS10380,MIYLLALIGLVTVAVLMWKAFGPNTRPVLSTRVQGPDDDPDFLWKVDRETRRKKSDEPDAGPADPAG,67,hypothetical protein, ,Derived by automated computational analysis using gene prediction method: Protein Homology.,OG0000023,Conserved,group_2246,Shell,Conserved,Shell
GCF_017068375.1,JWS14_RS10515,MGSVIKKRRKRMSKKKHRKLLRRTRVQRRKLGK,33,aurkaip1/cox24 domain-containing protein, ,Derived by automated computational analysis using gene prediction method: Protein Homology.,OG0000022,Conserved,group_1939,Conserved,Conserved,Conserved
GCF_017068375.1,JWS14_RS11045,MIVLGLILLLIGWLAGINWLWTIGIILVVIGAVLWILGATGRAVGGRRRWY,51,duf6131 family protein, ,Derived by automated computational analysis using gene prediction method: Protein Homology.,OG0000000,Conserved,group_2247,Shell,Shell,Shell
GCF_017068375.1,JWS14_RS11215,MTFDSNTPRQFTRSDSQKMLAGVCGGIAEYFSVDVNLVRLLTVVATLVTGGTAALVYLAAWMLMPAGH,68,pspc domain-containing protein, ,Derived by automated computational analysis using gene prediction method: Protein Homology.,OG0000021,Conserved,group_2380,Conserved,Shell,Shell
GCF_017068375.1,JWS14_RS11840,MDSHNLCVRATPPSWSFSDDGDYDRPTLRDETVGHGTSLSVGSDGEVDEGGE,52,hypothetical protein, ,Derived by automated computational analysis using gene prediction method: GeneMarkS-2+.,OG0001504,,group_1196,Cloud,,Probably not conserved
GCF_017068375.1,JWS14_RS12110,MATIEEFEQTVTDKVIAGLHDRFADYERRGVGLTELGDPDRFVERILAAVPAPHPWYEQFGTAWSSAPA,69,hypothetical protein, ,Derived by automated computational analysis using gene prediction method: Protein Homology.,OG0000166,Shell,group_2132,Shell,Shell,Shell
GCF_017068375.1,JWS14_RS12640,MNPVHDPDVVYLADHSVLLAIPAFVPAFLVAGLVIYLAVRDRKAEAAENAENAKHAPSENEEEN,64,hypothetical protein, ,Derived by automated computational analysis using gene prediction method: Protein Homology.,OG0000167,Shell,group_2396,Shell,Shell,Shell
GCF_017068375.1,JWS14_RS13295,MAAYRCPVCDYVYDEASGAPREGFPAGTPWADVPDDWCCPDCGVREKIDFETKVA,55,rubredoxin, ,Derived by automated computational analysis using gene prediction method: Protein Homology.,OG0000053,Core,group_2321,Shell,Shell,Shell
GCF_017068375.1,JWS14_RS13300,MSTDFKLFRCAQCGFEYDEAEGWPEDGIEPGTRWDDIPDDWSCPDCGAAKADFDMVEVSRA,61,rubredoxin, ,Derived by automated computational analysis using gene prediction method: Protein Homology.,OG0000007,Conserved,group_2335,Shell,Shell,Shell
GCF_017068375.1,JWS14_RS51155,MNLNVALLLLVLAGGIGGTAVIQAALRRSADRGRHAVFHVDG,42,hypothetical protein, ,Derived by automated computational analysis using gene prediction method: Protein Homology.,OG0000127,Shell,group_2474,Cloud,Cloud,Cloud
GCF_017068375.1,JWS14_RS51160,MADKSAVKSSKQSARALKERRAEKREKALESTQLIRKRKS,40,hypothetical protein, ,Derived by automated computational analysis using gene prediction method: Protein Homology.,OG0000004,Core,"group_2478, group_2017",Cloud,Cloud,Cloud
GCF_017068375.1,JWS14_RS14585,MTPRVRPCDTTHGRTHFHTRERKTPVTNEELAMLDFAIKWAPFGGGSTNCAP,52,hypothetical protein, ,Derived by automated computational analysis using gene prediction method: GeneMarkS-2+.,OG0000196,Shell,group_1197,Cloud,,Cloud
GCF_017068375.1,JWS14_RS15155,MSVDEERRQVELVVDRLAVEHAGVPRHTVEQIVHDVHAAFDVGVVRDFVPLLVERSAKRKIAALTSF,67,hypothetical protein, ,Derived by automated computational analysis using gene prediction method: Protein Homology.,OG0000062,Soft core,group_2226,Cloud,,Cloud
GCF_017068375.1,JWS14_RS15475,MESTAQPSPLECPDCHALTADLEAHKHWHSRLVHDIATAVDKDISRRAHTT,51,hypothetical protein, ,Derived by automated computational analysis using gene prediction method: Protein Homology.,OG0000227,Shell,group_1261,Cloud,,Cloud
GCF_017068375.1,JWS14_RS51165,MHRLLGAQGITVARTLVGTYVTSLDMHGFSVTLTPVDADLLKLWDAPVRTPALNW,55,dihydroxyacetone kinase subunit dhak, ,Derived by automated computational analysis using gene prediction method: Protein Homology.,OG0001505,,group_1029,Cloud,,Probably not conserved
GCF_017068375.1,JWS14_RS16560,MLDRLYAAVLAVAGLGYGGYILLDELTGASDTPGEDDHLLHEVPSGAGVHAVTSP,55,hypothetical protein, ,Derived by automated computational analysis using gene prediction method: Protein Homology.,OG0000168,Shell,group_2465,Cloud,,Cloud
GCF_017068375.1,JWS14_RS16765,MRRLSVQHGPRTDEYSTGFTAHVLDGGILRILAPDKQIAASYPPASWTILACLPEVR,57,hypothetical protein, ,Derived by automated computational analysis using gene prediction method: GeneMarkS-2+.,OG0001506,,group_885,Cloud,,Probably not conserved
GCF_017068375.1,JWS14_RS17160,MKTGSICAVCGEWLPTAVCRERDCGWIVAIGEDTIIAAVEHYQQTRHPVRVYTE,54,hypothetical protein, ,Derived by automated computational analysis using gene prediction method: GeneMarkS-2+.,OG0000113,Soft core,group_1085,Cloud,,Cloud
GCF_017068375.1,JWS14_RS17210,MTQRHPNALRYYSTRKDAMTDGPAEYTPPGSARTHTTEWIKAHLERMDRPDPQAAPITGGTTTEPT,66,hypothetical protein, ,Derived by automated computational analysis using gene prediction method: GeneMarkS-2+.,OG0000201,Shell,group_235,Cloud,,Cloud
GCF_017068375.1,JWS14_RS17215,MLMHDQSRLLDVNQMFATLLGYDLPEIAGLHVHQVIHLNDTAIGSPRPFDAHENAPIP,58,pas domain-containing protein, ,Derived by automated computational analysis using gene prediction method: Protein Homology.,OG0000618,Cloud,group_832,Cloud,,Cloud
GCF_017068375.1,JWS14_RS17220,MAQPEILVSIALVIAACFVFFVTACLVTAILIVILTGSTAGLRDFAKVIVALGRVIRFWFRFGN,64,hypothetical protein, ,Derived by automated computational analysis using gene prediction method: Protein Homology.,OG0000318,Cloud,group_2590,Cloud,,Cloud
GCF_017068375.1,JWS14_RS50080,MDVKQLTALVAVADAGSVTRAAELLHLVQPAVTRQIHTLEQELGVSVSSAAVPEWN,56,lysr family transcriptional regulator, ,Derived by automated computational analysis using gene prediction method: Protein Homology.,OG0000859,Cloud,group_949,Cloud,,Cloud
GCF_017068375.1,JWS14_RS17500,MIPSQNSPITTRQQFAKVLEYIDLAEQDGTRAVLGGSARAFRMTEAIQSGTVWVNTGAPSGTPFVMR,67,hypothetical protein, ,Derived by automated computational analysis using gene prediction method: GeneMarkS-2+.,OG0000860,Cloud,group_2497,Cloud,,Cloud
GCF_017068375.1,JWS14_RS17555,MFEQFDEFADGEFNGAEKGITVLGGAGDGLSDAVGELFDQWVGHD,45,hypothetical protein, ,Derived by automated computational analysis using gene prediction method: GeneMarkS-2+.,OG0000704,Cloud,group_1623,Cloud,,Cloud
GCF_017068375.1,JWS14_RS18165,MHPVAKRQRLEVLIGILGFFTVMAFVAAVVEVFRGDPGVTPALVLLGCLVLSGLAITARKRVR,63,hypothetical protein, ,Derived by automated computational analysis using gene prediction method: Protein Homology.,OG0000051,Conserved,group_2423,Shell,Cloud,Cloud
GCF_017068375.1,JWS14_RS18215,MGRRTLMLLGGAGFAAASVVAAFSTSPEMLIAARALLGIAGATLAPSTLGLISTMFRDAR,60,mfs transporter, ,Derived by automated computational analysis using gene prediction method: Protein Homology.,OG0001507,,group_685,Cloud,,Probably not conserved
GCF_017068375.1,JWS14_RS50115,MWRTSHPFDEGVAVRVICWFPLGTDVVVVALFAGDKAQMGDVFYNSVGSRADAAIEQWLFETRGEDHD,68,hypothetical protein, ,Derived by automated computational analysis using gene prediction method: GeneMarkS-2+.,OG0001508,,group_82,Cloud,,Probably not conserved
GCF_017068375.1,JWS14_RS18560,MSTSSVTVTGMTCDHCVSSVTEEISELPGVTAVNVDLATGTVVIESTTDLDPGALADAVAEAGYSVAG,68,heavy metal-associated domain-containing protein, ,Derived by automated computational analysis using gene prediction method: Protein Homology.,OG0000006,Conserved,group_2406,Shell,Cloud,Cloud
GCF_017068375.1,JWS14_RS18585,MSNPNEFETPATDRTDMTPQAAAPTCCSTERQTTCCDRSEKSTCCGPAATAGGGCGCQ,58,hypothetical protein, ,Derived by automated computational analysis using gene prediction method: GeneMarkS-2+.,OG0000243,Shell,group_2376,Cloud,Cloud,Cloud
GCF_017068375.1,JWS14_RS19630,MIDTCHGTLIVHTLYGAECTDESCVELSEVRHALIIDCDEFGDCGCSAEFAEQLRHAS,58,hypothetical protein, ,Derived by automated computational analysis using gene prediction method: Protein Homology.,OG0000169,Shell,group_2231,Shell,Shell,Shell
GCF_017068375.1,JWS14_RS19800,MAKGKRTFQPNNRRRARVHGFRLRMRTRAGRAIVSARRRKGRESLTA,47,50s ribosomal protein l34, ,Derived by automated computational analysis using gene prediction method: Protein Homology.,OG0000052,Conserved,rpmH,Conserved,Shell,Shell
GCF_017068375.1,JWS14_RS21395,MSDRDASIFESERELDEDSVRNAQRTVAHHSIDADDCRMLLAALGIPLVRETDKQTLSGTAGAEAL,66,hypothetical protein, ,Derived by automated computational analysis using gene prediction method: Protein Homology.,OG0000170,Shell,group_2353,Shell,Shell,Shell
GCF_017068375.1,JWS14_RS21820,MIGATPPDTYGLSGGVDVYVEASPPYPRDLARRRGPEKAGSHDTAT,46,hypothetical protein, ,Derived by automated computational analysis using gene prediction method: GeneMarkS-2+.,OG0001509,,group_1572,Cloud,,Probably not conserved
GCF_017068375.1,JWS14_RS21835,MSLYLQPRQSGAAPTPYERKLAGAIEEVFGTGVHHLEGLVKGLNALGIHSPGGDAWTTDTFTDEIRRMGA,70,recombinase-like helix-turn-helix domain-containing protein, ,Derived by automated computational analysis using gene prediction method: Protein Homology.,OG0000171,Shell,,,Shell,Shell
GCF_017068375.1,JWS14_RS22120,MFVCICKAVTEDEVHEHCAAGADSADAIGERCGAGWGCGTCVDRLKEILGERTVVGSTAA,60,(2fe-2s)-binding protein, ,Derived by automated computational analysis using gene prediction method: Protein Homology.,OG0000150,Shell,group_2172,Shell,Shell,Shell
GCF_017068375.1,JWS14_RS22680,MGIADKASNKAEDLKGQAKEATGKATGDPDLRDEGKADQASSAVKDAGEKVKDAAKNLKDKLT,63,csbd family protein, ,Derived by automated computational analysis using gene prediction method: Protein Homology.,OG0000011,Conserved,group_2411,Conserved,Shell,Shell
GCF_017068375.1,JWS14_RS23390,MSELTSWEYATVPLLTHATKQILDQWGTDGWELVTVLPGPTGEQHVAYLKRPKG,54,duf4177 domain-containing protein, ,Derived by automated computational analysis using gene prediction method: Protein Homology.,OG0000012,Conserved,group_2273,Conserved,Shell,Shell
GCF_017068375.1,JWS14_RS23555,MAQGTVKWFNAEKGFGFIAPEDGSADVFVHYSEIQGSGFRTLEENQRVEFEVGQGTKGPQATGVRAV,67,cold-shock protein, ,Derived by automated computational analysis using gene prediction method: Protein Homology.,OG0000013,Conserved,group_128,Conserved,Shell,Shell
GCF_017068375.1,JWS14_RS51170,MAMQVFSLIAILGALIVLIPTALRVFGKSDNVKAPDETEE,40,hypothetical protein, ,Derived by automated computational analysis using gene prediction method: Protein Homology.,OG0000172,Shell,group_2042,Shell,Shell,Shell
GCF_017068375.1,JWS14_RS23585,MSDSLKDRVREKLLRQLAEDGGHPVQEAEGDDPRLVSIDSDLATLEQASEGDLVIEELAAKYWVP,65,hypothetical protein, ,Derived by automated computational analysis using gene prediction method: Protein Homology.,OG0000014,Conserved,group_2342,Conserved,Shell,Shell
GCF_017068375.1,JWS14_RS23950,MVYVSSPSKSVESVGIVLIAVGVVLLSLLTLYLVGFDQGAISRSGMYLHELMHDGRHLLGVPCH,64,cbtb domain-containing protein, ,Derived by automated computational analysis using gene prediction method: Protein Homology.,OG0000173,Shell,group_2252,Shell,Shell,Shell
GCF_017068375.1,JWS14_RS23975,MALAYAPGSSVDTTRLAVISFAIVLFAMLALYLVGFDQGAISRSGMYMHELMHDGRHLLGLPCH,64,cbtb domain-containing protein, ,Derived by automated computational analysis using gene prediction method: Protein Homology.,OG0000008,Conserved,group_2468,Conserved,Shell,Shell
GCF_017068375.1,JWS14_RS24805,MLAAERHRRMAEALRVSRIVSTEEFSRLLGVSPRSSPESAGASALF,46,hypothetical protein, ,Derived by automated computational analysis using gene prediction method: GeneMarkS-2+.,OG0001510,,group_1573,Cloud,,Probably not conserved
GCF_017068375.1,JWS14_RS24860,MTTEVEAFRLAPRPLRERIRVAIDHWLDRDPAALCTESAAARTPFRTRDGRRSLEVGVSALVDH,64,hypothetical protein, ,Derived by automated computational analysis using gene prediction method: GeneMarkS-2+.,OG0000861,Cloud,group_2384,Cloud,Cloud,Cloud
GCF_017068375.1,JWS14_RS25070,MKTKSHPTELARRLAEREEVEVGILELEGLLAKARRRLDEVSAEIDSLQHRAPPR,55,hypothetical protein, ,Derived by automated computational analysis using gene prediction method: GeneMarkS-2+.,OG0000250,Shell,group_1030,Cloud,,Cloud
GCF_017068375.1,JWS14_RS25075,MGLGRSTETRSAHGHIATAVIAPAMVLPAGAATAVPALSVGSRDRHGVFCFGGTPRFFFTGSVTVK,66,hypothetical protein, ,Derived by automated computational analysis using gene prediction method: Protein Homology.,OG0000364,Cloud,group_236,Cloud,,Cloud
GCF_017068375.1,JWS14_RS25115,MVHSIRRCRGRRGRLLRPAPRYRFGRDRIPAAAEEMRHIADRLVDVLWQDAAFD,54,hypothetical protein, ,Derived by automated computational analysis using gene prediction method: GeneMarkS-2+.,OG0001511,,group_1086,Cloud,,Probably not conserved
GCF_017068375.1,JWS14_RS25585,MAQGVVKWFNSEKGFGFIAPDDGSADVFVHYSEISGSGYKSLEENQRVEFEVGQGQKGPQAQNVRAV,67,cold-shock protein, ,Derived by automated computational analysis using gene prediction method: Protein Homology.,OG0000003,Conserved,group_141,Shell,Shell,Shell
GCF_017068375.1,JWS14_RS25995,MEVRVDFDRCEANGVCVGIAPDIFELDDDDQLHITSAVPPADREEDVRTAIAQCPRAALTEHP,63,ferredoxin, ,Derived by automated computational analysis using gene prediction method: Protein Homology.,OG0000005,Conserved,group_2144,Shell,Shell,Shell
GCF_017068375.1,JWS14_RS26065,MAAKTTAENDIADEDLEPLADETARQAQRVVAAYAEDADECRMLLSMLGIGPTSKLD,57,hypothetical protein, ,Derived by automated computational analysis using gene prediction method: Protein Homology.,OG0000015,Conserved,group_859,Shell,Shell,Shell
GCF_017068375.1,JWS14_RS26125,MQVNSCRSAVLDAVDALPALERETLALVFYRGMSCDEVAATMKTTVDVVRDRLHEGSRTLLAGVGGL,67,sigma factor-like helix-turn-helix dna-binding protein, ,Derived by automated computational analysis using gene prediction method: Protein Homology.,OG0000174,Shell,group_2332,Shell,Shell,Shell
GCF_017068375.1,JWS14_RS26175,MPASSAFHASATSTTRGGATMSTEEIKARIEAMFADEAADTSPALVE,47,hypothetical protein, ,Derived by automated computational analysis using gene prediction method: Protein Homology.,OG0000002,Conserved,group_2311,Shell,Shell,Shell
GCF_017068375.1,JWS14_RS26180,MTTHDPQSTPHDGEVLVLGAGSGGAIAGGLIATLALSALTLLSSLPT,47,hypothetical protein, ,Derived by automated computational analysis using gene prediction method: Protein Homology.,OG0000146,Shell,group_2277,Shell,Shell,Shell
GCF_017068375.1,JWS14_RS26635,MHVTADAGRCRGYGSCMLEAPEVFDLDEDENKVILLQESPPESLHTKTDRAIRSCPAKALGTRDE,65,ferredoxin, ,Derived by automated computational analysis using gene prediction method: Protein Homology.,OG0000001,Conserved,group_302,Cloud,Cloud,Cloud
GCF_017068375.1,JWS14_RS26685,MSSRIATTLAAIALTLSLGTLAAPAAVAAPAAPSPTPAVGSIAVCLNLPLGSASISFCI,59,hypothetical protein, ,Derived by automated computational analysis using gene prediction method: Protein Homology.,OG0000175,Shell,group_2150,Shell,Shell,Shell
GCF_017068375.1,JWS14_RS26795,MGRGRAKAKQTKVARELKYSVPTTDFDSLQRELSGGSSNSHRDEVFADQRADREGHSREDDDDWRR,66,duf3073 domain-containing protein, ,Derived by automated computational analysis using gene prediction method: Protein Homology.,OG0000049,Conserved,group_209,Shell,Shell,Shell
GCF_017068375.1,JWS14_RS27085,MTPKDDSGPKTTSTDSGAPGADKDVMSDPAEDDKGSGADWSGEGGATPEGPATDTDTAD,59,hypothetical protein, ,Derived by automated computational analysis using gene prediction method: Protein Homology.,OG0000020,Core,group_2276,Shell,Shell,Shell
GCF_017068375.1,JWS14_RS27395,MANNSKKQYVDPGWPETADGDHAVTELSSTRAGGLSPFGEDTEFPLPAESLPYAHPHTVINR,62,hypothetical protein, ,Derived by automated computational analysis using gene prediction method: Protein Homology.,OG0000048,Conserved,group_2147,Shell,Shell,Shell
GCF_017068375.1,JWS14_RS27440,MHGQLSGHFGSGRGVGRVLRQLGEEPVAVAGAGQIGFGRGVLPQAGGRRAPREERRIPQGGGAERIG,67,hypothetical protein, ,Derived by automated computational analysis using gene prediction method: Protein Homology.,OG0000333,Cloud,group_2242,Cloud,Cloud,Cloud
GCF_017068375.1,JWS14_RS51185,MLGIMLGLGGAAIGLGIGVMALGVGLLLSDATIKHDVGELPD,42,hypothetical protein, ,Derived by automated computational analysis using gene prediction method: GeneMarkS-2+.,OG0000176,Shell,group_1761,Shell,Shell,Shell
GCF_017068375.1,JWS14_RS27750,MSFVDTLKGLLGKGKEAASQNADKVHGAIDKAADVADSKTGGKYSDKIDKAADAAKKAVPPKE,63,antitoxin, ,Derived by automated computational analysis using gene prediction method: Protein Homology.,OG0000010,Conserved,group_2241,Shell,Shell,Shell
GCF_017068375.1,JWS14_RS28155,MKANPDRHDQLPEHQRIADLVDDMEDRLAAEREAKGIAGNASEREQAEQVEPDDQAPE,58,hypothetical protein, ,Derived by automated computational analysis using gene prediction method: Protein Homology.,OG0000177,Shell,group_2271,Shell,Shell,Shell
GCF_017068375.1,JWS14_RS28220,MIVLGLILLVIGLVTGISILTTIGIILLVVGLVLLLLGTTGRAVGGRKYWY,51,duf6131 family protein, ,Derived by automated computational analysis using gene prediction method: Protein Homology.,OG0001512,,group_2133,Shell,,Probably not conserved
GCF_017068375.1,JWS14_RS28225,MRIGRLLSLIVIIWLIIGAIAVFQRGYFKDAQADCASAGTIAVTVIAGPLNYAGVNPKIDCEVPQPSQ,68,hypothetical protein, ,Derived by automated computational analysis using gene prediction method: Protein Homology.,OG0000017,Conserved,group_2272,Shell,Shell,Shell
GCF_017068375.1,JWS14_RS28460,MGKFLVPGVVSAVVGVALGTVATLGITAAAQDNTRPEVDRSGNADSSLLNQVEYGSR,57,duf2613 domain-containing protein, ,Derived by automated computational analysis using gene prediction method: Protein Homology.,OG0000016,Conserved,group_860,Shell,Shell,Shell
GCF_017068375.1,JWS14_RS50210,MYRVYKDRGSGLRETRAGLNRMLDDTAKGRFTVVRVVWRDRLARFSGGMDRTLPVGGRR,59,recombinase family protein, ,Derived by automated computational analysis using gene prediction method: Protein Homology.,OG0000862,Cloud,group_758,Cloud,Cloud,Cloud
GCF_017068375.1,JWS14_RS28610,MAWIERYLSVVGVKVEVLREHGDKALVEELMDDFMALLASFSGRYYQLRSKRNQRRLRRRCGSAVGED,68,hypothetical protein, ,Derived by automated computational analysis using gene prediction method: GeneMarkS-2+.,OG0000454,Cloud,group_83,Cloud,,Cloud
GCF_017068375.1,JWS14_RS28880,MIAIGVVLIVVGLVVKISSLWIAGLIVGAVGLLLLLLGLLGRKVGGRKYWY,51,hypothetical protein, ,Derived by automated computational analysis using gene prediction method: Protein Homology.,OG0000000,Conserved,group_2200,Cloud,Cloud,Cloud
GCF_017068375.1,JWS14_RS51200,MPDSEATMTDKGTTMADLDFAPRDILITSRAGMRAGKTSVPGR,43,hypothetical protein, ,Derived by automated computational analysis using gene prediction method: GeneMarkS-2+.,OG0001513,,group_1729,Cloud,,Probably not conserved
GCF_017068375.1,JWS14_RS51210,MIVVLVASLWVVDLDERWRPRSHRAAGGWVRRPTKALDPAM,41,hypothetical protein, ,Derived by automated computational analysis using gene prediction method: GeneMarkS-2+.,OG0001514,,group_1849,Cloud,,Probably not conserved
GCF_017068375.1,JWS14_RS29015,MVIDRPRCEGHGLCEEIAPDLMHLDDAGELILDVEDIPEGSPELTDAGAAVRVCPVAALRLA,62,ferredoxin, ,Derived by automated computational analysis using gene prediction method: Protein Homology.,OG0000001,Conserved,group_2123,Cloud,Cloud,Cloud
GCF_017068375.1,JWS14_RS51215,MFFRSYDVVARDWKDLPRVTRVMPASSAPGTTSRADFVITSGVP,44,hypothetical protein, ,Derived by automated computational analysis using gene prediction method: GeneMarkS-2+.,OG0001515,,group_1675,Cloud,,Probably not conserved
GCF_017068375.1,JWS14_RS29305,MDVAIMLREHHYLDASYYLHADRHEQADSLSEEIDPNRTDTGTQRRTTSVRRRLGRDGTAMVGALGAYAN,70,hypothetical protein, ,Derived by automated computational analysis using gene prediction method: GeneMarkS-2+.,OG0001516,,,,,Probably not conserved
GCF_017068375.1,JWS14_RS51220,MPYLGLIVLVLWVGCLVDVICAEDYRVRHLPSVAGGAGSVIH,42,hypothetical protein, ,Derived by automated computational analysis using gene prediction method: GeneMarkS-2+.,OG0001517,,group_1782,Cloud,,Probably not conserved
GCF_017068375.1,JWS14_RS51225,MPTALEESRRHAIDLTNEKIQAVKDFFTNIFRLDTTHRTEA,41,hypothetical protein, ,Derived by automated computational analysis using gene prediction method: GeneMarkS-2+.,OG0000178,Shell,group_2433,Shell,Shell,Shell
GCF_017068375.1,JWS14_RS29740,MWWIAWVLLAWIALSVPLAILIGKAIRQKDLHELPAKEDATSKNDPPDRTVA,52,hypothetical protein, ,Derived by automated computational analysis using gene prediction method: Protein Homology.,OG0000079,Soft core,group_2417,Shell,Shell,Shell
GCF_017068375.1,JWS14_RS50260,MRTWSDEEGWGVIDSDATPGGAWAHFSYVSGPGFRFLTPGHRVTFEPESTIGGTQDGYHFRALDVRKVD,69,cold shock domain-containing protein, ,Derived by automated computational analysis using gene prediction method: Protein Homology.,OG0000863,Cloud,group_2403,Cloud,,Cloud
GCF_017068375.1,JWS14_RS50265,MVSPVLVAVTVGVGTVAYASTAAEIDTGGQMESRRALTVPLLAPDVNVPGTLSRPPTSAE,60,hypothetical protein, ,Derived by automated computational analysis using gene prediction method: GeneMarkS-2+.,OG0001518,,group_686,Cloud,,Probably not conserved
GCF_017068375.1,JWS14_RS30150,MIMHVTPTPTPTVSKALWSTEEIKARLEQMDIPRSHTRRGPRWGSRDR,48,hypothetical protein, ,Derived by automated computational analysis using gene prediction method: Protein Homology.,OG0000179,Shell,group_2404,Shell,Shell,Shell
GCF_017068375.1,JWS14_RS30470,MTTLITLLCIALLAASVAHFGPKEGGKGLFRLEQFRIGAPLGGIFPDQSSSPEDPDWPDSRRQGSGGRGL,70,hypothetical protein, ,Derived by automated computational analysis using gene prediction method: Protein Homology.,OG0000194,Shell,,,Shell,Shell
GCF_017068375.1,JWS14_RS30760,MAARNEIRPIVKLKSTAGTGYTYVTRKNRRNDPDRLVMKKYDPVVRKHVDFREEK,55,50s ribosomal protein l33, ,Derived by automated computational analysis using gene prediction method: Protein Homology.,OG0000047,Conserved,group_2305,Shell,Shell,Shell
GCF_017068375.1,JWS14_RS30895,MSDAELRKAIRVLRERADDARHRGNDDDANGIERTIRTYQEEMTQRL,47,hypothetical protein, ,Derived by automated computational analysis using gene prediction method: Protein Homology.,OG0000059,Core,group_1481,Shell,Shell,Shell
GCF_017068375.1,JWS14_RS30935,MTAAYDNSVSGEGVQGLVNRARARSASGGKSAAQSAGTRDAICGAGPHWKSSS,53,hypothetical protein, ,Derived by automated computational analysis using gene prediction method: GeneMarkS-2+.,OG0001519,,group_1142,Cloud,,Probably not conserved
GCF_017068375.1,JWS14_RS31045,MAEGIVKWFNSEKGFGFIAPEDGSADVFVHYSEIQSGGFRTLEENQRVSFEIGQGNKGPQATGVTLI,67,cold-shock protein, ,Derived by automated computational analysis using gene prediction method: Protein Homology.,OG0000046,Conserved,group_2233,Shell,Shell,Shell
GCF_017068375.1,JWS14_RS31250,MDDAFEQELERRLLLLESPDAGGMILPDLPWRDVVAAIVGIVATITVMLWWGY,53,hypothetical protein, ,Derived by automated computational analysis using gene prediction method: Protein Homology.,OG0000272,Shell,group_2312,Shell,Shell,Shell
GCF_017068375.1,JWS14_RS31970,MSEDRRISRLLPVRRVLAAAGIAGLVAGGGMAAAADPATPDSTVAAPLVSAGFGAPDAVSSGS,63,hypothetical protein, ,Derived by automated computational analysis using gene prediction method: Protein Homology.,OG0000180,Shell,group_2175,Shell,Shell,Shell
GCF_017068375.1,JWS14_RS32110,MNRVVGAVRTAWWWTGALMGDHDYSRYVEHLRRHHPDAEVPSEREYWRARYADADANPGARCC,63,ybdd/yjix family protein, ,Derived by automated computational analysis using gene prediction method: Protein Homology.,OG0000045,Conserved,group_2289,Shell,Core,Shell
GCF_017068375.1,JWS14_RS32190,MAMTLRLTEEQERALTLLADAQGVSKQEATVRAILEAAARHTHDERVRALSRRGRDRYATLLDRLSR,67,copg family transcriptional regulator, ,Derived by automated computational analysis using gene prediction method: Protein Homology.,OG0000320,Cloud,group_2301,Cloud,Cloud,Cloud
GCF_017068375.1,JWS14_RS32200,MAEPVKGPASYFPSIEEKYGRPISEWQTLIRSSELSKHMELVSWLKSEHGLGHGHANALVAHTLKEDAAG,70,duf4287 domain-containing protein, ,Derived by automated computational analysis using gene prediction method: Protein Homology.,OG0000027,Conserved,,,Shell,Shell
GCF_017068375.1,JWS14_RS32255,MDLAFLSEFFSAFSDLAGALDFFSGSADALGGGADAATAAAATLG,45,hypothetical protein, ,Derived by automated computational analysis using gene prediction method: Protein Homology.,OG0000181,Shell,group_2197,Shell,Shell,Shell
GCF_017068375.1,JWS14_RS32405,MKASKVSGLKPKKKCCRSKTRCIKCPVVIMRMKKLENEGASKKDLKKGLKKARAA,55,hypothetical protein, ,Derived by automated computational analysis using gene prediction method: GeneMarkS-2+.,OG0000044,Conserved,group_2219,Shell,Soft core,Shell
GCF_017068375.1,JWS14_RS32425,MYNWDVQNAIVAFVDTLRPSWPAQHDLYYSVLYGFADMQSHLLTLLGYPPVA,52,hypothetical protein, ,Derived by automated computational analysis using gene prediction method: Protein Homology.,OG0000058,Core,group_1177,Shell,Shell,Shell
GCF_017068375.1,JWS14_RS32465,MTSFDAADSPEVPEADRLEQEIAVDDDNSDEVEEVSSLEVNEADAAEQSRAVPVDEDYPRG,61,hypothetical protein, ,Derived by automated computational analysis using gene prediction method: Protein Homology.,OG0000057,Core,group_2212,Shell,Shell,Shell
GCF_017068375.1,JWS14_RS32610,MAAMKPRTGDGPLEATKEGRGIVMRVPLEGGGRLVVELTPEEAAALGEELKGVTS,55,duf3117 domain-containing protein, ,Derived by automated computational analysis using gene prediction method: Protein Homology.,OG0000043,Conserved,group_1006,Shell,Shell,Shell
GCF_017068375.1,JWS14_RS33100,MSDRDNNVLENDLVEESLVEEVSIDGMCGVY,31,mycofactocin precursor mfta, ,"Mycofactocin is a small molecule electron carrier derived from the final two amino acids, Val-Tyr, of MftA, the mycofactocin precursor. It plays a role in redox homeostasis and the metabolism of alcohols and aldehydes in Actinobacteria, including Mycobacterium tuberculosis; Derived by automated computational analysis using gene prediction method: Protein Homology.",OG0000009,Conserved,group_2326,Conserved,Shell,Shell
GCF_017068375.1,JWS14_RS33455,MAKKALVNKANKKPKFAVRAYTRCQRCGRPHSVFRKFGLCRICVREMAHAGELPGVHKSSW,61,type z 30s ribosomal protein s14, ,Derived by automated computational analysis using gene prediction method: Protein Homology.,OG0000028,Conserved,group_2294,Conserved,Shell,Shell
GCF_017068375.1,JWS14_RS33480,MAELKVTQIKSTIGTKQNQRNSLRTLGLKGIRQTVVREDNAQNRGLINVVRHLVTVEEV,59,50s ribosomal protein l30, ,Derived by automated computational analysis using gene prediction method: Protein Homology.,OG0000029,Conserved,rpmD,Conserved,Shell,Shell
GCF_017068375.1,JWS14_RS33515,MKVQPSVKKICEKCKVIRRNGRVMVICENLRHKQRQG,37,50s ribosomal protein l36, ,Derived by automated computational analysis using gene prediction method: Protein Homology.,OG0000030,Conserved,rpmJ,Conserved,Soft core,Soft core
GCF_017068375.1,JWS14_RS33635,MRADLELFRERIDEARARDEAAAANRGRAEPAAAVSPVLPPRQGTLDDDEFYRPRSWLV,59,hypothetical protein, ,Derived by automated computational analysis using gene prediction method: Protein Homology.,OG0000263,Shell,group_2245,Shell,Shell,Shell
GCF_017068375.1,JWS14_RS33800,MSGVSGDVETAMAKEWIGADGALRELSGLFHELGDTLDWSADDPVH,46,hypothetical protein, ,Derived by automated computational analysis using gene prediction method: GeneMarkS-2+.,OG0001520,,group_1574,Cloud,,Probably not conserved
GCF_017068375.1,JWS14_RS34130,MIRVVAVALLAVGAYVALSEHEPSTVEVPLPSFAPAAVPAADLATV,46,hypothetical protein, ,Derived by automated computational analysis using gene prediction method: GeneMarkS-2+.,OG0000220,Shell,group_2379,Shell,Shell,Shell
GCF_017068375.1,JWS14_RS51240,MLVIGILSALSLASVAWLCVSTAQGGRSGPAGPPRSHLHSD,41,hypothetical protein, ,Derived by automated computational analysis using gene prediction method: GeneMarkS-2+.,OG0000182,Shell,group_2124,Shell,Shell,Shell
GCF_017068375.1,JWS14_RS34840,MTFTVTHRSFDQLAEFAVTDFGDDDSYSIHESGALVIVRAARELIYAPGSWFLVEREDGQEDGSPGNYM,69,hypothetical protein, ,Derived by automated computational analysis using gene prediction method: Protein Homology.,OG0000151,Shell,group_2,Shell,Shell,Shell
GCF_017068375.1,JWS14_RS35225,MTDADNEDTKKKFREALERKNHQAGLSADHKDAHSKVHEAHGPADHKREFRRKTG,55,duf5302 domain-containing protein, ,Derived by automated computational analysis using gene prediction method: Protein Homology.,OG0000031,Conserved,group_2470,Core,Shell,Shell
GCF_017068375.1,JWS14_RS35315,MAAVCDVCAKGPGFGKSVSHSHRRTNRRWNPNIQTVRAEVAPGNTRKVNVCTSCLKAGKVARG,63,50s ribosomal protein l28, ,Derived by automated computational analysis using gene prediction method: Protein Homology.,OG0000032,Conserved,rpmB,Conserved,Shell,Shell
GCF_017068375.1,JWS14_RS35355,MAVPKRRMSRSNTRSRRSQWKTTVPTLVTCPNRGCGEKTLPHVACPSCGTYKGRQVTAAV,60,50s ribosomal protein l32, ,Derived by automated computational analysis using gene prediction method: Protein Homology.,OG0000033,Conserved,group_2479,Conserved,Shell,Shell
GCF_017068375.1,JWS14_RS35510,MATTAPTRRLASIAATARYTGVSKTTIRRRLEDRTLSEIRFGPRTVRIDLDEVDRVFGLGDPS,63,excisionase family dna-binding protein, ,Derived by automated computational analysis using gene prediction method: Protein Homology.,OG0000200,Shell,group_456,Cloud,,Cloud
GCF_017068375.1,JWS14_RS51245,MTPEMAAVVRAVVDKAPPLTLAQRDRLRIVVGTSTPPRPVRAAA,44,hypothetical protein, ,Derived by automated computational analysis using gene prediction method: GeneMarkS-2+.,OG0000583,Cloud,group_1676,Cloud,,Cloud
GCF_017068375.1,JWS14_RS35515,MSHDTETAWHYLPPCRECRSQSIVCEVGPVATADLPLGAWVFVLRHAATCTKAVTE,56,hypothetical protein, ,Derived by automated computational analysis using gene prediction method: GeneMarkS-2+.,OG0001521,,group_950,Cloud,,Probably not conserved
GCF_017068375.1,JWS14_RS35535,MPGRDDPWTIEVNEAVRQYRRRTRLKLSPSKRRRDERENANDRRMLERREQARRDMAGTIAWLQSMNDDE,70,hypothetical protein, ,Derived by automated computational analysis using gene prediction method: GeneMarkS-2+.,OG0001522,,,,,Probably not conserved
GCF_017068375.1,JWS14_RS51250,MKAERCRPRVPASAKQRQISLVRYPRALAVAWTVSDLAGLGMPGPEQVVTALGFRDRSFQ,60,hypothetical protein, ,Derived by automated computational analysis using gene prediction method: Protein Homology.,OG0001523,,group_687,Cloud,,Probably not conserved
GCF_017068375.1,JWS14_RS36205,MRLLKGLLDVVLGIVTAVVGTVLGIVAAVVWLVGGILCVTILLIPLGLPVMLLARRLFTLAGKLMHLP,68,hypothetical protein, ,Derived by automated computational analysis using gene prediction method: Protein Homology.,OG0000152,Shell,group_84,Cloud,Shell,Shell
GCF_017068375.1,JWS14_RS36255,MVNTRFGDGTTATVRLPVARRGETTAAVVRQPAPAADQRISLSAGDQLLAITRRRVDR,58,hypothetical protein, ,Derived by automated computational analysis using gene prediction method: GeneMarkS-2+.,OG0001524,,group_833,Cloud,,Probably not conserved
GCF_017068375.1,JWS14_RS36275,MAAPFVAAIAEMGLAMHLAFVVLFPLLWLDLLSGDGLMLAGHVLMLPAMVVAMLHRREEYVGAC,64,hypothetical protein, ,Derived by automated computational analysis using gene prediction method: GeneMarkS-2+.,OG0001525,,group_377,Cloud,,Probably not conserved
GCF_017068375.1,JWS14_RS36280,MIIGDAAHGMSPAAGQGASPAIDDALTTAAVLDPRTPASKYSSAISRRRTVADEARSAPARRPQN,65,fad-dependent monooxygenase, ,Derived by automated computational analysis using gene prediction method: Protein Homology.,OG0001526,,group_303,Cloud,,Probably not conserved
GCF_017068375.1,JWS14_RS36305,MSSVPIRASSVRTKKADTRERRIERTVTLAAMNLRANHPGVRIRDAAR,48,hypothetical protein, ,Derived by automated computational analysis using gene prediction method: GeneMarkS-2+.,OG0001527,,group_1442,Cloud,,Probably not conserved
GCF_017068375.1,JWS14_RS36460,MFWKIVLAVAAIWIALAVVGALVKGLFWILVVSAVVFGVYLLIKAMSGSGEKSDITRS,58,hypothetical protein, ,Derived by automated computational analysis using gene prediction method: Protein Homology.,OG0000034,Conserved,group_808,Shell,Cloud,Cloud
GCF_017068375.1,JWS14_RS36485,MRLTEFHELVREEFGQMRGDALLVDHVLLSLGGKTAAEAIEDGREPREVWRELCAEFDVPPQRR,64,duf3046 domain-containing protein, ,Derived by automated computational analysis using gene prediction method: Protein Homology.,OG0000035,Conserved,group_2481,Conserved,Cloud,Cloud
GCF_017068375.1,JWS14_RS36765,MPGTLTSPPLTAADRCDRCGAGARVRAVLPTGGELLFCGHHANEHADRLREMNATIVSEAEAAI,64,hypothetical protein, ,Derived by automated computational analysis using gene prediction method: Protein Homology.,OG0000036,Conserved,group_2483,Conserved,Cloud,Cloud
GCF_017068375.1,JWS14_RS37490,MAGIESKFDKAYETKPIEELAGAPVAALQGVSDSDAEHLAAAFNIKTVKDLGTNKYFLWAQAVAKLAE,68,hypothetical protein, ,Derived by automated computational analysis using gene prediction method: Protein Homology.,OG0000070,Soft core,group_2484,Soft core,Cloud,Cloud
GCF_017068375.1,JWS14_RS37980,MDLTAIGVGFGYVVVVLTILVVVVGVTALFVFSIKSDFIPPDSTGTPSGRKRIGRAE,57,adenylate cyclase, ,Derived by automated computational analysis using gene prediction method: Protein Homology.,OG0000195,Shell,group_2339,Cloud,Cloud,Cloud
GCF_017068375.1,JWS14_RS50370,MRAAATELPRGIRINAVSPTVVTEALDVYGDFFPGFAPVPAADVARAFVKSVEGVHTGRIYELD,64,hypothetical protein, ,Derived by automated computational analysis using gene prediction method: GeneMarkS-2+.,OG0000706,Cloud,group_378,Cloud,,Cloud
GCF_017068375.1,JWS14_RS38395,MPTTSRTPGTPCGCGCTITLSDADYPDLRMPFQRGTLVWEASYHRRVGIESLFADLKRNRLTADTG,66,hypothetical protein, ,Derived by automated computational analysis using gene prediction method: GeneMarkS-2+.,OG0001528,,group_237,Cloud,,Probably not conserved
GCF_017068375.1,JWS14_RS38430,MKVTVDTGVCADHGQCIFSAPKVFQFDDDGRLVWEPAPDESLRASVEEAADVCPVQAIRVDD,62,ferredoxin, ,Derived by automated computational analysis using gene prediction method: Protein Homology.,OG0000001,Conserved,group_522,Cloud,,Cloud
GCF_017068375.1,JWS14_RS38610,MVDFAAQWMSFDGGDEYILPEFGIDPTTYYRRVLTILQTPPSPPLDPVDRQRIVELCQQKLTLAKSRPLW,70,hypothetical protein, ,Derived by automated computational analysis using gene prediction method: GeneMarkS-2+.,OG0000196,Shell,,,,Probably not conserved
GCF_017068375.1,JWS14_RS38780,MIAYTLPEIRRLLVQLILRHAHPDEHIWSWSNWRRRRQHQARTSHYRRRGHLP,53,hypothetical protein, ,Derived by automated computational analysis using gene prediction method: Protein Homology.,OG0000197,Cloud,group_2001,Cloud,,Cloud
GCF_017068375.1,JWS14_RS38980,MERADSTKEHQYLSGSATISPTAASRPAWSTAPCSGEALHAGLTAQIETEQWAAACVAWGANRD,64,hypothetical protein, ,Derived by automated computational analysis using gene prediction method: GeneMarkS-2+.,OG0001529,,,,,Probably not conserved
GCF_017068375.1,JWS14_RS38985,MARNTESMGASVLNTLRVGVVGTVLYAGLIMGVVVVAVWKFPMPGV,46,hypothetical protein, ,Derived by automated computational analysis using gene prediction method: Protein Homology.,OG0000126,Shell,,,,Probably not conserved
GCF_017068375.1,JWS14_RS39030,MIGLKFHKSCPAKAKVSLVAAKDKLAQVDTRSRNTATDLGPPSVPTGS,48,hypothetical protein, ,Derived by automated computational analysis using gene prediction method: GeneMarkS-2+.,OG0001530,,,,,Probably not conserved
GCF_017068375.1,JWS14_RS39070,MRIVSITEEIAGGDETTVTADSPLGLALAGHRPGDTVIYTTPRGPQRVQLLSLTLPAGTPEGPADR,66,grea/greb family elongation factor, ,Derived by automated computational analysis using gene prediction method: Protein Homology.,OG0001531,,,,,Probably not conserved
GCF_017068375.1,JWS14_RS39090,MVFAHLERTRPTYTPDQQAALGANRNCRARVVGETKRTHVKHTARRLGAQGAARDLIAPADRGSGSE,67,hypothetical protein, ,Derived by automated computational analysis using gene prediction method: GeneMarkS-2+.,OG0001532,,,,,Probably not conserved
GCF_017068375.1,JWS14_RS39145,MLVPRLIFNGVTYDVSQTRFGATRDVLRKLVEGQSMGVAMSLTHDGSWHHLFITPGVPVTLIE,63,hypothetical protein, ,Derived by automated computational analysis using gene prediction method: Protein Homology.,OG0000130,Shell,,,,Probably not conserved
GCF_017068375.1,JWS14_RS39170,MNQDQRRALERVRDTCAVLHSFMNTDPGDPPRERVRSATFRQLADDLLDAVTAAETVGVPEHLIFDSM,68,hypothetical protein, ,Derived by automated computational analysis using gene prediction method: Protein Homology.,OG0000135,Shell,,,,Probably not conserved
GCF_017068375.1,JWS14_RS39205,MHRAPHDRRGGIGTSLRPIPRLPHFRRIERPILRVGALDAISRDAVPLAPAGPALTVGERNTGRGGLTG,69,hypothetical protein, ,Derived by automated computational analysis using gene prediction method: GeneMarkS-2+.,OG0001533,,,,,Probably not conserved
GCF_017068375.1,JWS14_RS39280,MSTTDTRTTETAGTTAATTFSSTADLTSALIRAAIAHGEHEKRTGAEDPNWPDWYAAYMVAEQAGAELPA,70,glyoxalase, ,Derived by automated computational analysis using gene prediction method: Protein Homology.,OG0000221,Shell,,,,Probably not conserved
GCF_017068375.1,JWS14_RS39325,MRMSQGPRWGGGHGGSRAIRRFAVIWIFTAAERTADSVAFRVMPFWPIIVAGVAIVVLLWGAYALMRRR,69,hypothetical protein, ,Derived by automated computational analysis using gene prediction method: GeneMarkS-2+.,OG0001534,,,,,Probably not conserved
GCF_017068375.1,JWS14_RS39415,MPLALTEPAERRRYTISARLATEQVLIDYTRSRGWGREVKRHEATCRRLQHLLDELDDATQ,61,hypothetical protein, ,Derived by automated computational analysis using gene prediction method: GeneMarkS-2+.,OG0000864,Cloud,,,,Probably not conserved
GCF_017068375.1,JWS14_RS39450,MTDTAVDAAASVQVTEYWVVEVDRHDGACCTFGPFSAEAAWARMEHRTAPTRFAAVVGKR,60,hypothetical protein, ,Derived by automated computational analysis using gene prediction method: Protein Homology.,OG0000254,Cloud,,,,Probably not conserved
GCF_017068375.1,JWS14_RS39455,MSIKDSGDDLLRIADGPELRQRVRGRGGSRKVTLCRVVLVVVALLAMLLAYVVIAMSWASYRR,63,hypothetical protein, ,Derived by automated computational analysis using gene prediction method: GeneMarkS-2+.,OG0001535,,,,,Probably not conserved
GCF_017068375.1,JWS14_RS51270,MDAPVQYATYWTITVSTGVPRHGIVFVPGIRVTSVRSGSPPT,42,hypothetical protein, ,Derived by automated computational analysis using gene prediction method: GeneMarkS-2+.,OG0001536,,,,,Probably not conserved
GCF_017068375.1,JWS14_RS39670,MSIWCEICCGRIPEWTAHVGQAWNTYDVAPWNLYNVIWRIQHWIRGGVNTDR,52,hypothetical protein, ,Derived by automated computational analysis using gene prediction method: Protein Homology.,OG0000219,Shell,,,,Probably not conserved
GCF_017068375.1,JWS14_RS39695,MSATVADPSRSTAGGRRRPAAAATAYPIFLRRTAWDKGAHRQLARPGWKPNGPYTFRGGNGRMRSEW,67,hypothetical protein, ,Derived by automated computational analysis using gene prediction method: GeneMarkS-2+.,OG0001537,,,,,Probably not conserved
GCF_017068375.1,JWS14_RS50465,MIGATSVTALADVIAAIPGARTEMRGEPDRIIVTPTADRDRHVSLEFGPIDDTARKAPDL,60,hypothetical protein, ,Derived by automated computational analysis using gene prediction method: GeneMarkS-2+.,OG0001538,,,,,Probably not conserved
GCF_017068375.1,JWS14_RS39730,MSLPRGPGRRLETWTRMTHLLDEGRRAELWEFSAGLFKYFDCRCSTDDIMFRCATW,56,hypothetical protein, ,Derived by automated computational analysis using gene prediction method: GeneMarkS-2+.,OG0001539,,,,,Probably not conserved
GCF_017068375.1,JWS14_RS39740,MVKQRSDRSQEVLGAVLGVIRTMAGAVVGGGIALAFVIGAVASGPHESDPWGE,53,hypothetical protein, ,Derived by automated computational analysis using gene prediction method: GeneMarkS-2+.,OG0001540,,,,,Probably not conserved
GCF_017068375.1,JWS14_RS39825,MPHFRYVSTHERIHLGDATRMVNYGDIVAARTNPDPRYFELVEPDQITKPLSRRSVGAPDRE,62,hypothetical protein, ,Derived by automated computational analysis using gene prediction method: Protein Homology.,OG0000232,Shell,,,,Probably not conserved
GCF_017068375.1,JWS14_RS39840,MLIQPGPDGALVSGAAGYFFSPVGPIADRDGKRRRAWHWISAGTPASGVCTASLRG,56,hypothetical protein, ,Derived by automated computational analysis using gene prediction method: GeneMarkS-2+.,OG0001541,,,,,Probably not conserved
GCF_017068375.1,JWS14_RS39855,MIHQEIREWVAELMKLDIATASPGELAKLDAMTALAERQYVQQLLSLHEFRPLAG,55,hypothetical protein, ,Derived by automated computational analysis using gene prediction method: Protein Homology.,OG0000120,Shell,,,,Probably not conserved
GCF_017068375.1,JWS14_RS39890,MNGTHGQIANRPISAAPEVTAEETRKVLARTASIATRSIPQVPTHRDTACPLR,53,hypothetical protein, ,Derived by automated computational analysis using gene prediction method: GeneMarkS-2+.,OG0001542,,,,,Probably not conserved
GCF_017068375.1,JWS14_RS39905,MWSCLDRPLSDRLDAARVTPEALGECRRQVTAVAQLTIGAEDLSNSRPFVPAGG,54,hypothetical protein, ,Derived by automated computational analysis using gene prediction method: GeneMarkS-2+.,OG0001543,,,,,Probably not conserved
GCF_017068375.1,JWS14_RS51275,MFSHAKIHMGTTGQLSPGMALQIPATGHGAEKGTSLPAAG,40,hypothetical protein, ,Derived by automated computational analysis using gene prediction method: GeneMarkS-2+.,OG0001544,,,,,Probably not conserved
GCF_017068375.1,JWS14_RS40030,MKICVDRTKCTGLGICESLAPDIFEIDDAGGLLLLREDADESVIDDVRAAIEGCPTEALALVED,64,ferredoxin, ,Derived by automated computational analysis using gene prediction method: Protein Homology.,OG0000001,Conserved,,,,Probably not conserved
GCF_017068375.1,JWS14_RS40070,MSDRTAADLERELAMLAYVRDRLRAAEGNDFRIPTTAVDQVLDEYNTLERPPRDPT,56,hypothetical protein, ,Derived by automated computational analysis using gene prediction method: Protein Homology.,OG0000117,Shell,,,,Probably not conserved
GCF_017068375.1,JWS14_RS40115,MDTVRDELATTTADLVSAQAAAARKRAVELQDELTDARRARPEQM,45,hypothetical protein, ,Derived by automated computational analysis using gene prediction method: GeneMarkS-2+.,OG0001545,,,,,Probably not conserved
GCF_017068375.1,JWS14_RS40120,MSHNVKVIYTATWAGTTATPPTCSRTRRPPRTATSTSWGGAHAIVTKARTCYDADDFL,58,hypothetical protein, ,Derived by automated computational analysis using gene prediction method: GeneMarkS-2+.,OG0001546,,,,,Probably not conserved
GCF_017068375.1,JWS14_RS50555,MTMPARDRRVAAVVAQVPYVDGLATLPRSGWSGVGTRWSRTRVPAYPRTRVPA,53,hypothetical protein, ,Derived by automated computational analysis using gene prediction method: GeneMarkS-2+.,OG0001547,,,,,Probably not conserved
GCF_017068375.1,JWS14_RS40375,MFVCICKAVTEEEVHEHMDDGADSADAIGEKCGAGWGCGTCVDRLNELLCARAIGSRVAAA,61,(2fe-2s)-binding protein, ,Derived by automated computational analysis using gene prediction method: Protein Homology.,OG0000150,Shell,,,,Probably not conserved
GCF_017068375.1,JWS14_RS40390,MIHQEIREWVAELMKLDIATASPGELAKLDAMTALAERQYVQQLLSLHEFRPPAG,55,hypothetical protein, ,Derived by automated computational analysis using gene prediction method: Protein Homology.,OG0000120,Shell,,,,Probably not conserved
GCF_017068375.1,JWS14_RS40410,MKEATDDTKSTNSGGNRHPECQLWDLILGSASLMAAAVIIAVTLTTGGYL,50,hypothetical protein, ,Derived by automated computational analysis using gene prediction method: GeneMarkS-2+.,OG0000865,Cloud,,,,Probably not conserved
GCF_017068375.1,JWS14_RS50570,MGNPTQKGRYWGVELPPRSVLAQGLDTVGQWLLPVVEWPLLGKFAQLWRKWARDAFLGPS,60,hypothetical protein, ,Derived by automated computational analysis using gene prediction method: GeneMarkS-2+.,OG0001548,,,,,Probably not conserved
GCF_017068375.1,JWS14_RS50575,MLEHAPFGDALIAAVAQAAEMTVVTRNTKYVETFGVRCVDPWEPTV,46,hypothetical protein, ,Derived by automated computational analysis using gene prediction method: GeneMarkS-2+.,OG0001549,,,,,Probably not conserved
GCF_017068375.1,JWS14_RS40580,MTTRFTISLPDEDARVLDAYVRDHGLGGRSAGIRAAVRMLGEVGLERDYAAAFVEGGVDDDWDVTSADEE,70,ribbon-helix-helix domain-containing protein, ,Derived by automated computational analysis using gene prediction method: Protein Homology.,OG0000213,Shell,,,,Probably not conserved
GCF_017068375.1,JWS14_RS40615,MPTASTLRTTPIAARPPRGGGSMSTAEIKSRIEAMFADRRPVGSSVAR,48,hypothetical protein, ,Derived by automated computational analysis using gene prediction method: Protein Homology.,OG0000002,Conserved,,,,Probably not conserved
GCF_017068375.1,JWS14_RS40700,MSHMESAMLERPTLDDLLGSELDRAELEEEAARLFDGIDTTATPVAITFSILLKC,55,hypothetical protein, ,Derived by automated computational analysis using gene prediction method: GeneMarkS-2+.,OG0001550,,,,,Probably not conserved
GCF_017068375.1,JWS14_RS40905,MSIGKNLRHKAETAEGAAKKTVGKALGNERMEAEGSAEQAKGNTKQTGDKLKQAGQKIKHTFKH,64,csbd family protein, ,Derived by automated computational analysis using gene prediction method: Protein Homology.,OG0000073,Shell,,,,Probably not conserved
GCF_017068375.1,JWS14_RS40910,MIILGIILAVIGAVAGIPILLYVGVALIVIGVVLEIMGSMGHAVAGRRHYY,51,duf6131 family protein, ,Derived by automated computational analysis using gene prediction method: Protein Homology.,OG0000000,Conserved,,,,Probably not conserved
GCF_017068375.1,JWS14_RS41000,MSRRISTALATIALTLSLGALAAPMASAAPAAPAPTPVLGSVSICFSVPLGSASLVWCI,59,hypothetical protein, ,Derived by automated computational analysis using gene prediction method: Protein Homology.,OG0000233,Shell,,,,Probably not conserved
GCF_017068375.1,JWS14_RS50615,MFISSALVVDIGGALSHAAVVARELRVPCVVNTRSGSRTIKTGDRIRVNGNSGTVEVLERAASPVELEDA,70,pep-utilizing enzyme, ,Derived by automated computational analysis using gene prediction method: Protein Homology.,OG0001551,,,,,Probably not conserved
GCF_017068375.1,JWS14_RS41140,MLSGVGAAGAVLQRDLFAEIRNGTVFGNADQLPEHDKNWDPLAVATDTTLRGQKARTTTTTRT,63,hypothetical protein, ,Derived by automated computational analysis using gene prediction method: GeneMarkS-2+.,OG0001552,,,,,Probably not conserved
GCF_017068375.1,JWS14_RS41150,MTTTAELELETLAVKQHGRVTQEPVVEGDPVPFTSQASNRFGDGARLVGSRELRWWLKSAVSEVTNKMK,69,hypothetical protein, ,Derived by automated computational analysis using gene prediction method: GeneMarkS-2+.,OG0001553,,,,,Probably not conserved
GCF_017068375.1,JWS14_RS41320,MPFIDVTIGLGRSPEQIRSLIHELTEAAHRAIEAPKENIRVVVREVPETHWAAGDVTIAERRAAP,65,tautomerase family protein, ,Derived by automated computational analysis using gene prediction method: Protein Homology.,OG0000315,Cloud,group_279,Cloud,,Cloud
GCF_017068375.1,JWS14_RS41360,MRSAWVQHCRTQALHSQAVQAVEATREIDHLVFGADDRLAARAGWEIG,48,hypothetical protein, ,Derived by automated computational analysis using gene prediction method: GeneMarkS-2+.,OG0001554,,group_1443,Cloud,,Probably not conserved
GCF_017068375.1,JWS14_RS41610,MASFFGETVWEQDDVRHPMRHPLAGLKATDLALSALDYALLTALSALE,48,hypothetical protein, ,Derived by automated computational analysis using gene prediction method: GeneMarkS-2+.,OG0001555,,group_1444,Cloud,,Probably not conserved
GCF_017068375.1,JWS14_RS41665,MEGRTDDLLVDEVQHHLREQHPHLRYDRDQILSMSY,36,duf1059 domain-containing protein, ,Derived by automated computational analysis using gene prediction method: GeneMarkS-2+.,OG0000249,Shell,group_1933,Cloud,,Cloud
GCF_017068375.1,JWS14_RS41710,MIEVKVDFARCDANGTCAALMPDVFQIADNGLLEQVATTVPADRDQDLDEVILCCPMGAISRA,63,ferredoxin, ,Derived by automated computational analysis using gene prediction method: Protein Homology.,OG0000005,Conserved,group_457,Cloud,,Cloud
GCF_017068375.1,JWS14_RS41780,MSANHYLSIVDDLYSNQIVEYSIDSRDVTEPRGAIDRLRTSLITLPNETDRSAHCVSLVGTKKFLIVTQL,70,hypothetical protein, ,Derived by automated computational analysis using gene prediction method: GeneMarkS-2+.,OG0000592,Cloud,,,,Probably not conserved
GCF_017068375.1,JWS14_RS41835,MGSSAVEQLWQALSENELALVCVRGPQSRWADLRTVGEDGAVGLTWLVREASEIAEQYPHDRAKS,65,hypothetical protein, ,Derived by automated computational analysis using gene prediction method: Protein Homology.,OG0000143,Shell,group_304,Cloud,,Cloud
GCF_017068375.1,JWS14_RS50665,MTTEQCVSDTDSTRQAAMPIHTQTLHDLVAAMWSVDTSDGPLDLDAVARIRQHQFDD,57,hypothetical protein, ,Derived by automated computational analysis using gene prediction method: GeneMarkS-2+.,OG0001556,,group_886,Cloud,,Probably not conserved
GCF_017068375.1,JWS14_RS51300,MQSWHADPRSLFDALLANSDDLTRRRYQAIWNSLGTLDAVEYA,43,hypothetical protein, ,Derived by automated computational analysis using gene prediction method: GeneMarkS-2+.,OG0000866,Cloud,group_1730,Cloud,,Cloud
GCF_017068375.1,JWS14_RS42135,MTTWTLWLGARLVVGGSTAQIKHQAGVARALWVLACSPSRPRRHPGLPRPKAGSPPTGG,59,hypothetical protein, ,Derived by automated computational analysis using gene prediction method: GeneMarkS-2+.,OG0001557,,group_759,Cloud,,Probably not conserved
GCF_017068375.1,JWS14_RS42155,MDRLRSELADLRAEARTDREQARADHAAQLAEVRQSASERADALTTALRAAEQTIEELRRQPGGRGAAT,69,hypothetical protein, ,Derived by automated computational analysis using gene prediction method: GeneMarkS-2+.,OG0000867,Cloud,group_26,Cloud,,Cloud
GCF_017068375.1,JWS14_RS51310,MEILAIIVALTTAILIVPGAYLLLCAVTLVEQRQLEADHDQ,41,hypothetical protein, ,Derived by automated computational analysis using gene prediction method: GeneMarkS-2+.,OG0000539,Cloud,group_1850,Cloud,,Cloud
GCF_017068375.1,JWS14_RS42450,MTPRIHIDTAACNGYGNCLVAAPDVFDLDPDTNIAFTQPGHPTEADHDSLREAEADCPVRAIRISES,67,ferredoxin, ,Derived by automated computational analysis using gene prediction method: Protein Homology.,OG0000005,Conserved,group_164,Cloud,,Cloud
GCF_017068375.1,JWS14_RS51315,MRADTVSFWLKPAGFFDRNPALDVAPTPEACDHHHSHHEDSDD,43,hypothetical protein, ,Derived by automated computational analysis using gene prediction method: GeneMarkS-2+.,OG0000398,Cloud,group_2148,Cloud,,Cloud
GCF_017068375.1,JWS14_RS42580,MKEASDDTKSTKSGGNRYPECKLWDLILDSATLMAAAVIIALTLTTGGYL,50,hypothetical protein, ,Derived by automated computational analysis using gene prediction method: GeneMarkS-2+.,OG0000865,Cloud,group_1324,Cloud,,Cloud
GCF_017068375.1,JWS14_RS42645,MPHFRYVGTHERIHLGAATRMINYGDIVAARTNPDPRYFELVEPDQITQRLSRRTVGAPERE,62,hypothetical protein, ,Derived by automated computational analysis using gene prediction method: Protein Homology.,OG0000232,Shell,group_519,Cloud,,Cloud
GCF_017068375.1,JWS14_RS42870,MTVHTLVRSTGRRGWTVRCDLCEHTFAAAVAGRPEAVAFAETNGWIVGERTWCPMCAAAHTSRRTA,66,hypothetical protein, ,Derived by automated computational analysis using gene prediction method: GeneMarkS-2+.,OG0000154,Shell,group_238,Cloud,,Cloud
GCF_017068375.1,JWS14_RS51585,MTGAAAGTAPAKATTKEIREWAIREGRKVSFRGRISAAIVRAFHDAASKLPLPLG,55,histone-like nucleoid-structuring protein lsr2, ,Derived by automated computational analysis using gene prediction method: Protein Homology.,OG0000314,Cloud,group_1031,Cloud,,Cloud
GCF_017068375.1,JWS14_RS50735,MRRLIDVGELPGEKVGTRHRLLLRDVLEYQQQRRARQDEALAQPAVPIDD,50,helix-turn-helix domain-containing protein, ,Derived by automated computational analysis using gene prediction method: GeneMarkS-2+.,OG0001558,,group_1325,Cloud,,Probably not conserved
GCF_017068375.1,JWS14_RS43245,MGSSAGEQLWQTLSDSGLALVCVRGPQRRWADLLLPGDESVGELTWLARDADEIAEQYRDHR,62,hypothetical protein, ,Derived by automated computational analysis using gene prediction method: Protein Homology.,OG0000143,Shell,group_2488,Shell,Cloud,Shell
GCF_017068375.1,JWS14_RS43255,MARITENLGASLLNTLRVGVVGTVLYAGLIMGVVVVAVWKFPMPGV,46,hypothetical protein, ,Derived by automated computational analysis using gene prediction method: Protein Homology.,OG0000126,Shell,group_2480,Cloud,,Cloud
GCF_017068375.1,JWS14_RS43260,MGIERMSLELPAGAARDDAEKEAVAQLRAQGVRAWSDLSLQTILTTDSPGFSRYTFTYWVDKNDRH,66,hypothetical protein, ,Derived by automated computational analysis using gene prediction method: Protein Homology.,OG0000279,Cloud,group_2387,Cloud,Cloud,Cloud
GCF_017068375.1,JWS14_RS43370,MTSIGVEMTNKVSVDQDFCQAHGRCYAMFPDLFEPDDEGRAQVKNDGSLPESNTVDEILAVCPEAAITSV,70,ferredoxin, ,Derived by automated computational analysis using gene prediction method: Protein Homology.,OG0000245,Shell,,,Cloud,Cloud
GCF_017068375.1,JWS14_RS43415,MNLNVALLLLVLAGGIGGTAAVQAALRRSAGRRRGHSEGAVFRVDG,46,hypothetical protein, ,Derived by automated computational analysis using gene prediction method: Protein Homology.,OG0000127,Shell,group_2258,Cloud,Cloud,Cloud
GCF_017068375.1,JWS14_RS51325,MADKSAVKSSKQSARALKERRAEKREKALESTQLIRKRKS,40,hypothetical protein, ,Derived by automated computational analysis using gene prediction method: Protein Homology.,OG0000004,Core,"group_2478, group_2017",Cloud,Cloud,Cloud
GCF_017068375.1,JWS14_RS51330,MTACFRSPMEKAITLLRTLERVVGVVGAKLYAEGQEETCWEPPA,44,hypothetical protein, ,Derived by automated computational analysis using gene prediction method: GeneMarkS-2+.,OG0000619,Cloud,group_2091,Cloud,Cloud,Cloud
GCF_017068375.1,JWS14_RS43440,MLTEECSKATYIEAPSVMRRVLRRARDGATLNVDEATTLLQARGDDLADLCCSSHHG,57,hypothetical protein, ,Derived by automated computational analysis using gene prediction method: GeneMarkS-2+.,OG0000620,Cloud,group_2018,Cloud,Cloud,Cloud
GCF_017068375.1,JWS14_RS43660,MHGLRHPYSGALYEPLGERRVQVTQRDGKVAVFAADGRWVSGDKIGADPQLTGWVAADRGIHRMAEK,67,transposase, ,Derived by automated computational analysis using gene prediction method: GeneMarkS-2+.,OG0000511,Cloud,group_2019,Cloud,Cloud,Cloud
GCF_017068375.1,JWS14_RS43910,MTKREWQVAELVSEGLTNRAVADKLVIAPRTSQGRVEHVLTKLGFTSRAQIAAWVVEQSTRQQPQSS,67,helix-turn-helix transcriptional regulator, ,Derived by automated computational analysis using gene prediction method: Protein Homology.,OG0000301,Cloud,group_165,Cloud,Cloud,Cloud
GCF_017068375.1,JWS14_RS43935,MCQWRNPHRTPRRDRATVGFGSSRPTPGHSTKLDRDNDGIACDK,44,excalibur calcium-binding domain-containing protein, ,Derived by automated computational analysis using gene prediction method: Protein Homology.,OG0000255,Shell,group_1677,Cloud,,Cloud
GCF_017068375.1,JWS14_RS43955,MPKYTVTFRNGISSDKPFDSDFQAINETHRPTAPQTGIVQIHRYADGGGLTDVWSASPTGRADRPDA,67,hypothetical protein, ,Derived by automated computational analysis using gene prediction method: Protein Homology.,OG0000113,Soft core,group_2020,Cloud,Cloud,Cloud
GCF_017068375.1,JWS14_RS43970,MRCDLCEHTFEVAVADRPEAVAFARTNGWIVGDRTWCPMCAATHTTRRTA,50,hypothetical protein, ,Derived by automated computational analysis using gene prediction method: Protein Homology.,OG0000154,Shell,group_2467,Cloud,Cloud,Cloud
GCF_017068375.1,JWS14_RS43975,MSETDCSNDTTGTASSQPGESASPVADDTIVWPEPSPLDSWWEHVVHDHPAPPAAESALGTDT,63,hypothetical protein, ,Derived by automated computational analysis using gene prediction method: Protein Homology.,OG0000191,Shell,group_2021,Cloud,Cloud,Cloud
GCF_017068375.1,JWS14_RS43990,MTTPTTPATAINAGVRGPAHAAAISAEEIKSRIEAMFADDRPDQQREAR,49,hypothetical protein, ,Derived by automated computational analysis using gene prediction method: GeneMarkS-2+.,OG0000002,Conserved,group_2092,Cloud,Cloud,Cloud
GCF_017068375.1,JWS14_RS44060,MARTTENLGANLLHGLRVSVVGTVLYAGVGVMGVGVVAVWKFAMPGV,47,hypothetical protein, ,Derived by automated computational analysis using gene prediction method: Protein Homology.,OG0000868,Cloud,group_1504,Cloud,Cloud,Cloud
GCF_017068375.1,JWS14_RS44500,MAALNDEQLDEIRRHLDEGMTPDAIADYLGRVADLDLMDIVTIRSAAVALSRGETP,56,hypothetical protein, ,Derived by automated computational analysis using gene prediction method: Protein Homology.,OG0000256,Shell,group_2367,Cloud,,Cloud
GCF_017068375.1,JWS14_RS44550,MGGVTYGISQTRFEATRELLARFAEGHTLGVAMFLTHDGARHHLFITPGVPITLVE,56,hypothetical protein, ,Derived by automated computational analysis using gene prediction method: Protein Homology.,OG0000130,Shell,group_2463,Cloud,Cloud,Cloud
GCF_017068375.1,JWS14_RS51335,MQSDTYTPKFELEEAVDDQLISSPRHRVKLRAFDGAATLKNW,42,hypothetical protein, ,Derived by automated computational analysis using gene prediction method: GeneMarkS-2+.,OG0001559,,group_1783,Cloud,,Probably not conserved
GCF_017068375.1,JWS14_RS44940,MRVGTRVLVRRQPEAATGVIVEDYAELTDTAGRGHDWAPVHRWAVALDDRRLVFADTEDLTVDIGTADSE,70,hypothetical protein, ,Derived by automated computational analysis using gene prediction method: Protein Homology.,OG0000236,Shell,,,,Probably not conserved
GCF_017068375.1,JWS14_RS45055,MICTILVATPVALALSVPLYQHTEPTLGGLPFFYWFQMTMAIAAACGCGATYYIAFRNEPEIRDAQ,66,duf3311 domain-containing protein, ,Derived by automated computational analysis using gene prediction method: Protein Homology.,OG0001560,,group_239,Cloud,,Probably not conserved
GCF_017068375.1,JWS14_RS45260,MVMDLYATVFLTEKLRFRSVRRLAPFKLVIQRRIEGRFLSGFDDQLEAA,49,hypothetical protein, ,Derived by automated computational analysis using gene prediction method: GeneMarkS-2+.,OG0000869,Cloud,group_1382,Cloud,,Cloud
GCF_017068375.1,JWS14_RS45475,MSERNVADVERELAMLAYVRDRLRVSEGTDLRIPTTAVDRVLDELNSLERAPRKRN,56,hypothetical protein, ,Derived by automated computational analysis using gene prediction method: Protein Homology.,OG0000117,Shell,group_951,Cloud,,Cloud
GCF_017068375.1,JWS14_RS45485,MYATRHTSAVQGDDRCSPTTSTTRFSFASCAGAKAAGAGADLPIEPGYSTKLDRDKDGIACDK,63,excalibur calcium-binding domain-containing protein, ,Derived by automated computational analysis using gene prediction method: Protein Homology.,OG0000255,Shell,group_458,Cloud,,Cloud
GCF_017068375.1,JWS14_RS45520,MTTASMIPASSITSPPPVRRSGGMSTAEIKARIEAMYADDRRPVHQTGPR,50,hypothetical protein, ,Derived by automated computational analysis using gene prediction method: Protein Homology.,OG0000002,Conserved,group_2361,Cloud,,Cloud
GCF_017068375.1,JWS14_RS51340,MQALTEYANQYRPLQVSLYVPLVAELPKGATGKVLEHELRRG,42,hypothetical protein, ,Derived by automated computational analysis using gene prediction method: GeneMarkS-2+.,OG0001561,,group_1784,Cloud,,Probably not conserved
GCF_017068375.1,JWS14_RS45810,MSNEPTLTQEQREAFWRLHGWRPNLPDSKRREIEQYWTDPEIVEAEALGF,50,hypothetical protein, ,Derived by automated computational analysis using gene prediction method: Protein Homology.,OG0000153,Shell,group_1326,Cloud,,Cloud
GCF_017068375.1,JWS14_RS45835,MENRGVIEHAKGALMASRGIGEDTAFASLVDASQRENVKLAAIAHRMITSLDCRS,55,antar domain-containing protein, ,Derived by automated computational analysis using gene prediction method: Protein Homology.,OG0000397,Cloud,group_2461,Cloud,,Cloud
GCF_017068375.1,JWS14_RS45855,MPSLIFNGVTYGISQTRFEATRELLARFAEGHTLGVAMSLTHDGARHHLYITPGVPITLVE,61,hypothetical protein, ,Derived by automated computational analysis using gene prediction method: Protein Homology.,OG0000130,Shell,group_2022,Cloud,,Cloud
GCF_017068375.1,JWS14_RS46025,MSEQRSCLPDPVDATVSAKFRSGLTPSDRLRTLANGSIGASQRPKTIDEVNRSMSWVA,58,hypothetical protein, ,Derived by automated computational analysis using gene prediction method: GeneMarkS-2+.,OG0001562,,,,,Probably not conserved
GCF_017068375.1,JWS14_RS46090,MSSSSVNRCAVIERSTMFSSDCPVCSSIIEAILIAFPVDGGGELEIHSPHRMRGVGFDLRARS,63,hypothetical protein, ,Derived by automated computational analysis using gene prediction method: GeneMarkS-2+.,OG0001563,,,,,Probably not conserved
GCF_017068375.1,JWS14_RS51345,MRQQVEEFLAEHDPAAEEPLDLLRSRSDAALVGLVDLTVGETR,43,hypothetical protein, ,Derived by automated computational analysis using gene prediction method: GeneMarkS-2+.,OG0000367,Cloud,,,,Probably not conserved
GCF_017068375.1,JWS14_RS46170,MTTAPVAADGSGQRVMDASTMSTAHAERPLDAGDGAITVEKDGGVLLIGIDRPAKRNALTPGL,63,hypothetical protein, ,Derived by automated computational analysis using gene prediction method: GeneMarkS-2+.,OG0001564,,,,,Probably not conserved
GCF_017068375.1,JWS14_RS46250,MIVTDKLGSHQVTHREMIACLNHRHSKYLNNRIEKLRVHRISGSAGIG,48,hypothetical protein, ,Derived by automated computational analysis using gene prediction method: GeneMarkS-2+.,OG0001565,,,,,Probably not conserved
GCF_017068375.1,JWS14_RS50855,MTGVAMGNNFAIVLTGGTAAYVSTWLIRETGSAVSPGFFVTVACLIGLCALLSIKRAANSTGKYEHTLRL,70,hypothetical protein, ,Derived by automated computational analysis using gene prediction method: GeneMarkS-2+.,OG0000540,Cloud,,,,Probably not conserved
GCF_017068375.1,JWS14_RS46315,MTAQVIQSRGHNGWAVRCDLCEHRFEAAVAGKSAAEVFARINGWVVGETSRCPMCATARIARFA,64,hypothetical protein, ,Derived by automated computational analysis using gene prediction method: GeneMarkS-2+.,OG0000154,Shell,,,,Probably not conserved
GCF_017068375.1,JWS14_RS46335,MGGVTYGISRTRFEATRELLARFTEGHTLGVAMSLTHDGARHHLFITPGVPITLVE,56,hypothetical protein, ,Derived by automated computational analysis using gene prediction method: Protein Homology.,OG0000130,Shell,,,,Probably not conserved
GCF_017068375.1,JWS14_RS46435,MSWTVVGGASGGLGRAIARNLAEDGHDVVVAYRGNRAGADETAELVRSSGRGVMIEPVDYVSGVRAHVG,69,sdr family nad(p)-dependent oxidoreductase, ,Derived by automated computational analysis using gene prediction method: Protein Homology.,OG0000870,Cloud,,,,Probably not conserved
GCF_017068375.1,JWS14_RS46445,MAFEATVPECQAIGEIPKDVFGGFYRKRTCPAAPRQGVESVFTTDGMVQVDDHRHR,56,hypothetical protein, ,Derived by automated computational analysis using gene prediction method: GeneMarkS-2+.,OG0001566,,,,,Probably not conserved
GCF_017068375.1,JWS14_RS46520,MRSTTPGQLRPGVDERLARMLILGSLNWSTEWWQPRGESVDTLVQNAKRMLNGGFLKEVDNEVD,64,hypothetical protein, ,Derived by automated computational analysis using gene prediction method: Protein Homology.,OG0001567,,,,,Probably not conserved
GCF_017068375.1,JWS14_RS50895,MEALNALLRAVGPDRDLVDEPEPLAGGWPAWSLETALHGLRGLGWTKRRS,50,hypothetical protein, ,Derived by automated computational analysis using gene prediction method: Protein Homology.,OG0000621,Cloud,,,,Probably not conserved
GCF_017068375.1,JWS14_RS46665,MTAKFELFKDAAGKFRFHLKAANGDIIAASQGYTSKAAAQTGIASIKDNAAAVSTEDLA,59,duf1508 domain-containing protein, ,Derived by automated computational analysis using gene prediction method: Protein Homology.,OG0000183,Shell,,,,Probably not conserved
GCF_017068375.1,JWS14_RS50900,MHFWRRWVRIGTLVDEPDPLAPGWPAWDLETALRGLRDVGWTRATTLIARTRPGL,55,duf6308 family protein, ,Derived by automated computational analysis using gene prediction method: Protein Homology.,OG0000621,Cloud,,,,Probably not conserved
GCF_017068375.1,JWS14_RS46685,MFEPKELTTMNHEQMTQERREAFWRKYRWTPDLPSEQRKAIEQVWTDEKIEEAEALGF,58,hypothetical protein, ,Derived by automated computational analysis using gene prediction method: Protein Homology.,OG0000153,Shell,,,,Probably not conserved
GCF_017068375.1,JWS14_RS46845,MGGVTYGISQTRFEATRELLARFAEGHTLGVAMTLTYDGARHHLFITPGVPITLVE,56,hypothetical protein, ,Derived by automated computational analysis using gene prediction method: Protein Homology.,OG0000130,Shell,,,,Probably not conserved
GCF_017068375.1,JWS14_RS46885,MSGHTGVTRAKKLVVLVGSRKALAAAVRTPDAGRRHTALTHRLQTR,46,hypothetical protein, ,Derived by automated computational analysis using gene prediction method: GeneMarkS-2+.,OG0001568,,,,,Probably not conserved
GCF_017068375.1,JWS14_RS51350,MGVGSVHETLVDYDGMDYRRAWGVQVTTDVRHDFGMPAVVTR,42,hypothetical protein, ,Derived by automated computational analysis using gene prediction method: GeneMarkS-2+.,OG0000230,Shell,,,,Probably not conserved
GCF_017068375.1,JWS14_RS51355,MLSEPVMKKVTTVVCPSEMAAEYRERSRGGHLECLPRRVPPRS,43,hypothetical protein, ,Derived by automated computational analysis using gene prediction method: GeneMarkS-2+.,OG0001569,,,,,Probably not conserved
GCF_017068375.1,JWS14_RS51360,MHHTGDILLQSGRRRIGTVAGVPFGFGLAGRSVRSAVAEI,40,hypothetical protein, ,Derived by automated computational analysis using gene prediction method: GeneMarkS-2+.,OG0001570,,,,,Probably not conserved
GCF_017068375.1,JWS14_RS47385,MSCNSTIAARLLVSLSARVPDMLDGADQMLFVDVDDTIGEVHGCGEQAAEFEYSGVRGLNA,61,hypothetical protein, ,Derived by automated computational analysis using gene prediction method: GeneMarkS-2+.,OG0001571,,,,,Probably not conserved
GCF_017068375.1,JWS14_RS51365,MSAPGPGRTVVDDAADLEIEQFPDPQPCPAEHRQPDAGERIL,42,hypothetical protein, ,Derived by automated computational analysis using gene prediction method: GeneMarkS-2+.,OG0001572,,,,,Probably not conserved
GCF_017068375.1,JWS14_RS47620,MTDRIHDALRARARDRGGRDPMASAGMVDAQAVKGADTVGTNTLGWDGANESMGAKGTW,59,hypothetical protein, ,Derived by automated computational analysis using gene prediction method: GeneMarkS-2+.,OG0001573,,,,,Probably not conserved
GCF_017068375.1,JWS14_RS47630,MFRNDRGSLAEPEKIVMSFASDVSAHGVPVAPTPTSYAGMEAQNGWRLYVGGVCY,55,hypothetical protein, ,Derived by automated computational analysis using gene prediction method: GeneMarkS-2+.,OG0001574,,,,,Probably not conserved
GCF_017068375.1,JWS14_RS47720,MGDRTAADLERELVLLAYVRGCLRGSEGEDFRIPTTALDEVLDELHRVERSPWDRT,56,hypothetical protein, ,Derived by automated computational analysis using gene prediction method: Protein Homology.,OG0000117,Shell,,,,Probably not conserved
GCF_017068375.1,JWS14_RS51000,MLRTDGNLLIKWFATGVRDYEPGQRVRILCATVKDHEIFRDQDQTVITRAKLEPLDPAA,59,hypothetical protein, ,Derived by automated computational analysis using gene prediction method: GeneMarkS-2+.,OG0001575,,,,,Probably not conserved
GCF_017068375.1,JWS14_RS47835,MVTGYASLDAVHDVFAALRPTAGTIDHVKILVRNELPVGTGIVANP,46,hypothetical protein, ,Derived by automated computational analysis using gene prediction method: GeneMarkS-2+.,OG0001576,,,,,Probably not conserved
GCF_017068375.1,JWS14_RS51015,MTPARYVARLGKILDGPPARHLEPIRVRLREFIANHARRAR,41,hypothetical protein, ,Derived by automated computational analysis using gene prediction method: Protein Homology.,OG0001577,,,,,Probably not conserved
GCF_017068375.1,JWS14_RS47860,MTERELSRTRRNIRVPRGEFGALWQAAEELTSANGERGIADGVPPAWR,48,hypothetical protein, ,Derived by automated computational analysis using gene prediction method: GeneMarkS-2+.,OG0001578,,,,,Probably not conserved
GCF_017068375.1,JWS14_RS51370,MRQTRRTAVVGAAALALPAAATRQVHLLQSAEALQDKRLDPR,42,hypothetical protein, ,Derived by automated computational analysis using gene prediction method: GeneMarkS-2+.,OG0001579,,,,,Probably not conserved
GCF_017068375.1,JWS14_RS51375,MQLPAVDNVAVCAGQELMADLEDALHANVVQLHVLTGAAVSA,42,hypothetical protein, ,Derived by automated computational analysis using gene prediction method: GeneMarkS-2+.,OG0001580,,,,,Probably not conserved
GCF_017068375.1,JWS14_RS47955,MRDLISGVVVHTTKKTTSRLRRSAVSPRRTARLPAAVAQYVAAETANWLARARAS,55,hypothetical protein, ,Derived by automated computational analysis using gene prediction method: GeneMarkS-2+.,OG0001581,,,,,Probably not conserved
GCF_017068375.1,JWS14_RS51030,MRPVGEIAARNGMLNAPHFSQNFRAEYGMTPSEYRRRALRLSSCAVRKST,50,helix-turn-helix domain-containing protein, ,Derived by automated computational analysis using gene prediction method: Protein Homology.,OG0000871,Cloud,,,,Probably not conserved
GCF_017068375.1,JWS14_RS48215,MVPVAAPSSVGAPPQIVDLVVADTVDDVLSALAAARAGKDPQRAVGEARKVLERMRHTAEKR,62,hypothetical protein, ,Derived by automated computational analysis using gene prediction method: GeneMarkS-2+.,OG0001582,,,,,Probably not conserved
GCF_017068375.1,JWS14_RS48360,MKTKSPRDELARRLAERDELVVEVLELEGRLERAKRRLDEVSAEIGSSGHIE,52,hypothetical protein, ,Derived by automated computational analysis using gene prediction method: GeneMarkS-2+.,OG0000250,Shell,,,,Probably not conserved
GCF_017068375.1,JWS14_RS48370,MTAKFELFKDTAGQFRFHLKAANGEIIAASQGYTSKAAAQNGIDSIKANAATAPTADLT,59,yegp family protein, ,Derived by automated computational analysis using gene prediction method: Protein Homology.,OG0000183,Shell,,,,Probably not conserved
GCF_017068375.1,JWS14_RS48450,MTSRYCGYSRQMRPAVLDIGSSSAQLQADAWTERESQRRALARAHHDLYERALS,54,hypothetical protein, ,Derived by automated computational analysis using gene prediction method: GeneMarkS-2+.,OG0001583,,,,,Probably not conserved
GCF_017068375.1,JWS14_RS51640,MLQNTQKRADDARHKLNAIADTLSDLMGELATDKPALSRHRDELRDAVGLEDHESA,56,hypothetical protein, ,Derived by automated computational analysis using gene prediction method: GeneMarkS-2+.,OG0001584,,,,,Probably not conserved
GCF_017068375.1,JWS14_RS48630,MTTRHLTTDHEEIRHWIQAHHGASARLAHTTLPIGPGQLRIDILDIRHPDLEYPDGTTGSPYSTPNHSP,69,hypothetical protein, ,Derived by automated computational analysis using gene prediction method: GeneMarkS-2+.,OG0001585,,,,,Probably not conserved
GCF_017068375.1,JWS14_RS48800,MSSSSPGAASSPHAGFFAVENVDTLSDAALYELLLSEYPDWLRAARQARVLG,52,vwa domain-containing protein, ,Derived by automated computational analysis using gene prediction method: Protein Homology.,OG0001586,,,,,Probably not conserved
GCF_017068375.1,JWS14_RS48845,MLMVMHTITADEAFSGLVKISRSGPAPNCTASPPDSLHEETGATSPGGRKVIAYGRMP,58,hypothetical protein, ,Derived by automated computational analysis using gene prediction method: Protein Homology.,OG0000573,Cloud,,,,Probably not conserved
GCF_017068375.1,JWS14_RS48865,MPLPVFAPHNCTTPDPPTAQASTVILLLHGLTAVFRLIAGAYAPRRSFEHWSAMNSANPVDH,62,hypothetical protein, ,Derived by automated computational analysis using gene prediction method: GeneMarkS-2+.,OG0001587,,,,,Probably not conserved
GCF_017068375.1,JWS14_RS48885,MSSIPLPRLMRTGSGAVDQIGDVVAGLAPPRPFYTRQMTATTRWQNDTPVRADFSMPTHE,60,hypothetical protein, ,Derived by automated computational analysis using gene prediction method: GeneMarkS-2+.,OG0001588,,,,,Probably not conserved
GCF_017068375.1,JWS14_RS48905,MPRGVYGRRRAGHSARSATNTGVGYRGYRGEARAHLADGQWSSHLERGGAEGVAAADGSLGGRR,64,hypothetical protein, ,Derived by automated computational analysis using gene prediction method: GeneMarkS-2+.,OG0001589,,,,,Probably not conserved
GCF_017068375.1,JWS14_RS48955,MPDYRCGAGLEKWTMDRLEEFLEECEREGGTPADSGHPVLIYAAVRVELARRRSEQL,57,hypothetical protein, ,Derived by automated computational analysis using gene prediction method: GeneMarkS-2+.,OG0000319,Cloud,,,,Probably not conserved
GCF_017068375.1,JWS14_RS48990,MFVDDDHLKDAHILREQGKDWSEVARELGCTAAAAQSFATAYQRRTDAAAAEHQTALF,58,hypothetical protein, ,Derived by automated computational analysis using gene prediction method: Protein Homology.,OG0000063,Soft core,,,,Probably not conserved
GCF_017068375.1,JWS14_RS49165,MFYDLDAAEDAVESADFDLPWEAHFEVRTDDGEWAENFPESDHPAGHRWW,50,hypothetical protein, ,Derived by automated computational analysis using gene prediction method: GeneMarkS-2+.,OG0001590,,,,,Probably not conserved
GCF_017068375.1,JWS14_RS49235,MSKDTGSEKSSNGPQKKAEPLEFLRPKGPDDGGMYQKKEDRKKTEEAKSTRRD,53,hypothetical protein, ,Derived by automated computational analysis using gene prediction method: GeneMarkS-2+.,OG0001591,,,,,Probably not conserved
GCF_017068375.1,JWS14_RS49245,MTLTTLVVTMMVEGAIINPAAIQGGRSEFTANSRKTAALADSLVLR,46,hypothetical protein, ,Derived by automated computational analysis using gene prediction method: GeneMarkS-2+.,OG0001592,,,,,Probably not conserved
GCF_017068375.1,JWS14_RS49525,MSEDRTAVQRSAVESALYQATKHTWAVSDTDLEAIVAGERVGPLSHADTTGVDVAFPDPDSLRDLI,66,hypothetical protein, ,Derived by automated computational analysis using gene prediction method: Protein Homology.,OG0000121,Shell,,,Cloud,Cloud
GCF_017068375.1,JWS14_RS51100,MGALDPDDEAAGFQPAQVVGHLPGGHFVRVESTQLAGEGAQVLVGEAVRVQPEDQQCGEQGVAALIGEP,69,hypothetical protein, ,Derived by automated computational analysis using gene prediction method: GeneMarkS-2+.,OG0001593,,,,,Probably not conserved
GCF_017068375.1,JWS14_RS49645,MRVEIDTTKCQGHGRCYLLAPEVFDMDEEGMGIVTDLRPAVEYLDSARSAAENCPETAISMRE,63,ferredoxin, ,Derived by automated computational analysis using gene prediction method: Protein Homology.,OG0000005,Conserved,,,,Probably not conserved
GCF_017068375.1,JWS14_RS49745,MTRLQASSVSAPHHCIPTRRAMSTPEILQRIQAMFADGDDPGSAGTDEKPSPI,53,hypothetical protein, ,Derived by automated computational analysis using gene prediction method: GeneMarkS-2+.,OG0000322,Cloud,,,,Probably not conserved
GCF_017068395.1,JWS13_RS45945,MPITVIDEDVDPALFTWVGPTREEADRFVTPARRDYEEEGARPR,44,hypothetical protein, ,Derived by automated computational analysis using gene prediction method: GeneMarkS-2+.,OG0001594,,,,,Probably not conserved
GCF_017068395.1,JWS13_RS05455,MRWPQVRGLNYGTMGRTVHAGLWSEGACAGRVWFLPPTSWRIEDPNGEPTRIENDTAKPTTR,62,hypothetical protein, ,Derived by automated computational analysis using gene prediction method: GeneMarkS-2+.,OG0001595,,,,,Probably not conserved
GCF_017068395.1,JWS13_RS05485,MIPDAERERILAALESRAAAEVELRAAVVAGLRAGSSVREMAEVTGMSTNTIQRWGHDGGWPSTG,65,hypothetical protein, ,Derived by automated computational analysis using gene prediction method: GeneMarkS-2+.,OG0001596,,,,,Probably not conserved
GCF_017068395.1,JWS13_RS45950,MQLPHTRPVAAATFDDPNLASTAGLVPVMALAQARTTRGTL,41,hypothetical protein, ,Derived by automated computational analysis using gene prediction method: GeneMarkS-2+.,OG0001597,,,,,Probably not conserved
GCF_017068395.1,JWS13_RS45955,MPVVVLYDHDEVGAMVDAFDHGADDYMTKPGYTDLVTDDRGA,42,response regulator transcription factor, ,Derived by automated computational analysis using gene prediction method: GeneMarkS-2+.,OG0001598,,,,,Probably not conserved
GCF_017068395.1,JWS13_RS05555,MDVRVDYGMCQDHGQCAIAAPKVFQMGDDGKLVYDKHPEDSQRDEVEEAADVCPVQAIFLDES,63,ferredoxin, ,Derived by automated computational analysis using gene prediction method: Protein Homology.,OG0000001,Conserved,,,,Probably not conserved
GCF_017068395.1,JWS13_RS45460,MSADGTIVTRGFYPEHGSAYFSLILPSTQQIISITPIKGSTVPVTLAQIEYLATAPELDLG,61,hypothetical protein, ,Derived by automated computational analysis using gene prediction method: GeneMarkS-2+.,OG0000622,Cloud,,,,Probably not conserved
GCF_017068395.1,JWS13_RS05700,MSATKKQKVLTQLELMINSTNPDFAPPAESGDPKERHERFQEFHRQVAEAADDDPIIDTVAREIGLPE,68,hypothetical protein, ,Derived by automated computational analysis using gene prediction method: GeneMarkS-2+.,OG0000872,Cloud,,,Cloud,Cloud
GCF_017068395.1,JWS13_RS05710,MHLVAWLIAEGRHGGDRVGLTPDAAVRALVAADGLAVTVDEVAELDGISKAANMSGAPAMRIGTRTHG,68,hypothetical protein, ,Derived by automated computational analysis using gene prediction method: GeneMarkS-2+.,OG0000873,Cloud,,,Cloud,Cloud
GCF_017068395.1,JWS13_RS06160,MSTSRRLGWFTQEYGYSVTNVVDVALQEFFARNGVPDVDSNGEVAE,46,hypothetical protein, ,Derived by automated computational analysis using gene prediction method: Protein Homology.,OG0000362,Cloud,,,Cloud,Cloud
GCF_017068395.1,JWS13_RS06245,MDLTAIGVGFGYVVVVLTILVVVVGVTALFVFSIKSDFIPPDSTGTPTGRKRIGRAE,57,adenylate cyclase, ,Derived by automated computational analysis using gene prediction method: Protein Homology.,OG0000195,Shell,group_2339,Cloud,Cloud,Cloud
GCF_017068395.1,JWS13_RS06695,MAGIESKFDKAYETKPVEELAGAPVAALQGVSDSDAEHLAAAFNIKTVKDLGTNKYFLWAQAVAKLAE,68,hypothetical protein, ,Derived by automated computational analysis using gene prediction method: Protein Homology.,OG0000070,Soft core,group_2484,Soft core,Cloud,Cloud
GCF_017068395.1,JWS13_RS06910,MNLMPFAQISTRLGGVTTVISAASLVRVLG,30,2-hydroxycarboxylate transporter family protein, ,Derived by automated computational analysis using gene prediction method: Protein Homology.,OG0001599,,group_1945,Cloud,,Probably not conserved
GCF_017068395.1,JWS13_RS07425,MPGTLTSPPLTAADRCDRCGAGARVRAVLPTGGELLFCGHHANEHADRLREMNATIVSEAEAAI,64,hypothetical protein, ,Derived by automated computational analysis using gene prediction method: Protein Homology.,OG0000036,Conserved,group_2483,Conserved,Cloud,Cloud
GCF_017068395.1,JWS13_RS07695,MRLTEFHELVREEFGQMRGDALLVDHVLLSLGGKTAAEAIEDGREPREVWRELCAEFDVPPQRR,64,duf3046 domain-containing protein, ,Derived by automated computational analysis using gene prediction method: Protein Homology.,OG0000035,Conserved,group_2481,Conserved,Soft core,Soft core
GCF_017068395.1,JWS13_RS07720,MFWKIVLAVAAIWIALAVVGALVKGLFWILVVSAVVFGVYLLIKAMSGSGEKSDITRS,58,hypothetical protein, ,Derived by automated computational analysis using gene prediction method: Protein Homology.,OG0000034,Conserved,group_808,Shell,Soft core,Shell
GCF_017068395.1,JWS13_RS45960,MKIHKSLLILLLGGTAALRTILRRPTPRRRGHGVPFHANG,40,hypothetical protein, ,Derived by automated computational analysis using gene prediction method: GeneMarkS-2+.,OG0000127,Shell,group_2457,Shell,Cloud,Shell
GCF_017068395.1,JWS13_RS45965,MLDHVVGQTFADCLRATKEERAADRLRSGEALGKIVITLP,40,hypothetical protein, ,Derived by automated computational analysis using gene prediction method: GeneMarkS-2+.,OG0001600,,group_1888,Cloud,,Probably not conserved
GCF_017068395.1,JWS13_RS07930,MRLIRGLLDVVLGILTAVLGTVLGIVAAVVWLVGGILCVTILLIPLGLPVMRLARRLFTLAGKLMHLP,68,hypothetical protein, ,Derived by automated computational analysis using gene prediction method: Protein Homology.,OG0000152,Shell,group_2196,Shell,Shell,Shell
GCF_017068395.1,JWS13_RS07950,MPDVFLLGAVLSGGIGVLGLAVALFGGSEPNSVCACTFDGRAEVCDDRRS,50,hypothetical protein, ,Derived by automated computational analysis using gene prediction method: Protein Homology.,OG0000360,Cloud,group_2300,Cloud,Cloud,Cloud
GCF_017068395.1,JWS13_RS08565,MAVPKRRMSRSNTRSRRSQWKTTVPTLVTCPNRGCGEKTLPHVACPSCGTYKGRQVTAAV,60,50s ribosomal protein l32, ,Derived by automated computational analysis using gene prediction method: Protein Homology.,OG0000033,Conserved,group_2479,Conserved,Soft core,Soft core
GCF_017068395.1,JWS13_RS08605,MAAVCDVCAKGPGFGKSVSHSHRRTNRRWNPNIQTVRAEVAPGNTRKVNVCTSCLKAGKVARG,63,50s ribosomal protein l28, ,Derived by automated computational analysis using gene prediction method: Protein Homology.,OG0000032,Conserved,rpmB,Conserved,Soft core,Soft core
GCF_017068395.1,JWS13_RS08695,MTDADNEDTKKKFREALERKNHQAGLSADHKDADSKVHHAHGPADHKREFRRKTG,55,duf5302 domain-containing protein, ,Derived by automated computational analysis using gene prediction method: Protein Homology.,OG0000031,Conserved,group_2470,Core,Soft core,Soft core
GCF_017068395.1,JWS13_RS09080,MTFTVTHRSFDQLAEFAVTDFGDDDSYSIHESGALVIVRAARELIYAPGSWFLVEREDGQEDGSPGNYM,69,hypothetical protein, ,Derived by automated computational analysis using gene prediction method: Protein Homology.,OG0000151,Shell,group_2,Shell,Shell,Shell
GCF_017068395.1,JWS13_RS45970,MLVIGILLALSLASVAWLCVSTAQGGRSGLAGPPRSHLHSD,41,hypothetical protein, ,Derived by automated computational analysis using gene prediction method: GeneMarkS-2+.,OG0000182,Shell,group_2124,Shell,Shell,Shell
GCF_017068395.1,JWS13_RS10010,MRKHTVTKQWSTKFSRNQYRIKVEGFSTSLMFSESELAVLADNIHQALGGTTNDSINHR,59,hypothetical protein, ,Derived by automated computational analysis using gene prediction method: GeneMarkS-2+.,OG0000874,Cloud,group_760,Cloud,Cloud,Cloud
GCF_017068395.1,JWS13_RS10025,MTFDELPIEWQQRIKRLRTHSARYRTQRNELREQLSALTNTHKDNNA,47,hypothetical protein, ,Derived by automated computational analysis using gene prediction method: GeneMarkS-2+.,OG0000549,Cloud,group_1505,Cloud,Cloud,Cloud
GCF_017068395.1,JWS13_RS10030,MLDTDLIQRVLDHGGRPVTWCIPEDAVIRPGSGESMLDGMVITSWEAQAND,51,hypothetical protein, ,Derived by automated computational analysis using gene prediction method: GeneMarkS-2+.,OG0000550,Cloud,group_1262,Cloud,Cloud,Cloud
GCF_017068395.1,JWS13_RS10435,MKVQPSVKKICEKCKVIRRNGRVMVICENLRHKQRQG,37,50s ribosomal protein l36, ,Derived by automated computational analysis using gene prediction method: Protein Homology.,OG0000030,Conserved,rpmJ,Conserved,Soft core,Soft core
GCF_017068395.1,JWS13_RS10470,MAELKVTQIKSTIGTKQNQRNSLRTLGLKGIRQTVVREDNAQNRGLINVVRHLVTVEEV,59,50s ribosomal protein l30, ,Derived by automated computational analysis using gene prediction method: Protein Homology.,OG0000029,Conserved,rpmD,Conserved,Shell,Shell
GCF_017068395.1,JWS13_RS10495,MAKKALVNKANKKPKFAVRAYTRCQRCGRPHSVFRKFGLCRICVREMAHAGELPGVHKSSW,61,type z 30s ribosomal protein s14, ,Derived by automated computational analysis using gene prediction method: Protein Homology.,OG0000028,Conserved,group_2294,Conserved,Shell,Shell
GCF_017068395.1,JWS13_RS10850,MSDRDNNVLENDLVEESLVEEVSIDGMCGVY,31,mycofactocin precursor mfta, ,"Mycofactocin is a small molecule electron carrier derived from the final two amino acids, Val-Tyr, of MftA, the mycofactocin precursor. It plays a role in redox homeostasis and the metabolism of alcohols and aldehydes in Actinobacteria, including Mycobacterium tuberculosis; Derived by automated computational analysis using gene prediction method: Protein Homology.",OG0000009,Conserved,group_2326,Conserved,Shell,Shell
GCF_017068395.1,JWS13_RS11320,MAAMKPRTGDGPLEATKEGRGIVMRVPLEGGGRLVVELTPEEAAALGEELKGVTS,55,duf3117 domain-containing protein, ,Derived by automated computational analysis using gene prediction method: Protein Homology.,OG0000043,Conserved,group_1006,Shell,Shell,Shell
GCF_017068395.1,JWS13_RS11455,MTSFDAADSPEVPEADRLEQEIAVDDDNSDEVEEVSSLEVNEADAAEQSRAVPVDEDYPRG,61,hypothetical protein, ,Derived by automated computational analysis using gene prediction method: Protein Homology.,OG0000057,Core,group_2212,Shell,Shell,Shell
GCF_017068395.1,JWS13_RS11495,MYNWDVQNAIVAFVDTLRPSWPAQHDLYYSVLYGFADMQSHLLTLLGYPPVA,52,hypothetical protein, ,Derived by automated computational analysis using gene prediction method: Protein Homology.,OG0000058,Core,group_1177,Shell,Shell,Shell
GCF_017068395.1,JWS13_RS11515,MGKVKASEVSGLKPKKKCCRSKTRCIKCPVVIMRMKKLENEGASKKELKKGLKKARAA,58,hypothetical protein, ,Derived by automated computational analysis using gene prediction method: Protein Homology.,OG0000044,Conserved,group_2219,Shell,Shell,Shell
GCF_017068395.1,JWS13_RS11665,MDLAFLSEFFSAFSDLAGALDFFSGSADALGGGADAATAAAATLG,45,hypothetical protein, ,Derived by automated computational analysis using gene prediction method: Protein Homology.,OG0000181,Shell,group_2197,Shell,Shell,Shell
GCF_017068395.1,JWS13_RS11720,MAESVKGPASYFPSIEEKYGRPISEWQTLIRSSELTKHMELVSWLKSEHGLGHGHANALVAHTLKEDAAG,70,duf4287 domain-containing protein, ,Derived by automated computational analysis using gene prediction method: Protein Homology.,OG0000027,Conserved,,,Shell,Shell
GCF_017068395.1,JWS13_RS45975,MSTKIHVVGAGDGRHAPDDAARLLHGITDRYGVELVTGTGAS,42,hypothetical protein, ,Derived by automated computational analysis using gene prediction method: GeneMarkS-2+.,OG0001601,,group_1785,Cloud,,Probably not conserved
GCF_017068395.1,JWS13_RS11790,MNKVVGAVRTAWWWTGALMGDHDYSRYVEHLRRHHPDAEVPSERDYWKARYADADANPGARCC,63,ybdd/yjix family protein, ,Derived by automated computational analysis using gene prediction method: Protein Homology.,OG0000045,Conserved,group_2289,Shell,Soft core,Shell
GCF_017068395.1,JWS13_RS11930,MSEDRRISRLLPVRRVLAAAGIAGLVAGGGMAAAADPATPDSTVAAPLVSAGFGAPDAVSSGS,63,hypothetical protein, ,Derived by automated computational analysis using gene prediction method: Protein Homology.,OG0000180,Shell,group_2175,Shell,Shell,Shell
GCF_017068395.1,JWS13_RS45980,MHGNLRARGGFEYADLRGADLRDANLTEADLSGADLSGADLTGAQLGGTGLAEINSKSTG,60,pentapeptide repeat-containing protein, ,Derived by automated computational analysis using gene prediction method: Protein Homology.,OG0001602,,group_688,Cloud,,Probably not conserved
GCF_017068395.1,JWS13_RS12555,MPFIDVTIGLGRSPEQIRTLIHELTEAAHRAIDAPKENIRVVIREVPETHWAAGDVTVAERRAAR,65,2-hydroxymuconate tautomerase family protein, ,Derived by automated computational analysis using gene prediction method: Protein Homology.,OG0000315,Cloud,group_305,Cloud,Cloud,Cloud
GCF_017068395.1,JWS13_RS12575,MKIQIEYGMCDGHGECVIAAPEVFDLNDDGDEVILLDDSPAESLRDKVNAAIKLCPVAAIRVEG,64,ferredoxin, ,Derived by automated computational analysis using gene prediction method: Protein Homology.,OG0000001,Conserved,group_379,Cloud,Cloud,Cloud
GCF_017068395.1,JWS13_RS12645,MEIVVDYEGCEGHGECVIAAPEVFDLNDDGDEVIVLDDAPAESLRPKVETAVKLCPVAALRLAD,64,ferredoxin, ,Derived by automated computational analysis using gene prediction method: Protein Homology.,OG0000001,Conserved,group_380,Cloud,Cloud,Cloud
GCF_017068395.1,JWS13_RS12800,MIARRLHEPDVPMLESGCHGKYDLDRDWLYQCYVVDKRTHGRIAAEAGVSQSAIERLTVAYGIPNRS,67,hypothetical protein, ,Derived by automated computational analysis using gene prediction method: GeneMarkS-2+.,OG0001603,,group_166,Cloud,,Probably not conserved
GCF_017068395.1,JWS13_RS13245,MAEGIVKWFNSEKGFGFIAPEDGSADVFVHYSEIQSGGFRTLEENQRVSFEIGQGNKGPQATGVTLI,67,cold-shock protein, ,Derived by automated computational analysis using gene prediction method: Protein Homology.,OG0000046,Conserved,group_2233,Shell,Shell,Shell
GCF_017068395.1,JWS13_RS13390,MSDAELRKAIRVLRERADDARHRGNDDDANGIERTIRTYQEEMTQRL,47,hypothetical protein, ,Derived by automated computational analysis using gene prediction method: Protein Homology.,OG0000059,Core,group_1481,Shell,Shell,Shell
GCF_017068395.1,JWS13_RS13525,MAARNEIRPIVKLKSTAGTGYTYVTRKNRRNDPDRLVMKKYDPVVRKHVDFREEK,55,50s ribosomal protein l33, ,Derived by automated computational analysis using gene prediction method: Protein Homology.,OG0000047,Conserved,group_2305,Shell,Shell,Shell
GCF_017068395.1,JWS13_RS13795,MTTLITLLCMALLAAAVAHYGPKEGGKGMFRLEQFRIGAPLGGIFPDRSSSPEDPDWHDPGPRRPDGRSS,70,hypothetical protein, ,Derived by automated computational analysis using gene prediction method: Protein Homology.,OG0000194,Shell,,,Shell,Shell
GCF_017068395.1,JWS13_RS14070,MIMHVTPTPTPTVSKALWSTEEIKARLEQMDIPRSHTRRGPRWGSRDR,48,hypothetical protein, ,Derived by automated computational analysis using gene prediction method: Protein Homology.,OG0000179,Shell,group_2404,Shell,Shell,Shell
GCF_017068395.1,JWS13_RS14490,MWWIAWVALAWIALSVPLAILIGRAIRQKDLHELPATENATSKNDPPDRTVA,52,hypothetical protein, ,Derived by automated computational analysis using gene prediction method: Protein Homology.,OG0000079,Soft core,group_2417,Shell,Shell,Shell
GCF_017068395.1,JWS13_RS45985,MPTALEESRRHALDLTNEKIQAVKDFFTNIFRLDTTHRTEA,41,hypothetical protein, ,Derived by automated computational analysis using gene prediction method: GeneMarkS-2+.,OG0000178,Shell,group_2433,Shell,Shell,Shell
GCF_017068395.1,JWS13_RS45990,MDLDQGYYDRGITARRDAHTHLEGVIDMLVGFEDEADKPSPIY,43,hypothetical protein, ,Derived by automated computational analysis using gene prediction method: GeneMarkS-2+.,OG0000468,Cloud,group_1731,Cloud,,Cloud
GCF_017068395.1,JWS13_RS45520,MQALIEAGDVLVTGVGPFERVGWVAAEAAEQGSAATWSIDIGYFATGPLRRGLSPHRGRGRP,62,hypothetical protein, ,Derived by automated computational analysis using gene prediction method: GeneMarkS-2+.,OG0001604,,group_543,Cloud,,Probably not conserved
GCF_017068395.1,JWS13_RS15350,MTLTAHTPTTADGLNTEPVTARRAKFVCTLGPATATADRIRELGAELPPPPPSLAAVGLAGEASS,65,hypothetical protein, ,Derived by automated computational analysis using gene prediction method: GeneMarkS-2+.,OG0001605,,group_306,Cloud,,Probably not conserved
GCF_017068395.1,JWS13_RS45525,MDEKVGVVLGSDGAQPAKLPFFPPPGQLGQLPFVPPPGLWDKPWKWVR,48,hypothetical protein, ,Derived by automated computational analysis using gene prediction method: GeneMarkS-2+.,OG0001606,,group_1445,Cloud,,Probably not conserved
GCF_017068395.1,JWS13_RS15465,MVRELAQIDIDAGTADSFEAAVGRAVALFDADHSWSAERMQSLLERIEQW,50,hypothetical protein, ,Derived by automated computational analysis using gene prediction method: GeneMarkS-2+.,OG0001607,,group_1327,Cloud,,Probably not conserved
GCF_017068395.1,JWS13_RS15685,MIAIGVVLIVVGLVVKISSLWIAGLIVGAVGLLLLLLGLMGRKVGGRKYWY,51,hypothetical protein, ,Derived by automated computational analysis using gene prediction method: Protein Homology.,OG0000000,Conserved,group_2200,Cloud,Cloud,Cloud
GCF_017068395.1,JWS13_RS16120,MGKFLVPGVVSAVVGVALGTVATLGITAAAQDNTRPEVDRSGNADSSLLNQVEYGSR,57,duf2613 domain-containing protein, ,Derived by automated computational analysis using gene prediction method: Protein Homology.,OG0000016,Conserved,group_860,Shell,Shell,Shell
GCF_017068395.1,JWS13_RS16355,MRIGRLLSLIVIIWLIIGAIAVFQRGYFKDAQADCASAGTIAVTVIAGPLNYAGVNPKIDCEVPQPSQ,68,hypothetical protein, ,Derived by automated computational analysis using gene prediction method: Protein Homology.,OG0000017,Conserved,group_2272,Shell,Shell,Shell
GCF_017068395.1,JWS13_RS16360,MIVLGIILLVIGLVAGISILTTIGIILLVIGLVLLLLGTTGRAVGGRKYWY,51,duf6131 family protein, ,Derived by automated computational analysis using gene prediction method: Protein Homology.,OG0000193,Shell,group_2133,Shell,Shell,Shell
GCF_017068395.1,JWS13_RS16425,MKANPDRHDQLPEHQRIADLVDDMEDRLAAEREAKGIAGNASERKQEEQVEPDDQAPE,58,hypothetical protein, ,Derived by automated computational analysis using gene prediction method: Protein Homology.,OG0000177,Shell,group_2271,Shell,Shell,Shell
GCF_017068395.1,JWS13_RS16555,MVRRDPRGAALVANSGAGFGILDVVCATPWDYGNDPDSIFSTLAL,45,hypothetical protein, ,Derived by automated computational analysis using gene prediction method: GeneMarkS-2+.,OG0000875,Cloud,group_2060,Cloud,Cloud,Cloud
GCF_017068395.1,JWS13_RS16835,MSFVDTLKGLLGKGKEAASQNADKVHGAIDKAADVADSKTGGKYSNQIDKAADAAKKAVPPKE,63,antitoxin, ,Derived by automated computational analysis using gene prediction method: Protein Homology.,OG0000010,Conserved,group_2241,Shell,Shell,Shell
GCF_017068395.1,JWS13_RS45995,MLGIMLGLGGAAIGLGIGVMALGVGLLLSDATIKHDVGELPD,42,hypothetical protein, ,Derived by automated computational analysis using gene prediction method: GeneMarkS-2+.,OG0000176,Shell,group_1761,Shell,Shell,Shell
GCF_017068395.1,JWS13_RS17180,MANNSKKQYVDPGWPETADGDHAVTELSSTRAGGLSPFGEDTEFPLPAESLPYAHPHTVINR,62,hypothetical protein, ,Derived by automated computational analysis using gene prediction method: Protein Homology.,OG0000048,Conserved,group_2147,Shell,Shell,Shell
GCF_017068395.1,JWS13_RS17440,MTPKDDSGPKTTTTDSGAPGADKDVMSDPAEDDKGSGADWSGEGGATPAGPATDTESDSAD,61,hypothetical protein, ,Derived by automated computational analysis using gene prediction method: Protein Homology.,OG0000020,Core,group_2276,Shell,Shell,Shell
GCF_017068395.1,JWS13_RS17585,MAYLITDLVIDDLPSVKYNAETKTVRVTFGLQGHLSLSIAEAVHVVTELAAALGEAESAEEVVRDE,66,hypothetical protein, ,Derived by automated computational analysis using gene prediction method: GeneMarkS-2+.,OG0001608,,group_240,Cloud,,Probably not conserved
GCF_017068395.1,JWS13_RS17590,MNDHIETGGHQERKEQELLAELRELGYRPAVRCLSCGQWLVAHKSIQRHLGPVCARRAKDTAA,63,duf6011 domain-containing protein, ,Derived by automated computational analysis using gene prediction method: Protein Homology.,OG0001609,,group_459,Cloud,,Probably not conserved
GCF_017068395.1,JWS13_RS17600,MTLNRFGEDVEAATPSNRPHHLDCKRGWLGQDLDGRPIPCIQCKPHLAHRNYLTGGAA,58,hypothetical protein, ,Derived by automated computational analysis using gene prediction method: GeneMarkS-2+.,OG0000610,Cloud,group_834,Cloud,,Cloud
GCF_017068395.1,JWS13_RS17625,MDDFTSITDPGERLRAIRQSMEDKAASRPRVDNQGRRLDREKPDPTRRWDGHGRLIAESPGDDNP,65,hypothetical protein, ,Derived by automated computational analysis using gene prediction method: GeneMarkS-2+.,OG0001610,,group_307,Cloud,,Probably not conserved
GCF_017068395.1,JWS13_RS17820,MGRGRAKAKQTKVARELKYSVPTTDFDSLQRELSGGSSNSHRDEVFADQRADREGHSREDDDDWRR,66,duf3073 domain-containing protein, ,Derived by automated computational analysis using gene prediction method: Protein Homology.,OG0000049,Conserved,group_209,Shell,Shell,Shell
GCF_017068395.1,JWS13_RS17925,MSSRIATTLGAIALTLSLGALAAPAAVAAPAAPSPTPAVGSVAVCLNLPLGSASISFCI,59,hypothetical protein, ,Derived by automated computational analysis using gene prediction method: Protein Homology.,OG0000175,Shell,group_2150,Shell,Shell,Shell
GCF_017068395.1,JWS13_RS18325,MTTHDPQSTPHDGEVLVLGAGSGGAIAGGLIATLALSALTLLSSLPT,47,hypothetical protein, ,Derived by automated computational analysis using gene prediction method: Protein Homology.,OG0000146,Shell,group_2277,Shell,Shell,Shell
GCF_017068395.1,JWS13_RS18330,MPASSAFHGSATSTARRGGATMSTEEIKARIEAMFADEAADTSPALVE,48,hypothetical protein, ,Derived by automated computational analysis using gene prediction method: Protein Homology.,OG0000002,Conserved,group_2311,Shell,Shell,Shell
GCF_017068395.1,JWS13_RS18365,MQVNSCRSAVLDAVEALPALERETLALVFYRGMSCDEVAATMKTTVDVVRDRLHEGSRTLLAGVGGGL,68,sigma-70 family rna polymerase sigma factor, ,Derived by automated computational analysis using gene prediction method: Protein Homology.,OG0000174,Shell,group_2332,Shell,Shell,Shell
GCF_017068395.1,JWS13_RS18425,MAAKTTAENDIADEDLEPLADETARQAQRVVAAYAEDADECRMLLSMLGIGPTTKLD,57,hypothetical protein, ,Derived by automated computational analysis using gene prediction method: Protein Homology.,OG0000015,Conserved,group_859,Shell,Shell,Shell
GCF_017068395.1,JWS13_RS18495,MEVRVDFDRCEANGVCVGIAPDIFELDDDDQLHITSAVPPADREEDVRTAIAQCPRAALTEHP,63,ferredoxin, ,Derived by automated computational analysis using gene prediction method: Protein Homology.,OG0000005,Conserved,group_2144,Shell,Shell,Shell
GCF_017068395.1,JWS13_RS18660,MSTSRREQLVVRALPRAHGTTVTARRHELTIDAAATVAEEVSVRASATVGV,51,hypothetical protein, ,Derived by automated computational analysis using gene prediction method: GeneMarkS-2+.,OG0001611,,group_1263,Cloud,,Probably not conserved
GCF_017068395.1,JWS13_RS18910,MAQGVVKWFNSEKGFGFIAPDDGSADVFVHYSEISGSGYKSLEENQRVEFEVGQGQKGPQAQNVRAV,67,cold-shock protein, ,Derived by automated computational analysis using gene prediction method: Protein Homology.,OG0000003,Conserved,group_141,Shell,Shell,Shell
GCF_017068395.1,JWS13_RS20115,MYIAGFVFLAIYAGFSVFSYWTPTILEGLGVTDLTTIGTLPAAGAVIGMIVKR,53,hypothetical protein, ,Derived by automated computational analysis using gene prediction method: GeneMarkS-2+.,OG0001612,,group_1143,Cloud,,Probably not conserved
GCF_017068395.1,JWS13_RS20280,METRLGCPCGETIVGEDSDDLVRRALDHLGQQHPGRSYDHEEILLMAKWQRENADYL,57,duf1059 domain-containing protein, ,Derived by automated computational analysis using gene prediction method: Protein Homology.,OG0000249,Shell,group_887,Cloud,,Cloud
GCF_017068395.1,JWS13_RS20960,MALAYAPGSSVDTTRLAVISFAIVLFAMLALYLVGFDQGAISRSGMYMHELMHDGRHLLGLPCH,64,cbtb domain-containing protein, ,Derived by automated computational analysis using gene prediction method: Protein Homology.,OG0000008,Conserved,group_2468,Conserved,Soft core,Soft core
GCF_017068395.1,JWS13_RS20985,MVYVSSPSKSVESAGIVLIAVGVVLLALLTLYLVGFDQGAISRSGMYLHELMHDGRHLLGVPCH,64,cbtb domain-containing protein, ,Derived by automated computational analysis using gene prediction method: Protein Homology.,OG0000173,Shell,group_2252,Shell,Shell,Shell
GCF_017068395.1,JWS13_RS21350,MSDSLKDRVREKLLRQLAEDGGHPVQEAEGDDPRLVSIDSDLAALEQASEGDLVIEQLAAKYWVP,65,hypothetical protein, ,Derived by automated computational analysis using gene prediction method: Protein Homology.,OG0000014,Conserved,group_2342,Conserved,Soft core,Soft core
GCF_017068395.1,JWS13_RS46005,MAMQVFSLIAILGALIVLIPTALRVFGKSDNVKAPDETDE,40,hypothetical protein, ,Derived by automated computational analysis using gene prediction method: Protein Homology.,OG0000172,Shell,group_2042,Shell,Shell,Shell
GCF_017068395.1,JWS13_RS21385,MAQGTVKWFNAEKGFGFIAPEDGSADVFVHYSEIQGSGFRTLEENQRVEFEVGQGTKGPQATGVRAV,67,cold-shock protein, ,Derived by automated computational analysis using gene prediction method: Protein Homology.,OG0000013,Conserved,group_128,Conserved,Shell,Shell
GCF_017068395.1,JWS13_RS21550,MSELTSWEYATVPLLTHATKQILDQWGTDGWELVTVLPGPTGEQHVAYLKRPKG,54,duf4177 domain-containing protein, ,Derived by automated computational analysis using gene prediction method: Protein Homology.,OG0000012,Conserved,group_2273,Conserved,Shell,Shell
GCF_017068395.1,JWS13_RS22260,MGIADKASNKAEDLKGQAKEATGKATGDPDLRDEGKADQASSAVKDAGEKVKDAAKNLKDKLT,63,csbd family protein, ,Derived by automated computational analysis using gene prediction method: Protein Homology.,OG0000011,Conserved,group_2411,Conserved,Shell,Shell
GCF_017068395.1,JWS13_RS22815,MFVCICKAVTEDEVHEHCAAGADSADAIGERCGAGWGCGTCVDRLKEILGERTPVGSTAA,60,(2fe-2s)-binding protein, ,Derived by automated computational analysis using gene prediction method: Protein Homology.,OG0000150,Shell,group_2172,Shell,Shell,Shell
GCF_017068395.1,JWS13_RS23110,MSLYLQPRQSGTAPTPYERKLAGAIEEVFGTGVHHLEGLVKGLNALGIHSPGGDAWTTDTFTDEIRRMGA,70,recombinase-like helix-turn-helix domain-containing protein, ,Derived by automated computational analysis using gene prediction method: Protein Homology.,OG0000171,Shell,,,Shell,Shell
GCF_017068395.1,JWS13_RS23530,MSDRDASIFESERELDEDSVRNAQRTVAHHSIDADDCRMLLAALGIPLVRGTGNERLSGTAGAEAL,66,hypothetical protein, ,Derived by automated computational analysis using gene prediction method: Protein Homology.,OG0000170,Shell,group_2353,Shell,Shell,Shell
GCF_017068395.1,JWS13_RS24425,MSTTRLHQITHSAATTFSSSTDLTDALIRAAIAHGEHEKRTGAEDPNWPLWYAAYMVAEQAGTELPV,67,glyoxalase, ,Derived by automated computational analysis using gene prediction method: Protein Homology.,OG0000221,Shell,group_2232,Cloud,Cloud,Cloud
GCF_017068395.1,JWS13_RS25090,MAKGKRTFQPNNRRRARVHGFRLRMRTRAGRAIVSARRRKGRESLTA,47,50s ribosomal protein l34, ,Derived by automated computational analysis using gene prediction method: Protein Homology.,OG0000052,Conserved,rpmH,Conserved,Shell,Shell
GCF_017068395.1,JWS13_RS25270,MIDTCHGTLIVHTLYGAECTDESCVELSEVRHALIIDCDEFGDCACSAVFAEQLRHAS,58,hypothetical protein, ,Derived by automated computational analysis using gene prediction method: Protein Homology.,OG0000169,Shell,group_2231,Shell,Shell,Shell
GCF_017068395.1,JWS13_RS25440,MLILIGTALGLGAGLVCTGVFAWWLSYPVHFYAGSYEPLGADGTTGRRRALRAREYLLTARG,62,hypothetical protein, ,Derived by automated computational analysis using gene prediction method: GeneMarkS-2+.,OG0000739,Cloud,group_544,Cloud,,Cloud
GCF_017068395.1,JWS13_RS25915,MSTSSVTVTGMTCDHCVSSVTEEISELPGVTAVNVDLASGKVVIDSITDLDPGAVASAVEEAGYSVAG,68,heavy metal-associated domain-containing protein, ,Derived by automated computational analysis using gene prediction method: Protein Homology.,OG0000006,Conserved,group_2406,Shell,Cloud,Cloud
GCF_017068395.1,JWS13_RS46020,MEYRISPLGERSLAMSMDTLRTRMLRRKPLTENPDLVRNA,40,hypothetical protein, ,Derived by automated computational analysis using gene prediction method: GeneMarkS-2+.,OG0001613,,group_1889,Cloud,,Probably not conserved
GCF_017068395.1,JWS13_RS25985,MPVLIWTFAGLYLAAAAVTYVLRTPSDPGSAHHVAEVQGTQHDGQASDTPTNRTAAENH,59,hypothetical protein, ,Derived by automated computational analysis using gene prediction method: GeneMarkS-2+.,OG0001614,,group_761,Cloud,,Probably not conserved
GCF_017068395.1,JWS13_RS46025,MRALSAAKRATTTVSLFGGNQQISRKAMDGSKGWAVRHTW,40,hypothetical protein, ,Derived by automated computational analysis using gene prediction method: GeneMarkS-2+.,OG0001615,,group_1890,Cloud,,Probably not conserved
GCF_017068395.1,JWS13_RS26420,MHPVAKQQRLEVLIGILGFFTVMAFVAAVVEVFRGDPGVTPALVLAGCLVLSGLAITARKRVR,63,hypothetical protein, ,Derived by automated computational analysis using gene prediction method: Protein Homology.,OG0000051,Conserved,group_2423,Shell,Cloud,Cloud
GCF_017068395.1,JWS13_RS45575,MDANAGVEPRHADETAARGEVDDVSAAALPHSRQNRLCHRDEADDVGFELGSDLIE,56,hypothetical protein, ,Derived by automated computational analysis using gene prediction method: GeneMarkS-2+.,OG0001616,,group_952,Cloud,,Probably not conserved
GCF_017068395.1,JWS13_RS26820,MKREGIWSGTVVKKSRGLLDGSNLYRRVTVRTDDDRTAKVRVTRTLWNELAVGDRVVKDAGQEPHRA,67,hypothetical protein, ,Derived by automated computational analysis using gene prediction method: Protein Homology.,OG0000876,Cloud,group_2368,Cloud,,Cloud
GCF_017068395.1,JWS13_RS27020,MADPLIEELTERIGQAVARAAKNGDPLFGTVELTICELTELLEHIKRLSPTAE,53,hypothetical protein, ,Derived by automated computational analysis using gene prediction method: Protein Homology.,OG0000136,Shell,group_1144,Cloud,Cloud,Cloud
GCF_017068395.1,JWS13_RS27480,MATYRVLDPTGNVVETETKDIESAEDAHAWFVDVRADNSELGWRMEVRHTDGWSFFDDTEGAR,63,hypothetical protein, ,Derived by automated computational analysis using gene prediction method: Protein Homology.,OG0000066,Soft core,group_2218,Cloud,,Cloud
GCF_017068395.1,JWS13_RS27505,MRGDVLPRPARLEGLDHRAGEALVVLVTVKYGISAVNGHGKSVRSGALDEHGVVFASMRL,60,hypothetical protein, ,Derived by automated computational analysis using gene prediction method: GeneMarkS-2+.,OG0000877,Cloud,group_689,Cloud,,Cloud
GCF_017068395.1,JWS13_RS27685,MDRRFSPTDFRERQGQAEQAARSGSWWIVPAPVVALVAVATMMLVPRPSFDDTRSEFEQVDSH,63,hypothetical protein, ,Derived by automated computational analysis using gene prediction method: GeneMarkS-2+.,OG0001617,,group_460,Cloud,,Probably not conserved
GCF_017068395.1,JWS13_RS28070,MLDRLYAAVLAVAGLGYGGYILLDELTGGSDTPGEDDHHLHEVPSGADAHAATSL,55,hypothetical protein, ,Derived by automated computational analysis using gene prediction method: Protein Homology.,OG0000168,Shell,group_2489,Shell,,Shell
GCF_017068395.1,JWS13_RS28245,MPLLHVTQTPGQSAEAKRELLKKLTAAYVDATGAKPASVWVTIEEVSKDDWAIGGETLTERALKPA,66,4-oxalocrotonate tautomerase family protein, ,Derived by automated computational analysis using gene prediction method: Protein Homology.,OG0000224,Shell,group_213,Shell,,Shell
GCF_017068395.1,JWS13_RS28320,MVDAGRLTEKTGQGFYSYT,19,hypothetical protein, ,Derived by automated computational analysis using gene prediction method: Protein Homology.,OG0000878,Cloud,group_1957,Cloud,,Cloud
GCF_017068395.1,JWS13_RS46210,MAEVVARAGVSATIFERDITSANAATDRTQSSLARAVKSGRLDSNASTARRRCYTAWSMPVV,62,hypothetical protein, ,Derived by automated computational analysis using gene prediction method: Protein Homology.,OG0001618,,group_545,Cloud,,Probably not conserved
GCF_017068395.1,JWS13_RS46030,MSTGWVSHPMAPVEILFVGWMIRMPGSVSTAQIGSTPKWER,41,hypothetical protein, ,Derived by automated computational analysis using gene prediction method: GeneMarkS-2+.,OG0001619,,group_1851,Cloud,,Probably not conserved
GCF_017068395.1,JWS13_RS46220,MIDGEIYAIYETGETLLRPGDTVINRGIKHAWSNRTDKPVMMVAVMVAGTT,51,hypothetical protein, ,Derived by automated computational analysis using gene prediction method: Protein Homology.,OG0000879,Cloud,group_1264,Cloud,,Cloud
GCF_017068395.1,JWS13_RS29155,MESTAQPNPLECPDCHALTADLEAHKHWHSRLVHDIATAVDKDISRRAHT,50,hypothetical protein, ,Derived by automated computational analysis using gene prediction method: Protein Homology.,OG0000227,Shell,group_1261,Cloud,,Cloud
GCF_017068395.1,JWS13_RS29655,MSVDEERRQVELVVDRLAVEHVGVPRHTVEQIVHDVHATFDVGAVRDFVPLLVERSAKQKIAALTSF,67,hypothetical protein, ,Derived by automated computational analysis using gene prediction method: Protein Homology.,OG0000062,Soft core,group_2226,Cloud,,Cloud
GCF_017068395.1,JWS13_RS45650,MSFNLREICPTVELTNPDFSAVDARHFTHRRLRHPDSHGHSIDARLCRRGIRRT,54,hypothetical protein, ,Derived by automated computational analysis using gene prediction method: GeneMarkS-2+.,OG0001620,,group_1087,Cloud,,Probably not conserved
GCF_017068395.1,JWS13_RS31115,MSRSCRLTEHMGVEEYLSAIDGGDQVRIAKNCQHHAGSGQFWYLNV,46,hypothetical protein, ,Derived by automated computational analysis using gene prediction method: GeneMarkS-2+.,OG0001621,,group_1575,Cloud,,Probably not conserved
GCF_017068395.1,JWS13_RS31330,MLVRYRYPDDTTGRGQHPPDRKDYLAAAANRGMIRLSYEVIEWIPMIRPWAADGKSRTLSRL,62,hypothetical protein, ,Derived by automated computational analysis using gene prediction method: Protein Homology.,OG0001622,,group_546,Cloud,,Probably not conserved
GCF_017068395.1,JWS13_RS31345,MLPRPKFLTTIEYAPRIRARLATEKVLIGDARSRGWDREVERHEATCRRLQHLLDDLDDGETR,63,hypothetical protein, ,Derived by automated computational analysis using gene prediction method: GeneMarkS-2+.,OG0000864,Cloud,group_461,Cloud,,Cloud
GCF_017068395.1,JWS13_RS31400,MKIKIHEEKCVAAGACVMEAFDVFDQRDEDGVVVVIEDNPGPEQVDAVRRAAAACPAGVIKLHD,64,ferredoxin, ,Derived by automated computational analysis using gene prediction method: Protein Homology.,OG0000352,Cloud,group_381,Cloud,,Cloud
GCF_017068395.1,JWS13_RS31825,MGSSEVFTDLVAWGAEGFLNGNPVQSAVGAVLFLGLGLWDLVTGAPIVI,49,hypothetical protein, ,Derived by automated computational analysis using gene prediction method: Protein Homology.,OG0000137,Shell,group_1383,Cloud,,Cloud
GCF_017068395.1,JWS13_RS32290,MSTDFKLFRCAQCGFEYDEAEGWPEDGIEPGTRWDDIPDDWSCPDCGAAKADFDMVEVSRA,61,rubredoxin, ,Derived by automated computational analysis using gene prediction method: Protein Homology.,OG0000007,Conserved,group_2335,Shell,,Shell
GCF_017068395.1,JWS13_RS32295,MAAYQCPVCDYVYDEASGAPREGFPAGTPWADVPDDWCCPDCGVREKIDFETKVA,55,rubredoxin, ,Derived by automated computational analysis using gene prediction method: Protein Homology.,OG0000053,Core,group_2321,Shell,Cloud,Cloud
GCF_017068395.1,JWS13_RS46230,MTESGRVCVPGEFRGLLKVLRVRWPGEKLYVVLDNFSPHRPPTVKAWAAANDVELVFLPTYGSG,64,transposase, ,Derived by automated computational analysis using gene prediction method: Protein Homology.,OG0001623,,group_382,Cloud,,Probably not conserved
GCF_017068395.1,JWS13_RS32715,MAVTHLAAFLDHLMVAIQTYAYYDFVDALDEDLNHIPHRRRSEVA,45,hypothetical protein, ,Derived by automated computational analysis using gene prediction method: GeneMarkS-2+.,OG0000407,Cloud,group_1624,Cloud,,Cloud
GCF_017068395.1,JWS13_RS45705,MLGLLLVPVAVWILRGIAVLQTGLTRRLLGDGGPVWVVPVAVILAVAGALLFRSWLHQI,59,hypothetical protein, ,Derived by automated computational analysis using gene prediction method: GeneMarkS-2+.,OG0001624,,group_762,Cloud,,Probably not conserved
GCF_017068395.1,JWS13_RS46045,MSADQTYSTTVNPFTTDSARRALFALRAFPAGLAALGAAGCSTG,44,hypothetical protein, ,Derived by automated computational analysis using gene prediction method: GeneMarkS-2+.,OG0001625,,group_1678,Cloud,,Probably not conserved
GCF_017068395.1,JWS13_RS33195,MNPVHDPDVVYLADHSVLLAIPAFVPAFLVAGLVIYLAVRDRKAEAAENAENAKHGPSENEEEN,64,hypothetical protein, ,Derived by automated computational analysis using gene prediction method: Protein Homology.,OG0000167,Shell,group_2396,Shell,Shell,Shell
GCF_017068395.1,JWS13_RS33720,MATIEEFEQTVTDKVIAGLHDRFADYERRGVGLAELGDPDRFVERILAAVPAPHPWYEQFGTAWSSAPA,69,hypothetical protein, ,Derived by automated computational analysis using gene prediction method: Protein Homology.,OG0000166,Shell,group_2132,Shell,Shell,Shell
GCF_017068395.1,JWS13_RS46235,MLTEGFVSAWGRLHVDLCRLSTSICHS,27,putative leader peptide, ,Derived by automated computational analysis using gene prediction method: Protein Homology.,OG0000132,Shell,group_1953,Cloud,Cloud,Cloud
GCF_017068395.1,JWS13_RS34650,MTFDSNTPRQFTRSDSQKMLAGVCGGVAEYFSVDVNLVRLLTVVATLVTGGTAALVYLAAWMLMPAGH,68,pspc domain-containing protein, ,Derived by automated computational analysis using gene prediction method: Protein Homology.,OG0000021,Conserved,group_2380,Conserved,Soft core,Soft core
GCF_017068395.1,JWS13_RS34805,MIVLGLILLLIGWLAGINWLWTIGIILVVIGVVLWILGATGRAVGGRRRWY,51,duf6131 family protein, ,Derived by automated computational analysis using gene prediction method: Protein Homology.,OG0000000,Conserved,group_2247,Shell,Shell,Shell
GCF_017068395.1,JWS13_RS35320,MGSVIKKRRKRMSKKKHRKLLRRTRVQRRKLGK,33,aurkaip1/cox24 domain-containing protein, ,Derived by automated computational analysis using gene prediction method: Protein Homology.,OG0000022,Conserved,group_1939,Conserved,Conserved,Conserved
GCF_017068395.1,JWS13_RS35455,MIYLLALIGLVTVAVLMWKAFGPNTRPVLSTRVQGPDDDPDFLWKVDRETRRKKSDEPDAGPADPAG,67,hypothetical protein, ,Derived by automated computational analysis using gene prediction method: Protein Homology.,OG0000023,Conserved,group_2246,Shell,Conserved,Shell
GCF_017068395.1,JWS13_RS35530,MGALSPSHWAIIAVVLVVLFGSKKLPDAARGLGRSMRILKTEVGELQADAPELEK,55,sec-independent protein translocase subunit tata, ,Derived by automated computational analysis using gene prediction method: Protein Homology.,OG0000019,Conserved,group_2146,Shell,Shell,Shell
GCF_017068395.1,JWS13_RS35680,MASSTDVRPKITLACEVCKHRNYITKKNRRNDPDRLEIKKFCPNCGTHQSHRESK,55,50s ribosomal protein l33, ,Derived by automated computational analysis using gene prediction method: Protein Homology.,OG0000024,Conserved,rpmG,Conserved,Conserved,Conserved
GCF_017068395.1,JWS13_RS35810,MSEKKIDRVKAESALEVVRESPTIALITVAPALVVFGVVWWLFGFWSALVLVLILGVVAVVGRKLF,66,hypothetical protein, ,Derived by automated computational analysis using gene prediction method: Protein Homology.,OG0000025,Conserved,group_2209,Conserved,Soft core,Soft core
GCF_017068395.1,JWS13_RS36010,MNSTITGLIVGLLLAIAGILGGFSGFVFAVLLGALGMAVGAHRDGHLDLGAILRSRGRG,59,hypothetical protein, ,Derived by automated computational analysis using gene prediction method: Protein Homology.,OG0000026,Conserved,group_2303,Conserved,Shell,Shell
GCF_017068395.1,JWS13_RS36065,MGSGPVKAIMWSLLVVGLVGAGVGISELHVPWTVASLIVASVSGLVLLRIRADAHPELHSERRMAAG,67,hypothetical protein, ,Derived by automated computational analysis using gene prediction method: Protein Homology.,OG0000165,Shell,group_2193,Shell,Shell,Shell
GCF_017068395.1,JWS13_RS36725,MPANDIRDWLYEPVGVLTTSSHESEDGEWVRVAEYLDIPGCVAAAGTAEEAVAAVEQLKQQYLVRRDS,68,hypothetical protein, ,Derived by automated computational analysis using gene prediction method: GeneMarkS-2+.,OG0001626,,group_85,Cloud,,Probably not conserved
GCF_017068395.1,JWS13_RS37025,MSHDPHPAPRPGEEMMVMPRAAAVPNLGMHFADDLEHASALLLRDHAYPDGRSGPG,56,hypothetical protein, ,Derived by automated computational analysis using gene prediction method: Protein Homology.,OG0000617,Cloud,group_2402,Cloud,Cloud,Cloud
GCF_017068395.1,JWS13_RS37290,MIRVSVDNTKCIAAGLCVGREPGIFDQNDDDGLVFVHRENVLPGEQEGVIESERICPSGAIVVHTD,66,ferredoxin, ,Derived by automated computational analysis using gene prediction method: Protein Homology.,OG0000352,Cloud,group_2432,Cloud,Cloud,Cloud
GCF_017068395.1,JWS13_RS37415,MPTHHPSRTYRGCALCSPRKRRGIGVAARETIPTLRKLGKSRRLNRRDLGDYVDDLRERDEQ,62,hypothetical protein, ,Derived by automated computational analysis using gene prediction method: Protein Homology.,OG0000418,Cloud,group_2454,Cloud,Cloud,Cloud
GCF_017068395.1,JWS13_RS37450,MATRRLHPLCDRAQASRLADPIGEPVRSFRCLSDHPATLTRNDIRHAPDLPTIPLAAAQPQRNKPR,66,hypothetical protein, ,Derived by automated computational analysis using gene prediction method: GeneMarkS-2+.,OG0001627,,group_241,Cloud,,Probably not conserved
GCF_017068395.1,JWS13_RS37455,MTVLIVAAAVLAAVVVLGLIGDGSMDFYAVAEREAANQRDKAERSRTHDRMRDRSAGGWNASRRSPAM,68,hypothetical protein, ,Derived by automated computational analysis using gene prediction method: GeneMarkS-2+.,OG0001628,,group_86,Cloud,,Probably not conserved
GCF_017068395.1,JWS13_RS37470,MPEKKHKPGPEPGALGTGARVLVLVRRPSEVAQTGRIIELEDARRQGSMISRAY,54,hypothetical protein, ,Derived by automated computational analysis using gene prediction method: GeneMarkS-2+.,OG0001629,,group_1088,Cloud,,Probably not conserved
GCF_017068395.1,JWS13_RS37500,MNLQTAQNTIQAAGVFFSRSADATGAGRKQVLDSNWVVVGQQPSPGELIGEGDAVLSVVKIGEPNNC,67,calcium-binding protein, ,Derived by automated computational analysis using gene prediction method: Protein Homology.,OG0000253,Shell,group_2453,Shell,Cloud,Shell
GCF_017068395.1,JWS13_RS37805,MTDERPAKNQTRPDKAIRSTPKEDTADVSKTDLAAVVDALTATNEKNFDF,50,hypothetical protein, ,Derived by automated computational analysis using gene prediction method: Protein Homology.,OG0000164,Shell,group_2447,Shell,Cloud,Shell
GCF_017068395.1,JWS13_RS38050,MTSPGDEALPLAEPDDDLGGDPVCWLDRVCPDCGLFLTDRTASTCPRCGAARDR,54,hypothetical protein, ,Derived by automated computational analysis using gene prediction method: Protein Homology.,OG0000163,Shell,group_2435,Shell,Shell,Shell
GCF_017068395.1,JWS13_RS38475,MLITIAHARERQRVYLESAWDAAITPGLSGRISETEGFIPDVYVNPWAKVDEG,53,hypothetical protein, ,Derived by automated computational analysis using gene prediction method: GeneMarkS-2+.,OG0001630,,group_1145,Cloud,,Probably not conserved
GCF_017068395.1,JWS13_RS38940,MVGKFERRKDTVQELTESAATHVGQIATIIAGAVRDVTREIGDWVSDGIEMREAAKKAREDEGEDEAVD,69,hypothetical protein, ,Derived by automated computational analysis using gene prediction method: Protein Homology.,OG0000149,Shell,group_2446,Shell,Shell,Shell
GCF_017068395.1,JWS13_RS38990,MVNEERPAEQQNLILSAAGAVAGLVAGAAVGAGIALTFAVGAVLGGPYESNRIDEQGT,58,hypothetical protein, ,Derived by automated computational analysis using gene prediction method: GeneMarkS-2+.,OG0001631,,group_835,Cloud,,Probably not conserved
GCF_017068395.1,JWS13_RS39055,MKTAYHDGKYWRVGAIRRHPIAYAELHRPDEHSVSVPLSKLRLEEPRT,48,hypothetical protein, ,Derived by automated computational analysis using gene prediction method: GeneMarkS-2+.,OG0000826,Cloud,group_2452,Cloud,Cloud,Cloud
GCF_017068395.1,JWS13_RS39085,MREEVEMPSLFDQLYDASAQLAHAHAEGNLIGVMDLETQMNNLLDTLSARGGNDASQ,57,hypothetical protein, ,Derived by automated computational analysis using gene prediction method: Protein Homology.,OG0000296,Cloud,group_888,Cloud,Cloud,Cloud
GCF_017068395.1,JWS13_RS45760,MNDHHVQLFSELHSTAGSQAGGEDAGEALRPVDPEHRTATEVHRALFSDQ,50,hypothetical protein, ,Derived by automated computational analysis using gene prediction method: GeneMarkS-2+.,OG0000162,Shell,group_2285,Shell,Shell,Shell
GCF_017068395.1,JWS13_RS39780,MSESERTDLDVDDELDAGQVWRAQRVVAAQSLDAEDCRMLLSMLGIAGNPDSPGPD,56,hypothetical protein, ,Derived by automated computational analysis using gene prediction method: Protein Homology.,OG0000161,Shell,group_2171,Shell,Shell,Shell
GCF_017068395.1,JWS13_RS39860,MDRMASWWDGFELWIAGLPFVPQVALVLLVMVPVCRGLAWLLDRGLAAVFVLLRRDVPKVEEP,63,hypothetical protein, ,Derived by automated computational analysis using gene prediction method: Protein Homology.,OG0000056,Core,group_427,Shell,Shell,Shell
GCF_017068395.1,JWS13_RS40045,MTAAGILAVALIAIAAALVVYLLVALIDPERF,32,k(+)-transporting atpase subunit f, ,Derived by automated computational analysis using gene prediction method: Protein Homology.,OG0000055,Core,group_2327,Shell,Soft core,Shell
GCF_017068395.1,JWS13_RS40255,MSRYKVTLRNGTSSDRTFESDFQAVNETHRPTEPGAGIVKIDRYEDGGAVAGVWAAPATSRPTR,64,hypothetical protein, ,Derived by automated computational analysis using gene prediction method: Protein Homology.,OG0000113,Soft core,group_2295,Shell,Shell,Shell
GCF_017068395.1,JWS13_RS40260,MSRDVTKLGDDELLALLGEQRALLGESIANDYGCGTVSTVTSRIAEFEAELDRRGSTASRDGI,63,hypothetical protein, ,Derived by automated computational analysis using gene prediction method: Protein Homology.,OG0000192,Shell,group_2325,Shell,Shell,Shell
GCF_017068395.1,JWS13_RS40350,MTDEDHLWYYNVEDGTVTQGKAASSMTRMGPYPDRAAAEKALQIAAERNKAADRADEEWNK,61,hypothetical protein, ,Derived by automated computational analysis using gene prediction method: Protein Homology.,OG0000042,Conserved,group_2293,Shell,Soft core,Shell
GCF_017068395.1,JWS13_RS40905,MATYRYLDKDRNVLEEQDFGTVQDAEEHRLSVLGAEIIEEVEDSSAPES,49,hypothetical protein, ,Derived by automated computational analysis using gene prediction method: Protein Homology.,OG0000054,Core,group_2183,Shell,Soft core,Shell
GCF_017068395.1,JWS13_RS40910,MHVAVGDRLHVQGRVVGVHETTAEVVEVHGENGEPPYLVRYDDGHEALVFPGSDAWVEHPKS,62,duf1918 domain-containing protein, ,Derived by automated computational analysis using gene prediction method: Protein Homology.,OG0000041,Conserved,group_504,Shell,Soft core,Shell
GCF_017068395.1,JWS13_RS41080,MSVVLVYVLFIAAGIAAGGAYSMWKFNKLASGVLLALAVLAAVAGVLRLM,50,hypothetical protein, ,Derived by automated computational analysis using gene prediction method: Protein Homology.,OG0000040,Conserved,group_1297,Shell,Core,Shell
GCF_017068395.1,JWS13_RS41120,MPLIQISQTPGLTAEQKRATIEAVTKAYADATGKDPAKVWVTITEVPRDSWGVGGTPLG,59,2-hydroxymuconate tautomerase family protein, ,Derived by automated computational analysis using gene prediction method: Protein Homology.,OG0000160,Shell,group_2162,Shell,Shell,Shell
GCF_017068395.1,JWS13_RS41410,MPKSKTHSGTAKRFKVSGSGKILRQKAGRRHLLEHKATKVTRRLDGVAVVSKADTPRIKRLLDI,64,50s ribosomal protein l35, ,Derived by automated computational analysis using gene prediction method: Protein Homology.,OG0000039,Conserved,rpmI,Shell,Soft core,Shell
GCF_017068395.1,JWS13_RS41485,MVIDPTLLGILACPQDKGPLLLVGDEWLYNPRLRRAYPIENGIPVLLIDEARDVDAAEHETLLARASGES,70,trm112 family protein, ,Derived by automated computational analysis using gene prediction method: Protein Homology.,OG0000038,Conserved,,,Soft core,Soft core
GCF_017068395.1,JWS13_RS41875,MSSSDTTGETEFPASMGKVSRRELASHGYTRFDQLTTVTAKELLKIHGVGPKAIRILEAELAERGLGFAG,70,hypothetical protein, ,Derived by automated computational analysis using gene prediction method: Protein Homology.,OG0000050,Conserved,,,Shell,Shell
GCF_017068395.1,JWS13_RS41990,MAQEQTKRTGGGDEDDTPGGDGAAGQERREKLAEDTDDLLDEIDDVLEENAEDFVRAYVQKGGQ,64,ubiquitin-like protein pup, ,Derived by automated computational analysis using gene prediction method: Protein Homology.,OG0000037,Conserved,group_343,Shell,Shell,Shell
GCF_017068395.1,JWS13_RS42220,MVSEHRGRSYRLLHTIRASVGGAAFLAGLVMGAMALVILAFPAPGVQAATVTFQCQCS,58,hypothetical protein, ,Derived by automated computational analysis using gene prediction method: GeneMarkS-2+.,OG0000126,Shell,group_836,Cloud,,Cloud
GCF_017068395.1,JWS13_RS42370,MAPITENLGTNLLNTLRVSVVGTVLYAGLIMGVVVVAVWKFPMPGV,46,hypothetical protein, ,Derived by automated computational analysis using gene prediction method: Protein Homology.,OG0000126,Shell,group_2344,Cloud,Cloud,Cloud
GCF_017068395.1,JWS13_RS42460,MNDDQRRALEHVRDTCAMLHCFLTTHPSDRPPERVRTATFEQLTDDLLDAVTSAQNAGVPEERIFDIM,68,hypothetical protein, ,Derived by automated computational analysis using gene prediction method: Protein Homology.,OG0000135,Shell,group_2182,Cloud,Cloud,Cloud
GCF_017068395.1,JWS13_RS42470,MNRTDLPQTLRRSSKEVQAAFATAHETAVRRYGEGEEAQRAAYGELKQSFELVTDHWVPKQD,62,chab family protein, ,Derived by automated computational analysis using gene prediction method: Protein Homology.,OG0000159,Shell,group_503,Cloud,Cloud,Cloud
GCF_017068395.1,JWS13_RS46055,MDRAPGSMTRLAALICLARRRSDITYAIVENKTYDRTPSAAAA,43,hypothetical protein, ,Derived by automated computational analysis using gene prediction method: GeneMarkS-2+.,OG0001632,,group_1732,Cloud,,Probably not conserved
GCF_017068395.1,JWS13_RS42965,MTVHILVRSSGKRGWMLRCDLCEHRFDAAVAGRPEAVAFARTNGWIVGEATWCPMCAATHTTRRTA,66,hypothetical protein, ,Derived by automated computational analysis using gene prediction method: GeneMarkS-2+.,OG0000154,Shell,group_2347,Cloud,Cloud,Cloud
GCF_017068395.1,JWS13_RS43020,MATVSITPATPTVSRTPRHGGSMSTAEIKSRIEAMFADDRTPARRKVTS,49,hypothetical protein, ,Derived by automated computational analysis using gene prediction method: Protein Homology.,OG0000002,Conserved,group_2516,Shell,Cloud,Cloud
GCF_017068395.1,JWS13_RS43025,MIDNRLLPVPVGDRTAARDRSGHTEPSTDLLPRHATGKRIDHRPGEEFFVLFAR,54,hypothetical protein, ,Derived by automated computational analysis using gene prediction method: GeneMarkS-2+.,OG0000877,Cloud,group_1089,Cloud,,Cloud
GCF_017068395.1,JWS13_RS43255,MITTLFKTLATPLAVFLDHVMVPRRTYEFVDLSEELAGETDVRRDTKAAI,50,hypothetical protein, ,Derived by automated computational analysis using gene prediction method: Protein Homology.,OG0000407,Cloud,group_1328,Cloud,,Cloud
GCF_017068395.1,JWS13_RS43415,MARISKKSGADLLDALRVSVIGTVVCAGLVMGVIVVAMWNFPVPGV,46,hypothetical protein, ,Derived by automated computational analysis using gene prediction method: Protein Homology.,OG0000126,Shell,group_2515,Shell,Cloud,Shell
GCF_017068395.1,JWS13_RS43585,MRLSTRNQLTGTITEVTLGSVMATVKVRLDGGEQIVTASITKEAVEELGLQAGVTATVLVKSTEVMLGVD,70,tobe domain-containing protein, ,Derived by automated computational analysis using gene prediction method: Protein Homology.,OG0000064,Soft core,,,Cloud,Cloud
GCF_017068395.1,JWS13_RS43645,MSTNTYPTIETIRIGQYGHECRYCGHAVAKDGPGYRHTTTGQYRCDPTSRALQEARLSDSLVRS,64,hypothetical protein, ,Derived by automated computational analysis using gene prediction method: Protein Homology.,OG0000148,Shell,group_2235,Cloud,Cloud,Cloud
GCF_017068395.1,JWS13_RS44095,MNMGKKIRHKVETAEGAAKKAVGRATGDAHLEAEGSKEQARGNAKQMGDKVKDAGKKIKNALKH,64,csbd family protein, ,Derived by automated computational analysis using gene prediction method: Protein Homology.,OG0000073,Shell,group_2161,Cloud,Shell,Shell
GCF_017068395.1,JWS13_RS44105,MSEMVPADDTRRIALVDLLDRVLGGGVVITGEITLSLADVDMVRISLRTLIASVSALVPDPAEQDSADG,69,gas vesicle protein, ,Derived by automated computational analysis using gene prediction method: Protein Homology.,OG0000145,Shell,group_2283,Cloud,Shell,Shell
GCF_017068395.1,JWS13_RS44290,METGTDATKTCSSCHGPIGYEIKDAHAGFASLPPGKRYRVFHCMNRCSQSSPDGLECGHRHEYL,64,hypothetical protein, ,Derived by automated computational analysis using gene prediction method: Protein Homology.,OG0000203,Shell,group_2135,Cloud,Cloud,Cloud
GCF_017068395.1,JWS13_RS44355,MHSDTRIREALHGHTKVTRRFALADVALTTFVCLVCATGIGIITGSVLAAATGGLIVVLATALMVAAV,68,hypothetical protein, ,Derived by automated computational analysis using gene prediction method: Protein Homology.,OG0000158,Shell,group_2398,Cloud,Shell,Shell
GCF_017068395.1,JWS13_RS44385,MIGFTALAQGLLTNKYLNGVPDGSRAAAGSSLDPASITPAVVEQLRALDDIASARG,56,hypothetical protein, ,Derived by automated computational analysis using gene prediction method: GeneMarkS-2+.,OG0001633,,group_953,Cloud,,Probably not conserved
GCF_017068395.1,JWS13_RS44420,MSERYNGRPPQTRVIRAGTALHRISGTGSPYPPNSFNRSGIRALGDSLQGRFEPIDDSHGGYL,63,hypothetical protein, ,Derived by automated computational analysis using gene prediction method: GeneMarkS-2+.,OG0001634,,group_462,Cloud,,Probably not conserved
GCF_017068395.1,JWS13_RS45825,MPQHQPKVGMLLVADKNESVVRYALAGTTQPIAVSRFDLSPAEQAALPAEDALTRAVALELGDHTPE,67,pddexk nuclease domain-containing protein, ,Derived by automated computational analysis using gene prediction method: Protein Homology.,OG0001635,,group_167,Cloud,,Probably not conserved
GCF_017068395.1,JWS13_RS44510,MFDYGPVHRPHYAMPALFSATDPRPVVAAFQALSHACATYAEHVDTLLAATRAEFGIPE,59,hypothetical protein, ,Derived by automated computational analysis using gene prediction method: GeneMarkS-2+.,OG0001636,,group_763,Cloud,,Probably not conserved
GCF_017068395.1,JWS13_RS45830,MPEIASRHRTQPPPPRFVFEALTNPDRDPVRPWLILHNDEQRPTIAEAVEPNLVVWTSIWPW,62,hypothetical protein, ,Derived by automated computational analysis using gene prediction method: GeneMarkS-2+.,OG0000607,Cloud,group_547,Cloud,,Cloud
GCF_017068395.1,JWS13_RS46065,MDSFIHLAGDSWNFWSPFPPAITSWLIDVMGQLSRAGIIPGGS,43,hypothetical protein, ,Derived by automated computational analysis using gene prediction method: Protein Homology.,OG0000266,Cloud,group_1733,Cloud,,Cloud
GCF_017068395.1,JWS13_RS44835,MNTFTPVSARNRGFAPSRGSMSTVEIKNRIEAMFREDDERESIAVRPE,48,hypothetical protein, ,Derived by automated computational analysis using gene prediction method: GeneMarkS-2+.,OG0000190,Shell,group_2430,Cloud,,Cloud
GCF_017068395.1,JWS13_RS44865,MSESTHDDKDEPKGGRPGPADHGKDGGMATRENAPELTEDSADTETD,47,hypothetical protein, ,Derived by automated computational analysis using gene prediction method: GeneMarkS-2+.,OG0000018,Core,group_2443,Cloud,,Cloud
GCF_017068395.1,JWS13_RS44895,MLTGTVRWFNADQGFGFLAPADGSDDVFVHVSEIAGDGHRILVDGQRVSFTVCRTDTGNQARDVRIA,67,cold shock domain-containing protein, ,Derived by automated computational analysis using gene prediction method: Protein Homology.,OG0000157,Shell,group_2444,Cloud,,Cloud
GCF_017068395.1,JWS13_RS45065,MSRSHAATAEVDVGAALRQSIGKYEPGGSQGLRLSSVPAWVGETPQ,46,hypothetical protein, ,Derived by automated computational analysis using gene prediction method: GeneMarkS-2+.,OG0001637,,,,,Probably not conserved
GCF_017068395.1,JWS13_RS04760,MGSSAVEQLWQALSENELALVCVRGPMAACVDLSTVGDDGLGELTWMARETGEVTEQYLDAAGCGAPAT,69,hypothetical protein, ,Derived by automated computational analysis using gene prediction method: Protein Homology.,OG0000143,Shell,,,,Probably not conserved
GCF_017068395.1,JWS13_RS04765,MTGIVFDVPNQVGDVTFWPWTWWNAWRPGGTSSEETVMIGLLPDLFGANPLEGRCVAADR,60,hypothetical protein, ,Derived by automated computational analysis using gene prediction method: GeneMarkS-2+.,OG0001638,,,,,Probably not conserved
GCF_017068395.1,JWS13_RS04775,MNHRTAADLERELAMLASVRDRLRSSEGDDFRIPTTAVDHVLDERYSYRDPTVTPTRARPGRST,64,hypothetical protein, ,Derived by automated computational analysis using gene prediction method: Protein Homology.,OG0000117,Shell,,,,Probably not conserved
GCF_017068395.1,JWS13_RS04800,MGIERISLELPTGSALDEVEAKAAASLRAQGIRPFSDLSLQTTLTTGNPDLSRYTLTYWVDDHPRN,66,hypothetical protein, ,Derived by automated computational analysis using gene prediction method: Protein Homology.,OG0000279,Cloud,,,,Probably not conserved
GCF_017068395.1,JWS13_RS05065,MSTTAVIEESAELAAARARYCAAIGGGSHEEFVAAKVALVELGTGRTLSGDEIDYL,56,hypothetical protein, ,Derived by automated computational analysis using gene prediction method: GeneMarkS-2+.,OG0000856,Cloud,,,,Probably not conserved
GCF_017068395.1,JWS13_RS05080,MTENPGTHAGLEIGDKVKVHSEGTSVFTTHEHCGDDALVESVLSAPGTYPFHTKLDRLVPVES,63,hypothetical protein, ,Derived by automated computational analysis using gene prediction method: Protein Homology.,OG0000072,Soft core,,,,Probably not conserved
GCF_017068395.1,JWS13_RS05145,MSHLIAEAVTPDHRDRITIVHGYRRDEAGSQFAAVEFADGTAGEVDVLDIFLSVPEAVAVAA,62,hypothetical protein, ,Derived by automated computational analysis using gene prediction method: Protein Homology.,OG0000543,Cloud,,,,Probably not conserved
GCF_017068395.1,JWS13_RS05180,MAALSDEQLDEIRRQLDQGMTPDAIADYLGRVADLDLMDIETVRTAAYALSRGETP,56,hypothetical protein, ,Derived by automated computational analysis using gene prediction method: Protein Homology.,OG0000256,Shell,group_2367,Cloud,,Cloud
GCF_017068395.1,JWS13_RS05340,MTDYTDTDSTAPEQQPKPRMPRPAIGSIAAAAGLLGSTIGGSFGPLSIVSQASIHNAHCGD,61,hypothetical protein, ,Derived by automated computational analysis using gene prediction method: Protein Homology.,OG0000880,Cloud,,,,Probably not conserved
GCF_017068395.1,JWS13_RS04150,MSLDHHVHTDDERDAFQLHESGLTWTQIAHEIGCTEATAQAFAAAYQQRTDTAAAETQISLF,62,hypothetical protein, ,Derived by automated computational analysis using gene prediction method: Protein Homology.,OG0000063,Soft core,,,,Probably not conserved
GCF_017068395.1,JWS13_RS04185,MNVGDRVMLHPEGVSVFSILDIEDDHARIESIIDSPGKYAFSVAVKFLVPAKS,53,hypothetical protein, ,Derived by automated computational analysis using gene prediction method: Protein Homology.,OG0000072,Soft core,,,,Probably not conserved
GCF_017068395.1,JWS13_RS04205,MVTTTNANSTDGDETVTRSIRRRRFVHYAAVPIAGLAAVGIAFGATGIASAGTLPALD,58,hypothetical protein, ,Derived by automated computational analysis using gene prediction method: GeneMarkS-2+.,OG0001639,,,,,Probably not conserved
GCF_017068395.1,JWS13_RS04230,MAYSYKVVEIRDKLMGGNKMSGETLEEVLNQHAQQGWRLKTITATDVRQPASARSRVDGLMITFERES,68,duf4177 domain-containing protein, ,Derived by automated computational analysis using gene prediction method: Protein Homology.,OG0000370,Cloud,,,,Probably not conserved
GCF_017068395.1,JWS13_RS04250,MTNTENLAPELAVVIETAVALDSAVSAGEPLDITDLVKAYGAARQAAQDAGHSLETIEAVTAGALD,66,hypothetical protein, ,Derived by automated computational analysis using gene prediction method: GeneMarkS-2+.,OG0000226,Shell,,,,Probably not conserved
GCF_017068395.1,JWS13_RS04270,MPDELYDLLDSERKAHGVTSVSQYVSDLLALRAGRPDLVRELNLDQEVLPLTA,53,toxin-antitoxin system, ,Derived by automated computational analysis using gene prediction method: Protein Homology.,OG0000139,Shell,,,,Probably not conserved
GCF_017068395.1,JWS13_RS04405,MNENEAVVQRSTVEAALYQATKHTWSVPDADLEAIVAGASAGPLHRTAAGIDMAFPNPDALRGLL,65,hypothetical protein, ,Derived by automated computational analysis using gene prediction method: Protein Homology.,OG0000121,Shell,,,,Probably not conserved
GCF_017068395.1,JWS13_RS45405,MGTINTHLSRVRDKYARTGRPASNKAALLVRVLQDHILTLAELDDV,46,hypothetical protein, ,Derived by automated computational analysis using gene prediction method: GeneMarkS-2+.,OG0001640,,,,,Probably not conserved
GCF_017068395.1,JWS13_RS04605,MTFTVTHRSFDQLSEFAVTDFGPDDSYSIHDSGALVIVRAHQELIYAPGSWFLVERADVAEDESAGNYM,69,hypothetical protein, ,Derived by automated computational analysis using gene prediction method: Protein Homology.,OG0000151,Shell,,,,Probably not conserved
GCF_017068395.1,JWS13_RS03775,MGLRLDTEAGARILVRSSTQDSFAFAGWEVENEAALKGICSRLKLRVHNRRTDPTWPPSVAWWTW,65,hypothetical protein, ,Derived by automated computational analysis using gene prediction method: GeneMarkS-2+.,OG0001641,,,,,Probably not conserved
GCF_017068395.1,JWS13_RS03860,MAENPGTRSGLKVGDKVTVHAEATSVFTIVSIDGDDALIESIASTPGTYPFHCKLERLVAVES,63,hypothetical protein, ,Derived by automated computational analysis using gene prediction method: Protein Homology.,OG0000072,Soft core,,,,Probably not conserved
GCF_017068395.1,JWS13_RS03865,MTVHALVRSAGRRGWTLRCDLCEHTFTTAVAGRPEAVAFARTHGWIVGERTLCPMCAVTDTARRTA,66,hypothetical protein, ,Derived by automated computational analysis using gene prediction method: GeneMarkS-2+.,OG0000154,Shell,,,,Probably not conserved
GCF_017068395.1,JWS13_RS03915,MGLFTDGKGRPELVMHPDIKLGRAHYRPVDDEPEPEETPKQRARRELKMRLSAEKRAREKKEKPGDTNPQ,70,hypothetical protein, ,Derived by automated computational analysis using gene prediction method: Protein Homology.,OG0000273,Cloud,,,,Probably not conserved
GCF_017068395.1,JWS13_RS45390,MAQTVYIADIELDQDYYDRGIAARRSAHTHLADVTDILDGIEDEADKLLADLLVVLDNIDVE,62,hypothetical protein, ,Derived by automated computational analysis using gene prediction method: GeneMarkS-2+.,OG0000468,Cloud,,,,Probably not conserved
GCF_017068395.1,JWS13_RS04065,MGIWPTTSVIVVVAVGNESVTTVAVGRTGEVIGDRVTGPAHDECSGSYAVVAGWVSAHGVAVGRLR,66,hypothetical protein, ,Derived by automated computational analysis using gene prediction method: GeneMarkS-2+.,OG0001642,,,,,Probably not conserved
GCF_017068395.1,JWS13_RS02265,MTNEKGMNMDNEASFVEQRAKALLSEFVLDDHAESSHRRKVDLSWSSSGRSLP,53,hypothetical protein, ,Derived by automated computational analysis using gene prediction method: GeneMarkS-2+.,OG0000235,Shell,,,,Probably not conserved
GCF_017068395.1,JWS13_RS02595,MTADKPRHRRPDLTFHPDIFAAPAQFRVVKAAPHDDADPTADTTQGKEGSGAHTGRRDGKGL,62,hypothetical protein, ,Derived by automated computational analysis using gene prediction method: GeneMarkS-2+.,OG0000217,Shell,,,,Probably not conserved
GCF_017068395.1,JWS13_RS02670,MGRQAAVVLYVLALVAVVVGVDILFFRHHFWERLLVNVGIVLVFAAFYLRFLKGS,55,hypothetical protein, ,Derived by automated computational analysis using gene prediction method: Protein Homology.,OG0000623,Cloud,,,,Probably not conserved
GCF_017068395.1,JWS13_RS02680,MTENSGTREGLRVGDRVKVHAEGASVFVIVSVEGEDALIESVDEGAPGRFPFHCKLSRPVPAES,64,hypothetical protein, ,Derived by automated computational analysis using gene prediction method: Protein Homology.,OG0000072,Soft core,,,,Probably not conserved
GCF_017068395.1,JWS13_RS02770,MSAAGSGDLVRYADRVLAGTGITAHQVAAVVAGTATDAAAAALRAGWRCAANPVHVGSDEGRGAA,65,hypothetical protein, ,Derived by automated computational analysis using gene prediction method: Protein Homology.,OG0000134,Shell,,,,Probably not conserved
GCF_017068395.1,JWS13_RS45925,MGVGSVHDTLVDYDGMDYRWALGAQVTTDAPHDFGMPAVVTR,42,hypothetical protein, ,Derived by automated computational analysis using gene prediction method: GeneMarkS-2+.,OG0000230,Shell,,,,Probably not conserved
GCF_017068395.1,JWS13_RS02825,MALAYAPGSSVDTTRLAVISFANIVLFAMLALYLVGFDQGAISRSGMYMHELMHDGRHLMGLPCH,65,cbtb domain-containing protein, ,Derived by automated computational analysis using gene prediction method: Protein Homology.,OG0000008,Conserved,,,,Probably not conserved
GCF_017068395.1,JWS13_RS02865,MSVGSWKNLFGKGKDAVSQNADKIQSAIDKAAIAADSKTNRKYSGQIRKVADAAKKAIPPKK,62,antitoxin, ,Derived by automated computational analysis using gene prediction method: Protein Homology.,OG0000010,Conserved,,,,Probably not conserved
GCF_017068395.1,JWS13_RS03075,MTVTPDSSPATKEQKRCPPWLVTLLGLFVFLATLTLLGVLIKSEDSGDHMNSGAAVSFTHLPETGPSAW,69,hypothetical protein, ,Derived by automated computational analysis using gene prediction method: GeneMarkS-2+.,OG0001643,,,,,Probably not conserved
GCF_017068395.1,JWS13_RS03080,MRSRHGRGRGAPPRSLFDALLADSDDMTRRYEIVWDSLDEADSLESA,47,hypothetical protein, ,Derived by automated computational analysis using gene prediction method: GeneMarkS-2+.,OG0000866,Cloud,,,,Probably not conserved
GCF_017068395.1,JWS13_RS03090,MSESLESLPSVAGEFLAPDCAGDQTGRPDPCPWLVQHILRFLVRETASGCTTGAMGPAADLEV,63,hypothetical protein, ,Derived by automated computational analysis using gene prediction method: GeneMarkS-2+.,OG0001644,,,,,Probably not conserved
GCF_017068395.1,JWS13_RS45930,MRASGKITGVIFNDNDIRSDVFVVRNQPVQTDDAEQLLTR,40,hypothetical protein, ,Derived by automated computational analysis using gene prediction method: GeneMarkS-2+.,OG0001645,,,,,Probably not conserved
GCF_017068395.1,JWS13_RS03225,MVAPKKVVAVRRASTAARCPRTSCRNGDEDGDRVAAGPGSQCAIKRIADQSDVHPEGQRTWMRQG,65,hypothetical protein, ,Derived by automated computational analysis using gene prediction method: GeneMarkS-2+.,OG0001646,,,,,Probably not conserved
GCF_017068395.1,JWS13_RS45365,MFTDGTLLPMLTGIAHAAAAVGAITSEEAGEWIGDQTRRGQGDRGFVAIPLFLAHAARP,59,hypothetical protein, ,Derived by automated computational analysis using gene prediction method: GeneMarkS-2+.,OG0001647,,,,,Probably not conserved
GCF_017068395.1,JWS13_RS03665,MGGIVIGMFIIGGIMPIMRIHIIIMSIMVIPILLTSFSDPVAVSWLPREGSRRSVGLVEGSVQGR,65,hypothetical protein, ,Derived by automated computational analysis using gene prediction method: GeneMarkS-2+.,OG0000624,Cloud,,,,Probably not conserved
GCF_017068395.1,JWS13_RS03680,MSSMATTLMRITRHPATRAAVKCAVLCAAAAVGRRLDGPLPSGDTPGGHNRGCSA,55,hypothetical protein, ,Derived by automated computational analysis using gene prediction method: GeneMarkS-2+.,OG0000512,Cloud,,,,Probably not conserved
GCF_017068395.1,JWS13_RS03695,MSTTTVTVTGMTCGHCVSSVRGEIGNLPGVTAVDVDLASGRVDIDSETPIEQAALAQAVDEAGYQLAG,68,cation transporter, ,Derived by automated computational analysis using gene prediction method: Protein Homology.,OG0000006,Conserved,,,,Probably not conserved
GCF_017068395.1,JWS13_RS45860,MADEAELKDAGSPGGRTTHHAQTVDGCISSDTNTNVVAIMTAPA,44,hypothetical protein, ,Derived by automated computational analysis using gene prediction method: GeneMarkS-2+.,OG0001648,,,,,Probably not conserved
GCF_017068395.1,JWS13_RS00220,MFGWAAFSADPPVAASRLGQLLVAAGPLVFLPGQFRSPVVFAPTCRRSVAQASPSAT,57,hypothetical protein, ,Derived by automated computational analysis using gene prediction method: GeneMarkS-2+.,OG0001649,,,,,Probably not conserved
GCF_017068395.1,JWS13_RS00285,MSAAGSGDLVRYADRVLAGTGITAHQVAAVVAGTATDAAAAALRAGWRCAANPVHVGSDEGRGAA,65,hypothetical protein, ,Derived by automated computational analysis using gene prediction method: Protein Homology.,OG0000134,Shell,,,,Probably not conserved
GCF_017068395.1,JWS13_RS00300,MPDSSAADMDLPLSAGLLPVVDAHRVGRMPRIAEEITDDHDALAGVRYRRWGRS,54,hypothetical protein, ,Derived by automated computational analysis using gene prediction method: GeneMarkS-2+.,OG0001650,,,,,Probably not conserved
GCF_017068395.1,JWS13_RS00425,MPHFRYVGTHERLHLGAATRMINYGDIVAARTNPDPRYFELVEPNQITERLSHRTMGAPKRE,62,hypothetical protein, ,Derived by automated computational analysis using gene prediction method: Protein Homology.,OG0000232,Shell,,,,Probably not conserved
GCF_017068395.1,JWS13_RS00610,MASNATYVSNPERALESTPSCTACPHSPDSHDALGIRFCAATSDRNLDRNCICAGEQATGQHYSRY,66,rgcvc family protein, ,Derived by automated computational analysis using gene prediction method: Protein Homology.,OG0000210,Shell,,,,Probably not conserved
GCF_017068395.1,JWS13_RS00835,MEDILSVYARIYDPMRPVVCMDEKPYQLLAHVRDPIPAGPGRDLKED,47,hypothetical protein, ,Derived by automated computational analysis using gene prediction method: GeneMarkS-2+.,OG0001651,,,,,Probably not conserved
GCF_017068395.1,JWS13_RS00840,MLTRQCLDRRIEDLETLNAELAAWQRQTNADQRQVQWHFTTDDARIKLRHLYPNT,55,hypothetical protein, ,Derived by automated computational analysis using gene prediction method: GeneMarkS-2+.,OG0000625,Cloud,group_1032,Cloud,,Cloud
GCF_017068395.1,JWS13_RS45880,MNLNVALLLFVLAGGIGGTAAIQAALRRSADRGRRAVFHVNG,42,hypothetical protein, ,Derived by automated computational analysis using gene prediction method: Protein Homology.,OG0000127,Shell,group_1786,Cloud,,Cloud
GCF_017068395.1,JWS13_RS00865,MDKTVHGVPGLVSRTTHIGVADLRPDTDTPGFYERRFNSAKARINLAVQK,50,hypothetical protein, ,Derived by automated computational analysis using gene prediction method: GeneMarkS-2+.,OG0001652,,group_1329,Cloud,,Probably not conserved
GCF_017068395.1,JWS13_RS45885,MHSDGEGRVFRKRFEHQTKVANRAIPVIIRGMRKTSTVGQVG,42,hypothetical protein, ,Derived by automated computational analysis using gene prediction method: GeneMarkS-2+.,OG0001653,,group_1787,Cloud,,Probably not conserved
GCF_017068395.1,JWS13_RS45205,MGSDLDGMPRPEATVAGHLIELLDRRDTTVLAAELSLLVHAPPSPSPRLPRYGDVLA,57,hypothetical protein, ,Derived by automated computational analysis using gene prediction method: GeneMarkS-2+.,OG0001654,,group_889,Cloud,,Probably not conserved
GCF_017068395.1,JWS13_RS45890,MGRPDDGEAFTIEVRTTTGRRVRLDELPAAGKPRTARGDGTAHR,44,hypothetical protein, ,Derived by automated computational analysis using gene prediction method: GeneMarkS-2+.,OG0000881,Cloud,group_1679,Cloud,,Cloud
GCF_017068395.1,JWS13_RS45210,MARLTGDHAAARAQVEAADREPSTTARAETLVEALVWINVLLDTHQSTFPDRPPE,55,hypothetical protein, ,Derived by automated computational analysis using gene prediction method: GeneMarkS-2+.,OG0000371,Cloud,group_1033,Cloud,,Cloud
GCF_017068395.1,JWS13_RS01070,MSRTVLTGSEGASEGEIGEGAVDVTELHLFGYAAAVLIGLGVGIEREHNVGTESATGAESRPVEPPGART,70,hypothetical protein, ,Derived by automated computational analysis using gene prediction method: GeneMarkS-2+.,OG0001655,,,,,Probably not conserved
GCF_017068395.1,JWS13_RS01080,MPVDPLAPSVGPRVLASRCARSTASERPAADDGGGDDQPAGRGGAAGANELLSAPDIGLPRW,62,hypothetical protein, ,Derived by automated computational analysis using gene prediction method: GeneMarkS-2+.,OG0001656,,group_548,Cloud,,Probably not conserved
GCF_017068395.1,JWS13_RS45895,MSDTHTTLTGLHFAESPPIGPDGQLYVSDFSAHQLLRIDKARRG,44,hypothetical protein, ,Derived by automated computational analysis using gene prediction method: GeneMarkS-2+.,OG0001657,,group_1680,Cloud,,Probably not conserved
GCF_017068395.1,JWS13_RS45900,MTPHKVSAAVPGPPASKIWGGQVFGADGVLVVARAAPAARTTT,43,hypothetical protein, ,Derived by automated computational analysis using gene prediction method: GeneMarkS-2+.,OG0001658,,group_1734,Cloud,,Probably not conserved
GCF_017068395.1,JWS13_RS46125,MRKTLRDYEHRGLLEAPPRSSAGYRFACWVYLLIRPLSILIYVET,45,merr family dna-binding transcriptional regulator, ,Derived by automated computational analysis using gene prediction method: Protein Homology.,OG0000485,Cloud,group_1625,Cloud,,Cloud
GCF_017068395.1,JWS13_RS01445,MSVPLVPRARSDAYWEKQIFEEAHAGENAEASESTAAAKRPTMVDHSRGLRNIAAPPADHGE,62,hypothetical protein, ,Derived by automated computational analysis using gene prediction method: GeneMarkS-2+.,OG0000275,Shell,group_549,Cloud,,Cloud
GCF_017068395.1,JWS13_RS01510,MTCDDDRSVGDKVKVHAEGTSVFTIVSIDGDEALIESVLPAPGTYPFHCKLEHLVPVES,59,hypothetical protein, ,Derived by automated computational analysis using gene prediction method: Protein Homology.,OG0000072,Soft core,group_764,Cloud,,Cloud
GCF_017068395.1,JWS13_RS01515,MTVHMLVRSTGRRGWTVRCDLCEHTFAAAVAGRPEAVAFAETNGWIVGECTWCPMCAAAHTSRRTA,66,hypothetical protein, ,Derived by automated computational analysis using gene prediction method: GeneMarkS-2+.,OG0000154,Shell,group_242,Cloud,,Cloud
GCF_017068395.1,JWS13_RS01550,MREFFVIGIGARDPDQVTVHAIKAATRADSANYVTSATTRGSNFSSLGWTMSSGAPIS,58,hypothetical protein, ,Derived by automated computational analysis using gene prediction method: GeneMarkS-2+.,OG0001659,,group_837,Cloud,,Probably not conserved
GCF_017068395.1,JWS13_RS01565,MNVGDRVKVHADATSEFVIVSIDGEGAVIESVRDDVPGQFPLHARVERLVPVES,54,hypothetical protein, ,Derived by automated computational analysis using gene prediction method: Protein Homology.,OG0000072,Soft core,group_1090,Cloud,,Cloud
GCF_017068395.1,JWS13_RS01595,MGSCAAESALRALARKALERRHRYTLVDLANLIRPTTWL,39,tetratricopeptide repeat protein, ,Derived by automated computational analysis using gene prediction method: Protein Homology.,OG0000544,Cloud,group_1925,Cloud,,Cloud
GCF_017068395.1,JWS13_RS01630,MLVTGELTVNIALVTKQISVKGKMGPLLKDIPQFKYIIVKLSELGPRALDQEAT,54,hypothetical protein, ,Derived by automated computational analysis using gene prediction method: Protein Homology.,OG0000421,Cloud,group_2073,Cloud,,Cloud
GCF_017068395.1,JWS13_RS01660,MLDRIFTTLLTLAGVAADGRYISLVDNDIAGTADLDETPTGRLAQAGPQSTLSDR,55,hypothetical protein, ,Derived by automated computational analysis using gene prediction method: GeneMarkS-2+.,OG0000363,Cloud,group_1008,Cloud,,Cloud
GCF_017068395.1,JWS13_RS45905,MLGRSGRTPPSVGFVSPVAVRTLRQGLGARLSATNFVLGW,40,hypothetical protein, ,Derived by automated computational analysis using gene prediction method: GeneMarkS-2+.,OG0001660,,,,,Probably not conserved
GCF_017068395.1,JWS13_RS45270,MKSTELANLCPDILDEVRIATETGLTRVGTNYDLCHSFLNHTGLSL,46,hypothetical protein, ,Derived by automated computational analysis using gene prediction method: GeneMarkS-2+.,OG0000882,Cloud,,,,Probably not conserved
GCF_017068395.1,JWS13_RS01975,MAIDGVQIDVPDATDNAEVFERGLSNRGMDTPFPGPKLSVSANAARTR,48,hypothetical protein, ,Derived by automated computational analysis using gene prediction method: GeneMarkS-2+.,OG0001661,,,,,Probably not conserved
GCF_017068395.1,JWS13_RS02100,MNDETLVALKHYEYLIRDHGCEHVHLIWHTDSVVYGPDGCSDIDMLTRPGFTPATECFTRID,62,hypothetical protein, ,Derived by automated computational analysis using gene prediction method: Protein Homology.,OG0000270,Cloud,,,,Probably not conserved
GCF_017068395.1,JWS13_RS45915,MVDSDDIDDFSSIEPGSWDTPYTDRIEQAIEVPLDDGYEVLPH,43,hypothetical protein, ,Derived by automated computational analysis using gene prediction method: GeneMarkS-2+.,OG0001662,,,,,Probably not conserved
GCF_017068395.1,JWS13_RS45300,MDTPTMVAGKTYYQVLGLRPSAPQAEITRAYRRNLHGLYPDTRNGAARCR,50,j domain-containing protein, ,Derived by automated computational analysis using gene prediction method: Protein Homology.,OG0001663,,,,,Probably not conserved
GCF_017068395.1,JWS13_RS02125,MIRNHAQLSPTPPYRQVGTATARQVAQLDGITAVVEAAYVRGLLRSDEYRPSMG,54,hypothetical protein, ,Derived by automated computational analysis using gene prediction method: GeneMarkS-2+.,OG0000120,Shell,,,,Probably not conserved
GCF_017068395.1,JWS13_RS02130,MPSTLVPLAIGAVFASTHSFFAAFAALSAGPLLGAIILYFVREGGRRDSN,50,hypothetical protein, ,Derived by automated computational analysis using gene prediction method: GeneMarkS-2+.,OG0001664,,,,,Probably not conserved
GCF_017068395.1,JWS13_RS02175,MATALAVPYQRVRRLEIGQRLDPDLAATYSRWLTDREQQSSSLTLADTA,49,hypothetical protein, ,Derived by automated computational analysis using gene prediction method: Protein Homology.,OG0000368,Cloud,,,,Probably not conserved
GCF_017068395.1,JWS13_RS02220,MTHSSHRADEPVSLPTNGDTCVCKFRDAMVCILSDGQHTSTGTAMVCAPGSDGRNRWKAAS,61,hypothetical protein, ,Derived by automated computational analysis using gene prediction method: GeneMarkS-2+.,OG0001665,,,,,Probably not conserved
GCF_017795725.1,HRR33_RS00200,MSDDEHDAWQLHHHGASWDDIGTEMGCSPTTAQTLATAYEKRTDNAAAQTQNTLF,55,hypothetical protein, ,Derived by automated computational analysis using gene prediction method: Protein Homology.,OG0000063,Soft core,"group_2638, group_2009",Cloud,Cloud,Cloud
GCF_017795725.1,HRR33_RS00225,MATYRVINPAGDVTATREIDSADDAHAWFVDARADNSELGWRMEVQHDGEWSFFDDTEGASS,62,hypothetical protein, ,Derived by automated computational analysis using gene prediction method: Protein Homology.,OG0000066,Soft core,group_2010,Cloud,Cloud,Cloud
GCF_017795725.1,HRR33_RS00245,MIILGIVLLIVGFLTGISILWTIGIILVVIGVVLFALGAAGHAVGGRRHYY,51,duf6131 family protein, ,Derived by automated computational analysis using gene prediction method: Protein Homology.,OG0000000,Conserved,group_1245,Cloud,Shell,Cloud
GCF_017795725.1,HRR33_RS00285,MEDNRIRSALDATPDTDYLEQTIPADPNAVDAVDLEALTTELDTPWPAPEGDLLEQSTPAPLDDER,66,hypothetical protein, ,Derived by automated computational analysis using gene prediction method: Protein Homology.,OG0000199,Shell,"group_2011, group_2217",Cloud,Cloud,Cloud
GCF_017795725.1,HRR33_RS00305,MDVDDLDVVVWPESEEREAWWRQVVTGGSAGAATSTMTPNRSIEDASSRILHAA,54,hypothetical protein, ,Derived by automated computational analysis using gene prediction method: GeneMarkS-2+.,OG0000129,Shell,"group_2012, group_2013",Cloud,Cloud,Cloud
GCF_017795725.1,HRR33_RS00325,MTETELVEELHRLENLTKRNRCEQIRLEIVHDELVGRQTDYRRMANNH,48,hypothetical protein, ,Derived by automated computational analysis using gene prediction method: GeneMarkS-2+.,OG0000238,Shell,group_2105,Cloud,Cloud,Cloud
GCF_017795725.1,HRR33_RS00360,MVNAPRAETMVDPQMFTGCVLAGCPNIVAEDGEICSQCRRIFGDMIRPVSERECTETTEPHGPPRPERSC,70,hypothetical protein, ,Derived by automated computational analysis using gene prediction method: GeneMarkS-2+.,OG0000883,Cloud,,,,Probably not conserved
GCF_017795725.1,HRR33_RS00610,MAAEARIVDTVSVEDSRASDPRVASKTEQKDAPKAGAVDLTSADTVGLTSVKPAQRSVPRWAYSEVPLSR,70,hypothetical protein, ,Derived by automated computational analysis using gene prediction method: Protein Homology.,OG0000283,Shell,,,Cloud,Cloud
GCF_017795725.1,HRR33_RS00615,MGLLRGAAVAVAAGGTAEQVAKAEAILAEARRALFEMLAENPADVQQAHAESTDTLPAE,59,hypothetical protein, ,Derived by automated computational analysis using gene prediction method: Protein Homology.,OG0000228,Shell,group_2177,Shell,Shell,Shell
GCF_017795725.1,HRR33_RS00685,MSNISFDSISNSAPANALQGVGTNALVDNPFTFEPVAEATSAHALQGVGTNALVDNPFSFQS,62,streptamidine-related ripp repeat protein, ,Derived by automated computational analysis using gene prediction method: Protein Homology.,OG0000093,Soft core,group_2291,Soft core,Soft core,Soft core
GCF_017795725.1,HRR33_RS00880,MFNDVFNNVIHPMVTNFQQLGPQQFIPQQFIPQGVFQQAPQAAEQAVTIFGS,52,hypothetical protein, ,Derived by automated computational analysis using gene prediction method: Protein Homology.,OG0000075,Soft core,group_2178,Soft core,Soft core,Soft core
GCF_017795725.1,HRR33_RS01735,MGIADKAQNKAEDLGGKAKEAAGSATGDRDLENEGKGDQVKSAVKDAGEKVKDAASSIKDKLT,63,csbd family protein, ,Derived by automated computational analysis using gene prediction method: Protein Homology.,OG0000011,Conserved,group_2411,Conserved,Soft core,Soft core
GCF_017795725.1,HRR33_RS01750,MADLTLLTDDELRERRIALSRSLTTAADLIPTPPPSFFEKLKQDIDAAAAEWIARRS,57,hypothetical protein, ,Derived by automated computational analysis using gene prediction method: Protein Homology.,OG0000076,Soft core,group_2322,Soft core,Soft core,Soft core
GCF_017795725.1,HRR33_RS35715,MNTRMETNVPRVYAAGDITDYPGKVRLIAVGFGEAATAVNNAAAVLDPEAEIFPGHSTEQES,62,hypothetical protein, ,Derived by automated computational analysis using gene prediction method: GeneMarkS-2+.,OG0001666,,group_550,Cloud,,Probably not conserved
GCF_017795725.1,HRR33_RS02500,MSEITSWEYTVTPLLVHNPKAILDNWGVDGWELVAVLPSASGEQHVAYMKRPKG,54,hypothetical protein, ,Derived by automated computational analysis using gene prediction method: Protein Homology.,OG0000012,Conserved,group_2273,Conserved,Soft core,Soft core
GCF_017795725.1,HRR33_RS02700,MISKTLRTVSARFALLVAEDDGMSTAEYAIGTIAAAAFGAVLYTVVTGDSIVSALTGIIDKALKTAV,67,duf4244 domain-containing protein, ,Derived by automated computational analysis using gene prediction method: Protein Homology.,OG0000094,Soft core,group_2136,Soft core,Soft core,Soft core
GCF_017795725.1,HRR33_RS02720,MAQGTVKWFNAEKGFGFIAPEDGSADVFVHYSEIQGNGFRTLEENQRVEFEVGQGTKGPQATGVRAV,67,cold-shock protein, ,Derived by automated computational analysis using gene prediction method: Protein Homology.,OG0000013,Conserved,group_128,Conserved,Soft core,Soft core
GCF_017795725.1,HRR33_RS02755,MADSLKARVKEKLLRQLAEDGRHPIQEAEGDDPRLVSINDDLEALEQAEEGDPIVEELAERYWVP,65,hypothetical protein, ,Derived by automated computational analysis using gene prediction method: Protein Homology.,OG0000014,Conserved,group_2342,Conserved,Soft core,Soft core
GCF_017795725.1,HRR33_RS02910,MGSADVMAWLAEGYLAGDPIRYPLYVGSMFLAMPFQLIGVILGHPF,46,hypothetical protein, ,Derived by automated computational analysis using gene prediction method: Protein Homology.,OG0000061,Soft core,group_1542,Soft core,Soft core,Soft core
GCF_017795725.1,HRR33_RS03460,MATTAAVQNPTRSRARTMSLSEYVAEHPAQRVFPPTSERAARMAMLIMFALMAVTLVVLVLDEAGIFG,68,hypothetical protein, ,Derived by automated computational analysis using gene prediction method: GeneMarkS-2+.,OG0000095,Soft core,group_53,Soft core,Soft core,Soft core
GCF_017795725.1,HRR33_RS03610,MTSAVEYPGVVTTSNCAEGGSHSLSAGIFVTVAAYRIAGRPEMVKFVGPP,50,hypothetical protein, ,Derived by automated computational analysis using gene prediction method: Protein Homology.,OG0000239,Shell,group_2037,Shell,Shell,Shell
GCF_017795725.1,HRR33_RS03715,MALAYSPDTSIDSTRLAFLAAAVVLFAMLALYLVGFDQGAISRTGMYMHELMHDGRHLMGLPCH,64,cbtb domain-containing protein, ,Derived by automated computational analysis using gene prediction method: Protein Homology.,OG0000008,Conserved,group_2468,Conserved,Core,Conserved
GCF_017795725.1,HRR33_RS35125,MSFSTYIRWLRLRRAMEVMSSGATLTTSAHEAGFTDSAHLNRICHSMFGLTPSAATGGLTWN,62,helix-turn-helix domain-containing protein, ,Derived by automated computational analysis using gene prediction method: Protein Homology.,OG0001667,,group_551,Cloud,,Probably not conserved
GCF_017795725.1,HRR33_RS04140,MNAYICPICDYTYTESTGAAREGFPPGTLWSSIPDDWCCPDCGVREKVDFTLVTQS,56,rubredoxin, ,Derived by automated computational analysis using gene prediction method: Protein Homology.,OG0000096,Soft core,group_2166,Soft core,Soft core,Soft core
GCF_017795725.1,HRR33_RS04145,MSETATAYKLFRCLQCGFEYDEAIGWPDDGIEPGTRWDEIPEDWSCPDCGAAKVDFEMVEVDR,63,rubredoxin, ,Derived by automated computational analysis using gene prediction method: Protein Homology.,OG0000097,Soft core,group_421,Soft core,Soft core,Soft core
GCF_017795725.1,HRR33_RS04685,MKNPNLTPSRVLAVVLAAALVIFVIARRRDDGALSRGEWLSDTVGPDDLAG,51,hypothetical protein, ,Derived by automated computational analysis using gene prediction method: Protein Homology.,OG0000077,Soft core,group_2167,Soft core,Soft core,Soft core
GCF_017795725.1,HRR33_RS04775,MEVRVDLDRCEANGVCVGIAPDIFDLDDNEELVISSVRPPEDRWEDVRSAIAQCPRAALTEHP,63,ferredoxin, ,Derived by automated computational analysis using gene prediction method: Protein Homology.,OG0000005,Conserved,group_423,Soft core,Soft core,Soft core
GCF_017795725.1,HRR33_RS04840,MAENTTVETEIADEDLEPVADETARQAQRVVAAYAEDADECRMLLSMLGISPAAKLD,57,hypothetical protein, ,Derived by automated computational analysis using gene prediction method: Protein Homology.,OG0000015,Conserved,group_2168,Soft core,Soft core,Soft core
GCF_017795725.1,HRR33_RS05540,MTKFLVPGVASAVIGAVLGAGVIFGVTAAASDNTRPEIDRSGNADSSVLNQVEYGSR,57,duf2613 domain-containing protein, ,Derived by automated computational analysis using gene prediction method: Protein Homology.,OG0000016,Conserved,group_855,Soft core,Soft core,Soft core
GCF_017795725.1,HRR33_RS05680,MVGLIVLAALVLASVLVGFVFRRPIAEAKSAVLAFDDASSQPQRD,45,hypothetical protein, ,Derived by automated computational analysis using gene prediction method: GeneMarkS-2+.,OG0000098,Soft core,group_2198,Soft core,Soft core,Soft core
GCF_017795725.1,HRR33_RS35150,MGSTADDLKAWEAIGKGIGGVAGLFAGVIAIISAVTAAQSLS,42,hypothetical protein, ,Derived by automated computational analysis using gene prediction method: GeneMarkS-2+.,OG0000065,Soft core,group_2206,Cloud,Shell,Cloud
GCF_017795725.1,HRR33_RS05740,MPERGQSRVDAGIIAVVAVITGVFVALTGHGLVAALATVVGLALGMAIVRYLIKGR,56,hypothetical protein, ,Derived by automated computational analysis using gene prediction method: Protein Homology.,OG0000078,Soft core,group_2220,Soft core,Soft core,Soft core
GCF_017795725.1,HRR33_RS05830,MMRIVTLIVLIWLIVGAVAAGQRGYYSSSPTNCAGVGTIALTVIAGPLNYFGVNPKVTDCTLPQPTE,67,hypothetical protein, ,Derived by automated computational analysis using gene prediction method: Protein Homology.,OG0000017,Conserved,group_129,Soft core,Soft core,Soft core
GCF_017795725.1,HRR33_RS05835,MIILGVILLIIGFVVNIPILWTIGVVLLVIGIILYALGAAGHAIGGRRHYY,51,duf6131 family protein, ,Derived by automated computational analysis using gene prediction method: Protein Homology.,OG0000000,Conserved,group_1229,Soft core,Soft core,Soft core
GCF_017795725.1,HRR33_RS05880,MTDKDDNDQSPKGGHPGPVDKGGDGGMATREQAPELVEETSDEKSDDE,48,hypothetical protein, ,Derived by automated computational analysis using gene prediction method: Protein Homology.,OG0000018,Core,group_2221,Soft core,Soft core,Soft core
GCF_017795725.1,HRR33_RS05990,MSIRRCSLASGRALRTARFGVATFRRGRKAIDRRPSGLVWIERALAAPAGSV,52,hypothetical protein, ,Derived by automated computational analysis using gene prediction method: GeneMarkS-2+.,OG0000142,Shell,group_2080,Shell,Shell,Shell
GCF_017795725.1,HRR33_RS06010,MIVLGIILALIGFFTGLSILTTVGIILVVVGAVLSILGATGRAVGGRKVWY,51,duf6131 family protein, ,Derived by automated computational analysis using gene prediction method: Protein Homology.,OG0000000,Conserved,group_1230,Soft core,Soft core,Soft core
GCF_017795725.1,HRR33_RS06200,MRTNPSFGIVDETLGTLARGMLPRLRHVFEQHQALHRLAVEAIVNV,46,hypothetical protein, ,Derived by automated computational analysis using gene prediction method: GeneMarkS-2+.,OG0000267,Shell,group_2081,Cloud,Shell,Shell
GCF_017795725.1,HRR33_RS06250,MPAPIMAPAAALAEPVVWNEDPQRQGWWKRVLAATPPENPTNEEFQP,47,hypothetical protein, ,Derived by automated computational analysis using gene prediction method: Protein Homology.,OG0000118,Soft core,group_2222,Soft core,Soft core,Soft core
GCF_017795725.1,HRR33_RS06300,MEHVGNEIAESGTDDVGLRALPIGAFIAEADGTAWMQTSYDFQIPGRCAQALSFCGTVEPPI,62,hypothetical protein, ,Derived by automated computational analysis using gene prediction method: GeneMarkS-2+.,OG0000612,Cloud,group_2099,Cloud,Cloud,Cloud
GCF_017795725.1,HRR33_RS06345,MGALSPTHWAIVAVVLVVLFGSKKLPDAARGLGRSMRILKSEVGELQSDTDLALEQRD,58,sec-independent protein translocase subunit tata, ,Derived by automated computational analysis using gene prediction method: Protein Homology.,OG0000019,Conserved,tatA,Soft core,Soft core,Soft core
GCF_017795725.1,HRR33_RS06390,MAQGSVKWFNGEKGFGFIEQEGGGPDVFVHYSEIQGSGYKSLDEGQKVEFEIGQGQKGPQAQNVRAI,67,cold-shock protein, ,Derived by automated computational analysis using gene prediction method: Protein Homology.,OG0000069,Soft core,group_130,Soft core,Soft core,Soft core
GCF_017795725.1,HRR33_RS35180,MSADSRGTSTQTRREYQMFVLQQRLLFGSIVAGTALGVLAITYF,44,hypothetical protein, ,Derived by automated computational analysis using gene prediction method: GeneMarkS-2+.,OG0000122,Soft core,group_2138,Soft core,Soft core,Soft core
GCF_017795725.1,HRR33_RS06445,MTTIDIPPTQGESTTGIGITVASATLTTEEVKRRIAMMYGDPVTEEPVALAH,52,hypothetical protein, ,Derived by automated computational analysis using gene prediction method: Protein Homology.,OG0000002,Conserved,group_2274,Soft core,Soft core,Soft core
GCF_017795725.1,HRR33_RS06470,MSEQNSTDRTDQTDEPQTTGTDHCPGTGSDTAPKDVQTDPSGERTWADEGGASSTGPATDTD,62,pi-type proteinase, ,Derived by automated computational analysis using gene prediction method: Protein Homology.,OG0000020,Core,group_2297,Soft core,Soft core,Soft core
GCF_017795725.1,HRR33_RS06500,MGGSADALNRALERVDRDFASPIGVGVRRTLRGTMRQIAKPARTQYTRLRARFPGAKTYTEI,62,hypothetical protein, ,Derived by automated computational analysis using gene prediction method: GeneMarkS-2+.,OG0000115,Soft core,group_2190,Soft core,Soft core,Soft core
GCF_017795725.1,HRR33_RS06505,MTTSTVGLLAGLLLGVAAAAGGFTGFLIALVLGVIGYLVGGQRDGEFDLGVMLKGRGRG,59,hypothetical protein, ,Derived by automated computational analysis using gene prediction method: Protein Homology.,OG0000099,Soft core,group_732,Soft core,Soft core,Soft core
GCF_017795725.1,HRR33_RS06530,MSDFIDKAKHRAEDLIGEAKEKFGNATGNDDLAAEGVADQGEAKVKKAGDTVSDKVSDIKDKFTS,65,csbd family protein, ,Derived by automated computational analysis using gene prediction method: Protein Homology.,OG0000074,Soft core,group_2191,Soft core,Soft core,Soft core
GCF_017795725.1,HRR33_RS35190,MGSLGNLLKANGMGWGILQLLPLVNMLKTLQGLDTASSNS,40,hypothetical protein, ,Derived by automated computational analysis using gene prediction method: GeneMarkS-2+.,OG0000080,Soft core,group_2512,Soft core,Soft core,Soft core
GCF_017795725.1,HRR33_RS35195,MGSFEDFSGVVKTFIPVLKDLFTALGGGSLTPGTGSAADK,40,hypothetical protein, ,Derived by automated computational analysis using gene prediction method: GeneMarkS-2+.,OG0000108,Soft core,group_2511,Soft core,Soft core,Soft core
GCF_017795725.1,HRR33_RS07265,MFGSLSTLGPLLTALGAFLKSVPTESLSGKGEGSSTGSLSGLSSGSAE,48,hypothetical protein, ,Derived by automated computational analysis using gene prediction method: Protein Homology.,OG0000081,Soft core,group_2510,Soft core,Soft core,Soft core
GCF_017795725.1,HRR33_RS35760,MKAVEGGFDTAWSRRHVDLCRTAGSFCTN,29,putative leader peptide, ,Derived by automated computational analysis using gene prediction method: Protein Homology.,OG0000132,Shell,group_1947,Shell,Shell,Shell
GCF_017795725.1,HRR33_RS35200,MGSLDTGSLSTESLEDLNLGKISELLKLGITAVSFITALNSLS,43,hypothetical protein, ,Derived by automated computational analysis using gene prediction method: GeneMarkS-2+.,OG0000067,Soft core,group_2503,Soft core,Soft core,Soft core
GCF_017795725.1,HRR33_RS07710,MGFNMIVMFLQTTAALFTDLLGNVWSGSLMPGIDGVTGSLVSAIDLS,47,hypothetical protein, ,Derived by automated computational analysis using gene prediction method: Protein Homology.,OG0000184,Shell,group_2237,Shell,Shell,Shell
GCF_017795725.1,HRR33_RS35205,MMDLGSIADVLEGEAGGLIKNILGMALFTPFIASVDFGWFPNVD,44,hypothetical protein, ,Derived by automated computational analysis using gene prediction method: Protein Homology.,OG0000306,Cloud,group_2050,Cloud,Cloud,Cloud
GCF_017795725.1,HRR33_RS07715,MDTASLIGALASVDVGSLVDPLFYLVKVVDGIFVSITGSLNMGGALGEAAAGSVQSVLGSVAGL,64,hypothetical protein, ,Derived by automated computational analysis using gene prediction method: GeneMarkS-2+.,OG0000206,Shell,group_358,Shell,Shell,Shell
GCF_017795725.1,HRR33_RS07730,MGSLMDILGGPNGDGAPMQALLTMLLGLDNVGANLFGSLADTAGGIFGSLDTLSFTPPVVP,61,hypothetical protein, ,Derived by automated computational analysis using gene prediction method: GeneMarkS-2+.,OG0000188,Shell,group_2425,Shell,Shell,Shell
GCF_017795725.1,HRR33_RS07735,MLEGSVMDAAGSVGAIIGQGLGSVSGLAVKGLEALAALSGGELKAAK,47,hypothetical protein, ,Derived by automated computational analysis using gene prediction method: Protein Homology.,OG0000138,Shell,group_2381,Shell,Shell,Shell
GCF_017795725.1,HRR33_RS07740,MTFESNTPRPFTRSNDKKMFAGVCGGIADYFGADVNLVRLLAVIAAICTGGTAALVYLAAWMLMPLG,67,pspc domain-containing protein, ,Derived by automated computational analysis using gene prediction method: Protein Homology.,OG0000021,Conserved,group_2380,Conserved,Soft core,Soft core
GCF_017795725.1,HRR33_RS08265,MGSSHDGKPAVAGTQFLTVAEVATLMRVSKMTVYRLVHSGELPAVRVGRSFRVHAKAVHDYLETSYFDAG,70,helix-turn-helix domain-containing protein, ,Derived by automated computational analysis using gene prediction method: Protein Homology.,OG0000071,Soft core,,,Soft core,Soft core
GCF_017795725.1,HRR33_RS08270,MGSVIKKRRKRMSKKKHRKLLRRTRVQRRKLGK,33,aurkaip1/cox24 domain-containing protein, ,Derived by automated computational analysis using gene prediction method: Protein Homology.,OG0000022,Conserved,group_1939,Conserved,Conserved,Conserved
GCF_017795725.1,HRR33_RS08325,MSSQEALRTESTHDAPLRQRGSRTEVILFAILGASVLVTLLMLMIPGIVSG,51,hypothetical protein, ,Derived by automated computational analysis using gene prediction method: Protein Homology.,OG0000100,Soft core,group_1231,Soft core,Soft core,Soft core
GCF_017795725.1,HRR33_RS08455,MLYLLALVGLVTLIVLMWKAFGPDPSTRTPVSGVRGPDDDPEFLWNVNQQTRRKRTEGPDVPPTDAST,68,hypothetical protein, ,Derived by automated computational analysis using gene prediction method: Protein Homology.,OG0000023,Conserved,group_2362,Soft core,Conserved,Soft core
GCF_017795725.1,HRR33_RS08460,MSAPTFNTAADALMTPGQVAALFHVDPKTVTRWAHAGRLGSLRTPGGHRRFRETEVMQLLRSLTTEADNN,70,bldc family transcriptional regulator, ,Derived by automated computational analysis using gene prediction method: Protein Homology.,OG0000068,Soft core,,,Soft core,Soft core
GCF_017795725.1,HRR33_RS08665,MASSTDVRPKITLACEVCKHRNYITKKNRRNDPDRLELKKFCPNCGTHQSHRESK,55,50s ribosomal protein l33, ,Derived by automated computational analysis using gene prediction method: Protein Homology.,OG0000024,Conserved,rpmG,Conserved,Soft core,Soft core
GCF_017795725.1,HRR33_RS08800,MAGKKLDRTNARTALEVVRESPTIAFITVAPAVVVFGVVWWLFGFWAAILLALVFGVAAVATQKLR,66,hypothetical protein, ,Derived by automated computational analysis using gene prediction method: Protein Homology.,OG0000025,Conserved,group_2209,Conserved,Soft core,Soft core
GCF_017795725.1,HRR33_RS08945,MNSTTVGLLVGLLLALAGIMGGFSGFVFAVLLGAAGMAIGAHRDGHLDLGAILRSRGRG,59,hypothetical protein, ,Derived by automated computational analysis using gene prediction method: Protein Homology.,OG0000026,Conserved,group_2303,Conserved,Soft core,Soft core
GCF_017795725.1,HRR33_RS09070,MRLSTRNQLTGTITEVNLGTVMATVKVKLDGGNQIVTSSITRDAALDLDLEPGQAATVFVKSTEVTIGVE,70,tobe domain-containing protein, ,Derived by automated computational analysis using gene prediction method: Protein Homology.,OG0000064,Soft core,,,Soft core,Soft core
GCF_017795725.1,HRR33_RS09075,MTEPVKGPASYFPSIEKKYGRPIGEWQELIRSSDLTKHMELVNWLKSEHGMGHGHANALVAHTLKEG,67,duf4287 domain-containing protein, ,Derived by automated computational analysis using gene prediction method: Protein Homology.,OG0000027,Conserved,group_2329,Soft core,Soft core,Soft core
GCF_017795725.1,HRR33_RS09090,MSDRDNKALENDLVEESLVEEVSIDGMCGVY,31,mycofactocin precursor mfta, ,"Mycofactocin is a small molecule electron carrier derived from the final two amino acids, Val-Tyr, of MftA, the mycofactocin precursor. It plays a role in redox homeostasis and the metabolism of alcohols and aldehydes in Actinobacteria, including Mycobacterium tuberculosis; Derived by automated computational analysis using gene prediction method: Protein Homology.",OG0000009,Conserved,group_2326,Conserved,Soft core,Soft core
GCF_017795725.1,HRR33_RS09460,MAKKALVNKANKKPKFAVRAYTRCQRCGRPHSVFRKFGLCRICVREMAHAGELPGVRKSSW,61,type z 30s ribosomal protein s14, ,Derived by automated computational analysis using gene prediction method: Protein Homology.,OG0000028,Conserved,group_2294,Conserved,Soft core,Soft core
GCF_017795725.1,HRR33_RS09485,MADLKVTQIKSIIGTKQNQKDSLRTLGLKGIRQTVVREDNAQNRGLINVVRHLVTVEEV,59,50s ribosomal protein l30, ,Derived by automated computational analysis using gene prediction method: Protein Homology.,OG0000029,Conserved,rpmD,Conserved,Soft core,Soft core
GCF_017795725.1,HRR33_RS09515,MKVQPSVKKICEKCKVIRRNGRVMVICENLRHKQRQG,37,50s ribosomal protein l36, ,Derived by automated computational analysis using gene prediction method: Protein Homology.,OG0000030,Conserved,rpmJ,Conserved,Soft core,Soft core
GCF_017795725.1,HRR33_RS35235,MTIFEWILAIPALALAVAFLFSGIISAGIDFDAEDGVMTH,40,hypothetical protein, ,Derived by automated computational analysis using gene prediction method: GeneMarkS-2+.,OG0000082,Soft core,group_2186,Soft core,Soft core,Soft core
GCF_017795725.1,HRR33_RS10860,MSSYRCPVCEYVYDESKGAPREGFPAGTPWDAVPDDWCCPDCGVREKLDFEPMPATAGSES,61,rubredoxin, ,Derived by automated computational analysis using gene prediction method: Protein Homology.,OG0000053,Core,group_2279,Soft core,Soft core,Soft core
GCF_017795725.1,HRR33_RS10865,MNDYKLYQCAQCGFEYDEAVGWPEDGIEPGTRWDDIPEDWSCPDCGAAKSDFFMVEVERR,60,rubredoxin, ,Derived by automated computational analysis using gene prediction method: Protein Homology.,OG0000007,Conserved,group_2155,Soft core,Soft core,Soft core
GCF_017795725.1,HRR33_RS35240,MTITEAHDTSGGQTMRAPDASMSDMVLAPGTQQVSFEVTVTWALG,45,hypothetical protein, ,Derived by automated computational analysis using gene prediction method: GeneMarkS-2+.,OG0001668,,group_1626,Cloud,,Probably not conserved
GCF_017795725.1,HRR33_RS11535,MATDPAPRSERKKILLRLDPAVHDALARWAADDLRSTNAQIEFLLRRALTEHGRMPKNAGKMHGPGRPPA,70,hypothetical protein, ,Derived by automated computational analysis using gene prediction method: Protein Homology.,OG0000114,Soft core,,,Soft core,Soft core
GCF_017795725.1,HRR33_RS11815,MSDLDSNTPSEPESQSEETKRKFREALERKNHQNAKSTDHRDGQSKVHNTHGPADHKREFRRKSG,65,duf5302 domain-containing protein, ,Derived by automated computational analysis using gene prediction method: Protein Homology.,OG0000031,Conserved,group_2470,Core,Soft core,Soft core
GCF_017795725.1,HRR33_RS11900,MAAVCDVCAKGPGFGKSVSHSHRRTNRRWNPNIQSVRTEVAPGNTRKVNVCTSCLKAGKVARG,63,50s ribosomal protein l28, ,Derived by automated computational analysis using gene prediction method: Protein Homology.,OG0000032,Conserved,rpmB,Conserved,Soft core,Soft core
GCF_017795725.1,HRR33_RS11940,MAVPKRKMSRSNTRSRRSQWKTTVPTLVTCPNRGCGEQTLPHIACPSCGTYKGRQVTAAV,60,50s ribosomal protein l32, ,Derived by automated computational analysis using gene prediction method: Protein Homology.,OG0000033,Conserved,group_2479,Conserved,Soft core,Soft core
GCF_017795725.1,HRR33_RS12860,MQLLDSEVVRRCAVTAAAAAAVCRSIGPGVVDGDAVTGKSFFLQDGGWPGT,51,hypothetical protein, ,Derived by automated computational analysis using gene prediction method: GeneMarkS-2+.,OG0000147,Shell,group_2063,Shell,Shell,Shell
GCF_017795725.1,HRR33_RS12890,MKVPAFHSTVPSDLDVYHDNESCILAARIAVSHRAPGVDGRPWCTACASLD,51,hypothetical protein, ,Derived by automated computational analysis using gene prediction method: Protein Homology.,OG0000083,Soft core,group_2187,Soft core,Soft core,Soft core
GCF_017795725.1,HRR33_RS13210,MFWKIVLAVVLVWVALAVVGALIKGLFWVLVVGAVGFGIYFLVKAMSGSDDNSPASRF,58,hypothetical protein, ,Derived by automated computational analysis using gene prediction method: Protein Homology.,OG0000034,Conserved,group_2296,Soft core,Soft core,Soft core
GCF_017795725.1,HRR33_RS13235,MRLTEFHEMVREEFGQVRGDSMLIDHVLQSLDGMTAAEAVEAGWEPREVWRALCVEFDVPPARR,64,duf3046 domain-containing protein, ,Derived by automated computational analysis using gene prediction method: Protein Homology.,OG0000035,Conserved,group_2481,Conserved,Soft core,Soft core
GCF_017795725.1,HRR33_RS13510,MPGTLTSPQLTAADRCDRCGAGARVRAVLPTGGELLFCGHHATEHADRLREMNAVVSESEPAI,63,hypothetical protein, ,Derived by automated computational analysis using gene prediction method: Protein Homology.,OG0000036,Conserved,group_2483,Conserved,Soft core,Soft core
GCF_017795725.1,HRR33_RS13880,MKIRFELMIGILLVVGGGCLWLFARDAEFFWFRGGPLGVILAIIGAFDIVNAVRTRETAMLERRND,66,hypothetical protein, ,Derived by automated computational analysis using gene prediction method: Protein Homology.,OG0000101,Soft core,group_2126,Soft core,Soft core,Soft core
GCF_017795725.1,HRR33_RS14355,MAGIDSKFDKAYAGKSVEELADAPVAALNGVSDSDAEHLKAAFNIKTVRDLGTNKFFLWAQATAKLAE,68,hypothetical protein, ,Derived by automated computational analysis using gene prediction method: Protein Homology.,OG0000070,Soft core,group_2484,Soft core,Soft core,Soft core
GCF_017795725.1,HRR33_RS35270,MFGIDRTLGTARALATEVLRTILDEIEASNWITNKFVPPGGP,42,hypothetical protein, ,Derived by automated computational analysis using gene prediction method: GeneMarkS-2+.,OG0000348,Cloud,group_2038,Cloud,Cloud,Cloud
GCF_017795725.1,HRR33_RS15165,MAQEQTQRAGGGEDDETTGGDGSAGQERREKLAAETDDLLDEIDDVLEENAEDFVRAYVQKGGQ,64,ubiquitin-like protein pup, ,Derived by automated computational analysis using gene prediction method: Protein Homology.,OG0000037,Conserved,group_340,Soft core,Soft core,Soft core
GCF_017795725.1,HRR33_RS15695,MAIDSTLLSILACPQDKGPLLLVGDELLYNPRLRRAYPIENGIPVLLIDEARDVADDEHEKLLARAEG,68,trm112 family protein, ,Derived by automated computational analysis using gene prediction method: Protein Homology.,OG0000038,Conserved,group_54,Soft core,Soft core,Soft core
GCF_017795725.1,HRR33_RS15790,MPKMKSHSGASKRFKVSGSGKLMRQKAGRRHLLEHKSSRVTRRLDGVAVVSPDDAPRIKRMLGI,64,50s ribosomal protein l35, ,Derived by automated computational analysis using gene prediction method: Protein Homology.,OG0000039,Conserved,group_2130,Soft core,Soft core,Soft core
GCF_017795725.1,HRR33_RS16140,MHVEVDLDLCQGHAACELEAPEIFVVPKRGKVSLLDSDPPESLRGEAEMAVRYCPTGALRIVD,63,ferredoxin, ,Derived by automated computational analysis using gene prediction method: Protein Homology.,OG0000001,Conserved,group_2270,Soft core,Soft core,Soft core
GCF_017795725.1,HRR33_RS16230,MEVNLRRLMLTCLRLALNIAVHSIHPDRTRRLDSVARYLQDLGFDNLEANGAAQTHPPVGGMSTGH,66,hypothetical protein, ,Derived by automated computational analysis using gene prediction method: GeneMarkS-2+.,OG0000695,Cloud,group_2057,Cloud,Cloud,Cloud
GCF_017795725.1,HRR33_RS35290,MTQTDLMSWRMEADPVLRSTIVSIIVLDRLPDHERLTAAHRNHAIEM,47,hypothetical protein, ,Derived by automated computational analysis using gene prediction method: GeneMarkS-2+.,OG0001669,,group_1506,Cloud,,Probably not conserved
GCF_017795725.1,HRR33_RS16585,MSVLFTYLLFIGAGIAVGGAYSMFKVNKLASGILLALAVLAAVAGALRL,49,hypothetical protein, ,Derived by automated computational analysis using gene prediction method: Protein Homology.,OG0000040,Conserved,group_2410,Soft core,Conserved,Soft core
GCF_017795725.1,HRR33_RS16815,MNESSSGLFSDLSASEPVVDAKSAEQLAAERETAAAERSNTDTAEQRQSQLFSG,54,hypothetical protein, ,Derived by automated computational analysis using gene prediction method: Protein Homology.,OG0000084,Soft core,group_2262,Soft core,Soft core,Soft core
GCF_017795725.1,HRR33_RS35300,MLGIALGLGSAAVGIGLGLLGAGAGILLSDKTVKTARRELTA,42,hypothetical protein, ,Derived by automated computational analysis using gene prediction method: GeneMarkS-2+.,OG0000102,Soft core,group_2160,Soft core,Soft core,Soft core
GCF_017795725.1,HRR33_RS16920,MHAEVGDRLHVQGRVVGQAEVTAEVLEVHGEDGGPPYLVRYDNGHEALVFPGSDGWIDHPGKGS,64,duf1918 domain-containing protein, ,Derived by automated computational analysis using gene prediction method: Protein Homology.,OG0000041,Conserved,group_2499,Soft core,Soft core,Soft core
GCF_017795725.1,HRR33_RS35305,MTTYRYLDADRNLLEEKDFETEQDAQEYRLSVLGAEHIEPTDE,43,hypothetical protein, ,Derived by automated computational analysis using gene prediction method: Protein Homology.,OG0000054,Core,group_2400,Soft core,Soft core,Soft core
GCF_017795725.1,HRR33_RS17185,MIRSHVTDSLDGLPAHTYNTHSNGVWRSATLVADRHTCGRPCPEEGVTSELHHSRSTPEEGRES,64,hypothetical protein, ,Derived by automated computational analysis using gene prediction method: Protein Homology.,OG0000246,Shell,group_360,Shell,Shell,Shell
GCF_017795725.1,HRR33_RS17645,MTDEDRLWYFDVSDGSVTQGKGASSLTRMGPYPDRDSAEHALKIAAERNKAADRADEDWNN,61,hypothetical protein, ,Derived by automated computational analysis using gene prediction method: Protein Homology.,OG0000042,Conserved,group_592,Soft core,Soft core,Soft core
GCF_017795725.1,HRR33_RS17720,MTPESLNDSDLLEHIAQLRARATDAYHQGEQEGMEVWTQAVNHFSAEAKRRELI,54,hypothetical protein, ,Derived by automated computational analysis using gene prediction method: GeneMarkS-2+.,OG0000593,Cloud,group_1091,Cloud,,Cloud
GCF_017795725.1,HRR33_RS17725,MTRAEGLGILAVVLMAIALAIGIVNGRSGVELGIYVALLVLFIGLNGRLAWKRRHGSA,58,hypothetical protein, ,Derived by automated computational analysis using gene prediction method: GeneMarkS-2+.,OG0000413,Cloud,group_2469,Cloud,,Cloud
GCF_017795725.1,HRR33_RS17750,MIEALSPSTAGTDMARLSFLHAHALNLGRNDLMRLGVGNGLAIRGFANQLRKNLLR,56,hypothetical protein, ,Derived by automated computational analysis using gene prediction method: GeneMarkS-2+.,OG0001670,,group_954,Cloud,,Probably not conserved
GCF_017795725.1,HRR33_RS35315,MIALSIAAVIVGTAGVILWAAWRWARGYDSITRSDHYERRNY,42,hypothetical protein, ,Derived by automated computational analysis using gene prediction method: GeneMarkS-2+.,OG0000626,Cloud,group_1788,Cloud,,Cloud
GCF_017795725.1,HRR33_RS17960,MNTNPLIQTKAEITKYSHITLAELQQFVEATAGWPRDTKVKIVSHDGQRDGYSITISATLVGAK,64,hypothetical protein, ,Derived by automated computational analysis using gene prediction method: GeneMarkS-2+.,OG0001671,,group_383,Cloud,,Probably not conserved
GCF_017795725.1,HRR33_RS17990,MKLSEAIENVGKRVIYTHPATLATEPGIIRSVDIANRGLVNVQYGANIWATHHDNLTLDRSRR,63,hypothetical protein, ,Derived by automated computational analysis using gene prediction method: GeneMarkS-2+.,OG0000289,Cloud,group_2319,Cloud,,Cloud
GCF_017795725.1,HRR33_RS18005,MTDHIHNTECTKLGQPCHGRGVPCKKSHPTQPDLNCAKLAGHGPNHEGWGNAMKRIEWTTEATA,64,hypothetical protein, ,Derived by automated computational analysis using gene prediction method: Protein Homology.,OG0000496,Cloud,group_2269,Cloud,,Cloud
GCF_017795725.1,HRR33_RS18020,MTAVAAVQRQRALAAIEVYEAALEEYELPSAPLSEAERIVAADRVIAAAAGLRAAIPM,58,hypothetical protein, ,Derived by automated computational analysis using gene prediction method: GeneMarkS-2+.,OG0000497,Cloud,group_2320,Cloud,,Cloud
GCF_017795725.1,HRR33_RS18055,MNEPEPTAANDIDIEALIKSDEPYLSCKFFGEPDSRDVWDAEVEAPDDPGDEWGA,55,hypothetical protein, ,Derived by automated computational analysis using gene prediction method: GeneMarkS-2+.,OG0000884,Cloud,group_2070,Cloud,,Cloud
GCF_017795725.1,HRR33_RS18195,MTSAATYGCDESDSSIPDTLAPASKYEGFVVLDIPADSTALMFTPHFTEGGWEWKL,56,hypothetical protein, ,Derived by automated computational analysis using gene prediction method: GeneMarkS-2+.,OG0001672,,group_955,Cloud,,Probably not conserved
GCF_017795725.1,HRR33_RS35325,MTTPPAAPKAPTVKYSSCADVKKAGAAPLYKGDPGYSTSLDRDEDGVACEK,51,excalibur calcium-binding domain-containing protein, ,Derived by automated computational analysis using gene prediction method: Protein Homology.,OG0000255,Shell,group_1265,Cloud,,Cloud
GCF_017795725.1,HRR33_RS18270,MTWWWQQRRDAQRGREEAEQVLEEVKSRDPLIAELGLRHRLMVSVNGFGEDVEQAMGRKKGHA,63,hypothetical protein, ,Derived by automated computational analysis using gene prediction method: GeneMarkS-2+.,OG0000885,Cloud,group_463,Cloud,,Cloud
GCF_017795725.1,HRR33_RS18350,MAIKTFTDEDGAVHHTDENSKTYAKYLKGLAAKSDPSVKEAPKLEASKPAAKAEVKSETKAP,62,hypothetical protein, ,Derived by automated computational analysis using gene prediction method: GeneMarkS-2+.,OG0000355,Cloud,group_552,Cloud,,Cloud
GCF_017795725.1,HRR33_RS18415,MNLLQVGDLIHGYCGGIWGNEALVFHVRRVEAIGADWVVVRNSGGKAEMFHGSPADLLEHRTV,63,hypothetical protein, ,Derived by automated computational analysis using gene prediction method: GeneMarkS-2+.,OG0001673,,group_464,Cloud,,Probably not conserved
GCF_017795725.1,HRR33_RS35335,MRSRIVVIRARLLVPVVNAAADQAGAARAEGSIGPFGPAMVT,42,hypothetical protein, ,Derived by automated computational analysis using gene prediction method: GeneMarkS-2+.,OG0001674,,group_1789,Cloud,,Probably not conserved
GCF_017795725.1,HRR33_RS18440,MQNITIGRYEHESIAREYAGWIEGIRNDGSTWIMWLDESGSPTQYFAHRDVDGGIKGEAVALS,63,hypothetical protein, ,Derived by automated computational analysis using gene prediction method: GeneMarkS-2+.,OG0000886,Cloud,group_465,Cloud,,Cloud
GCF_017795725.1,HRR33_RS18485,MSEIKAAIRWALDQPNSNYYIAGYRARTKDPGRDYGDRDFTDANDWIVSEYQTAKPSEESS,61,hypothetical protein, ,Derived by automated computational analysis using gene prediction method: GeneMarkS-2+.,OG0001675,,group_624,Cloud,,Probably not conserved
GCF_017795725.1,HRR33_RS18500,MSETNWVVLTPEQEAEINALPCIMTHTPPFDFAQCERHDTTFALGDVCKYHTTHTPDCGCEVSS,64,hypothetical protein, ,Derived by automated computational analysis using gene prediction method: GeneMarkS-2+.,OG0001676,,group_384,Cloud,,Probably not conserved
GCF_017795725.1,HRR33_RS18520,MTSLVKFRCHFTSTATAFGITAAGLAFAGFLTLTALSDVLERHPGTRNS,49,hypothetical protein, ,Derived by automated computational analysis using gene prediction method: GeneMarkS-2+.,OG0000608,Cloud,group_1384,Cloud,,Cloud
GCF_017795725.1,HRR33_RS18530,MSMYAIIESRQGDETGPSVYALYDNREDAAMDMDFCKVRAAHSGRNDVYQLARVEVEE,58,hypothetical protein, ,Derived by automated computational analysis using gene prediction method: GeneMarkS-2+.,OG0000627,Cloud,group_838,Cloud,,Cloud
GCF_017795725.1,HRR33_RS18570,MTRSLDEIQSMPVPFEESYGEFRHLRDGGVPQEIALRRIGMSYSGLAQACRRHGEVIEALQ,61,hypothetical protein, ,Derived by automated computational analysis using gene prediction method: GeneMarkS-2+.,OG0001677,,group_625,Cloud,,Probably not conserved
GCF_017795725.1,HRR33_RS18595,MTLHINGDQATDMHVDRLRKRVEIRCLRMNHETKEWELVFCESHPLAEIQANLAEAS,57,hypothetical protein, ,Derived by automated computational analysis using gene prediction method: GeneMarkS-2+.,OG0000628,Cloud,group_890,Cloud,,Cloud
GCF_017795725.1,HRR33_RS35340,MTGYRHLHLDENPFSEERLLADSDPLHEYDPRDDLEDWQK,40,hypothetical protein, ,Derived by automated computational analysis using gene prediction method: GeneMarkS-2+.,OG0001678,,group_1891,Cloud,,Probably not conserved
GCF_017795725.1,HRR33_RS35345,MTHSDIGDDPLTDPCDKPGWYDPRDDDHDVDRLRDQEIGL,40,hypothetical protein, ,Derived by automated computational analysis using gene prediction method: GeneMarkS-2+.,OG0001679,,group_1892,Cloud,,Probably not conserved
GCF_017795725.1,HRR33_RS18625,MTREEAVEYCGRWVHYCNPVTRVVESSGVISHVTEDGMAQVHDAETMHPLPTHPANLTLDRNRR,64,hypothetical protein, ,Derived by automated computational analysis using gene prediction method: GeneMarkS-2+.,OG0000289,Cloud,group_385,Cloud,,Cloud
GCF_017795725.1,HRR33_RS18660,MKWNPAELTREQRRSCLILLGGMSGELATFQRSELGSGPEVLALDFAYAKVAAMIDDRMSSILQAYD,67,hypothetical protein, ,Derived by automated computational analysis using gene prediction method: GeneMarkS-2+.,OG0001680,,group_168,Cloud,,Probably not conserved
GCF_017795725.1,HRR33_RS18690,MALSLRYAGSNTYEITAKEEAELRAILDGTEGGWLSIQNGDVELWIDVAIPLVLTSTSGRVSSTMYSL,68,hypothetical protein, ,Derived by automated computational analysis using gene prediction method: GeneMarkS-2+.,OG0001681,,group_87,Cloud,,Probably not conserved
GCF_017795725.1,HRR33_RS35350,MKLALTEFKNSKATIRIIMSDGAKLNGTVTDFTEDTLVLNSPNGIYYINPSHIVRLFEPSDRAAK,65,hypothetical protein, ,Derived by automated computational analysis using gene prediction method: GeneMarkS-2+.,OG0000085,Soft core,group_2248,Soft core,Shell,Soft core
GCF_017795725.1,HRR33_RS18900,MTVAGVVSVVLIAVAAALVIYLLVALVDPERF,32,k(+)-transporting atpase subunit f, ,Derived by automated computational analysis using gene prediction method: Protein Homology.,OG0000055,Core,kdpF,Soft core,Soft core,Soft core
GCF_017795725.1,HRR33_RS35790,MSEATAPVIRHQLALIAVGMLDVADVACC,29,ms4533a family cys-rich leader peptide, ,Derived by automated computational analysis using gene prediction method: Protein Homology.,OG0000133,Shell,group_1948,Soft core,Shell,Shell
GCF_017795725.1,HRR33_RS19040,MDRIADWWDSFELWMAGLPFIPQVALVLIVVVPLCRLVAIGLDRVLAAVLALPLFGWLRRNSREVEES,68,hypothetical protein, ,Derived by automated computational analysis using gene prediction method: Protein Homology.,OG0000056,Core,group_2078,Soft core,Soft core,Soft core
GCF_017795725.1,HRR33_RS19475,MKKALPKTLKSLARTVGILALAIVVVSVVERFTGAHQPTTGPASLTGPDQSL,52,hypothetical protein, ,Derived by automated computational analysis using gene prediction method: Protein Homology.,OG0000111,Soft core,group_2264,Soft core,Soft core,Soft core
GCF_017795725.1,HRR33_RS19485,MSFLPFPIVIEGIETTGSAAIDGLGRLSVLLYDLLGGTGSATIDAGS,47,hypothetical protein, ,Derived by automated computational analysis using gene prediction method: Protein Homology.,OG0000125,Shell,group_2228,Shell,Shell,Shell
GCF_017795725.1,HRR33_RS19495,MYGYLWGALPGPRPVKALLAIVLVVAVVLLLMEFVFPWVSEHMPYSDVTV,50,hypothetical protein, ,Derived by automated computational analysis using gene prediction method: Protein Homology.,OG0000214,Shell,group_1309,Shell,Shell,Shell
GCF_017795725.1,HRR33_RS19525,MIAAPTTGALAVVLNTVLQMFNAGSSFLYTDNSPIGGGGETPTTPAP,47,hypothetical protein, ,Derived by automated computational analysis using gene prediction method: Protein Homology.,OG0000086,Soft core,group_2210,Soft core,Soft core,Soft core
GCF_017795725.1,HRR33_RS19530,MPTIPLTGDPIVINIIVQLLSAGSSNALALGGVGSSGLGSTGLGSFDSASLGSAA,55,hypothetical protein, ,Derived by automated computational analysis using gene prediction method: Protein Homology.,OG0000087,Soft core,group_1002,Soft core,Soft core,Soft core
GCF_017795725.1,HRR33_RS35355,MSVSGTVFLGTPTEKTSDGFEDTYLFDVSRVYKGDLASVTSVGTLANGNGCGTS,54,hypothetical protein, ,Derived by automated computational analysis using gene prediction method: GeneMarkS-2+.,OG0001682,,group_2591,Cloud,,Probably not conserved
GCF_017795725.1,HRR33_RS35365,MYIQTCTYDTEDRNMGSINTLSAVIDIIKVVQPLIAKLNLS,41,hypothetical protein, ,Derived by automated computational analysis using gene prediction method: GeneMarkS-2+.,OG0000109,Soft core,group_2041,Soft core,Soft core,Soft core
GCF_017795725.1,HRR33_RS20365,MGTLQSGINLAEKFSKKAKDGEDSLEKSLTSHIQVVTEMRDFFQQCVDRYGEVDDSNASALASVETPR,68,hypothetical protein, ,Derived by automated computational analysis using gene prediction method: GeneMarkS-2+.,OG0000123,Soft core,group_2307,Soft core,Soft core,Soft core
GCF_017795725.1,HRR33_RS20435,MSTALLTIYVLIWPALVLVVLGVISKGFFKDWATARRNGEDLV,43,putative transporter small subunit, ,Derived by automated computational analysis using gene prediction method: Protein Homology.,OG0000088,Soft core,group_2364,Soft core,Soft core,Soft core
GCF_017795725.1,HRR33_RS20580,MLKTLVFLLVSEMFEGTRIGARQREKMQAWQEVLISAVAAHREQVVQ,47,hypothetical protein, ,Derived by automated computational analysis using gene prediction method: GeneMarkS-2+.,OG0001683,,group_1507,Cloud,,Probably not conserved
GCF_017795725.1,HRR33_RS20715,MPVKDVVATRAFFSGLGFEFNDMFSDENTVSMIVSDSANRMFLNVTAFSGTSSPDGHRCDTCAKLREKH,69,hypothetical protein, ,Derived by automated computational analysis using gene prediction method: GeneMarkS-2+.,OG0001684,,group_27,Cloud,,Probably not conserved
GCF_017795725.1,HRR33_RS21165,MAAMKPRTGDGPLEATKEGRGIVMRVPLEGGGRLVVELTPDEAAALGVELTNVTS,55,duf3117 domain-containing protein, ,Derived by automated computational analysis using gene prediction method: Protein Homology.,OG0000043,Conserved,group_1003,Soft core,Soft core,Soft core
GCF_017795725.1,HRR33_RS21270,MTEQDATFDPEAPESDALEQSTPVDPNAPEEPDLTDIPLDAPVADVVDQRVEVAVDDDYRPS,62,hypothetical protein, ,Derived by automated computational analysis using gene prediction method: Protein Homology.,OG0000057,Core,group_2211,Soft core,Soft core,Soft core
GCF_017795725.1,HRR33_RS21295,MYNWDLQNQIVAFVDSLRPMAGYYHDLYYGSLYAFADQQSHLLTLLGFPPVP,52,hypothetical protein, ,Derived by automated computational analysis using gene prediction method: Protein Homology.,OG0000058,Core,group_1175,Soft core,Soft core,Soft core
GCF_017795725.1,HRR33_RS21315,MGKVKASKVSQLKPKKKCCRKKTRCIKCPVVIMRMKKLENEGASKKELKAGLKKARAA,58,hypothetical protein, ,Derived by automated computational analysis using gene prediction method: Protein Homology.,OG0000044,Conserved,group_2365,Soft core,Soft core,Soft core
GCF_017795725.1,HRR33_RS35390,MGSMEGILGAVVQGLGSLFSADGLLKTFMGSVETISKDPTP,41,hypothetical protein, ,Derived by automated computational analysis using gene prediction method: GeneMarkS-2+.,OG0000103,Soft core,group_2051,Soft core,Soft core,Soft core
GCF_017795725.1,HRR33_RS21485,MTAKLTTAFRGTLWWVRSVMGDLDYQRYVEHTRRHHADSPVISEREFWRRRHAAADANPGARCC,64,ybdd/yjix family protein, ,Derived by automated computational analysis using gene prediction method: Protein Homology.,OG0000045,Conserved,group_2343,Soft core,Conserved,Soft core
GCF_017795725.1,HRR33_RS21735,MSTNSDRRPRLPVRIAYLAAGVLFVAAMLLLASVVNPDRDRDFSMNHVPAGTSTTAFAATSDLG,64,hypothetical protein, ,Derived by automated computational analysis using gene prediction method: Protein Homology.,OG0000104,Soft core,group_2149,Soft core,Soft core,Soft core
GCF_017795725.1,HRR33_RS22140,MAEGIVKWFNSEKGFGFIAPEDGSADVFVHYSEIQSGGFRTLEENQRVAFEIGQGNKGPQATGVTIV,67,cold-shock protein, ,Derived by automated computational analysis using gene prediction method: Protein Homology.,OG0000046,Conserved,group_132,Soft core,Soft core,Soft core
GCF_017795725.1,HRR33_RS22145,MTTAEYTVSGMTCGHCVGSVKEEIGNIAGVTAVDVELASGRVVVTSDAPVSAADVVAAVDEAGYAVVPS,69,heavy-metal-associated domain-containing protein, ,Derived by automated computational analysis using gene prediction method: Protein Homology.,OG0000006,Conserved,group_2139,Soft core,Soft core,Soft core
GCF_017795725.1,HRR33_RS22265,MKHTMSDDELRRAIREIQDRAHDARKRGDDVAAEELDRTVKGYQEQMMQRL,51,hypothetical protein, ,Derived by automated computational analysis using gene prediction method: Protein Homology.,OG0000059,Core,group_2336,Soft core,Soft core,Soft core
GCF_017795725.1,HRR33_RS22340,MSEQRDTPKKPSVDKKRLARIFGDVFPETTSDERGPEGSSRSSDDDWLRSQRPPHHGG,58,hypothetical protein, ,Derived by automated computational analysis using gene prediction method: Protein Homology.,OG0000089,Soft core,group_2328,Soft core,Soft core,Soft core
GCF_017795725.1,HRR33_RS22370,MAVPKRKMSRSNTRSRRAQWKATAPDLVEVTAFGQTHRVPRRLVKAVRLGVIDPSRI,57,50s ribosomal protein l32, ,Derived by automated computational analysis using gene prediction method: Protein Homology.,OG0000060,Soft core,group_2302,Soft core,Soft core,Soft core
GCF_017795725.1,HRR33_RS22390,MARNEIRPIVKLKSTAGTGYTYVTRKNRRNDPDRLVLKKYDPVLRKHVDFREEK,54,50s ribosomal protein l33, ,Derived by automated computational analysis using gene prediction method: Protein Homology.,OG0000047,Conserved,group_2199,Soft core,Soft core,Soft core
GCF_017795725.1,HRR33_RS22555,MHLTATTSTTTGAAGNSDPKDAESTLDMSGRPAALRARSAAATRPGGADVTA,52,hypothetical protein, ,Derived by automated computational analysis using gene prediction method: GeneMarkS-2+.,OG0000131,Shell,group_2058,Shell,Shell,Shell
GCF_017795725.1,HRR33_RS23020,MGFLDNVKGLVEKGQELAAENSDKVHDAIDKVADIADDKTGNKYGDQIDKAAEAAKKAVPEKQ,63,antitoxin, ,Derived by automated computational analysis using gene prediction method: Protein Homology.,OG0000010,Conserved,group_425,Soft core,Soft core,Soft core
GCF_017795725.1,HRR33_RS35400,MANNSKQHYVDPGWPETADGDHAVTELSSTRAGGLSPFGEDTTFPVPVESLPYVHPHTVINR,62,hypothetical protein, ,Derived by automated computational analysis using gene prediction method: Protein Homology.,OG0000048,Conserved,group_501,Soft core,Soft core,Soft core
GCF_017795725.1,HRR33_RS35405,MADKAPGKNMKKPAQSIKERRAEKRAKTAESSEFIRKRKRS,41,hypothetical protein, ,Derived by automated computational analysis using gene prediction method: Protein Homology.,OG0000004,Core,group_2142,Soft core,Soft core,Soft core
GCF_017795725.1,HRR33_RS24500,MGRGRAKAKQTKVARELKYSVPTTDFDSLQRELAGGSTNSHRSSVRSDQTSDREGHAREDDYDDWRR,67,duf3073 domain-containing protein, ,Derived by automated computational analysis using gene prediction method: Protein Homology.,OG0000049,Conserved,group_133,Soft core,Soft core,Soft core
GCF_017795725.1,HRR33_RS24675,MRNNLQELRTAAGLSQQACADALGITRQTVISIEKGHFDPRLSLAFRIAEYFDKRVDDIFSS,62,helix-turn-helix transcriptional regulator, ,Derived by automated computational analysis using gene prediction method: Protein Homology.,OG0000105,Soft core,group_502,Soft core,Soft core,Soft core
GCF_017795725.1,HRR33_RS24805,MTSPMNTRKLTRARSGAMFGGVCAGIARYFGWKSSTVRLLFVLSCLLPGPQFLIYIVMWIFIPREQI,67,pspc domain-containing protein, ,Derived by automated computational analysis using gene prediction method: Protein Homology.,OG0000106,Soft core,group_134,Soft core,Soft core,Soft core
GCF_017795725.1,HRR33_RS24825,MAEGERPPGVLDDSTYQSPDGLRKFGRTKSEVWFRNKKAYNASRIDDAAVEAANG,55,hypothetical protein, ,Derived by automated computational analysis using gene prediction method: GeneMarkS-2+.,OG0000185,Shell,group_2143,Shell,Shell,Shell
GCF_017795725.1,HRR33_RS35415,MTVLCRAGKLQAGVLVADDDQGWASPFRSIAPTKMALLARALQDGLIAIDEL,52,hypothetical protein, ,Derived by automated computational analysis using gene prediction method: Protein Homology.,OG0000156,Shell,group_2040,Shell,Shell,Shell
GCF_017795725.1,HRR33_RS25605,MSDWVKKVEAEAKGLLAEAEEELTVLEGVDTIDPLADDDPAPEDGTKPTSD,51,hypothetical protein, ,Derived by automated computational analysis using gene prediction method: Protein Homology.,OG0000090,Soft core,group_2192,Soft core,Soft core,Soft core
GCF_017795725.1,HRR33_RS26540,MAQGIVKWFNGEKGFGFIAPDDGTPDVFVHYSEISGNGYKSLDENQRVEFEVGQGQKGPQATNVRAV,67,cold-shock protein, ,Derived by automated computational analysis using gene prediction method: Protein Homology.,OG0000003,Conserved,group_1991,Soft core,Soft core,Soft core
GCF_017795725.1,HRR33_RS26695,MTITDADVPGLAVTARGRTPSAARALATDAAEAPCSMFEEANAMTSGGFTFTVVPPGN,58,hypothetical protein, ,Derived by automated computational analysis using gene prediction method: Protein Homology.,OG0000262,Shell,group_2251,Shell,Shell,Shell
GCF_017795725.1,HRR33_RS26705,MGSINAFNEWVNQATYAGDPFATAIAIVQFFAVSLVNLFTGGPIL,45,hypothetical protein, ,Derived by automated computational analysis using gene prediction method: GeneMarkS-2+.,OG0000137,Shell,group_2383,Shell,Shell,Shell
GCF_017795725.1,HRR33_RS26730,MKKTDFAPISCIHRWEIESRHRTSEGTVTYLRCHCGSWQTLLAEWVSGGAGSAVAAPIKVRSR,63,hypothetical protein, ,Derived by automated computational analysis using gene prediction method: GeneMarkS-2+.,OG0000116,Soft core,group_2290,Soft core,Soft core,Soft core
GCF_017795725.1,HRR33_RS26770,MPTVIRTVHDLVRHARGPTHHHHHQSVHEARRMRAHHILVTHSLV,45,hypothetical protein, ,Derived by automated computational analysis using gene prediction method: GeneMarkS-2+.,OG0000112,Soft core,group_2176,Soft core,Soft core,Soft core
GCF_017795725.1,HRR33_RS26975,MVGTPVIVTIVSVCVGFVIFMLAASGARGKWDRRLVIALFIGAVVCLTVVPVSVALSAGV,60,hypothetical protein, ,Derived by automated computational analysis using gene prediction method: Protein Homology.,OG0000091,Soft core,group_2382,Soft core,Soft core,Soft core
GCF_017795725.1,HRR33_RS27080,MNETQPHNLERERWRTLPTPPSTELIEMVGDGPSSADFDPAAPVAQQG,48,hypothetical protein, ,Derived by automated computational analysis using gene prediction method: Protein Homology.,OG0000128,Shell,group_2355,Shell,Shell,Shell
GCF_017795725.1,HRR33_RS27575,MTEPDPGTVETDFPKTGAPAQRALIAAGYTHLAQLTSVSEKELGALHGMGPKALRILREALAERGLRFAD,70,dna-binding protein, ,Derived by automated computational analysis using gene prediction method: Protein Homology.,OG0000050,Conserved,,,Soft core,Soft core
GCF_017795725.1,HRR33_RS35455,MLGNVKCSHPRGYLHGEVLAVDAAMNLITAKVDDFENVREGVPGSSLVGGGYVPL,55,hypothetical protein, ,Derived by automated computational analysis using gene prediction method: GeneMarkS-2+.,OG0000198,Shell,group_2094,Shell,Shell,Shell
GCF_017795725.1,HRR33_RS35465,MGSSDTDLKALDSVITVAGALAAIFGGIAGVAGLATFLGTGGGS,44,hypothetical protein, ,Derived by automated computational analysis using gene prediction method: GeneMarkS-2+.,OG0000065,Soft core,group_2088,Shell,Shell,Shell
GCF_017795725.1,HRR33_RS35470,MNSSDLGSVSALLPMMLTAFKSIITMPFALSVDFGLDVPFNPFK,44,hypothetical protein, ,Derived by automated computational analysis using gene prediction method: GeneMarkS-2+.,OG0000186,Shell,group_2240,Shell,Shell,Shell
GCF_017795725.1,HRR33_RS28330,MNAPTRYQFLIDGEVSDRVKAAFPELSVASAAGGFTSLYGPVADHTAMRSIMARLDSLGLTVAEMRRLPD,70,hypothetical protein, ,Derived by automated computational analysis using gene prediction method: Protein Homology.,OG0000092,Soft core,,,Soft core,Soft core
GCF_017795725.1,HRR33_RS35475,MSVVLISLLVAAGLTVLATSDGAGLDFGSRQLNRQLKTRTHR,42,hypothetical protein, ,Derived by automated computational analysis using gene prediction method: GeneMarkS-2+.,OG0000107,Soft core,group_1760,Soft core,Soft core,Soft core
GCF_017795725.1,HRR33_RS28745,MKIVVLSFLVALTLMTVGIIAARKRSTRPAVTGAVTAASTVLAAAWTLFAVAFVLA,56,hypothetical protein, ,Derived by automated computational analysis using gene prediction method: Protein Homology.,OG0000110,Soft core,group_2239,Soft core,Soft core,Soft core
GCF_017795725.1,HRR33_RS29365,MDARQLFALGALGTGMLSLALQLTPLCLGAEDAEQYVFVRGANATAVLSLALLSAAFVFWPPAG,64,hypothetical protein, ,Derived by automated computational analysis using gene prediction method: GeneMarkS-2+.,OG0000140,Shell,group_2266,Shell,Shell,Shell
GCF_017795725.1,HRR33_RS29425,MTGYSLADIGCAAASTLVRHHLRAVDDAVRPSTPVLLGLRPLTLQGHTKR,50,hypothetical protein, ,Derived by automated computational analysis using gene prediction method: GeneMarkS-2+.,OG0001685,,group_1330,Cloud,,Probably not conserved
GCF_017795725.1,HRR33_RS29520,MIGNHPTIVSIPTAHRPADREWGTPPEDLYADPYDAGATVDVYEDVPPAPDPAGWDALIPSEPRDR,66,hypothetical protein, ,Derived by automated computational analysis using gene prediction method: GeneMarkS-2+.,OG0001686,,group_243,Cloud,,Probably not conserved
GCF_017795725.1,HRR33_RS29825,MNHRESFQAVKWGTPRRTRRHRQLIRGRIAGGGATVEVSSEVLAYY,46,hypothetical protein, ,Derived by automated computational analysis using gene prediction method: GeneMarkS-2+.,OG0000141,Shell,group_2265,Shell,Shell,Shell
GCF_017795725.1,HRR33_RS29920,MRRASRAQRMELIAGFISVFALMALIGAVVAIVKGDPGVMPSLVLLGCVVALGLAFRGYRNAVRAERRE,69,hypothetical protein, ,Derived by automated computational analysis using gene prediction method: Protein Homology.,OG0000051,Conserved,group_2375,Soft core,Shell,Shell
GCF_017795725.1,HRR33_RS30470,MAKGKRTFQPNNRRRARVHGFRLRMRTRAGRAIVSARRRKGRDSLTA,47,50s ribosomal protein l34, ,Derived by automated computational analysis using gene prediction method: Protein Homology.,OG0000052,Conserved,rpmH,Conserved,Shell,Shell
GCF_017795725.1,HRR33_RS30585,MTSDASMMTHLGGGRTAMIVPDESRKIPATLPTKTSVQSRRAVRCGP,47,hypothetical protein, ,Derived by automated computational analysis using gene prediction method: GeneMarkS-2+.,OG0000568,Cloud,group_1488,Cloud,,Cloud
GCF_017795725.1,HRR33_RS30795,MKVEVDRKKCTGLGICESLAPAFFEVDDSGDLLLLKDDIGPDELAEIEEAVAGCPTEALRIIR,63,ferredoxin, ,Derived by automated computational analysis using gene prediction method: Protein Homology.,OG0000001,Conserved,group_441,Cloud,,Cloud
GCF_017795725.1,HRR33_RS31020,MESLPAISWVGAPLRRYAELVYLQVTEIFVLGVAILYALLKALHRAFTN,49,hypothetical protein, ,Derived by automated computational analysis using gene prediction method: GeneMarkS-2+.,OG0001687,,group_1385,Cloud,,Probably not conserved
GCF_017795725.1,HRR33_RS31050,MNVQTSRSNSWPAVHSGSMSTAEIKARIESMYADRGALVPKGTGTKS,47,hypothetical protein, ,Derived by automated computational analysis using gene prediction method: Protein Homology.,OG0000002,Conserved,group_1493,Cloud,,Cloud
GCF_017795725.1,HRR33_RS31055,MDVDDLDVVVWPESEEREAWWRQVVTGGSAGAATSTMTPNRSIEDASSRILHAA,54,hypothetical protein, ,Derived by automated computational analysis using gene prediction method: GeneMarkS-2+.,OG0000129,Shell,"group_2012, group_2013",Cloud,,Cloud
GCF_017795725.1,HRR33_RS31080,MEDNRIRSALDATPDTDYLEQTIPADPNAVDAVDLEALTTELDTPWPAPEGDLLEQSTPAPLDDER,66,hypothetical protein, ,Derived by automated computational analysis using gene prediction method: Protein Homology.,OG0000199,Shell,"group_2011, group_2217",Cloud,,Cloud
GCF_017795725.1,HRR33_RS35540,MDGRDEAREDVVALMAVVGPHGGRGYYSRSVLMAGKQDSDRCDQK,45,hypothetical protein, ,Derived by automated computational analysis using gene prediction method: GeneMarkS-2+.,OG0001688,,group_1627,Cloud,,Probably not conserved
GCF_017795725.1,HRR33_RS31435,MDSSHQRSIARLSARKDSMTTAEIKARIEAMFSDGPAFDAIESAAKVWAESTGVAH,56,hypothetical protein, ,Derived by automated computational analysis using gene prediction method: GeneMarkS-2+.,OG0000002,Conserved,group_956,Cloud,,Cloud
GCF_017795725.1,HRR33_RS31440,MDYPTSDEYLRERNLQPSRLRSTSVIALGSAMPASAPTLALTGSFALCALVAILVVACVAVAAFLI,66,hypothetical protein, ,Derived by automated computational analysis using gene prediction method: GeneMarkS-2+.,OG0001689,,group_244,Cloud,,Probably not conserved
GCF_017795725.1,HRR33_RS31445,MSEVQVDPGIVVCLCVRATATTTGADAVRVERPEGAACVVDECEGVLERGAEISVSLAVGVVASYVRRNA,70,hypothetical protein, ,Derived by automated computational analysis using gene prediction method: GeneMarkS-2+.,OG0001690,,,,,Probably not conserved
GCF_017795725.1,HRR33_RS35550,MISTSSMSNSAMSEWINAHPAETTTVIVLVVVALVVLAVWTISR,44,hypothetical protein, ,Derived by automated computational analysis using gene prediction method: GeneMarkS-2+.,OG0000416,Cloud,group_1681,Cloud,,Cloud
GCF_017795725.1,HRR33_RS31550,MTLTEQLHNCQDLLARAQLAGDQDAIRRFSSYRLTLIHSIADSSLLTWHDRTQTSSKQ,58,hypothetical protein, ,Derived by automated computational analysis using gene prediction method: Protein Homology.,OG0000751,Cloud,group_839,Cloud,,Cloud
GCF_017795725.1,HRR33_RS31595,MSTAEQTYHPGQKAPVSGFYECDCGDAHRVSTDVAGHVLPPLPQGCSGGVWRLKEARPQ,59,hypothetical protein, ,Derived by automated computational analysis using gene prediction method: Protein Homology.,OG0001691,,group_765,Cloud,,Probably not conserved
GCF_017795725.1,HRR33_RS31625,MGAGRGGADEGEHWLWLMLFRGTVGAGCPVMLMDVVAPLWWDPGSFVDEVAAVSALCAEVSLVH,64,hypothetical protein, ,Derived by automated computational analysis using gene prediction method: GeneMarkS-2+.,OG0001692,,group_386,Cloud,,Probably not conserved
GCF_017795725.1,HRR33_RS31630,MDVSDFDVVVWPESEEREAWWRAIVGAGRDAASPTMTPERRVEHAPPRILHAA,53,hypothetical protein, ,Derived by automated computational analysis using gene prediction method: GeneMarkS-2+.,OG0000129,Shell,group_1146,Cloud,,Cloud
GCF_017795725.1,HRR33_RS31670,MRIELDLELCLGYGNCIAEAPEHFDLDEETNKAIVLIEEPSADDRDVVEAAVRSCPAVALRLAE,64,ferredoxin, ,Derived by automated computational analysis using gene prediction method: Protein Homology.,OG0000001,Conserved,group_387,Cloud,,Cloud
GCF_017795725.1,HRR33_RS31705,MRQGDQVRIGARGVSVFTIVSVDEDAHSAIIESTVDALAGTLSRDAGPSLCLLLDGTTGST,61,hypothetical protein, ,Derived by automated computational analysis using gene prediction method: GeneMarkS-2+.,OG0000072,Soft core,group_626,Cloud,,Cloud
GCF_017795725.1,HRR33_RS35570,MSNQDGAEAGGFCSPLVREPLTEDWGRATWRGCSKPSGDPVRCGLAELGGKSRGWWKACVCDISG,65,hypothetical protein, ,Derived by automated computational analysis using gene prediction method: GeneMarkS-2+.,OG0001693,,group_308,Cloud,,Probably not conserved
GCF_017795725.1,HRR33_RS32215,MKLMGAAKALVDKGKEAASKNADKIENAIDKTAASAEARTGGKLTSQIQKAALAAKRAIPPKK,63,antitoxin, ,Derived by automated computational analysis using gene prediction method: Protein Homology.,OG0000218,Shell,group_2424,Shell,,Shell
GCF_017795725.1,HRR33_RS32315,MKYSAIPTRHTFPRTRFPLSSSVDLYLVFFSLSDGPIDGDVSTSVRLGSLKYSL,54,hypothetical protein, ,Derived by automated computational analysis using gene prediction method: GeneMarkS-2+.,OG0000598,Cloud,group_2227,Cloud,,Cloud
GCF_017795725.1,HRR33_RS35595,MTHNTRIKPSTKDRLRRGVDKLRYETGDREISEASMTEAALDEYLKARGL,50,hypothetical protein, ,Derived by automated computational analysis using gene prediction method: Protein Homology.,OG0000212,Shell,group_2308,Shell,Cloud,Shell
GCF_017795725.1,HRR33_RS35600,MPIPRAMSTRLARLTEDSLTLARAAIVDFAAETPRPVWDSAKCA,44,hypothetical protein, ,Derived by automated computational analysis using gene prediction method: GeneMarkS-2+.,OG0000629,Cloud,group_1682,Cloud,Cloud,Cloud
GCF_017795725.1,HRR33_RS32355,MMLLFRERAATTVTIAALIAGAVATSWIYLNGIFFPTTSPVSAMSYVALTTITPALPPVI,60,hypothetical protein, ,Derived by automated computational analysis using gene prediction method: GeneMarkS-2+.,OG0000351,Cloud,group_2257,Cloud,,Cloud
GCF_017795725.1,HRR33_RS32380,MTFKDAHAGLVSSICMIGDVVCDTSSLAVHEAIASKFGSQTMTHTLYSALSM,52,hypothetical protein, ,Derived by automated computational analysis using gene prediction method: GeneMarkS-2+.,OG0001694,,group_1198,Cloud,,Probably not conserved
GCF_017795725.1,HRR33_RS32410,MTTKFTISIPDEDAHLLDEYVRDHGLRGRSAGIRAALRLLSTSGLERDYAAAFGEGDVDEVWDAVTADTE,70,ribbon-helix-helix domain-containing protein, ,Derived by automated computational analysis using gene prediction method: Protein Homology.,OG0000213,Shell,,,,Probably not conserved
GCF_017795725.1,HRR33_RS35610,MIHWRNLTTGAVGDANLWFGFPSTGGTAVTGSGILVATVTTSGVGWPITILPGAGSWTVP,60,hypothetical protein, ,Derived by automated computational analysis using gene prediction method: GeneMarkS-2+.,OG0000304,Cloud,group_690,Cloud,,Cloud
GCF_017795725.1,HRR33_RS35615,MGSFDTASLSTESLEDLNLGKVSELLKLGITAVSFITALNSLS,43,hypothetical protein, ,Derived by automated computational analysis using gene prediction method: GeneMarkS-2+.,OG0000067,Soft core,group_2494,Cloud,,Cloud
GCF_017795725.1,HRR33_RS32575,MGFIDKAKNAAEDAVGKAKEAIGGAVDDKSLEAEGKKDQGSAGIKKVGENIKDALG,56,csbd family protein, ,Derived by automated computational analysis using gene prediction method: Protein Homology.,OG0000074,Soft core,group_957,Cloud,,Cloud
GCF_017795725.1,HRR33_RS32615,MSITVYTKPACMQCNATYRALDKVGIEYGVIDITENAQAHDYVMSLGYLQAPVVAGDVHFSGFGPGRD,68,glutaredoxin-like protein nrdh, ,Derived by automated computational analysis using gene prediction method: Protein Homology.,OG0000584,Cloud,nrdH,Cloud,,Cloud
GCF_017795725.1,HRR33_RS32630,MLKHSIFGVLALAVAALDFTIGTKHMITAGIIALTASVYSFTKAASLRKAPNDKGNRP,58,hypothetical protein, ,Derived by automated computational analysis using gene prediction method: Protein Homology.,OG0000215,Shell,group_2115,Cloud,,Cloud
GCF_017795725.1,HRR33_RS32635,MTTEKDTSKPGWKAHTVVALISLAVGIIFLTGGTTISLIAGTSLLGLAVYHYVVALRLRRELKTPAEEEG,70,hypothetical protein, ,Derived by automated computational analysis using gene prediction method: GeneMarkS-2+.,OG0000287,Shell,,,,Probably not conserved
GCF_017795725.1,HRR33_RS32640,MSDDEHDAWQLHHHGASWDDIGTEMGCSPTTAQTLATAYEKRTDNAAAQTQNTLF,55,hypothetical protein, ,Derived by automated computational analysis using gene prediction method: Protein Homology.,OG0000063,Soft core,"group_2638, group_2009",Cloud,,Cloud
GCF_017795725.1,HRR33_RS32700,MTAARKVSPQDIEESVQFAAAGIRLAGGTFTPADEAAARRVASGTTTPEEEVAAFRRELGY,61,antitoxin vbha family protein, ,Derived by automated computational analysis using gene prediction method: Protein Homology.,OG0000211,Shell,group_627,Cloud,,Cloud
GCF_017795725.1,HRR33_RS32725,MTDSTPQGAAHVTDAQINAARTKLIIDKKLKRASKPQIKRLAQLKTSGERRLIAS,55,hypothetical protein, ,Derived by automated computational analysis using gene prediction method: Protein Homology.,OG0000229,Shell,group_1034,Cloud,,Cloud
GCF_017795725.1,HRR33_RS32855,MTENEISTLTQAEREAFWRRWGWSPELPKAERLAIEQEWHDTAIELAKFHGF,52,hypothetical protein, ,Derived by automated computational analysis using gene prediction method: Protein Homology.,OG0000153,Shell,group_1199,Cloud,,Cloud
GCF_017795725.1,HRR33_RS35625,MDLRPTNADKIEAVFAPYIKVAERVSSAGKNCFDASAHGRIKADVIDAFHAAH,53,hypothetical protein, ,Derived by automated computational analysis using gene prediction method: Protein Homology.,OG0000314,Cloud,group_1147,Cloud,,Cloud
GCF_017795725.1,HRR33_RS32885,MASKPLKPGTPAPRSGQVEIVGPRGGRTGDERTTVRGKPLPPTPKPGQGYILVDPTKNGAGRK,63,hypothetical protein, ,Derived by automated computational analysis using gene prediction method: Protein Homology.,OG0000887,Cloud,group_466,Cloud,,Cloud
GCF_017795725.1,HRR33_RS32995,MATLRLLLALASLICIVWGIAVLLAIAQPIGWVLIAIGLITGAINVAHKSRN,52,hypothetical protein, ,Derived by automated computational analysis using gene prediction method: GeneMarkS-2+.,OG0001695,,,,,Probably not conserved
GCF_017795725.1,HRR33_RS33000,MPARYETIALVATELTRDVKVDDYGAYSDFDERPRLSAEEVAAIIENH,48,hypothetical protein, ,Derived by automated computational analysis using gene prediction method: GeneMarkS-2+.,OG0000888,Cloud,,,Cloud,Cloud
GCF_017795725.1,HRR33_RS33025,MDVSDFDVVVWPESEEREAWWRAVVGAGRDAASPTMTPERRVEHAPLRILHAA,53,hypothetical protein, ,Derived by automated computational analysis using gene prediction method: GeneMarkS-2+.,OG0000129,Shell,,,Cloud,Cloud
GCF_017795725.1,HRR33_RS33040,MVLTATTSSPVDASTSSFGWLVLKTLVDYVALEQTPATTTEGDATATITLEKTLPARS,58,hypothetical protein, ,Derived by automated computational analysis using gene prediction method: GeneMarkS-2+.,OG0000889,Cloud,,,Cloud,Cloud
GCF_017795725.1,HRR33_RS35645,MGSSDTDLKTLDSVITVAGALAAIFGGIAGVAGLATFFGTGGGS,44,hypothetical protein, ,Derived by automated computational analysis using gene prediction method: GeneMarkS-2+.,OG0000065,Soft core,,,Cloud,Cloud
GCF_017795725.1,HRR33_RS33120,MNGNQSQLRRKLAGLPWHGIEPDDRLTRAINAAAELRHDSRDAPRRLKII,50,hypothetical protein, ,Derived by automated computational analysis using gene prediction method: GeneMarkS-2+.,OG0000890,Cloud,,,Cloud,Cloud
GCF_017795725.1,HRR33_RS33265,MAIAAATVLGATVGVLLADVMAGVAVGAGTAVVFRFVLRMIITRR,45,hypothetical protein, ,Derived by automated computational analysis using gene prediction method: Protein Homology.,OG0000124,Shell,group_2431,Cloud,Cloud,Cloud
GCF_017795725.1,HRR33_RS33290,MSENAETDETQGWSPAPDEGQAGTVMTKDGQWAYRYKDGAELIMMKMPERPAST,54,hypothetical protein, ,Derived by automated computational analysis using gene prediction method: Protein Homology.,OG0000119,Shell,group_2399,Cloud,Cloud,Cloud
GCF_017795725.1,HRR33_RS33395,MRRLRADGFGERMLAASAPQFAMMRRLPAARWTGLLEDWAELDRWRAAPPWWELGLRASSSDRKEP,66,hypothetical protein, ,Derived by automated computational analysis using gene prediction method: GeneMarkS-2+.,OG0000376,Cloud,group_218,Shell,Cloud,Cloud
GCF_017795725.1,HRR33_RS33660,MNNVGESRIENRLGAMLSEFDIGEHQDGSMRIDFALGANADGGDPR,46,hypothetical protein, ,Derived by automated computational analysis using gene prediction method: GeneMarkS-2+.,OG0000330,Cloud,group_2485,Cloud,Cloud,Cloud
GCF_017795725.1,HRR33_RS33735,MDDLHLEADRIFGPCNDPTCPGSRSTAEHDTRLDLDWTGRVHLRLVTDAEDRTSGADDA,59,hypothetical protein, ,Derived by automated computational analysis using gene prediction method: Protein Homology.,OG0000891,Cloud,group_766,Cloud,Cloud,Cloud
GCF_017795725.1,HRR33_RS33745,MQNTRSRLEKRLAKLLAATLPLAARHTAGRTKVDLVYLAEETKTA,45,hypothetical protein, ,Derived by automated computational analysis using gene prediction method: GeneMarkS-2+.,OG0000892,Cloud,group_1628,Cloud,Cloud,Cloud
GCF_017795725.1,HRR33_RS33755,MTIAPIRVPDEWDDNGIILFEEFCAFIRTPQCTVRDWRRCGRGPTWHRFNGNGRLYVTVAELRRFLRGDR,70,dna-binding protein, ,Derived by automated computational analysis using gene prediction method: GeneMarkS-2+.,OG0000893,Cloud,,,Cloud,Cloud
GCF_017795725.1,HRR33_RS33760,MSSSLRRPDQPIPGDRHWMTLQEAAVYIATSVKTVRRRIASGELPAYACGKRGLRVLREDLDNLMRPV,68,helix-turn-helix domain-containing protein, ,Derived by automated computational analysis using gene prediction method: Protein Homology.,OG0000207,Shell,group_88,Cloud,Cloud,Cloud
GCF_017795725.1,HRR33_RS33975,MSTVPVVGTELGRDCLQCGCPLLITVLEFYAGSPPALTGSRESFVDCRNGCSGVIEQPVGIDISRY,66,hypothetical protein, ,Derived by automated computational analysis using gene prediction method: GeneMarkS-2+.,OG0000248,Shell,group_245,Cloud,Cloud,Cloud
GCF_017795725.1,HRR33_RS34165,MDRLDRAVSDFDSAMARAEEARVELHAAILNALNEGVIQAEIVRRTGYTRETIRRLARAAGK,62,hypothetical protein, ,Derived by automated computational analysis using gene prediction method: GeneMarkS-2+.,OG0000493,Cloud,group_553,Cloud,Cloud,Cloud
GCF_017795725.1,HRR33_RS34210,MTLTNRHRHNDGGNILRFWIVSAAVCLFALFVLIQLGPTVQKYLATIV,48,hypothetical protein, ,Derived by automated computational analysis using gene prediction method: GeneMarkS-2+.,OG0000300,Cloud,group_2486,Cloud,Cloud,Cloud
GCF_017795725.1,HRR33_RS34310,MSIRSPRVTDLDGLRSGQDFGLRFGLGQCGDLMLVASSRIVQVSDSVG,48,hypothetical protein, ,Derived by automated computational analysis using gene prediction method: GeneMarkS-2+.,OG0000750,Cloud,group_1428,Cloud,Cloud,Cloud
GCF_017795725.1,HRR33_RS34315,MTETATPTRFVVIPRTEEHGGYENECFTHYVQDGRGRYCLRGPMVQSDAEWLANKMNTQLG,61,hypothetical protein, ,Derived by automated computational analysis using gene prediction method: GeneMarkS-2+.,OG0000189,Shell,group_2471,Shell,Cloud,Shell
GCF_017795725.1,HRR33_RS34320,MSEIEEPDAIQGWSPAPDEGQAGTVLTSDGRWAYRYKDGADLILMKMPERPAPA,54,hypothetical protein, ,Derived by automated computational analysis using gene prediction method: Protein Homology.,OG0000119,Shell,group_2472,Shell,Cloud,Shell
GCF_017795725.1,HRR33_RS34325,MTAQVLMYSDPNLDLVEFAIACGLPADMTGTSEDADGFLTQGIRRDTSGQVTRPGTYE,58,hypothetical protein, ,Derived by automated computational analysis using gene prediction method: GeneMarkS-2+.,OG0000749,Cloud,group_818,Cloud,Cloud,Cloud
GCF_017795725.1,HRR33_RS34350,MSTETDTLAPALVAVVEATAALDAAMFDRSREGFIDVTALVDAFAAARAAARDAGHTEEDIDAAATPTN,69,hypothetical protein, ,Derived by automated computational analysis using gene prediction method: Protein Homology.,OG0000226,Shell,group_2451,Shell,Shell,Shell
GCF_017795725.1,HRR33_RS34380,MVKHSIFGVLALAVAALDFTIGTSRTLIAGVGLLALSTYSFLKAAKLRRSPSSRQEPRT,59,hypothetical protein, ,Derived by automated computational analysis using gene prediction method: Protein Homology.,OG0000215,Shell,group_2441,Cloud,Cloud,Cloud
GCF_017795725.1,HRR33_RS34385,MNDDEHDAWQLHHHGADWDEIGTEMGCSPTTAQTLAAAYEKRTDDAAAQTQNTLF,55,hypothetical protein, ,Derived by automated computational analysis using gene prediction method: Protein Homology.,OG0000063,Soft core,group_2464,Shell,Cloud,Cloud
GCF_017795725.1,HRR33_RS34425,MSLKARKLLWATTVAIFLVAAVLSYFSSGLGSAALWVTVGLALGASGFADLKVQARR,57,hypothetical protein, ,Derived by automated computational analysis using gene prediction method: GeneMarkS-2+.,OG0000375,Cloud,group_873,Cloud,Cloud,Cloud
GCF_017795725.1,HRR33_RS34435,MNEKNIPVERSAVEAAMYQATKHLNVITDADLAAVVEGLTGEPVARAQIDFAFPAPGTTDHLFD,64,hypothetical protein, ,Derived by automated computational analysis using gene prediction method: Protein Homology.,OG0000121,Shell,group_2475,Shell,Shell,Shell
GCF_017795725.1,HRR33_RS34460,MVETKHTSEATEAAPSSTVIYADSAKVAMIAREEAQRWGQLLDRLAK,47,hypothetical protein, ,Derived by automated computational analysis using gene prediction method: GeneMarkS-2+.,OG0000560,Cloud,group_1487,Cloud,Cloud,Cloud
GCF_017795725.1,HRR33_RS34585,MPTPSKGDRTRVVSRVPDPVYAELEKRRKAAGVSSVSQYVADLLAATTGHQNLVVELDQEVLQLTA,66,hypothetical protein, ,Derived by automated computational analysis using gene prediction method: Protein Homology.,OG0000139,Shell,group_216,Shell,Shell,Shell
GCF_017795725.1,HRR33_RS34735,MKTEEEERLIAHAVTRLSVKYPSISADVVADAVASAHAHFDGHKVRDFVPLLVERMAGEKLSSLVAS,67,hypothetical protein, ,Derived by automated computational analysis using gene prediction method: Protein Homology.,OG0000062,Soft core,group_2496,Shell,Cloud,Cloud
GCF_017795725.1,HRR33_RS34865,MIRTSGSRAVDTEPQVGIVVEDYVDTVIDNADLGRDWAPVLRWAIALDDGRLVFAAEGGLKLA,63,hypothetical protein, ,Derived by automated computational analysis using gene prediction method: Protein Homology.,OG0000236,Shell,,,,Probably not conserved
GCF_017795725.1,HRR33_RS34930,MTTAHKVTTRTASRSVEESVQFATGVVRLAGGTVTEADKAAARRVARGVSTPEQELAAFRQELEL,65,antitoxin vbha family protein, ,Derived by automated computational analysis using gene prediction method: GeneMarkS-2+.,OG0000211,Shell,,,,Probably not conserved
GCF_017910955.1,J6K27_RS00205,MAGWFGTKCFVVPSSQRLGVARVAAQEILVVSVERLLADETLSNRVKRDVLARR,54,hypothetical protein, ,Derived by automated computational analysis using gene prediction method: GeneMarkS-2+.,OG0001696,,,,,Probably not conserved
GCF_017910955.1,J6K27_RS00215,MGTAGTGAVDYAPPSAHPPVLPAASSTSKKKLAENRRANTDLPQAYSQRLVN,52,hypothetical protein, ,Derived by automated computational analysis using gene prediction method: GeneMarkS-2+.,OG0000894,Cloud,,,,Probably not conserved
GCF_017910955.1,J6K27_RS00525,MAAEARIVDTVSVEDSRARDPRVASKTEQKDAPKAGAVDLTSADTVGLTSVKPAQRSVPRWAYSEVPLSR,70,hypothetical protein, ,Derived by automated computational analysis using gene prediction method: Protein Homology.,OG0000283,Shell,,,Shell,Shell
GCF_017910955.1,J6K27_RS00530,MGLLRGAAVAVAAGGTAEQVAKAEAILAEARRALFEMLAEKSADAQQAHTESTDTLPAE,59,hypothetical protein, ,Derived by automated computational analysis using gene prediction method: Protein Homology.,OG0000228,Shell,group_2177,Shell,Shell,Shell
GCF_017910955.1,J6K27_RS00600,MSNISFDSISNSAPANALQGVGTNALVDNPFTFEPVAEATSAHALQGVGTNALVDNPFSFQS,62,streptamidine-related ripp repeat protein, ,Derived by automated computational analysis using gene prediction method: Protein Homology.,OG0000093,Soft core,group_2291,Soft core,Soft core,Soft core
GCF_017910955.1,J6K27_RS00795,MFNDVFNNVIHPMVTNFQQLGPQQFIPQQFIPQGVFQQAPQAAEQAVTIFGS,52,hypothetical protein, ,Derived by automated computational analysis using gene prediction method: Protein Homology.,OG0000075,Soft core,group_2178,Soft core,Soft core,Soft core
GCF_017910955.1,J6K27_RS01675,MGIADKAQNKAEDLGGKAKEAAGSATGDRDLENEGKGDQVKSAVKDAGEKVKDAASSIKDKLT,63,csbd family protein, ,Derived by automated computational analysis using gene prediction method: Protein Homology.,OG0000011,Conserved,group_2411,Conserved,Soft core,Soft core
GCF_017910955.1,J6K27_RS01690,MADLTLLTDDELRERRIALSRSLTTAADLIPTPPPSFFEKLKQDIDAAAAEWIARRS,57,hypothetical protein, ,Derived by automated computational analysis using gene prediction method: Protein Homology.,OG0000076,Soft core,group_2322,Soft core,Soft core,Soft core
GCF_017910955.1,J6K27_RS02440,MSEITSWEYTVTPLLVHNPKAILDNWGVDGWELVAVLPSASGEQHVAYMKRPKG,54,hypothetical protein, ,Derived by automated computational analysis using gene prediction method: Protein Homology.,OG0000012,Conserved,group_2273,Conserved,Soft core,Soft core
GCF_017910955.1,J6K27_RS02640,MISKTLRTVSARFALLVAEDDGMSTAEYAIGTIAAAAFGAVLYTVVTGDSIVSALTGIIDKALKTAV,67,duf4244 domain-containing protein, ,Derived by automated computational analysis using gene prediction method: Protein Homology.,OG0000094,Soft core,group_2136,Soft core,Soft core,Soft core
GCF_017910955.1,J6K27_RS02660,MAQGTVKWFNAEKGFGFIAPEDGSADVFVHYSEIQGNGFRTLEENQRVEFEVGQGTKGPQATGVRAV,67,cold-shock protein, ,Derived by automated computational analysis using gene prediction method: Protein Homology.,OG0000013,Conserved,group_128,Conserved,Soft core,Soft core
GCF_017910955.1,J6K27_RS02695,MADSLKARVKEKLLRQLAEDGRHPIQEAEGDDPRLVSINDDLEALEQAEEGDPIVEELAERYWVP,65,hypothetical protein, ,Derived by automated computational analysis using gene prediction method: Protein Homology.,OG0000014,Conserved,group_2342,Conserved,Soft core,Soft core
GCF_017910955.1,J6K27_RS02855,MGSADVMAWLAEGYLAGDPIRYPLYVGSMFLAMPFQLIGVILGHPF,46,hypothetical protein, ,Derived by automated computational analysis using gene prediction method: Protein Homology.,OG0000061,Soft core,group_1542,Soft core,Soft core,Soft core
GCF_017910955.1,J6K27_RS03240,MATTAAVQNPTRSRARTMSLSEYVAEHPAQRVFPPTSERAARMAMLIMFALMAVTLVVLVLDEAGIFG,68,hypothetical protein, ,Derived by automated computational analysis using gene prediction method: GeneMarkS-2+.,OG0000095,Soft core,group_53,Soft core,Soft core,Soft core
GCF_017910955.1,J6K27_RS03380,MTSAVEYPGVVTTSNCAEGGSHSLSAGIFVTVAVYRIAGRPEMVKFVGPL,50,hypothetical protein, ,Derived by automated computational analysis using gene prediction method: Protein Homology.,OG0000239,Shell,group_2037,Shell,Shell,Shell
GCF_017910955.1,J6K27_RS03485,MALAYSPDTSIDSTRLAFLAAAVVLFAMLALYLVGFDQGAISRTGMYMHELMHDGRHLMGLPCH,64,cbtb domain-containing protein, ,Derived by automated computational analysis using gene prediction method: Protein Homology.,OG0000008,Conserved,group_2468,Conserved,Core,Conserved
GCF_017910955.1,J6K27_RS03910,MNAYICPICDYTYTESTGAAREGFPPGTPWSSIPDDWCCPDCGVREKVDFTLVTQS,56,rubredoxin, ,Derived by automated computational analysis using gene prediction method: Protein Homology.,OG0000096,Soft core,group_2166,Soft core,Soft core,Soft core
GCF_017910955.1,J6K27_RS03915,MSETATAYKLFRCLQCGFEYDEAIGWPDDGIEPGTRWDEIPEDWSCPDCGAAKVDFEMVEVDR,63,rubredoxin, ,Derived by automated computational analysis using gene prediction method: Protein Homology.,OG0000097,Soft core,group_421,Soft core,Soft core,Soft core
GCF_017910955.1,J6K27_RS04455,MKNPNLTPSRVLAVVLAAALVIFVIARRRDDGALSRGEWLSDTVGPDDLAG,51,hypothetical protein, ,Derived by automated computational analysis using gene prediction method: Protein Homology.,OG0000077,Soft core,group_2167,Soft core,Soft core,Soft core
GCF_017910955.1,J6K27_RS04545,MEVRVDLDRCEANGVCVGIAPDIFDLDDNEELVISSVRPPEDRWEDVRSAIAQCPRAALTEHP,63,ferredoxin, ,Derived by automated computational analysis using gene prediction method: Protein Homology.,OG0000005,Conserved,group_423,Soft core,Soft core,Soft core
GCF_017910955.1,J6K27_RS04610,MAENTTVETEIADEDLEPVADETARQAQRVVAAYAEDADECRMLLSMLGISPAAKLD,57,hypothetical protein, ,Derived by automated computational analysis using gene prediction method: Protein Homology.,OG0000015,Conserved,group_2168,Soft core,Soft core,Soft core
GCF_017910955.1,J6K27_RS05295,MTKFLVPGVASAVIGAVLGAGVIFGVTAAASDNTRPEIDRSGNADSSVLNQVEYGSR,57,duf2613 domain-containing protein, ,Derived by automated computational analysis using gene prediction method: Protein Homology.,OG0000016,Conserved,group_855,Soft core,Soft core,Soft core
GCF_017910955.1,J6K27_RS29925,MVGLIVLAALVLASVLVGFVFRRPIAEAKSAVLAFDDASSQPQRD,45,hypothetical protein, ,Derived by automated computational analysis using gene prediction method: GeneMarkS-2+.,OG0000098,Soft core,group_2198,Soft core,Soft core,Soft core
GCF_017910955.1,J6K27_RS29930,MGSSDADLALIKQIQPVITGVAGLISGIGAIVGLGVALQSFS,42,hypothetical protein, ,Derived by automated computational analysis using gene prediction method: Protein Homology.,OG0000065,Soft core,group_1769,Shell,Shell,Shell
GCF_017910955.1,J6K27_RS05490,MPERGQSRVDAGIIAVVAVITGVFVALTGHGLVAALATVVGLALGMAIVRYLIKGR,56,hypothetical protein, ,Derived by automated computational analysis using gene prediction method: Protein Homology.,OG0000078,Soft core,group_2220,Soft core,Soft core,Soft core
GCF_017910955.1,J6K27_RS05580,MMRIVTLIVLIWLIVGAVAAGQRGYYSSSPTNCAGVGTIALTVIAGPLNYFGVNPKVTDCTLPQPTE,67,hypothetical protein, ,Derived by automated computational analysis using gene prediction method: Protein Homology.,OG0000017,Conserved,group_129,Soft core,Soft core,Soft core
GCF_017910955.1,J6K27_RS05585,MIILGVILLIIGFVVNIPILWTIGVVLLVIGIILYALGAAGHAIGGRRHYY,51,duf6131 family protein, ,Derived by automated computational analysis using gene prediction method: Protein Homology.,OG0000000,Conserved,group_1229,Soft core,Soft core,Soft core
GCF_017910955.1,J6K27_RS05680,MTDKDDNDQSPKGGHPGPVDKGGDGGMATREQAPELVEETSGEKSDDE,48,hypothetical protein, ,Derived by automated computational analysis using gene prediction method: Protein Homology.,OG0000018,Core,group_2221,Soft core,Soft core,Soft core
GCF_017910955.1,J6K27_RS05765,MSIRRCSLASGRALRTARFGVATFRRGRKAIDRRPSGLVWIERDLAAPAGSV,52,hypothetical protein, ,Derived by automated computational analysis using gene prediction method: GeneMarkS-2+.,OG0000142,Shell,group_2080,Shell,Shell,Shell
GCF_017910955.1,J6K27_RS05785,MIVLGIILALIGFFTGLSILTTVGIILVVVGAVLSILGATGRAVGGRKVWY,51,duf6131 family protein, ,Derived by automated computational analysis using gene prediction method: Protein Homology.,OG0000000,Conserved,group_1230,Soft core,Soft core,Soft core
GCF_017910955.1,J6K27_RS06080,MPAPIMAPAAALAEPVVWNEDPQRQGWWKRILAATPPENPTNEEFQP,47,hypothetical protein, ,Derived by automated computational analysis using gene prediction method: Protein Homology.,OG0000118,Soft core,group_2222,Soft core,Soft core,Soft core
GCF_017910955.1,J6K27_RS06170,MGALSPTHWAIVAVVLVVLFGSKKLPDAARGLGRSMRILKSEVGELQSDTDLALEQRD,58,sec-independent protein translocase subunit tata, ,Derived by automated computational analysis using gene prediction method: Protein Homology.,OG0000019,Conserved,tatA,Soft core,Soft core,Soft core
GCF_017910955.1,J6K27_RS06215,MAQGSVKWFNGEKGFGFIEQEGGGPDVFVHYSEIQGSGYKSLDEGQKVEFEIGQGQKGPQAQNVRAI,67,cold-shock protein, ,Derived by automated computational analysis using gene prediction method: Protein Homology.,OG0000069,Soft core,group_130,Soft core,Soft core,Soft core
GCF_017910955.1,J6K27_RS29940,MSADSRGTSTQTRREYQMFVLQQRLLFGSIVAGTALGVLAITYF,44,hypothetical protein, ,Derived by automated computational analysis using gene prediction method: GeneMarkS-2+.,OG0000122,Soft core,group_2138,Soft core,Soft core,Soft core
GCF_017910955.1,J6K27_RS06270,MTTIDIPPTQGESTTGIGITVASATLTTEEVKRRIAMMYGDPVTEEPVALAH,52,hypothetical protein, ,Derived by automated computational analysis using gene prediction method: Protein Homology.,OG0000002,Conserved,group_2274,Soft core,Soft core,Soft core
GCF_017910955.1,J6K27_RS06295,MSEQNSTDRTDQTDEPQTTGTDHGPGTGSDTAPKDVQTDPSGERTWADEGGASSTGPATDTD,62,pi-type proteinase, ,Derived by automated computational analysis using gene prediction method: Protein Homology.,OG0000020,Core,group_2297,Soft core,Soft core,Soft core
GCF_017910955.1,J6K27_RS06325,MGGSADALNRALERVDRDFASPIGVGVRRTLRGTMRQIAKPARTQYTRLRARFPGAKTYTEI,62,hypothetical protein, ,Derived by automated computational analysis using gene prediction method: GeneMarkS-2+.,OG0000115,Soft core,group_2190,Soft core,Soft core,Soft core
GCF_017910955.1,J6K27_RS06330,MTTSTVGLLAGLLLGVAAAAGGFTGFLIALVLGVIGYLVGGQRDGEFDLGVMLKGRGRG,59,hypothetical protein, ,Derived by automated computational analysis using gene prediction method: Protein Homology.,OG0000099,Soft core,group_732,Soft core,Soft core,Soft core
GCF_017910955.1,J6K27_RS29945,MDVAVALCVTVLLATVTSMAIAIVVTLIMCASVSVVSRMW,40,hypothetical protein, ,Derived by automated computational analysis using gene prediction method: GeneMarkS-2+.,OG0000187,Shell,group_2158,Soft core,Shell,Shell
GCF_017910955.1,J6K27_RS06355,MSDFIDKAKHRAEDLIGEAKEKFGNATGNDDLAAEGVADQGEAKVKKAGDTVSDKVSDIKDKFTS,65,csbd family protein, ,Derived by automated computational analysis using gene prediction method: Protein Homology.,OG0000074,Soft core,group_2191,Soft core,Soft core,Soft core
GCF_017910955.1,J6K27_RS06810,MSKEVSAGLAVGAMVLVAGLIWTGFPLDTYSIVAVIFAMCGGFITWIYVRANEESTGDAATKERNQ,66,hypothetical protein, ,Derived by automated computational analysis using gene prediction method: Protein Homology.,OG0000144,Shell,group_2282,Shell,Shell,Shell
GCF_017910955.1,J6K27_RS29970,MGSLGNLLKANGMGWGILQLLPLVNMLKTLQGLDTASSNS,40,hypothetical protein, ,Derived by automated computational analysis using gene prediction method: GeneMarkS-2+.,OG0000080,Soft core,group_2512,Soft core,Soft core,Soft core
GCF_017910955.1,J6K27_RS29975,MGSFEDFSGVVKTFIPVLKDLFTALGGGSLTPGTGSAADK,40,hypothetical protein, ,Derived by automated computational analysis using gene prediction method: GeneMarkS-2+.,OG0000108,Soft core,group_2511,Soft core,Soft core,Soft core
GCF_017910955.1,J6K27_RS07135,MFGSLSTLGPLLTALGAFLKSVPTESLSGKGEGSSTGSLSGLSSGSAE,48,hypothetical protein, ,Derived by automated computational analysis using gene prediction method: Protein Homology.,OG0000081,Soft core,group_2510,Soft core,Soft core,Soft core
GCF_017910955.1,J6K27_RS29980,MGSLDTGSLSTESLEDLNLGKISELLKLGITAVSFITALNSLS,43,hypothetical protein, ,Derived by automated computational analysis using gene prediction method: GeneMarkS-2+.,OG0000067,Soft core,group_2503,Soft core,Soft core,Soft core
GCF_017910955.1,J6K27_RS07505,MDEGTWTRGRAWALSIALVALPYYRDTNEQITAWAKHAIAQVVDDVHTEL,50,hypothetical protein, ,Derived by automated computational analysis using gene prediction method: Protein Homology.,OG0000155,Shell,group_2238,Shell,Shell,Shell
GCF_017910955.1,J6K27_RS29985,MLEGAVADAAGSVDAIIGQDWAASVAWPSSRLSISGPARVGA,42,hypothetical protein, ,Derived by automated computational analysis using gene prediction method: GeneMarkS-2+.,OG0000138,Shell,group_1790,Cloud,Shell,Shell
GCF_017910955.1,J6K27_RS07590,MTFESNTPRPFTRSNDKKMFAGVCGGIADYFGADVNLVRLLAVIAAICTGGTAALVYLAAWMLMPLG,67,pspc domain-containing protein, ,Derived by automated computational analysis using gene prediction method: Protein Homology.,OG0000021,Conserved,group_2380,Conserved,Soft core,Soft core
GCF_017910955.1,J6K27_RS08100,MGSSHDGKPAVAGTQFLTVAEVATLMRVSKMTVYRLVHSGELPAVRVGRSFRVHAKAVHDYLETSYFDAG,70,helix-turn-helix domain-containing protein, ,Derived by automated computational analysis using gene prediction method: Protein Homology.,OG0000071,Soft core,,,Soft core,Soft core
GCF_017910955.1,J6K27_RS08105,MGSVIKKRRKRMSKKKHRKLLRRTRVQRRKLGK,33,aurkaip1/cox24 domain-containing protein, ,Derived by automated computational analysis using gene prediction method: Protein Homology.,OG0000022,Conserved,group_1939,Conserved,Conserved,Conserved
GCF_017910955.1,J6K27_RS08160,MSSQEALRTESTHDAPLRQRGSRTEVILFAILGASVLVTLLMLMIPGIVSG,51,hypothetical protein, ,Derived by automated computational analysis using gene prediction method: Protein Homology.,OG0000100,Soft core,group_1231,Soft core,Soft core,Soft core
GCF_017910955.1,J6K27_RS08290,MLYLLALVGLVTLIVLMWKAFGPDPSTRTPVSGVRGPDDDPEFLWNVNQQTRRKRTEGPDVPPTDAST,68,hypothetical protein, ,Derived by automated computational analysis using gene prediction method: Protein Homology.,OG0000023,Conserved,group_2362,Soft core,Conserved,Soft core
GCF_017910955.1,J6K27_RS08295,MSAPTFNTAADALMTPGQVAALFHVDPKTVTRWAHAGRLGSLRTPGGHRRFRETEVMQLLRSLTTEADNN,70,bldc family transcriptional regulator, ,Derived by automated computational analysis using gene prediction method: Protein Homology.,OG0000068,Soft core,,,Soft core,Soft core
GCF_017910955.1,J6K27_RS08500,MASSTDVRPKITLACEVCKHRNYITKKNRRNDPDRLELKKFCPNCGTHQSHRESK,55,50s ribosomal protein l33, ,Derived by automated computational analysis using gene prediction method: Protein Homology.,OG0000024,Conserved,rpmG,Conserved,Soft core,Soft core
GCF_017910955.1,J6K27_RS08635,MAGKKLDRTNARTALEVVRESPTIAFITVAPAVVVFGVVWWLFGFWAAILLALVFGVAAVATQKLR,66,hypothetical protein, ,Derived by automated computational analysis using gene prediction method: Protein Homology.,OG0000025,Conserved,group_2209,Conserved,Soft core,Soft core
GCF_017910955.1,J6K27_RS08780,MNSTTVGLLVGLLLALAGIMGGFSGFVFAVLLGAAGMAIGAHRDGHLDLGAILRSRGRG,59,hypothetical protein, ,Derived by automated computational analysis using gene prediction method: Protein Homology.,OG0000026,Conserved,group_2303,Conserved,Soft core,Soft core
GCF_017910955.1,J6K27_RS08905,MRLSTRNQLTGTITEVNLGTVMATVKVKLDGGNQIVTSSITRDAALDLDLEPGQAATVFVKSTEVTIGVE,70,tobe domain-containing protein, ,Derived by automated computational analysis using gene prediction method: Protein Homology.,OG0000064,Soft core,,,Soft core,Soft core
GCF_017910955.1,J6K27_RS08910,MTEPVKGPASYFPSIEKKYGRPIGEWQELIRSSDLTKHMELVNWLKSEHGMGHGHANALVAHTLKEG,67,duf4287 domain-containing protein, ,Derived by automated computational analysis using gene prediction method: Protein Homology.,OG0000027,Conserved,group_2329,Soft core,Soft core,Soft core
GCF_017910955.1,J6K27_RS08925,MSDRDNKALENDLVEESLVEEVSIDGMCGVY,31,mycofactocin precursor mfta, ,"Mycofactocin is a small molecule electron carrier derived from the final two amino acids, Val-Tyr, of MftA, the mycofactocin precursor. It plays a role in redox homeostasis and the metabolism of alcohols and aldehydes in Actinobacteria, including Mycobacterium tuberculosis; Derived by automated computational analysis using gene prediction method: Protein Homology.",OG0000009,Conserved,group_2326,Conserved,Soft core,Soft core
GCF_017910955.1,J6K27_RS09265,MAKKALVNKANKKPKFAVRAYTRCQRCGRPHSVFRKFGLCRICVREMAHAGELPGVRKSSW,61,type z 30s ribosomal protein s14, ,Derived by automated computational analysis using gene prediction method: Protein Homology.,OG0000028,Conserved,group_2294,Conserved,Soft core,Soft core
GCF_017910955.1,J6K27_RS09290,MADLKVTQIKSIIGTKQNQKDSLRTLGLKGIRQTVVREDNAQNRGLINVVRHLVTVEEV,59,50s ribosomal protein l30, ,Derived by automated computational analysis using gene prediction method: Protein Homology.,OG0000029,Conserved,rpmD,Conserved,Soft core,Soft core
GCF_017910955.1,J6K27_RS09320,MKVQPSVKKICEKCKVIRRNGRVMVICENLRHKQRQG,37,50s ribosomal protein l36, ,Derived by automated computational analysis using gene prediction method: Protein Homology.,OG0000030,Conserved,rpmJ,Conserved,Soft core,Soft core
GCF_017910955.1,J6K27_RS29995,MTIFEWILAIPALALAVAFLFSGIISAGIDFDAEDGVMTH,40,hypothetical protein, ,Derived by automated computational analysis using gene prediction method: GeneMarkS-2+.,OG0000082,Soft core,group_2186,Soft core,Soft core,Soft core
GCF_017910955.1,J6K27_RS10645,MSSYRCPVCEYVYDESKGAPREGFPAGTPWDAVPDDWCCPDCGVREKLDFEPMPATAGSES,61,rubredoxin, ,Derived by automated computational analysis using gene prediction method: Protein Homology.,OG0000053,Core,group_2279,Soft core,Soft core,Soft core
GCF_017910955.1,J6K27_RS10650,MNDYKLYQCAQCGFEYDEAVGWPEDGIEPGTRWDDIPEDWSCPDCGAAKSDFFMVEVERR,60,rubredoxin, ,Derived by automated computational analysis using gene prediction method: Protein Homology.,OG0000007,Conserved,group_2155,Soft core,Soft core,Soft core
GCF_017910955.1,J6K27_RS11330,MATDPAPRSERKKILLRLDPAVHDALARWAADDLRSTNAQIEFLLRRALTEHGRMPKNAGKMHGPGRPPA,70,hypothetical protein, ,Derived by automated computational analysis using gene prediction method: Protein Homology.,OG0000114,Soft core,,,Soft core,Soft core
GCF_017910955.1,J6K27_RS11605,MSDLDSNTPSEPESQSEETKRKFREALERKNHQNAKSTDHRDGQSKVHNTHGPADHKREFRRKSG,65,duf5302 domain-containing protein, ,Derived by automated computational analysis using gene prediction method: Protein Homology.,OG0000031,Conserved,group_2470,Core,Soft core,Soft core
GCF_017910955.1,J6K27_RS11690,MAAVCDVCAKGPGFGKSVSHSHRRTNRRWNPNIQSVRTEVAPGNTRKVNVCTSCLKAGKVARG,63,50s ribosomal protein l28, ,Derived by automated computational analysis using gene prediction method: Protein Homology.,OG0000032,Conserved,rpmB,Conserved,Soft core,Soft core
GCF_017910955.1,J6K27_RS11730,MAVPKRKMSRSNTRSRRSQWKTTVPTLVTCPNRGCGEQTLPHIACPSCGTYKGRQVTAAV,60,50s ribosomal protein l32, ,Derived by automated computational analysis using gene prediction method: Protein Homology.,OG0000033,Conserved,group_2479,Conserved,Soft core,Soft core
GCF_017910955.1,J6K27_RS12585,MQLLDSEVVRRCAVTAAAAAAVCRSNGPGVVDGDAVTGKSFFLQDGGWPGT,51,hypothetical protein, ,Derived by automated computational analysis using gene prediction method: GeneMarkS-2+.,OG0000147,Shell,group_2063,Shell,Shell,Shell
GCF_017910955.1,J6K27_RS12615,MKVPAFHSTVPSDLDVYHDNESCILAARIAVSHRAPGVDGRPWCTACASLD,51,hypothetical protein, ,Derived by automated computational analysis using gene prediction method: Protein Homology.,OG0000083,Soft core,group_2187,Soft core,Soft core,Soft core
GCF_017910955.1,J6K27_RS12935,MFWKIVLAVVLVWVALAVVGALIKGLFWVLVVGAVGFGIYFLVKAMSGSDDNSPASRF,58,hypothetical protein, ,Derived by automated computational analysis using gene prediction method: Protein Homology.,OG0000034,Conserved,group_2296,Soft core,Soft core,Soft core
GCF_017910955.1,J6K27_RS12960,MRLTEFHEMVREEFGQVRGDSMLIDHVLQSLDGMTAAEAVEAGWEPRAVWRALCVEFDVPPARR,64,duf3046 domain-containing protein, ,Derived by automated computational analysis using gene prediction method: Protein Homology.,OG0000035,Conserved,group_2481,Conserved,Soft core,Soft core
GCF_017910955.1,J6K27_RS13235,MPGTLTSPQLTAADRCDRCGAGARVRAVLPTGGELLFCGHHATEHADRLREMNAVVSESEPAI,63,hypothetical protein, ,Derived by automated computational analysis using gene prediction method: Protein Homology.,OG0000036,Conserved,group_2483,Conserved,Soft core,Soft core
GCF_017910955.1,J6K27_RS13600,MKIRFELMIGILLVVGGGCLWLFARDAEFFWFRGGPLGVILAIIGAFDIVNAVRTKEAAIPERRND,66,hypothetical protein, ,Derived by automated computational analysis using gene prediction method: Protein Homology.,OG0000101,Soft core,group_2126,Soft core,Soft core,Soft core
GCF_017910955.1,J6K27_RS13730,MTLLARFDDRALGPDGAVIYRNRTVLLVRTKWGKIIEQEDYYEDTARIGDFDRRLREIEAGRACGTVVE,69,hypothetical protein, ,Derived by automated computational analysis using gene prediction method: Protein Homology.,OG0000308,Cloud,group_2128,Cloud,Cloud,Cloud
GCF_017910955.1,J6K27_RS14080,MAGIDSKFDKAYAGKSVEELADAPVAALNGVSDSDAEHLKAAFNIKTVRDLGTNKFFLWAQATAKLAE,68,hypothetical protein, ,Derived by automated computational analysis using gene prediction method: Protein Homology.,OG0000070,Soft core,group_2484,Soft core,Soft core,Soft core
GCF_017910955.1,J6K27_RS14475,MDRTPTNEDKGPDVQISSHDASPAFALGLMAFWPTRRSACFDQACC,46,hypothetical protein, ,Derived by automated computational analysis using gene prediction method: GeneMarkS-2+.,OG0000513,Cloud,group_2039,Cloud,Cloud,Cloud
GCF_017910955.1,J6K27_RS14880,MAQEQTQRAGGGEDDETTGGDGSAGQERREKLAAETDDLLDEIDDVLEENAEDFVRAYVQKGGQ,64,ubiquitin-like protein pup, ,Derived by automated computational analysis using gene prediction method: Protein Homology.,OG0000037,Conserved,group_340,Soft core,Soft core,Soft core
GCF_017910955.1,J6K27_RS15405,MAIDSTLLSILACPQDKGPLLLVGDELLYNPRLRRAYPIENGIPVLLIDEARDVADDEHEKLLARAEG,68,trm112 family protein, ,Derived by automated computational analysis using gene prediction method: Protein Homology.,OG0000038,Conserved,group_54,Soft core,Core,Soft core
GCF_017910955.1,J6K27_RS15500,MPKMKSHSGASKRFKVSGSGKLMRQKAGRRHLLEHKSSRVTRRLDGVAVVSPDDAPRIKRMLGI,64,50s ribosomal protein l35, ,Derived by automated computational analysis using gene prediction method: Protein Homology.,OG0000039,Conserved,group_2130,Soft core,Conserved,Soft core
GCF_017910955.1,J6K27_RS15850,MHVEVDLDLCQGHAACELEAPEIFVVPKRGKVSLLDSDPPESLRGEAEMAVRYCPTGALRIVD,63,ferredoxin, ,Derived by automated computational analysis using gene prediction method: Protein Homology.,OG0000001,Conserved,group_2270,Soft core,Soft core,Soft core
GCF_017910955.1,J6K27_RS16030,MSVLFTYLLFIGAGIAVGGAYSMFKVNKLASGILLALAVLAAVAGALRL,49,hypothetical protein, ,Derived by automated computational analysis using gene prediction method: Protein Homology.,OG0000040,Conserved,group_2410,Soft core,Conserved,Soft core
GCF_017910955.1,J6K27_RS16260,MNESSSGLFSDLSASEPVVDAKSAEQLAAERETAAAERSNTDTAEQRQSQLFSG,54,hypothetical protein, ,Derived by automated computational analysis using gene prediction method: Protein Homology.,OG0000084,Soft core,group_2262,Soft core,Soft core,Soft core
GCF_017910955.1,J6K27_RS30005,MLGIALGLGSAAVGIGLGLLGAGAGILLSDKTVKTARRELTA,42,hypothetical protein, ,Derived by automated computational analysis using gene prediction method: GeneMarkS-2+.,OG0000102,Soft core,group_2160,Soft core,Soft core,Soft core
GCF_017910955.1,J6K27_RS16365,MHAEVGDRLHVQGRVVGQAEVTAEVLEVHGEDGGPPYLVRYDNGHEALVFPGSDGWIDHPGKGS,64,duf1918 domain-containing protein, ,Derived by automated computational analysis using gene prediction method: Protein Homology.,OG0000041,Conserved,group_2499,Soft core,Conserved,Soft core
GCF_017910955.1,J6K27_RS30010,MTTYRYLDADRNLLEEKDFETEQDAQEYRLSVLGAEHIEPAGE,43,hypothetical protein, ,Derived by automated computational analysis using gene prediction method: Protein Homology.,OG0000054,Core,group_2400,Soft core,Core,Core
GCF_017910955.1,J6K27_RS17040,MTDEDRLWYFDVSDGSVTQGKGASSLTRMGPYPDRDSAEHALKIAAERNKAADRADEDWNN,61,hypothetical protein, ,Derived by automated computational analysis using gene prediction method: Protein Homology.,OG0000042,Conserved,group_592,Soft core,Soft core,Soft core
GCF_017910955.1,J6K27_RS17250,MIRFLSRTEVAERIGVKPTSLGRYKLPEPDAMTGDVRGWTVETIDAWNAERTKRS,55,xre family transcriptional regulator, ,Derived by automated computational analysis using gene prediction method: Protein Homology.,OG0000237,Shell,group_2023,Cloud,Cloud,Cloud
GCF_017910955.1,J6K27_RS17255,MNAYRTADTTGSDMIVMGTSADHAREVATQILQDLAADHPNMIGSKTVIATVASI,55,hypothetical protein, ,Derived by automated computational analysis using gene prediction method: GeneMarkS-2+.,OG0000381,Cloud,group_2259,Cloud,Cloud,Cloud
GCF_017910955.1,J6K27_RS30030,MDPPNWTEIIGLLTILLGWAEFIRRVSEARKRPKRKRKKRK,41,hypothetical protein, ,Derived by automated computational analysis using gene prediction method: GeneMarkS-2+.,OG0001697,,group_1852,Cloud,,Probably not conserved
GCF_017910955.1,J6K27_RS17260,MTNQDKASLTIFALIAATLAVTHQPWQYWAVAGVAAAGVAAVSWRTRRA,49,hypothetical protein, ,Derived by automated computational analysis using gene prediction method: GeneMarkS-2+.,OG0000630,Cloud,group_2260,Cloud,Cloud,Cloud
GCF_017910955.1,J6K27_RS17375,MAIVSYTDEDGVHFTDEFSKTYEKHLKAVADKGAVKPAETPKPEPVKPVAKPDVKSDLKVS,61,hypothetical protein, ,Derived by automated computational analysis using gene prediction method: GeneMarkS-2+.,OG0000355,Cloud,group_2024,Cloud,Cloud,Cloud
GCF_017910955.1,J6K27_RS17645,MTNRELEAAADRLLAADPEWCEERVTFADPAGTAADMDVLINGEGWFPDFLARKFRIRR,59,hypothetical protein, ,Derived by automated computational analysis using gene prediction method: GeneMarkS-2+.,OG0000631,Cloud,group_2025,Cloud,Cloud,Cloud
GCF_017910955.1,J6K27_RS17665,MKAAEKFGMTEYMTPAEAAEIARCNRTHVYAALTSGELEGHQRKRRNKIKGPWLISPEALDRWIRGE,67,helix-turn-helix domain-containing protein, ,Derived by automated computational analysis using gene prediction method: Protein Homology.,OG0000207,Shell,group_2026,Cloud,Cloud,Cloud
GCF_017910955.1,J6K27_RS30040,MKLALTEFKNSKATIRIIMSDGAKLNGTVTDFTEDTLVLNSPNGVYYINPSHIVRLFEPSDRAAK,65,hypothetical protein, ,Derived by automated computational analysis using gene prediction method: GeneMarkS-2+.,OG0000085,Soft core,group_2248,Soft core,Shell,Soft core
GCF_017910955.1,J6K27_RS17855,MTVAGVVSVVLIAVAAALVIYLLVALVDPERF,32,k(+)-transporting atpase subunit f, ,Derived by automated computational analysis using gene prediction method: Protein Homology.,OG0000055,Core,kdpF,Soft core,Soft core,Soft core
GCF_017910955.1,J6K27_RS17995,MDRIADWWDSFELWMAGLPFIPQVALVLIVVVPLCRLVAIGLDRVLAAVLALPLFGWLRRNSREVEES,68,hypothetical protein, ,Derived by automated computational analysis using gene prediction method: Protein Homology.,OG0000056,Core,group_2078,Soft core,Soft core,Soft core
GCF_017910955.1,J6K27_RS30050,MRPILANGIDEWLGYIASSSPGTPVVQVLASAARVALNSPAATPDAIALIRRLQRIVPGDPALRNAW,67,hypothetical protein, ,Derived by automated computational analysis using gene prediction method: GeneMarkS-2+.,OG0000234,Shell,group_157,Shell,Shell,Shell
GCF_017910955.1,J6K27_RS18485,MKKALPKTLKSLARTVGILALAIVVVSVVERFTGAHQPTTGPASLTGPDQSL,52,hypothetical protein, ,Derived by automated computational analysis using gene prediction method: Protein Homology.,OG0000111,Soft core,group_2264,Soft core,Soft core,Soft core
GCF_017910955.1,J6K27_RS18525,MIAAPTTGALAVVLNTVLQMFNAGSSFLYTDNSPIGGGGETPTTPAP,47,hypothetical protein, ,Derived by automated computational analysis using gene prediction method: Protein Homology.,OG0000086,Soft core,group_2210,Soft core,Soft core,Soft core
GCF_017910955.1,J6K27_RS18530,MPTIPLTGDPIVINIIVQLLSAGSSNALALGGVGSSGLGSTGLGSFDSASLGSAA,55,hypothetical protein, ,Derived by automated computational analysis using gene prediction method: Protein Homology.,OG0000087,Soft core,group_1002,Soft core,Soft core,Soft core
GCF_017910955.1,J6K27_RS30065,MYIQTCTYDTEDRNMGSINTLSAVIDIIKVVQPLIAKLNLS,41,hypothetical protein, ,Derived by automated computational analysis using gene prediction method: GeneMarkS-2+.,OG0000109,Soft core,group_2041,Soft core,Soft core,Soft core
GCF_017910955.1,J6K27_RS19420,MSTALLTIYVLIWPALVLVVLGVISKGFFKDWATARRNGEDLV,43,putative transporter small subunit, ,Derived by automated computational analysis using gene prediction method: Protein Homology.,OG0000088,Soft core,group_2364,Soft core,Soft core,Soft core
GCF_017910955.1,J6K27_RS20045,MAAMKPRTGDGPLEATKEGRGIVMRVPLEGGGRLVVELTPDEAAALGVELTNVTS,55,duf3117 domain-containing protein, ,Derived by automated computational analysis using gene prediction method: Protein Homology.,OG0000043,Conserved,group_1003,Soft core,Soft core,Soft core
GCF_017910955.1,J6K27_RS20150,MTEQDATFDPEAPESDALEQSTPVDPNAPEEPDLTDIPLDAPVADVVDQRVEVAVDDDYRPS,62,hypothetical protein, ,Derived by automated computational analysis using gene prediction method: Protein Homology.,OG0000057,Core,group_2211,Soft core,Soft core,Soft core
GCF_017910955.1,J6K27_RS20175,MYNWDLQNQIVAFVDSLRPMAGYYHDLYYGSLYAFADQQSHLLTLLGFPPVP,52,hypothetical protein, ,Derived by automated computational analysis using gene prediction method: Protein Homology.,OG0000058,Core,group_1175,Soft core,Soft core,Soft core
GCF_017910955.1,J6K27_RS20195,MGKVKASKVSQLKPKKKCCRKKTRCIKCPVVIMRMKKLENEGASKKELKAGLKKARAA,58,hypothetical protein, ,Derived by automated computational analysis using gene prediction method: Protein Homology.,OG0000044,Conserved,group_2365,Soft core,Soft core,Soft core
GCF_017910955.1,J6K27_RS30070,MGSLMSIVELALKGMGSLGAGDQLFETFIGSVQTNTGSLKPLL,43,hypothetical protein, ,Derived by automated computational analysis using gene prediction method: GeneMarkS-2+.,OG0000103,Soft core,group_2163,Cloud,Soft core,Cloud
GCF_017910955.1,J6K27_RS20365,MTAKLTTAFRGTLWWVRSVMGDLDYQRYVEHTRRHHADSPVISEREFWRRRHAAADANPGARCC,64,ybdd/yjix family protein, ,Derived by automated computational analysis using gene prediction method: Protein Homology.,OG0000045,Conserved,group_2343,Soft core,Conserved,Soft core
GCF_017910955.1,J6K27_RS20615,MSTNSDRRPRLPVRIAYLAAGVLFVAAMLLLASVVNPDRDRDFSMNHVPAGTSTTAFAATSDLG,64,hypothetical protein, ,Derived by automated computational analysis using gene prediction method: Protein Homology.,OG0000104,Soft core,group_2149,Soft core,Soft core,Soft core
GCF_017910955.1,J6K27_RS21045,MAEGIVKWFNSEKGFGFIAPEDGSADVFVHYSEIQSGGFRTLEENQRVAFEIGQGNKGPQATGVTIV,67,cold-shock protein, ,Derived by automated computational analysis using gene prediction method: Protein Homology.,OG0000046,Conserved,group_132,Soft core,Soft core,Soft core
GCF_017910955.1,J6K27_RS21050,MTTAEYTVSGMTCGHCVGSVKEEIGNIAGVTAVDVELASGRVVVTSDAPVSAADVVAAVDEAGYAVVPS,69,heavy-metal-associated domain-containing protein, ,Derived by automated computational analysis using gene prediction method: Protein Homology.,OG0000006,Conserved,group_2139,Soft core,Soft core,Soft core
GCF_017910955.1,J6K27_RS21170,MKHTMSDDELRRAIREIQDRAHDARKRGDDVAAEELDRTVKGYQEQMMQRL,51,hypothetical protein, ,Derived by automated computational analysis using gene prediction method: Protein Homology.,OG0000059,Core,group_2336,Soft core,Soft core,Soft core
GCF_017910955.1,J6K27_RS21245,MSEQPDTPKKPSVDKKRLARIFGDVFPETTSDERGPEGSSRSSDDDWLRSQRPPHHGG,58,hypothetical protein, ,Derived by automated computational analysis using gene prediction method: Protein Homology.,OG0000089,Soft core,group_2328,Soft core,Soft core,Soft core
GCF_017910955.1,J6K27_RS21275,MAVPKRKMSRSNTRSRRAQWKATAPDLVEVTAFGQTHRVPRRLVKAVRLGVIDPSRI,57,50s ribosomal protein l32, ,Derived by automated computational analysis using gene prediction method: Protein Homology.,OG0000060,Soft core,group_2302,Soft core,Soft core,Soft core
GCF_017910955.1,J6K27_RS21295,MARNEIRPIVKLKSTAGTGYTYVTRKNRRNDPDRLVLKKYDPVLRKHVDFREEK,54,50s ribosomal protein l33, ,Derived by automated computational analysis using gene prediction method: Protein Homology.,OG0000047,Conserved,group_2199,Soft core,Soft core,Soft core
GCF_017910955.1,J6K27_RS21460,MHLTATTSTTTGAAGNSDPKDAESTLDMSGRPAALRARSAAATRPGGADVTA,52,hypothetical protein, ,Derived by automated computational analysis using gene prediction method: GeneMarkS-2+.,OG0000131,Shell,group_2058,Shell,Shell,Shell
GCF_017910955.1,J6K27_RS30080,MREPREYEQNPPRHEYSVTCKGQSIWPVLITM,32,winged helix-turn-helix transcriptional regulator, ,Derived by automated computational analysis using gene prediction method: Protein Homology.,OG0000510,Cloud,group_1942,Cloud,Cloud,Cloud
GCF_017910955.1,J6K27_RS21830,MGFLDNVKGLVEKGQELAAENSDKVHDAIDKVADIADDKTGNKYGDQIDKAAEAAKKAVPEKQ,63,antitoxin, ,Derived by automated computational analysis using gene prediction method: Protein Homology.,OG0000010,Conserved,group_425,Soft core,Soft core,Soft core
GCF_017910955.1,J6K27_RS30085,MANNSKQHYVDPGWPETADGDHAVTELSSTRAGGLSPFGEDTTFPVPVESLPYVHPHTVINR,62,hypothetical protein, ,Derived by automated computational analysis using gene prediction method: Protein Homology.,OG0000048,Conserved,group_501,Soft core,Soft core,Soft core
GCF_017910955.1,J6K27_RS30090,MADKAPGKNMKKPAQSIKERRAEKRAKTAESSEFIRKRKRS,41,hypothetical protein, ,Derived by automated computational analysis using gene prediction method: Protein Homology.,OG0000004,Core,group_2142,Soft core,Soft core,Soft core
GCF_017910955.1,J6K27_RS30095,MISVWQTDIVYYGANLLEYLANEFPLGQGRKTLSPISVRVPFWSRFIEAANRAESI,56,hypothetical protein, ,Derived by automated computational analysis using gene prediction method: GeneMarkS-2+.,OG0001698,,group_2592,Cloud,,Probably not conserved
GCF_017910955.1,J6K27_RS23305,MGRGRAKAKQTKVARELKYSVPTTDFDSLQRELAGGSTNSHRSSVRSDQTSDREGHAREDDYDDWRR,67,duf3073 domain-containing protein, ,Derived by automated computational analysis using gene prediction method: Protein Homology.,OG0000049,Conserved,group_133,Soft core,Soft core,Soft core
GCF_017910955.1,J6K27_RS23485,MRNNLQELRTAAGLSQQACADALGITRQTVISIEKGHFDPRLSLAFRIAEYFDKRVDDIFSS,62,helix-turn-helix transcriptional regulator, ,Derived by automated computational analysis using gene prediction method: Protein Homology.,OG0000105,Soft core,group_502,Soft core,Soft core,Soft core
GCF_017910955.1,J6K27_RS23615,MTSPMNTRKLTRARSGAMFGGVCAGIARYFGWKSSTVRLLFVLSCLLPGPQFLIYIVMWIFIPREQI,67,pspc domain-containing protein, ,Derived by automated computational analysis using gene prediction method: Protein Homology.,OG0000106,Soft core,group_134,Soft core,Soft core,Soft core
GCF_017910955.1,J6K27_RS23635,MAEGERPPGVLDDSTYQSPDGLRKFGRTKSEVWFRNKKAYNASRIAEAANG,51,hypothetical protein, ,Derived by automated computational analysis using gene prediction method: GeneMarkS-2+.,OG0000185,Shell,group_2143,Shell,Shell,Shell
GCF_017910955.1,J6K27_RS30105,MTVLCRAGKLQAGVLVADDDQGWASPFRSIAPTKMALLARALQDGLIAIDEL,52,hypothetical protein, ,Derived by automated computational analysis using gene prediction method: Protein Homology.,OG0000156,Shell,group_2040,Shell,Shell,Shell
GCF_017910955.1,J6K27_RS24405,MSDWVKKVEAEAKGLLAEAEEELTVLEGVDTIDPLADDDPAPEDGTKPTSD,51,hypothetical protein, ,Derived by automated computational analysis using gene prediction method: Protein Homology.,OG0000090,Soft core,group_2192,Soft core,Soft core,Soft core
GCF_017910955.1,J6K27_RS24605,MAATTPVSGYVIVPHPSDVDAVGNCEVDELPEQYSKPGTPPTTGGPTVPP,50,hypothetical protein, ,Derived by automated computational analysis using gene prediction method: GeneMarkS-2+.,OG0000204,Shell,group_2298,Shell,Shell,Shell
GCF_017910955.1,J6K27_RS24610,MSASLVGTARREVEACLTSRRYPERGRIDIVCSTDDKDATPAFDHGTKEFFCNQS,55,hypothetical protein, ,Derived by automated computational analysis using gene prediction method: GeneMarkS-2+.,OG0000603,Cloud,,,Cloud,Cloud
GCF_017910955.1,J6K27_RS25370,MAQGIVKWFNGEKGFGFIAPDDGTPDVFVHYSEISGNGYKSLDENQRVEFEVGQGQKGPQATNVRAV,67,cold-shock protein, ,Derived by automated computational analysis using gene prediction method: Protein Homology.,OG0000003,Conserved,group_1991,Soft core,Soft core,Soft core
GCF_017910955.1,J6K27_RS25530,MTITDADVPGLAVTARGRTPSAARALATDAAEALCSMFEEANAMTSGGFTFTVVPPGN,58,hypothetical protein, ,Derived by automated computational analysis using gene prediction method: Protein Homology.,OG0000262,Shell,group_2251,Shell,Shell,Shell
GCF_017910955.1,J6K27_RS25540,MGSINAFNEWVNQATHAGDPFATAIAIVQFFAVSLVNLFTGGPIL,45,hypothetical protein, ,Derived by automated computational analysis using gene prediction method: GeneMarkS-2+.,OG0000137,Shell,group_2383,Shell,Shell,Shell
GCF_017910955.1,J6K27_RS25565,MKKTDFAPISCIHRWEIESRHRTSEGTVTYLRCHCGSWQTLLAEWVSGGAGSAVAAPIKVRSR,63,hypothetical protein, ,Derived by automated computational analysis using gene prediction method: GeneMarkS-2+.,OG0000116,Soft core,group_2290,Soft core,Soft core,Soft core
GCF_017910955.1,J6K27_RS25605,MPTVIRTVHDLVRHARGPTHHHHHQSVHEARRMRAHHILVTHSLA,45,hypothetical protein, ,Derived by automated computational analysis using gene prediction method: GeneMarkS-2+.,OG0000112,Soft core,group_2176,Soft core,Soft core,Soft core
GCF_017910955.1,J6K27_RS25810,MVGTPVIVTIVSVCVGFVIFMLAASGARGKWDRRLVIALFIGAVVCLTVVPVSVALSAGV,60,hypothetical protein, ,Derived by automated computational analysis using gene prediction method: Protein Homology.,OG0000091,Soft core,group_2382,Soft core,Soft core,Soft core
GCF_017910955.1,J6K27_RS26395,MTEPDPGTVETDFPKTGAPAQRALIAAGYTHLAQLTSVSEKELGALHGMGPKALRILREALAERGLSFAD,70,hypothetical protein, ,Derived by automated computational analysis using gene prediction method: Protein Homology.,OG0000050,Conserved,,,Soft core,Soft core
GCF_017910955.1,J6K27_RS30110,MLGNVKCSHPSGYLHGEVLAVDAAMNLITAKVDDFENVREGVPGSSLVGGGYVPL,55,hypothetical protein, ,Derived by automated computational analysis using gene prediction method: GeneMarkS-2+.,OG0000198,Shell,group_2094,Shell,Shell,Shell
GCF_017910955.1,J6K27_RS30115,MGSSDTDLKALDSVITVAGALAAIFGGIAGVAGLATFLGTGGGS,44,hypothetical protein, ,Derived by automated computational analysis using gene prediction method: GeneMarkS-2+.,OG0000065,Soft core,group_2088,Shell,Shell,Shell
GCF_017910955.1,J6K27_RS27145,MNAPTRYQFLIDGEVSDRVKAAFPELSVASAAGGFTSLYGPVADHTAMRSIMARLDSLGLTVAEMRRLPD,70,hypothetical protein, ,Derived by automated computational analysis using gene prediction method: Protein Homology.,OG0000092,Soft core,,,Soft core,Soft core
GCF_017910955.1,J6K27_RS27155,MHDRFTVTAPFGALGHLALRLAVGPYLRRLLEQRAAHIKGRAEVGTPFIE,50,hypothetical protein, ,Derived by automated computational analysis using gene prediction method: Protein Homology.,OG0000261,Shell,group_2085,Shell,Shell,Shell
GCF_017910955.1,J6K27_RS30120,MSVVLISLLVAAGLTVLATSDGAGLDFGSRQLNRQLKTRTHR,42,hypothetical protein, ,Derived by automated computational analysis using gene prediction method: GeneMarkS-2+.,OG0000107,Soft core,group_1760,Soft core,Soft core,Soft core
GCF_017910955.1,J6K27_RS27560,MKIVVLSFLVALTLMTVGIIAARKRSTRPAVTGAVTAASTVLAAAWTLFAVAFVLA,56,hypothetical protein, ,Derived by automated computational analysis using gene prediction method: Protein Homology.,OG0000110,Soft core,group_2239,Soft core,Soft core,Soft core
GCF_017910955.1,J6K27_RS28110,MHPKRSNGDDKPRGDREELTVTARRIEDEVSAACGSTSATAGVMREGLADCSAQRVRT,58,hypothetical protein, ,Derived by automated computational analysis using gene prediction method: GeneMarkS-2+.,OG0000282,Shell,group_815,Shell,Shell,Shell
GCF_017910955.1,J6K27_RS28165,MDSRQLFALGALGTGMLSLALQLTPLCLGTEDAEQYVFVRAANATAVLTLALLSAAFVFWPPAG,64,hypothetical protein, ,Derived by automated computational analysis using gene prediction method: GeneMarkS-2+.,OG0000140,Shell,group_2266,Shell,Shell,Shell
GCF_017910955.1,J6K27_RS28520,MNHRESFQAVKWGTPRRTRRHRQLIRGRIAGGGATVEVSSEVLAYY,46,hypothetical protein, ,Derived by automated computational analysis using gene prediction method: GeneMarkS-2+.,OG0000141,Shell,group_2265,Shell,Shell,Shell
GCF_017910955.1,J6K27_RS28615,MRRASRAQRMELIAGFISVFALMALIGAVVAIVKGDPGVMPSLVLLGCVVALGLAFRGYRNAVRAERRE,69,hypothetical protein, ,Derived by automated computational analysis using gene prediction method: Protein Homology.,OG0000051,Conserved,group_2375,Soft core,Soft core,Soft core
GCF_017910955.1,J6K27_RS29200,MAKGKRTFQPNNRRRARVHGFRLRMRTRAGRAIVSARRRKGRDSLTA,47,50s ribosomal protein l34, ,Derived by automated computational analysis using gene prediction method: Protein Homology.,OG0000052,Conserved,rpmH,Conserved,Shell,Shell
GCF_017910955.1,J6K27_RS29305,MKLMGAVKTLVNKGKEAASKNADKIEGAIDKTAASAEARTGGKLTSQIQRAALAAKRTIPPKQQ,64,antitoxin, ,Derived by automated computational analysis using gene prediction method: Protein Homology.,OG0000218,Shell,group_2424,Shell,Cloud,Shell
GCF_017910955.1,J6K27_RS29380,MTETVTPTHFVVIPRTEEHGGYENECFTHYVQDNRGRYCLRGPMVQSDAEWLASKMNTQIS,61,hypothetical protein, ,Derived by automated computational analysis using gene prediction method: GeneMarkS-2+.,OG0000189,Shell,group_2471,Shell,Cloud,Shell
GCF_017910955.1,J6K27_RS29410,MKTEEEERLIAHAVTRLSVKYPSISADVVADAVASAHAHFDGHKVRDFVPLLVERMAGEKLSSLVAS,67,hypothetical protein, ,Derived by automated computational analysis using gene prediction method: Protein Homology.,OG0000062,Soft core,group_2496,Shell,,Shell
GCF_017910955.1,J6K27_RS29415,MTEHGRNAAFCDLMARTGLRLGVYSRRYLPGSITSPTAATDGTALCRSRIG,51,hypothetical protein, ,Derived by automated computational analysis using gene prediction method: GeneMarkS-2+.,OG0001699,,,,,Probably not conserved
GCF_017910955.1,J6K27_RS30125,MTISFWTGFTESTLSKSPNTGSRQDGDGIDSNSRTGLTATSLVGVSLLGYGHLSEDMVDSLASVPD,66,hypothetical protein, ,Derived by automated computational analysis using gene prediction method: GeneMarkS-2+.,OG0001700,,group_2594,Cloud,,Probably not conserved
GCF_017910955.1,J6K27_RS29605,MSAAQWALWSVTVIAVVATVGGAAVTGWERFRGYTPCSMSDRAQWSALLGAGVLSVTAGVSAANGVSPW,69,hypothetical protein, ,Derived by automated computational analysis using gene prediction method: GeneMarkS-2+.,OG0000478,Cloud,group_2595,Cloud,,Cloud
GCF_017910955.1,J6K27_RS30145,MAKNSGRSSKGSARSAITGKYVTKGYAKSHPKTTVVESKKK,41,hypothetical protein, ,Derived by automated computational analysis using gene prediction method: Protein Homology.,OG0001701,,group_2593,Cloud,,Probably not conserved
GCF_017910955.1,J6K27_RS29730,MNDKNIPVERSAVEAAMYQSTKHLNVITDADLAAVVEGLTGEPVARAQIDFAFPAPGTTDHLFD,64,hypothetical protein, ,Derived by automated computational analysis using gene prediction method: Protein Homology.,OG0000121,Shell,group_2475,Shell,Cloud,Shell
GCF_017910955.1,J6K27_RS29760,MTGMKKLVYPLGAVLILLVLAVAGVISWGTFVWPAAILVVMAVVLGAAEASKSRRAHT,58,hypothetical protein, ,Derived by automated computational analysis using gene prediction method: GeneMarkS-2+.,OG0000744,Cloud,group_816,Cloud,Cloud,Cloud
GCF_017910955.1,J6K27_RS29765,MQALQKGAAMTGQVRSRSVAVFPAVLVAFLISGGIYFSGGSLVFSLTLLVTGFVVAALIDFA,62,hypothetical protein, ,Derived by automated computational analysis using gene prediction method: GeneMarkS-2+.,OG0001702,,group_554,Cloud,,Probably not conserved
GCF_017910955.1,J6K27_RS29780,MNDDERDAWQLHHHGADWDEIGTEMGCSPTAAQTLAAAYEKRTDAAAHTAQNTLF,55,hypothetical protein, ,Derived by automated computational analysis using gene prediction method: Protein Homology.,OG0000063,Soft core,group_2464,Shell,Cloud,Cloud
GCF_017910955.1,J6K27_RS29810,MSTETDTLAPALVAVVEATAALDAAMFDRSREGFIDVTALVDAFAAARAAARDAGHTEEDIDAAATPTN,69,hypothetical protein, ,Derived by automated computational analysis using gene prediction method: Protein Homology.,OG0000226,Shell,group_2451,Shell,Cloud,Shell
GCF_017910955.1,J6K27_RS29815,MSNETNCDCGQTSCPAMTDDTQMCIYPDPGDYACTAQRSGDEDCICG,47,hypothetical protein, ,Derived by automated computational analysis using gene prediction method: GeneMarkS-2+.,OG0000745,Cloud,group_1486,Cloud,Cloud,Cloud
GCF_017910955.1,J6K27_RS29820,MSDDYDYAEGDDYSAATIHYAGLSCGCGDYSCPRMHDDAVQCVNAE,46,hypothetical protein, ,Derived by automated computational analysis using gene prediction method: Protein Homology.,OG0000216,Shell,group_2501,Shell,Cloud,Shell
GCF_019048925.1,KSE96_RS00200,MTNKPRVLKHSIFGVLALAVAALDFTIGTKHMITAGIIALAASVYSFTKAASLRKAPNDKGNRP,64,hypothetical protein, ,Derived by automated computational analysis using gene prediction method: Protein Homology.,OG0000215,Shell,group_2115,Cloud,Cloud,Cloud
GCF_019048925.1,KSE96_RS00205,MTTEKDTSKPGWKAHTVVALISLAVGIIFLTGGTTISLIAGTSLLGLAVYHYVVALRLRRELKTPAEEEG,70,hypothetical protein, ,Derived by automated computational analysis using gene prediction method: GeneMarkS-2+.,OG0000287,Shell,,,Cloud,Cloud
GCF_019048925.1,KSE96_RS00210,MSDDEHDAWQLHHHGASWDDIGTEMGCSPTTAQTLATAYEKRTDNAAAQTQNTLF,55,hypothetical protein, ,Derived by automated computational analysis using gene prediction method: Protein Homology.,OG0000063,Soft core,,,Cloud,Cloud
GCF_019048925.1,KSE96_RS00235,MATYRVINPAGDVTATREIDSADDAHAWFVDARADNSELGWRMEVQHDGEWSFFDDTEGASS,62,hypothetical protein, ,Derived by automated computational analysis using gene prediction method: Protein Homology.,OG0000066,Soft core,group_2010,Cloud,Cloud,Cloud
GCF_019048925.1,KSE96_RS00255,MIILGIVLLIVGFLTGISILWTIGIILVVIGVVLFALGAAGHAVGGRRHYY,51,duf6131 family protein, ,Derived by automated computational analysis using gene prediction method: Protein Homology.,OG0000000,Conserved,group_1245,Cloud,Cloud,Cloud
GCF_019048925.1,KSE96_RS00295,MEDNRIRSALDATPDTDYLEQTIPADPNAVDAVDLEALTTELDTPWPAPEGDLLEQSTPAPLDDER,66,hypothetical protein, ,Derived by automated computational analysis using gene prediction method: Protein Homology.,OG0000199,Shell,"group_2011, group_2217",Cloud,Cloud,Cloud
GCF_019048925.1,KSE96_RS33590,MRSRCAPEKVIAEPVTLLALFTVQGLYPLLLGTRKRRHSV,40,hypothetical protein, ,Derived by automated computational analysis using gene prediction method: GeneMarkS-2+.,OG0000895,Cloud,group_1975,Cloud,,Cloud
GCF_019048925.1,KSE96_RS00320,MDVDDLDVVVWPESEEREAWWRQVVTGGSAGAATSTMTPNRSIEDASSRILHAA,54,hypothetical protein, ,Derived by automated computational analysis using gene prediction method: GeneMarkS-2+.,OG0000129,Shell,,,Cloud,Cloud
GCF_019048925.1,KSE96_RS00325,MNVQTSRSNSWPAVHSGSMSTAEIKARIESMYADRGALVPKGTGTKS,47,hypothetical protein, ,Derived by automated computational analysis using gene prediction method: Protein Homology.,OG0000002,Conserved,group_1493,Cloud,Cloud,Cloud
GCF_019048925.1,KSE96_RS33595,MRAEPGTHADSQQACRWIAATACTDDDVAHMRRRYGFPTAP,41,hypothetical protein, ,Derived by automated computational analysis using gene prediction method: GeneMarkS-2+.,OG0000489,Cloud,group_1838,Cloud,Cloud,Cloud
GCF_019048925.1,KSE96_RS00340,MKDVRKAMTETELVEELHRLENLTKRNRCEQIRLEIVHDELVGRQTDYRRMANNH,55,hypothetical protein, ,Derived by automated computational analysis using gene prediction method: GeneMarkS-2+.,OG0000238,Shell,group_2105,Cloud,Cloud,Cloud
GCF_019048925.1,KSE96_RS00660,MSNISFDSVSNSAPANALQGVGTNALVDNPFTFEPVAEATSAHALQGVGTNALVDNPFSFQS,62,streptamidine-related ripp repeat protein, ,Derived by automated computational analysis using gene prediction method: Protein Homology.,OG0000093,Soft core,group_2291,Soft core,Soft core,Soft core
GCF_019048925.1,KSE96_RS00860,MFNDVFNNVIHPMVTNFQQLGPQQFIPQQFIPQGVFQQAPQAAEQAVTIFGS,52,hypothetical protein, ,Derived by automated computational analysis using gene prediction method: Protein Homology.,OG0000075,Soft core,group_2178,Soft core,Soft core,Soft core
GCF_019048925.1,KSE96_RS33615,MPINETQIPPTVEAFPYKKGTIVIQRDPRAPLVADGSRSIRAAVGLLTERPEVRLPKGSRRL,62,hypothetical protein, ,Derived by automated computational analysis using gene prediction method: GeneMarkS-2+.,OG0000305,Cloud,group_523,Cloud,Cloud,Cloud
GCF_019048925.1,KSE96_RS01775,MGIADKAQNKAEDLGGKAKEAAGSATGDRDLENEGKGDQVKSAVKDAGEKVKDAASSIKDKLT,63,csbd family protein, ,Derived by automated computational analysis using gene prediction method: Protein Homology.,OG0000011,Conserved,group_2411,Conserved,Soft core,Soft core
GCF_019048925.1,KSE96_RS01790,MADLTLLTDDELRERRIALSRSLTTAADLIPTPPPSFFEKLKQDIDAAAAEWIARRS,57,hypothetical protein, ,Derived by automated computational analysis using gene prediction method: Protein Homology.,OG0000076,Soft core,group_2322,Soft core,Soft core,Soft core
GCF_019048925.1,KSE96_RS02530,MSKITSWEYTVTPLLVHNPKAILDNWGVDGWELVAVLPSASGEQHVAYMKRPKG,54,hypothetical protein, ,Derived by automated computational analysis using gene prediction method: Protein Homology.,OG0000012,Conserved,group_2273,Conserved,Soft core,Soft core
GCF_019048925.1,KSE96_RS02730,MISKTLRTVSARFALLVTEDDGMSTAEYAIGTIAAAAFGAVLYTVVTGDSIVSALTGIIDKALKTAV,67,duf4244 domain-containing protein, ,Derived by automated computational analysis using gene prediction method: Protein Homology.,OG0000094,Soft core,group_2136,Soft core,Soft core,Soft core
GCF_019048925.1,KSE96_RS02750,MAQGTVKWFNAEKGFGFIAPEDGSADVFVHYSEIQGNGFRTLEENQRVEFEVGQGTKGPQATGVRAV,67,cold-shock protein, ,Derived by automated computational analysis using gene prediction method: Protein Homology.,OG0000013,Conserved,group_128,Conserved,Soft core,Soft core
GCF_019048925.1,KSE96_RS02785,MADSLKARVKEKLLRQLAEDGRHPIQEAEGDDPRLVSINDDLEALEHAEEGDPIVEELAERYWVP,65,hypothetical protein, ,Derived by automated computational analysis using gene prediction method: Protein Homology.,OG0000014,Conserved,group_2342,Conserved,Soft core,Soft core
GCF_019048925.1,KSE96_RS02945,MGSADVMAWLAEGYLAGDPIRYPLYVGSMFLAMPFQLIGVILGHPF,46,hypothetical protein, ,Derived by automated computational analysis using gene prediction method: Protein Homology.,OG0000061,Soft core,group_1542,Soft core,Soft core,Soft core
GCF_019048925.1,KSE96_RS03320,MATTAAVQNPTRSRARTMSLSEYVAEHPAQRVFPPTSERAARMAMLIMFALMAVTLVVLVLDEAGIFG,68,hypothetical protein, ,Derived by automated computational analysis using gene prediction method: GeneMarkS-2+.,OG0000095,Soft core,group_53,Soft core,Soft core,Soft core
GCF_019048925.1,KSE96_RS03490,MTSAVEYPGVVTTSNCAEGGSHSLSAGIFVTVAVYRIAGRPEMVKFVGPP,50,hypothetical protein, ,Derived by automated computational analysis using gene prediction method: Protein Homology.,OG0000239,Shell,group_2037,Shell,Shell,Shell
GCF_019048925.1,KSE96_RS03595,MALAYSPDTSIDSTRLAFLAAAVVLFAMLALYLVGFDQGAISRTGMYMHELMHDGRHLMGLPCH,64,cbtb domain-containing protein, ,Derived by automated computational analysis using gene prediction method: Protein Homology.,OG0000008,Conserved,group_2468,Conserved,Core,Conserved
GCF_019048925.1,KSE96_RS04020,MNAYICPICDYTYTESTGAAREGFPPGTPWSSIPDDWCCPDCGVREKVDFTLVTQS,56,rubredoxin, ,Derived by automated computational analysis using gene prediction method: Protein Homology.,OG0000096,Soft core,group_2166,Soft core,Soft core,Soft core
GCF_019048925.1,KSE96_RS04025,MSETATAYKLFRCLQCGFEYDEAIGWPDDGIEPGTRWDEIPEDWSCPDCGAAKVDFEMVEVDR,63,rubredoxin, ,Derived by automated computational analysis using gene prediction method: Protein Homology.,OG0000097,Soft core,group_421,Soft core,Soft core,Soft core
GCF_019048925.1,KSE96_RS33625,MLQVATRRRSQPPPARFMFEALIDPYRQPARHWLELLESEISPEIVRL,48,hypothetical protein, ,Derived by automated computational analysis using gene prediction method: GeneMarkS-2+.,OG0000607,Cloud,group_2165,Cloud,Cloud,Cloud
GCF_019048925.1,KSE96_RS33630,MLSRFRILTTSASGGIGSSKKSVQRSIVLFPTASMSNRMTASGRSGQIDVQITSSGSTA,59,hypothetical protein, ,Derived by automated computational analysis using gene prediction method: GeneMarkS-2+.,OG0001703,,group_767,Cloud,,Probably not conserved
GCF_019048925.1,KSE96_RS04565,MKNPNLTPSRVLAVVLAAALVIFVIARRRDDGALSRGEWLSDTVGPDDLAG,51,hypothetical protein, ,Derived by automated computational analysis using gene prediction method: Protein Homology.,OG0000077,Soft core,group_2167,Soft core,Soft core,Soft core
GCF_019048925.1,KSE96_RS04655,MEVRVDLDRCEANGVCVGIAPDIFDLDDNEELVISSVRPPEDRWEDVRSAIAQCPRAALTEHP,63,ferredoxin, ,Derived by automated computational analysis using gene prediction method: Protein Homology.,OG0000005,Conserved,group_423,Soft core,Soft core,Soft core
GCF_019048925.1,KSE96_RS04720,MAENTTVETEIADEDLEPVADETARQAQRVVAAYAEDADECRMLLSMLGISPAAKLD,57,hypothetical protein, ,Derived by automated computational analysis using gene prediction method: Protein Homology.,OG0000015,Conserved,group_2168,Soft core,Soft core,Soft core
GCF_019048925.1,KSE96_RS05415,MTKFLVPGVASAVIGAVLGAGVIFGVTAAASDNTRPEIDRSGNADSSVLNQVEYGSR,57,duf2613 domain-containing protein, ,Derived by automated computational analysis using gene prediction method: Protein Homology.,OG0000016,Conserved,group_855,Soft core,Soft core,Soft core
GCF_019048925.1,KSE96_RS05555,MVGLIVLAALVLASVLVGFVFRRPIAEAKSAVLAFDDASSQPQRD,45,hypothetical protein, ,Derived by automated computational analysis using gene prediction method: GeneMarkS-2+.,OG0000098,Soft core,group_2198,Soft core,Soft core,Soft core
GCF_019048925.1,KSE96_RS05565,MAYTSSIAANATTGPLTDLAKVLGPIAGIVSGIAAVATIAALFGGNSAS,49,hypothetical protein, ,Derived by automated computational analysis using gene prediction method: GeneMarkS-2+.,OG0000265,Shell,group_1373,Cloud,Shell,Shell
GCF_019048925.1,KSE96_RS05620,MPERGQSRVDAGIIAVVAVITGVFVALTGHGLVAALATVVGLALGMAIVRYLIKGR,56,hypothetical protein, ,Derived by automated computational analysis using gene prediction method: Protein Homology.,OG0000078,Soft core,group_2220,Soft core,Soft core,Soft core
GCF_019048925.1,KSE96_RS05710,MMRIVTLIVLIWLIVGAVAAGQRGYYSSSPTNCAGVGTIALTVIAGPLNYFGVNPKVTDCTLPQPTE,67,hypothetical protein, ,Derived by automated computational analysis using gene prediction method: Protein Homology.,OG0000017,Conserved,group_129,Soft core,Soft core,Soft core
GCF_019048925.1,KSE96_RS33645,MIILGVILLIIGFVVNIPILWTIGVVLLVIGIILYALGAAGHAIGGRRHYY,51,duf6131 family protein, ,Derived by automated computational analysis using gene prediction method: Protein Homology.,OG0000000,Conserved,group_1229,Soft core,Soft core,Soft core
GCF_019048925.1,KSE96_RS05760,MTDKDDNDQSPKGGHPGPVNKGGDGGMATREQAPELVEETSGEKSDDE,48,hypothetical protein, ,Derived by automated computational analysis using gene prediction method: Protein Homology.,OG0000018,Core,group_2221,Soft core,Soft core,Soft core
GCF_019048925.1,KSE96_RS05870,MSIRRCSLASGRALRTARFGVATFRRGRKAIDRRPSGLVWIERALAAPAGSV,52,hypothetical protein, ,Derived by automated computational analysis using gene prediction method: GeneMarkS-2+.,OG0000142,Shell,group_2080,Shell,Shell,Shell
GCF_019048925.1,KSE96_RS05890,MIVLGIILALIGFFTGLSILTTVGIILVVVGAVLSILGATGRAVGGRKVWY,51,duf6131 family protein, ,Derived by automated computational analysis using gene prediction method: Protein Homology.,OG0000000,Conserved,group_1230,Soft core,Soft core,Soft core
GCF_019048925.1,KSE96_RS06135,MPAPIMAPAAALAEPVVWNEDPQRQGWWKRILAATPPENPTNEEFQP,47,hypothetical protein, ,Derived by automated computational analysis using gene prediction method: Protein Homology.,OG0000118,Soft core,group_2222,Soft core,Soft core,Soft core
GCF_019048925.1,KSE96_RS06250,MGALSPTHWAIVAVVLVVLFGSKKLPDAARGLGRSMRILKSEVGELQSDTDLALEQRD,58,sec-independent protein translocase subunit tata, ,Derived by automated computational analysis using gene prediction method: Protein Homology.,OG0000019,Conserved,tatA,Soft core,Soft core,Soft core
GCF_019048925.1,KSE96_RS06295,MAQGSVKWFNGEKGFGFIEQEGGGPDVFVHYSEIQGSGYKSLDEGQKVEFEIGQGQKGPQAQNVRAI,67,cold-shock protein, ,Derived by automated computational analysis using gene prediction method: Protein Homology.,OG0000069,Soft core,group_130,Soft core,Soft core,Soft core
GCF_019048925.1,KSE96_RS06350,MTTIDIPPTQGESTTGIGITVASATLTTEEVKRRIAMMYGDPVTEEPVALAH,52,hypothetical protein, ,Derived by automated computational analysis using gene prediction method: Protein Homology.,OG0000002,Conserved,group_2274,Soft core,Soft core,Soft core
GCF_019048925.1,KSE96_RS06375,MSEQNSTDRTDQTDEPQTTGTDHGPGTGSDTAPKDVQTDPSGERTWADEGGASSTGPATDTD,62,pi-type proteinase, ,Derived by automated computational analysis using gene prediction method: Protein Homology.,OG0000020,Core,group_2297,Soft core,Soft core,Soft core
GCF_019048925.1,KSE96_RS06410,MTTSTVGLLAGLLLGVAAAAGGFTGFLIALVLGVIGYLVGGQRDGEFDLGVMLKGRGRG,59,hypothetical protein, ,Derived by automated computational analysis using gene prediction method: Protein Homology.,OG0000099,Soft core,group_732,Soft core,Soft core,Soft core
GCF_019048925.1,KSE96_RS33655,MDVAVALCVTVLLATVTSMAIAIVVTLIMCASVSVVSRMW,40,hypothetical protein, ,Derived by automated computational analysis using gene prediction method: GeneMarkS-2+.,OG0000187,Shell,group_2158,Soft core,Shell,Shell
GCF_019048925.1,KSE96_RS06435,MSDFIDKAKHRAEDLIGEAKEKFGNATGNDDLAAEGVADQGEAKVKKAGDTVSDKVSDIKDKFTS,65,csbd family protein, ,Derived by automated computational analysis using gene prediction method: Protein Homology.,OG0000074,Soft core,group_2191,Soft core,Soft core,Soft core
GCF_019048925.1,KSE96_RS33665,MGSLGNLLKANGMGWGILQLLPLVNMLKTLQGLDTASSNS,40,hypothetical protein, ,Derived by automated computational analysis using gene prediction method: GeneMarkS-2+.,OG0000080,Soft core,group_2512,Soft core,Soft core,Soft core
GCF_019048925.1,KSE96_RS33670,MGSFEDFSGVVKTFIPVLKDLFTALGGGSLTPGTGSAADK,40,hypothetical protein, ,Derived by automated computational analysis using gene prediction method: GeneMarkS-2+.,OG0000108,Soft core,group_2511,Soft core,Soft core,Soft core
GCF_019048925.1,KSE96_RS07145,MFGSLSTLGPLLTALGAFLKSVPTESLSGKGEGSSTGSLSGLSSGSAE,48,hypothetical protein, ,Derived by automated computational analysis using gene prediction method: Protein Homology.,OG0000081,Soft core,group_2510,Soft core,Soft core,Soft core
GCF_019048925.1,KSE96_RS33675,MGSLDTGSLSTESLEDLNLGKISELLKLGITAVSFITALNSLS,43,hypothetical protein, ,Derived by automated computational analysis using gene prediction method: GeneMarkS-2+.,OG0000067,Soft core,group_2503,Soft core,Soft core,Soft core
GCF_019048925.1,KSE96_RS07515,MDEGTWTRGRAWALSIALVALPYYRDTNEQITAWAKHAIAQVVDDIRTGP,50,hypothetical protein, ,Derived by automated computational analysis using gene prediction method: Protein Homology.,OG0000155,Shell,group_2238,Shell,Shell,Shell
GCF_019048925.1,KSE96_RS33680,MFLQTTAALFTDLLGNVWSGSLMPGIDGVTGSLVSAIDLS,40,hypothetical protein, ,Derived by automated computational analysis using gene prediction method: Protein Homology.,OG0000184,Shell,group_2237,Shell,Shell,Shell
GCF_019048925.1,KSE96_RS33685,MMDLGSIADVLEGEAGGLIKNILGMALFTPFIASVDFGWFPNVD,44,hypothetical protein, ,Derived by automated computational analysis using gene prediction method: Protein Homology.,OG0000306,Cloud,group_2050,Cloud,Cloud,Cloud
GCF_019048925.1,KSE96_RS07590,MDTASLIGALASVDVGSLVDPLFYLVKVVDGIFVSITGSLNMGGALGEAAAGSVQSVLGSVAGL,64,hypothetical protein, ,Derived by automated computational analysis using gene prediction method: GeneMarkS-2+.,OG0000206,Shell,group_358,Shell,Shell,Shell
GCF_019048925.1,KSE96_RS07610,MLEGSVMDAAGSVGAIIGQGLGSVSGLAVKGLEALAALSGGELKAAK,47,hypothetical protein, ,Derived by automated computational analysis using gene prediction method: Protein Homology.,OG0000138,Shell,group_2381,Shell,Shell,Shell
GCF_019048925.1,KSE96_RS07615,MTFESNTPRPFTRSNDKKMFAGVCGGIADYFGADVNLVRLLAVIAAICTGGTAALVYLAAWMLMPLG,67,pspc domain-containing protein, ,Derived by automated computational analysis using gene prediction method: Protein Homology.,OG0000021,Conserved,group_2380,Conserved,Soft core,Soft core
GCF_019048925.1,KSE96_RS08100,MGSSHDGKPAVAGTQFLTVAEVATLMRVSKMTVYRLVHSGELPAVRVGRSFRVHAKAVHDYLETSYFDAG,70,helix-turn-helix domain-containing protein, ,Derived by automated computational analysis using gene prediction method: Protein Homology.,OG0000071,Soft core,,,Soft core,Soft core
GCF_019048925.1,KSE96_RS08105,MGSVIKKRRKRMSKKKHRKLLRRTRVQRRKLGK,33,aurkaip1/cox24 domain-containing protein, ,Derived by automated computational analysis using gene prediction method: Protein Homology.,OG0000022,Conserved,group_1939,Conserved,Conserved,Conserved
GCF_019048925.1,KSE96_RS08160,MSSQEALRTESTHDAPLRQRGSRTEVILFAILGASVLVTLLMLMIPGIVSG,51,hypothetical protein, ,Derived by automated computational analysis using gene prediction method: Protein Homology.,OG0000100,Soft core,group_1231,Soft core,Soft core,Soft core
GCF_019048925.1,KSE96_RS08290,MLYLLALVGLVTLIVLMWKAFGPDPSTRTPVSGVRGPDDDPEFLWNVNQQTRRKRTEGPDVPPTDAST,68,hypothetical protein, ,Derived by automated computational analysis using gene prediction method: Protein Homology.,OG0000023,Conserved,group_2362,Soft core,Conserved,Soft core
GCF_019048925.1,KSE96_RS08295,MSAPTFNTAADALMTPGQVAALFHVDPKTVTRWAHAGRLGSLRTPGGHRRFRETEVMQLLRSLTTEADNN,70,bldc family transcriptional regulator, ,Derived by automated computational analysis using gene prediction method: Protein Homology.,OG0000068,Soft core,,,Soft core,Soft core
GCF_019048925.1,KSE96_RS08500,MASSTDVRPKITLACEVCKHRNYITKKNRRNDPDRLELKKFCPNCGTHQSHRESK,55,50s ribosomal protein l33, ,Derived by automated computational analysis using gene prediction method: Protein Homology.,OG0000024,Conserved,rpmG,Conserved,Soft core,Soft core
GCF_019048925.1,KSE96_RS08635,MAGKKLDRTNARTALEVVRESPTIAFITVAPAVVVFGVVWWLFGFWAAILLALVFGVAAVATQKLR,66,hypothetical protein, ,Derived by automated computational analysis using gene prediction method: Protein Homology.,OG0000025,Conserved,group_2209,Conserved,Soft core,Soft core
GCF_019048925.1,KSE96_RS08780,MNSTTVGLLVGLLLALAGIMGGFSGFVFAVLLGAAGMAIGAHRDGHLDLGAILRSRGRG,59,hypothetical protein, ,Derived by automated computational analysis using gene prediction method: Protein Homology.,OG0000026,Conserved,group_2303,Conserved,Soft core,Soft core
GCF_019048925.1,KSE96_RS08905,MRLSTRNQLTGTITEVNLGTVMATVKVKLDGGNQIVTSSITRDAALDLDLEPGQAATVFVKSTEVTIGVE,70,tobe domain-containing protein, ,Derived by automated computational analysis using gene prediction method: Protein Homology.,OG0000064,Soft core,,,Soft core,Soft core
GCF_019048925.1,KSE96_RS08910,MTEPVKGPASYFPSIEKKYGRPIGEWQELIRSSDLTKHMELVNWLKSEHGMGHGHANALVAHTLKEG,67,duf4287 domain-containing protein, ,Derived by automated computational analysis using gene prediction method: Protein Homology.,OG0000027,Conserved,group_2329,Soft core,Soft core,Soft core
GCF_019048925.1,KSE96_RS08925,MSDRDNKALENDLVEESLVEEVSIDGMCGVY,31,mycofactocin precursor mfta, ,"Mycofactocin is a small molecule electron carrier derived from the final two amino acids, Val-Tyr, of MftA, the mycofactocin precursor. It plays a role in redox homeostasis and the metabolism of alcohols and aldehydes in Actinobacteria, including Mycobacterium tuberculosis; Derived by automated computational analysis using gene prediction method: Protein Homology.",OG0000009,Conserved,group_2326,Conserved,Soft core,Soft core
GCF_019048925.1,KSE96_RS09265,MAKKALVNKANKKPKFAVRAYTRCQRCGRPHSVFRKFGLCRICVREMAHAGELPGVRKSSW,61,type z 30s ribosomal protein s14, ,Derived by automated computational analysis using gene prediction method: Protein Homology.,OG0000028,Conserved,group_2294,Conserved,Soft core,Soft core
GCF_019048925.1,KSE96_RS09290,MADLKVTQIKSIIGTKQNQKDSLRTLGLKGIRQTVVREDNAQNRGLINVVRHLVTVEEV,59,50s ribosomal protein l30, ,Derived by automated computational analysis using gene prediction method: Protein Homology.,OG0000029,Conserved,rpmD,Conserved,Soft core,Soft core
GCF_019048925.1,KSE96_RS09320,MKVQPSVKKICEKCKVIRRNGRVMVICENLRHKQRQG,37,50s ribosomal protein l36, ,Derived by automated computational analysis using gene prediction method: Protein Homology.,OG0000030,Conserved,rpmJ,Conserved,Soft core,Soft core
GCF_019048925.1,KSE96_RS33695,MTIFEWILAIPALALAVAFLFSGIISAGIDFDAEDGVMTH,40,hypothetical protein, ,Derived by automated computational analysis using gene prediction method: GeneMarkS-2+.,OG0000082,Soft core,group_2186,Soft core,Soft core,Soft core
GCF_019048925.1,KSE96_RS10630,MSSYRCPVCEYVYDESKGAPREGFPAGTPWDAVPDDWCCPDCGVREKLDFEPMPATAGSES,61,rubredoxin, ,Derived by automated computational analysis using gene prediction method: Protein Homology.,OG0000053,Core,group_2279,Soft core,Soft core,Soft core
GCF_019048925.1,KSE96_RS10635,MNDYKLYQCAQCGFEYDEAVGWPEDGIEPGTRWDDIPEDWSCPDCGAAKSDFFMVEVERR,60,rubredoxin, ,Derived by automated computational analysis using gene prediction method: Protein Homology.,OG0000007,Conserved,group_2155,Soft core,Soft core,Soft core
GCF_019048925.1,KSE96_RS11305,MATDPAPRSERKKILLRLDPAVHDALARWAADDLRSTNAQIEFLLRRALTEHGRMPKNAGKMHGPGRPPA,70,hypothetical protein, ,Derived by automated computational analysis using gene prediction method: Protein Homology.,OG0000114,Soft core,,,Soft core,Soft core
GCF_019048925.1,KSE96_RS11585,MSDLDSNTPSEPESQSEETKRKFREALERKNHQNAKSTDHRDGQSKVHNTHGPADHKREFRRKSG,65,duf5302 domain-containing protein, ,Derived by automated computational analysis using gene prediction method: Protein Homology.,OG0000031,Conserved,group_2470,Core,Soft core,Soft core
GCF_019048925.1,KSE96_RS11670,MAAVCDVCAKGPGFGKSVSHSHRRTNRRWNPNIQSVRTEVAPGNTRKVNVCTSCLKAGKVARG,63,50s ribosomal protein l28, ,Derived by automated computational analysis using gene prediction method: Protein Homology.,OG0000032,Conserved,rpmB,Conserved,Soft core,Soft core
GCF_019048925.1,KSE96_RS11710,MAVPKRKMSRSNTRSRRSQWKTTVPTLVTCPNRGCGEQTLPHIACPSCGTYKGRQVTAAV,60,50s ribosomal protein l32, ,Derived by automated computational analysis using gene prediction method: Protein Homology.,OG0000033,Conserved,group_2479,Conserved,Soft core,Soft core
GCF_019048925.1,KSE96_RS12615,MKVPAFHSTVPSDLDVYHDNESCILAARIAVSHRAPGVDGRPWCTACASLD,51,hypothetical protein, ,Derived by automated computational analysis using gene prediction method: Protein Homology.,OG0000083,Soft core,group_2187,Soft core,Soft core,Soft core
GCF_019048925.1,KSE96_RS12920,MFWKIVLAVVLVWVALAVVGALIKGLFWVLVVGAVGFGIYFLVKAMSGSDDNSPASRF,58,hypothetical protein, ,Derived by automated computational analysis using gene prediction method: Protein Homology.,OG0000034,Conserved,group_2296,Soft core,Soft core,Soft core
GCF_019048925.1,KSE96_RS12945,MRLTEFHEMVREEFGQVRGDSMLIDHVLQSLDGMTAAEAVEAGWEPREVWRALCVEFDVPPARR,64,duf3046 domain-containing protein, ,Derived by automated computational analysis using gene prediction method: Protein Homology.,OG0000035,Conserved,group_2481,Conserved,Soft core,Soft core
GCF_019048925.1,KSE96_RS13220,MPGTLTSPQLTAADRCDRCGAGARVRAVLPTGGELLFCGHHATEHADRLREMNAVVSESEPAI,63,hypothetical protein, ,Derived by automated computational analysis using gene prediction method: Protein Homology.,OG0000036,Conserved,group_2483,Conserved,Soft core,Soft core
GCF_019048925.1,KSE96_RS13590,MKIRFELMIGILLVVGGGCLWLFARDAEFFWFRGGPLGVILAIIGAFDIVNAVRTRETAIPERRND,66,hypothetical protein, ,Derived by automated computational analysis using gene prediction method: Protein Homology.,OG0000101,Soft core,group_2126,Soft core,Soft core,Soft core
GCF_019048925.1,KSE96_RS14065,MAGIDSKFDKAYAGKSVEELADAPVAALNGVSDSDAEHLKAAFNIKTVRDLGTNKFFLWAQATAKLAE,68,hypothetical protein, ,Derived by automated computational analysis using gene prediction method: Protein Homology.,OG0000070,Soft core,group_2484,Soft core,Soft core,Soft core
GCF_019048925.1,KSE96_RS33715,MREANRDLTFAGVIVVAPVEADEAISVEQKILLDALHLRKIDLADRVGRQPSRIHR,56,hypothetical protein, ,Derived by automated computational analysis using gene prediction method: GeneMarkS-2+.,OG0001704,,group_2596,Cloud,,Probably not conserved
GCF_019048925.1,KSE96_RS14850,MAQEQTQRAGGGEDDETTGGDGSAGQERREKLAAETDDLLDEIDDVLEENAEDFVRAYVQKGGQ,64,ubiquitin-like protein pup, ,Derived by automated computational analysis using gene prediction method: Protein Homology.,OG0000037,Conserved,group_340,Soft core,Soft core,Soft core
GCF_019048925.1,KSE96_RS33720,MPSLLSMVGSLPAAVLALVLAAVHQGIALRNKGAIARARSGVRDTQPSE,49,hypothetical protein, ,Derived by automated computational analysis using gene prediction method: GeneMarkS-2+.,OG0000609,Cloud,group_1380,Cloud,Cloud,Cloud
GCF_019048925.1,KSE96_RS15365,MAIDSTLLSILACPQDKGPLLLVGDELLYNPRLRRAYPIENGIPVLLIDEARDVADDEHEKLLARAEG,68,trm112 family protein, ,Derived by automated computational analysis using gene prediction method: Protein Homology.,OG0000038,Conserved,group_54,Soft core,Core,Soft core
GCF_019048925.1,KSE96_RS15460,MPKMKSHSGASKRFKVSGSGKLMRQKAGRRHLLEHKSSRVTRRLDGVAVVSPDDAPRIKRMLGI,64,50s ribosomal protein l35, ,Derived by automated computational analysis using gene prediction method: Protein Homology.,OG0000039,Conserved,group_2130,Soft core,Conserved,Soft core
GCF_019048925.1,KSE96_RS15810,MHVEVDLDLCQGHAACELEAPEIFVVPKRGKVSLLDSDPPESLRGEAEMAVRYCPTGALRIVD,63,ferredoxin, ,Derived by automated computational analysis using gene prediction method: Protein Homology.,OG0000001,Conserved,group_2270,Soft core,Soft core,Soft core
GCF_019048925.1,KSE96_RS16000,MSVLFTYLLFIGAGIAVGGAYSMFKVNKLASGILLALAVLAAVAGALRL,49,hypothetical protein, ,Derived by automated computational analysis using gene prediction method: Protein Homology.,OG0000040,Conserved,group_2410,Soft core,Conserved,Soft core
GCF_019048925.1,KSE96_RS16230,MNESSSGLFSDLSASEPVVDAKSAEQLAAERETAAAERSNTDTAEQRQSRLFSG,54,hypothetical protein, ,Derived by automated computational analysis using gene prediction method: Protein Homology.,OG0000084,Soft core,group_2262,Soft core,Soft core,Soft core
GCF_019048925.1,KSE96_RS33725,MLGIALGLGSAAVGIGLGLLGAGAGILLSDKTVKTARRELTA,42,hypothetical protein, ,Derived by automated computational analysis using gene prediction method: GeneMarkS-2+.,OG0000102,Soft core,group_2160,Soft core,Soft core,Soft core
GCF_019048925.1,KSE96_RS16335,MHAEVGDRLHVQGRVVGQAEVTAEVLEVHGEDGGPPYLVRYDNGHEALVFPGSDGWIDHPGKGS,64,duf1918 domain-containing protein, ,Derived by automated computational analysis using gene prediction method: Protein Homology.,OG0000041,Conserved,group_2499,Soft core,Conserved,Soft core
GCF_019048925.1,KSE96_RS33730,MTTYRYLDADRNLLEEKDFETEQDAQEYRLSVLGAEHIEPTDE,43,hypothetical protein, ,Derived by automated computational analysis using gene prediction method: Protein Homology.,OG0000054,Core,group_2400,Soft core,Core,Core
GCF_019048925.1,KSE96_RS17015,MTDEDRLWYFDVSDGSVTQGKGASSLTRMGPYPDRDSAEHALKIAAERNKAADRADEDWNN,61,hypothetical protein, ,Derived by automated computational analysis using gene prediction method: Protein Homology.,OG0000042,Conserved,group_592,Soft core,Soft core,Soft core
GCF_019048925.1,KSE96_RS17090,MKRYLNRRTGALALFTVTTVALLSDNFTPTRAAIWGVAWAAVASLIITSEVRHARADH,58,hypothetical protein, ,Derived by automated computational analysis using gene prediction method: GeneMarkS-2+.,OG0000896,Cloud,group_840,Cloud,,Cloud
GCF_019048925.1,KSE96_RS17095,MIRYLSRGEIAERLGLSLETVKSYDRRGYLPPADAQTGRNFGWLPETIDAWAESRPGRGTRTDLAK,66,merr family transcriptional regulator, ,Derived by automated computational analysis using gene prediction method: Protein Homology.,OG0000237,Shell,group_246,Cloud,Cloud,Cloud
GCF_019048925.1,KSE96_RS17230,MSSEQLEIPTADALSRYAGELKEGGFSQQVIDQLVIHASEHLVLGRARRDECGQESGALRVKVIANA,67,hypothetical protein, ,Derived by automated computational analysis using gene prediction method: GeneMarkS-2+.,OG0000594,Cloud,group_2438,Cloud,Cloud,Cloud
GCF_019048925.1,KSE96_RS17260,MPTLEDMIADDIAHLRRERCRANKPAVAFLTATLNARLYELTHDGQAH,48,hypothetical protein, ,Derived by automated computational analysis using gene prediction method: GeneMarkS-2+.,OG0000296,Cloud,group_2415,Cloud,Cloud,Cloud
GCF_019048925.1,KSE96_RS17340,MKLSEAIENVGKRVIYTHPATLATEPGIIRSVDIANRGLVNVQYGASIWATHHDNLTLDRSRR,63,hypothetical protein, ,Derived by automated computational analysis using gene prediction method: GeneMarkS-2+.,OG0000289,Cloud,group_2319,Cloud,,Cloud
GCF_019048925.1,KSE96_RS17355,MTDHIHNTECTKLGQPCHGRGVPCKKSHPTQPDLTCAKLAGHGPNHEGWGNAMKRIEWTTEATA,64,hypothetical protein, ,Derived by automated computational analysis using gene prediction method: Protein Homology.,OG0000496,Cloud,group_2269,Cloud,,Cloud
GCF_019048925.1,KSE96_RS17370,MTAVVAVQRQRALAAIEVYEAALEEYELPSAPLSEAERIVAADRVIAAAAGLRAAIPM,58,hypothetical protein, ,Derived by automated computational analysis using gene prediction method: GeneMarkS-2+.,OG0000497,Cloud,group_2320,Cloud,,Cloud
GCF_019048925.1,KSE96_RS17405,MNEPEPTGANDIDIEALIKSDEPYLSCKFFGEPDSRDVWDAEVEAPDDPGDEWGV,55,hypothetical protein, ,Derived by automated computational analysis using gene prediction method: GeneMarkS-2+.,OG0000884,Cloud,group_2070,Cloud,,Cloud
GCF_019048925.1,KSE96_RS33740,MKLALTEFKNSKATIRIIMSDGAKLNGTVTDFTEDTLVLNSPNGVYYINPSHIVRLFEPSDRAAK,65,hypothetical protein, ,Derived by automated computational analysis using gene prediction method: GeneMarkS-2+.,OG0000085,Soft core,group_2248,Soft core,Shell,Soft core
GCF_019048925.1,KSE96_RS17720,MTVAGVVSVVLIAVAAALVIYLLVALVDPERF,32,k(+)-transporting atpase subunit f, ,Derived by automated computational analysis using gene prediction method: Protein Homology.,OG0000055,Core,kdpF,Soft core,Soft core,Soft core
GCF_019048925.1,KSE96_RS17860,MDRIADWWDSFELWMAGLPFIPQVALVLIVVVPLCRLVAIGLDRALAAVLALPLFGWLRRNSREVEES,68,hypothetical protein, ,Derived by automated computational analysis using gene prediction method: Protein Homology.,OG0000056,Core,group_2078,Soft core,Soft core,Soft core
GCF_019048925.1,KSE96_RS18280,MKKALPKTLKSLARTVGILALAIVVVSVVERFTGAHQPTTGPASLTGPDQSL,52,hypothetical protein, ,Derived by automated computational analysis using gene prediction method: Protein Homology.,OG0000111,Soft core,group_2264,Soft core,Soft core,Soft core
GCF_019048925.1,KSE96_RS18285,MRENDLNLRGLEIFEEASDVAFSEIHTHPRQCLIRAHKSVAQSRCGA,47,hypothetical protein, ,Derived by automated computational analysis using gene prediction method: GeneMarkS-2+.,OG0000241,Shell,group_2309,Shell,Shell,Shell
GCF_019048925.1,KSE96_RS18295,MSFLPFPIVIEGIETTGSAVIDGLGRLSVLLYDLLGGTGSATIDAGS,47,hypothetical protein, ,Derived by automated computational analysis using gene prediction method: Protein Homology.,OG0000125,Shell,group_2228,Shell,Shell,Shell
GCF_019048925.1,KSE96_RS18330,MIAAPTTGALAVVLNTVLQMFNAGSSFLYTDNSPIGGGGETPTTPAP,47,hypothetical protein, ,Derived by automated computational analysis using gene prediction method: Protein Homology.,OG0000086,Soft core,group_2210,Soft core,Soft core,Soft core
GCF_019048925.1,KSE96_RS18335,MPTIPLTGDPIVINIIVQLLSAGSSNALALGGVGSSGLGSTGLGSFDSASLGSAA,55,hypothetical protein, ,Derived by automated computational analysis using gene prediction method: Protein Homology.,OG0000087,Soft core,group_1002,Soft core,Soft core,Soft core
GCF_019048925.1,KSE96_RS33750,MYIQTCTYDTEDRNMGSINTLSAVIDIIKVVQPLIAKLNLS,41,hypothetical protein, ,Derived by automated computational analysis using gene prediction method: GeneMarkS-2+.,OG0000109,Soft core,group_2041,Soft core,Soft core,Soft core
GCF_019048925.1,KSE96_RS19165,MGTLQSGINLAEKFSKKAKDGEDSLEKSLTSHIQVVTEMRDFFQQCVDRYGEVEGSNASALASVDTPR,68,hypothetical protein, ,Derived by automated computational analysis using gene prediction method: GeneMarkS-2+.,OG0000123,Soft core,group_2307,Soft core,Soft core,Soft core
GCF_019048925.1,KSE96_RS19235,MSAALLTIYVLIWPALVLVVLGVISKGFFKDWATARRNGEDLV,43,putative transporter small subunit, ,Derived by automated computational analysis using gene prediction method: Protein Homology.,OG0000088,Soft core,group_2364,Soft core,Soft core,Soft core
GCF_019048925.1,KSE96_RS19955,MAAMKPRTGDGPLEATKEGRGIVMRVPLEGGGRLVVELTPDEAAALGVELTNVTS,55,duf3117 domain-containing protein, ,Derived by automated computational analysis using gene prediction method: Protein Homology.,OG0000043,Conserved,group_1003,Soft core,Soft core,Soft core
GCF_019048925.1,KSE96_RS20060,MTEQDATFDPEAPESDALEQSTPVDPNAPEEPDLTDIPLDAPVADVVDQRVEVAVDDDYRPS,62,hypothetical protein, ,Derived by automated computational analysis using gene prediction method: Protein Homology.,OG0000057,Core,group_2211,Soft core,Soft core,Soft core
GCF_019048925.1,KSE96_RS20085,MYNWDLQNQIVAFVDSLRPMAGYYHDLYYGSLYAFADQQSHLLTLLGFPPVP,52,hypothetical protein, ,Derived by automated computational analysis using gene prediction method: Protein Homology.,OG0000058,Core,group_1175,Soft core,Soft core,Soft core
GCF_019048925.1,KSE96_RS20105,MGKVKASKVSQLKPKKKCCRKKTRCIKCPVVIMRMKKLENEGASKKELKAGLKKARAA,58,hypothetical protein, ,Derived by automated computational analysis using gene prediction method: Protein Homology.,OG0000044,Conserved,group_2365,Soft core,Soft core,Soft core
GCF_019048925.1,KSE96_RS33765,MSSMEGILGAVVQGLGSLFSADGLLKTFMGSVETISKDPTP,41,hypothetical protein, ,Derived by automated computational analysis using gene prediction method: GeneMarkS-2+.,OG0000103,Soft core,group_2051,Soft core,Soft core,Soft core
GCF_019048925.1,KSE96_RS20290,MTAKLTTAFRGTLWWVRSVMGDLDYQRYVEHTRRHHADSPVISEREFWRRRHAAADANPGARCC,64,ybdd/yjix family protein, ,Derived by automated computational analysis using gene prediction method: Protein Homology.,OG0000045,Conserved,group_2343,Soft core,Conserved,Soft core
GCF_019048925.1,KSE96_RS20540,MSTNSDRRPRLPVRIAYLAAGVLFVAAMLLLASVVNPDRDRDFSMNHVPAGTSTTAFAATSDLG,64,hypothetical protein, ,Derived by automated computational analysis using gene prediction method: Protein Homology.,OG0000104,Soft core,group_2149,Soft core,Soft core,Soft core
GCF_019048925.1,KSE96_RS20970,MAEGIVKWFNSEKGFGFIAPEDGSADVFVHYSEIQSGGFRTLEENQRVAFEIGQGNKGPQATGVTIV,67,cold-shock protein, ,Derived by automated computational analysis using gene prediction method: Protein Homology.,OG0000046,Conserved,group_132,Soft core,Soft core,Soft core
GCF_019048925.1,KSE96_RS20975,MTTAEYTVSGMTCGHCVGSVKEEIGNIAGVTAVDVELASGRVVVTSDAPVSAADVVAAVDEAGYAVVPS,69,heavy-metal-associated domain-containing protein, ,Derived by automated computational analysis using gene prediction method: Protein Homology.,OG0000006,Conserved,group_2139,Soft core,Soft core,Soft core
GCF_019048925.1,KSE96_RS21095,MKHTMSDDELRRAIREIQDRAHDARKRGDDVAAEELDRTVKGYQEQMMQRL,51,hypothetical protein, ,Derived by automated computational analysis using gene prediction method: Protein Homology.,OG0000059,Core,group_2336,Soft core,Soft core,Soft core
GCF_019048925.1,KSE96_RS21170,MSEQPDTPKKPSVDKKRLARIFGDVFPETTSDERGPEGSSRSSDDDWLRSQRPPHHGG,58,hypothetical protein, ,Derived by automated computational analysis using gene prediction method: Protein Homology.,OG0000089,Soft core,group_2328,Soft core,Soft core,Soft core
GCF_019048925.1,KSE96_RS21200,MAVPKRKMSRSNTRSRRAQWKATAPDLVEVTAFGQTHRVPRRLVKAVRLGVIDPSRI,57,50s ribosomal protein l32, ,Derived by automated computational analysis using gene prediction method: Protein Homology.,OG0000060,Soft core,group_2302,Soft core,Soft core,Soft core
GCF_019048925.1,KSE96_RS21220,MARNEIRPIVKLKSTAGTGYTYVTRKNRRNDPDRLVLKKYDPVLRKHVDFREEK,54,50s ribosomal protein l33, ,Derived by automated computational analysis using gene prediction method: Protein Homology.,OG0000047,Conserved,group_2199,Soft core,Soft core,Soft core
GCF_019048925.1,KSE96_RS21385,MHLTATTSTTTGAAGNSDPKDAESTLDMSGRPAALRARSAAATRPGGADVTA,52,hypothetical protein, ,Derived by automated computational analysis using gene prediction method: GeneMarkS-2+.,OG0000131,Shell,group_2058,Shell,Shell,Shell
GCF_019048925.1,KSE96_RS21850,MGFLDNVKGLVEKGQELAAENSDKVHDAIDKVADIADDKTGNKYGDQIDKAAEAAKKAVPEKQ,63,antitoxin, ,Derived by automated computational analysis using gene prediction method: Protein Homology.,OG0000010,Conserved,group_425,Soft core,Soft core,Soft core
GCF_019048925.1,KSE96_RS22390,MANNSKQHYVDPGWPETADGDHAVTELSSTRAGGLSPFGEDTTFPVPVESLPYVHPHTVINR,62,hypothetical protein, ,Derived by automated computational analysis using gene prediction method: Protein Homology.,OG0000048,Conserved,group_501,Soft core,Soft core,Soft core
GCF_019048925.1,KSE96_RS33775,MADKAPGKNMKKPAQSIKERRAEKRAKTAESSEFIRKRKRS,41,hypothetical protein, ,Derived by automated computational analysis using gene prediction method: Protein Homology.,OG0000004,Core,group_2142,Soft core,Soft core,Soft core
GCF_019048925.1,KSE96_RS23350,MGRGRAKAKQTKVARELKYSVPTTDFDSLQRELAGGSTNSHRSSVRSDQTSDREGHAREDDYDDWRR,67,duf3073 domain-containing protein, ,Derived by automated computational analysis using gene prediction method: Protein Homology.,OG0000049,Conserved,group_133,Soft core,Soft core,Soft core
GCF_019048925.1,KSE96_RS23415,MRLTTLRDRVAEPLFAVIHFDLEPNLITFTATGLAVGLLAAALLYVRNYSLTRTN,55,hypothetical protein, ,Derived by automated computational analysis using gene prediction method: GeneMarkS-2+.,OG0000326,Cloud,group_2141,Cloud,Cloud,Cloud
GCF_019048925.1,KSE96_RS23530,MRNNLQELRTAAGLSQQACADALGITRQTVISIEKGHFDPRLSLAFRIAEYFDKRVDDIFSS,62,helix-turn-helix transcriptional regulator, ,Derived by automated computational analysis using gene prediction method: Protein Homology.,OG0000105,Soft core,group_502,Soft core,Soft core,Soft core
GCF_019048925.1,KSE96_RS23660,MTSPMNTRKLTRARSGAMFGGVCAGIARYFGWKSSTVRLLFVLSCLLPGPQFLIYIVMWIFIPREQI,67,pspc domain-containing protein, ,Derived by automated computational analysis using gene prediction method: Protein Homology.,OG0000106,Soft core,group_134,Soft core,Soft core,Soft core
GCF_019048925.1,KSE96_RS23680,MAEGERPPGVLDDSTYQSPDGLRKFGRTKSEVWFRNKKAYNASRIDDAAVEAANG,55,hypothetical protein, ,Derived by automated computational analysis using gene prediction method: GeneMarkS-2+.,OG0000185,Shell,group_2143,Shell,Shell,Shell
GCF_019048925.1,KSE96_RS23815,MNSTSPDKTGHDGHRQTPRGAAVVAMLSFTYPTLRGAALPRPHNT,45,hypothetical protein, ,Derived by automated computational analysis using gene prediction method: GeneMarkS-2+.,OG0000807,Cloud,group_2102,Cloud,Cloud,Cloud
GCF_019048925.1,KSE96_RS24460,MNPDDALPADSSSILDGDEFSQKKWKSEKRWAAERRWKRKQYQDWRDTQTLLGNPNNTWTDWENSK,66,hypothetical protein, ,Derived by automated computational analysis using gene prediction method: GeneMarkS-2+.,OG0000415,Cloud,group_2455,Cloud,Cloud,Cloud
GCF_019048925.1,KSE96_RS24480,MYGFQIDQPIDPNLITREEAAVILHRSVQGMANQLDAGRLTKYQIRERCILVDRREVEALARELHSKH,68,hypothetical protein, ,Derived by automated computational analysis using gene prediction method: GeneMarkS-2+.,OG0000499,Cloud,group_89,Cloud,Cloud,Cloud
GCF_019048925.1,KSE96_RS24490,MTDTELVEELNRLENLDELTRCDEIRLDIVRDELVRRQSKHRRAVNTASEQRQGSR,56,hypothetical protein, ,Derived by automated computational analysis using gene prediction method: GeneMarkS-2+.,OG0000238,Shell,group_2459,Cloud,Cloud,Cloud
GCF_019048925.1,KSE96_RS24530,MSDWVKKVEAEAKGLLAEAEEELTVLEGVDTIDPLADDDPAPEDGTKPTSD,51,hypothetical protein, ,Derived by automated computational analysis using gene prediction method: Protein Homology.,OG0000090,Soft core,group_2192,Soft core,Soft core,Soft core
GCF_019048925.1,KSE96_RS25460,MAQGIVKWFNGEKGFGFIAPDDGTPDVFVHYSEISGNGYKSLDENQRVEFEVGQGQKGPQATNVRAV,67,cold-shock protein, ,Derived by automated computational analysis using gene prediction method: Protein Homology.,OG0000003,Conserved,group_1991,Soft core,Soft core,Soft core
GCF_019048925.1,KSE96_RS25595,MGSINAFNEWVNQATYAGDPFATAIAIVQFFAVSLVNLFTGGPIL,45,hypothetical protein, ,Derived by automated computational analysis using gene prediction method: GeneMarkS-2+.,OG0000137,Shell,group_2383,Shell,Shell,Shell
GCF_019048925.1,KSE96_RS25620,MKKTDFAPISCIHRWEIESRHQTSEGTVTYLRCHCGSWQTLLAEWVSGGAGSAVAAPIKVRSR,63,hypothetical protein, ,Derived by automated computational analysis using gene prediction method: GeneMarkS-2+.,OG0000116,Soft core,group_2290,Soft core,Soft core,Soft core
GCF_019048925.1,KSE96_RS25660,MPTVIRTVHDLVRHARGPTHHHHHQSVHEARRIRAHHILVTHSLA,45,hypothetical protein, ,Derived by automated computational analysis using gene prediction method: GeneMarkS-2+.,OG0000112,Soft core,group_2176,Soft core,Soft core,Soft core
GCF_019048925.1,KSE96_RS25865,MVGTPVIVTIVSVCVGFVIFMLAASGARGKWDRRLVIALFVGAVVCLTVVPVSVALSAGV,60,hypothetical protein, ,Derived by automated computational analysis using gene prediction method: Protein Homology.,OG0000091,Soft core,group_2382,Soft core,Soft core,Soft core
GCF_019048925.1,KSE96_RS25970,MNETQPHNLERERWRTLPTPPSTELIEMVGDGPSSADFDPAAPVAQQG,48,hypothetical protein, ,Derived by automated computational analysis using gene prediction method: Protein Homology.,OG0000128,Shell,group_2355,Shell,Shell,Shell
GCF_019048925.1,KSE96_RS26470,MTEPDPGTVETDFPKTGAPAQRALIAAGYTHLAQLTSVSEKELGALHGMGPKALRILREALAERGLSFAD,70,hypothetical protein, ,Derived by automated computational analysis using gene prediction method: Protein Homology.,OG0000050,Conserved,,,Soft core,Soft core
GCF_019048925.1,KSE96_RS33790,MRNTPLFDNLTPDPAHALDVSGDLWFGSHPFAIYWIIQDLDGIAHGKGQNSIGTLDSADARWAAFSAL,68,hypothetical protein, ,Derived by automated computational analysis using gene prediction method: GeneMarkS-2+.,OG0001705,,group_90,Cloud,,Probably not conserved
GCF_019048925.1,KSE96_RS33795,MGSSDTDLKALDSVITVAGALAAIFGGIAGVAGLATFLGTGGGS,44,hypothetical protein, ,Derived by automated computational analysis using gene prediction method: GeneMarkS-2+.,OG0000065,Soft core,group_2088,Shell,Shell,Shell
GCF_019048925.1,KSE96_RS27230,MNAPTRYQFLIDGEVSDRVKAAFPELSVASAAGGFTSLYGPVADHTAMRSIMARLDSLGLTVAEMRRLPD,70,hypothetical protein, ,Derived by automated computational analysis using gene prediction method: Protein Homology.,OG0000092,Soft core,,,Soft core,Soft core
GCF_019048925.1,KSE96_RS33800,MSVVLISLLVAAGLTVLATSDGAGLDFGSRQLNRQLKTRTHR,42,hypothetical protein, ,Derived by automated computational analysis using gene prediction method: GeneMarkS-2+.,OG0000107,Soft core,group_1760,Soft core,Soft core,Soft core
GCF_019048925.1,KSE96_RS27630,MKIVVLSFLVALTLMTVGIIAARNRSTRPAVTGAVTAASTVLAAAWTLFAVAFVLA,56,hypothetical protein, ,Derived by automated computational analysis using gene prediction method: Protein Homology.,OG0000110,Soft core,group_2239,Soft core,Soft core,Soft core
GCF_019048925.1,KSE96_RS28480,MNHRESFQAVKWGTPRRTRRHRQLIRGRIAGGGATVEVSSEVLAYY,46,hypothetical protein, ,Derived by automated computational analysis using gene prediction method: GeneMarkS-2+.,OG0000141,Shell,group_2265,Shell,Shell,Shell
GCF_019048925.1,KSE96_RS28575,MRRASRAQRMELIAGFISVFALMALIGAVVAIVKGDPGVMPSLVLLGCVVALGLAFRGYRNAVRAERRE,69,hypothetical protein, ,Derived by automated computational analysis using gene prediction method: Protein Homology.,OG0000051,Conserved,group_2375,Soft core,Shell,Shell
GCF_019048925.1,KSE96_RS29125,MAKGKRTFQPNNRRRARVHGFRLRMRTRAGRAIVSARRRKGRDSLTA,47,50s ribosomal protein l34, ,Derived by automated computational analysis using gene prediction method: Protein Homology.,OG0000052,Conserved,rpmH,Conserved,Shell,Shell
GCF_019048925.1,KSE96_RS33810,MTPEGREHAVDARYRVVTAAKEFVLRMAFEYCINWSAVAR,40,hypothetical protein, ,Derived by automated computational analysis using gene prediction method: GeneMarkS-2+.,OG0000804,Cloud,,,Cloud,Cloud
GCF_019048925.1,KSE96_RS33815,MDPTRTVFVDDAQIAVDGAAAVRMTTVLHHDTRSTIAQLDTLLT,44,hypothetical protein, ,Derived by automated computational analysis using gene prediction method: GeneMarkS-2+.,OG0000803,Cloud,group_2555,Cloud,Cloud,Cloud
GCF_019048925.1,KSE96_RS29145,MSDDYDYTEGDDYSAATIHYAGLTCGCGDYSCPRMHNDAAQCVNAE,46,hypothetical protein, ,Derived by automated computational analysis using gene prediction method: Protein Homology.,OG0000216,Shell,group_2501,Shell,Cloud,Shell
GCF_019048925.1,KSE96_RS29230,MTEEQPVETLSRWSDSGATWRVLRRTSTSITVSLRRCDGGEEVERLTSSDPDLLEWIGNRSTSED,65,hypothetical protein, ,Derived by automated computational analysis using gene prediction method: Protein Homology.,OG0000285,Shell,group_2491,Cloud,Cloud,Cloud
GCF_019048925.1,KSE96_RS29245,MLGFDAAASSGETVGTGRSSSVTTGWRRPPRSAFAQVSGSFAQWAHQAIDAKPT,54,hypothetical protein, ,Derived by automated computational analysis using gene prediction method: GeneMarkS-2+.,OG0000307,Cloud,group_2256,Cloud,Cloud,Cloud
GCF_019048925.1,KSE96_RS29345,MNDDEHDAWQLHDHGASWEDIGIEMGCSQATAQTLAAAYEKRTDTAAHDAQNALF,55,hypothetical protein, ,Derived by automated computational analysis using gene prediction method: Protein Homology.,OG0000063,Soft core,group_2464,Shell,Cloud,Cloud
GCF_019048925.1,KSE96_RS29365,MQCNATYRALDKAGIEYHVIDITENVQARDYVMSLGYLQAPVVVAGENHWSGFRPDEISKLTPAA,65,glutaredoxin-like protein nrdh, ,Derived by automated computational analysis using gene prediction method: Protein Homology.,OG0000584,Cloud,group_293,Cloud,Cloud,Cloud
GCF_019048925.1,KSE96_RS29465,MATYRVISPAGDVTATRDIESADDAHAWFVDSRADNSELGWRMEVHHDGEWSFFDDTEGASS,62,hypothetical protein, ,Derived by automated computational analysis using gene prediction method: Protein Homology.,OG0000066,Soft core,group_2504,Cloud,Cloud,Cloud
GCF_019048925.1,KSE96_RS29535,MVLVRFVASSVVFDEQLCSVGAACEREECGEGVGFAAREALSESPVGIGMAEHF,54,hypothetical protein, ,Derived by automated computational analysis using gene prediction method: GeneMarkS-2+.,OG0000802,Cloud,group_1079,Cloud,Cloud,Cloud
GCF_019048925.1,KSE96_RS29705,MRQTQGRGSAINGPRPAPADVALAVASATVLGVTVGVLLAEVVTGVVVGAGTAVLFRFVLRSIITRK,67,hypothetical protein, ,Derived by automated computational analysis using gene prediction method: Protein Homology.,OG0000124,Shell,group_2500,Shell,Cloud,Shell
GCF_019048925.1,KSE96_RS29805,MASAIQLRPELRREAVGGVDRGEPDAESEECCGVVGHPDCEHVLMLPVTAEFRWQVILWCGARRAERTW,69,hypothetical protein, ,Derived by automated computational analysis using gene prediction method: GeneMarkS-2+.,OG0000614,Cloud,group_2046,Cloud,Cloud,Cloud
GCF_019048925.1,KSE96_RS29845,MTDRFDEELMMLADIRAYLRTTEGPDFPISTSVIDRVLDERNSARLGRSAESDIGLPVDEQQG,63,hypothetical protein, ,Derived by automated computational analysis using gene prediction method: Protein Homology.,OG0000117,Shell,group_2225,Cloud,Cloud,Cloud
GCF_019048925.1,KSE96_RS29895,MLGLIGFLLVLWLVFVVVGFVAKGLLWLAIIGIVLFVATAAWGWIKRTAST,51,hypothetical protein, ,Derived by automated computational analysis using gene prediction method: GeneMarkS-2+.,OG0000599,Cloud,group_2492,Cloud,Cloud,Cloud
GCF_019048925.1,KSE96_RS33830,MPDEPLNARLIRPGASTITAITEAIAMVTATTTTARYFTR,40,hypothetical protein, ,Derived by automated computational analysis using gene prediction method: GeneMarkS-2+.,OG0000854,Cloud,group_2224,Cloud,Cloud,Cloud
GCF_019048925.1,KSE96_RS30005,MAEIKRKLRPVVAVSFEGRLITDLIMNSPLLADIAQRLPEEPRSMN,46,hypothetical protein, ,Derived by automated computational analysis using gene prediction method: GeneMarkS-2+.,OG0001706,,group_1576,Cloud,,Probably not conserved
GCF_019048925.1,KSE96_RS30020,MTRFTLWLGGNSVGGSAIAHTPGRHQPSPIPITATLNEEVDPKNASQLLTR,51,hypothetical protein, ,Derived by automated computational analysis using gene prediction method: GeneMarkS-2+.,OG0001707,,group_1266,Cloud,,Probably not conserved
GCF_019048925.1,KSE96_RS30035,MVILGRRGRGGFSGMLLGSTCREVLHGAQCPLMIVNSHR,39,universal stress protein, ,Derived by automated computational analysis using gene prediction method: Protein Homology.,OG0001708,,group_1927,Cloud,,Probably not conserved
GCF_019048925.1,KSE96_RS30045,MVFSPGCMVADPVIAPTSMYTPSVKALSVAITKATVLHAAAAACASQRATIRGTMI,56,hypothetical protein, ,Derived by automated computational analysis using gene prediction method: GeneMarkS-2+.,OG0001709,,group_958,Cloud,,Probably not conserved
GCF_019048925.1,KSE96_RS30065,MKSTKHLPGVAHTVGSDRSISGIGRSVEQGPNYLPNPVFFPRQFSFDIDTATIAVVLAQSQ,61,hypothetical protein, ,Derived by automated computational analysis using gene prediction method: GeneMarkS-2+.,OG0001710,,group_628,Cloud,,Probably not conserved
GCF_019048925.1,KSE96_RS30110,MPKMIVAMIVAMWLMLAAIGAWNIVAFVIAALAAVVAGCYLLATAVTGTRGR,52,hypothetical protein, ,Derived by automated computational analysis using gene prediction method: Protein Homology.,OG0000205,Shell,group_1200,Cloud,,Cloud
GCF_019048925.1,KSE96_RS30420,MDPPTAPRSDGLRPLRPNGGLSTQSVADHFHVSLTTISRTERATKPNYESASRYRA,56,hypothetical protein, ,Derived by automated computational analysis using gene prediction method: GeneMarkS-2+.,OG0001711,,group_959,Cloud,,Probably not conserved
GCF_019048925.1,KSE96_RS33850,MNSSDLGSVSALLPMMLTAFKSIITMPVALSVDFGLDVPFNPFK,44,hypothetical protein, ,Derived by automated computational analysis using gene prediction method: GeneMarkS-2+.,OG0000186,Shell,group_2414,Cloud,,Cloud
GCF_019048925.1,KSE96_RS30425,MTRQTLTDAGTTHPSQLSARYLSGGSSRIPLVRQCLSTLGPIATLGDPKTVVAHSALIGAGV,62,hypothetical protein, ,Derived by automated computational analysis using gene prediction method: GeneMarkS-2+.,OG0001712,,group_555,Cloud,,Probably not conserved
GCF_019048925.1,KSE96_RS30500,MDVDDLDVVVWPVSEEREVWWREIVGAGTDGLPARATGDRRVEDTPSKVLHAA,53,hypothetical protein, ,Derived by automated computational analysis using gene prediction method: GeneMarkS-2+.,OG0000129,Shell,group_2405,Cloud,,Cloud
GCF_019048925.1,KSE96_RS33855,MRSRCAPEKVIAEPVTLLALFTVQGLYPLLLGTRKRRHSV,40,hypothetical protein, ,Derived by automated computational analysis using gene prediction method: GeneMarkS-2+.,OG0000895,Cloud,group_1975,Cloud,,Cloud
GCF_019048925.1,KSE96_RS30525,MEDNRIRSALDATPDTDYLEQTIPADPNAVDAVDLEALTTELDTPWPAPEGDLLEQSTPAPLDDER,66,hypothetical protein, ,Derived by automated computational analysis using gene prediction method: Protein Homology.,OG0000199,Shell,"group_2011, group_2217",Cloud,,Cloud
GCF_019048925.1,KSE96_RS33870,MTHNTRIKPSTKDRLRRGVDKLRYETGDREISEASMTEAALDEYLKARGL,50,hypothetical protein, ,Derived by automated computational analysis using gene prediction method: Protein Homology.,OG0000212,Shell,group_2308,Shell,,Shell
GCF_019048925.1,KSE96_RS30760,MQKPPPWPTESLRTWATEALEQFIADVERGVVAEASAANRFLTLEDAHAELAQRRRRQALHHLAPPA,67,hypothetical protein, ,Derived by automated computational analysis using gene prediction method: GeneMarkS-2+.,OG0000319,Cloud,group_2505,Cloud,,Cloud
GCF_019048925.1,KSE96_RS30785,MFGSDAHADTLALATLGLDDDSAILIRTNGHIAWRSDESDVPLTVGLAHSVGGAPTRQATTA,62,hypothetical protein, ,Derived by automated computational analysis using gene prediction method: GeneMarkS-2+.,OG0001713,,group_556,Cloud,,Probably not conserved
GCF_019048925.1,KSE96_RS31010,MAQSQCFYIAGFLTAAVAAALRFTVLLIEDHGDRRLVTNLAVATAALAIALFGMGVVNTC,60,hypothetical protein, ,Derived by automated computational analysis using gene prediction method: GeneMarkS-2+.,OG0000587,Cloud,group_691,Cloud,,Cloud
GCF_019048925.1,KSE96_RS31045,MAEGIVKWFNADKGFGFITPDDGSGDVFVHYSQISGAGFKSLDEGQRVEFEIGDGVKGPQATNIRAV,67,cold-shock protein, ,Derived by automated computational analysis using gene prediction method: Protein Homology.,OG0000069,Soft core,group_2643,Cloud,,Cloud
GCF_019048925.1,KSE96_RS33880,MSKVVIAEVNKVELTGDGSSEVVETHLIVAGEDSGTTQSSE,41,hypothetical protein, ,Derived by automated computational analysis using gene prediction method: GeneMarkS-2+.,OG0000814,Cloud,group_1853,Cloud,,Cloud
GCF_019048925.1,KSE96_RS31130,MNGRPAWEFAIPPDGLGLDSTLAFDAQTGIPLRWVDKSFTLELSDVETDIRVDDDFFTGP,60,hypothetical protein, ,Derived by automated computational analysis using gene prediction method: GeneMarkS-2+.,OG0001714,,group_692,Cloud,,Probably not conserved
GCF_019048925.1,KSE96_RS31135,MAIRVGQGYFTGNACPSSADADTIVESLGREGNDMFEYRVSCPERGWQEYLRARGITQKDGPSPT,65,hypothetical protein, ,Derived by automated computational analysis using gene prediction method: GeneMarkS-2+.,OG0001715,,group_309,Cloud,,Probably not conserved
GCF_019048925.1,KSE96_RS31190,MKIPTLVLVYVIIGSLLFFSRYLDDDTVVPSRDKRDSGRGKDRTDRTTTFVAVRKIFEDNGAHVRR,66,hypothetical protein, ,Derived by automated computational analysis using gene prediction method: GeneMarkS-2+.,OG0001716,,group_247,Cloud,,Probably not conserved
GCF_019048925.1,KSE96_RS31195,MSMIRVHVAFAVLACLGIAVATPYALWLARHRHTDAVGGERRWVLACFGFVMITVAAIGIVVTDI,65,hypothetical protein, ,Derived by automated computational analysis using gene prediction method: GeneMarkS-2+.,OG0000845,Cloud,group_2359,Cloud,,Cloud
GCF_019048925.1,KSE96_RS33885,MTARPMTVNDPRTPPPPSLTAAMASAAAVVLTMAAVFYILTA,42,hypothetical protein, ,Derived by automated computational analysis using gene prediction method: GeneMarkS-2+.,OG0000565,Cloud,group_2205,Cloud,,Cloud
GCF_019048925.1,KSE96_RS31220,MRVTPLRGLLSTPLLQCRECARLCRRSAVTPGGNVCPWCGERALSTAVLGSPLRSSS,57,hypothetical protein, ,Derived by automated computational analysis using gene prediction method: GeneMarkS-2+.,OG0000385,Cloud,group_875,Cloud,,Cloud
GCF_019048925.1,KSE96_RS31255,MAKIVGPTVSFPRKSMADAVYRDGADTGPGDTLQLLLSTSLSGFATRVDSLPVNVSGSGQA,61,hypothetical protein, ,Derived by automated computational analysis using gene prediction method: GeneMarkS-2+.,OG0000606,Cloud,group_616,Cloud,,Cloud
GCF_019048925.1,KSE96_RS33895,MRAAAVSTDYYTRIEQGRLAPSDQVFALLCRAFSLTAEQSAYAEDLLNRARG,52,helix-turn-helix domain-containing protein, ,Derived by automated computational analysis using gene prediction method: Protein Homology.,OG0001717,,,,,Probably not conserved
GCF_019048925.1,KSE96_RS33910,MMERRKAGGDSGMEALRVLKRRLSDVVYAALRTDLTAGVKTAAA,44,hypothetical protein, ,Derived by automated computational analysis using gene prediction method: GeneMarkS-2+.,OG0000897,Cloud,,,,Probably not conserved
GCF_019048925.1,KSE96_RS33920,MRRSSRLTVEVDLPIAVAICRMPAPVLRRSAIWTRGSSEKKRAEIADSRTSTIGG,55,hypothetical protein, ,Derived by automated computational analysis using gene prediction method: GeneMarkS-2+.,OG0001718,,,,,Probably not conserved
GCF_019048925.1,KSE96_RS31375,MTNVRKALTRAVFAASLTATASIGLSPATASADITPTTIVNGILSTALSRC,51,hypothetical protein, ,Derived by automated computational analysis using gene prediction method: GeneMarkS-2+.,OG0001719,,,,,Probably not conserved
GCF_019048925.1,KSE96_RS31810,MKRLALDEIQITPAAEPAPASSSEVFAFIAREGRKLQVNLLVGAEGSRSTPRARRAR,57,hypothetical protein, ,Derived by automated computational analysis using gene prediction method: GeneMarkS-2+.,OG0000492,Cloud,,,,Probably not conserved
GCF_019048925.1,KSE96_RS31820,MRIGTEGVSVFTIVSVDEDALSAIVESSVDAPGKYPFPAKLANLVPAT,48,hypothetical protein, ,Derived by automated computational analysis using gene prediction method: Protein Homology.,OG0000072,Soft core,,,,Probably not conserved
GCF_019048925.1,KSE96_RS31995,MRGEAAEEESSEGSHRHALGSAVARRQLRGENIGGDAVTLVLAENQ,46,hypothetical protein, ,Derived by automated computational analysis using gene prediction method: GeneMarkS-2+.,OG0001720,,,,,Probably not conserved
GCF_019048925.1,KSE96_RS32000,MTVVLMLGALVLLAGFVWTRTATEPAPKIAALAVQACGALLLSSAILLAACTYAYRRARQHSQSTD,66,hypothetical protein, ,Derived by automated computational analysis using gene prediction method: GeneMarkS-2+.,OG0000144,Shell,,,,Probably not conserved
GCF_019048925.1,KSE96_RS32005,MPRSVIEDRLRIEVPKAMPLPDLALDAVVAGIPLLTGENTTPGGGSIDLAWPPESPNPWDEHGPGRL,67,hypothetical protein, ,Derived by automated computational analysis using gene prediction method: GeneMarkS-2+.,OG0001721,,,,,Probably not conserved
GCF_019048925.1,KSE96_RS32010,MSDPHVYLRFWQEGWVQGMSDPDGTRLRHPPQPITIRTIAPTPSATERPRSVKED,55,hypothetical protein, ,Derived by automated computational analysis using gene prediction method: GeneMarkS-2+.,OG0001722,,,,,Probably not conserved
GCF_019048925.1,KSE96_RS33950,MTSRPREWSMLDDEDRGYLDGRRAGRASRATRNASRKIRRSRGG,44,hypothetical protein, ,Derived by automated computational analysis using gene prediction method: GeneMarkS-2+.,OG0001723,,,,,Probably not conserved
GCF_019048925.1,KSE96_RS32205,MLDRIFTTLLTLAGVAADGRYISLVDNDIAGTADLDETPTGRLAQAGPQSTLSDR,55,hypothetical protein, ,Derived by automated computational analysis using gene prediction method: GeneMarkS-2+.,OG0000363,Cloud,group_1008,Cloud,,Cloud
GCF_019048925.1,KSE96_RS32230,MTVTTIGSSSHTIDVDGITTHYHKAGPGDPVLLLHGPWTGGVSLGELAAHDPATRRQPSRFGP,63,hypothetical protein, ,Derived by automated computational analysis using gene prediction method: Protein Homology.,OG0001724,,,,,Probably not conserved
GCF_019048925.1,KSE96_RS32270,MLVTGELTVNIALVTKQISVKGKMGPLLKDIPQFKYIIVKLSELGPRALDQEAT,54,hypothetical protein, ,Derived by automated computational analysis using gene prediction method: Protein Homology.,OG0000421,Cloud,group_2073,Cloud,,Cloud
GCF_019048925.1,KSE96_RS33990,MRRQFSLFTGEHEFAGWRVVRVGMFDDVGHDAPAEVHADDEG,42,hypothetical protein, ,Derived by automated computational analysis using gene prediction method: GeneMarkS-2+.,OG0000736,Cloud,group_1765,Cloud,,Cloud
GCF_019048925.1,KSE96_RS32305,MGSCAAESALRALARKALERRHRYTLVDLANLIRPTTWL,39,tetratricopeptide repeat protein, ,Derived by automated computational analysis using gene prediction method: Protein Homology.,OG0000544,Cloud,group_1925,Cloud,,Cloud
GCF_019048925.1,KSE96_RS33995,MSTIRGEPHTPTSFGEPTTISIGWGDLRHVLGDEIAHELHGIAS,44,hypothetical protein, ,Derived by automated computational analysis using gene prediction method: GeneMarkS-2+.,OG0001725,,group_1683,Cloud,,Probably not conserved
GCF_019048925.1,KSE96_RS32420,MNAVSGDLLRYAQQVLTGTSHAPAQVASVVAGTGEDAAARALRAGWECAANPVVLACEQTEDVS,64,hypothetical protein, ,Derived by automated computational analysis using gene prediction method: Protein Homology.,OG0000134,Shell,group_2356,Shell,,Shell
GCF_019048925.1,KSE96_RS32435,MQVGDHVRIHTTGTSVFSIIEIDEAARKAIVESVTDAPGKYPWPTDLTNLVAARNPQD,58,hypothetical protein, ,Derived by automated computational analysis using gene prediction method: Protein Homology.,OG0000072,Soft core,group_2154,Cloud,Cloud,Cloud
GCF_019048925.1,KSE96_RS32465,MRRLRADGFGERMLAASAPQFAMMRRLPAARWTGLLGDWAELDRWRAAPPWWELGLRASSSNRKEP,66,hypothetical protein, ,Derived by automated computational analysis using gene prediction method: GeneMarkS-2+.,OG0000376,Cloud,group_218,Shell,Cloud,Cloud
GCF_019048925.1,KSE96_RS32485,MAYTDAQGRPEIFMHPEILAGKSTFSLVEPASGDSTVEDPENNNTAGAKKNRRPPKG,57,hypothetical protein, ,Derived by automated computational analysis using gene prediction method: GeneMarkS-2+.,OG0000273,Cloud,,,Cloud,Cloud
GCF_019048925.1,KSE96_RS34010,MEFDAVLFDIGGVLEVVESMDFSSKYEDLLGLPSRDDRGPYR,42,hypothetical protein, ,Derived by automated computational analysis using gene prediction method: GeneMarkS-2+.,OG0001726,,group_1791,Cloud,,Probably not conserved
GCF_019048925.1,KSE96_RS32630,MDNVGESRIENRLGAMLSEFDIGEHQDGSMRIDFALGANADGGDPR,46,hypothetical protein, ,Derived by automated computational analysis using gene prediction method: GeneMarkS-2+.,OG0000330,Cloud,group_2485,Cloud,Cloud,Cloud
GCF_019048925.1,KSE96_RS32710,MTLTNRHRHNDGGNILRFWIVSAAVCLFALFVLIQLGPTVQKYLATIV,48,hypothetical protein, ,Derived by automated computational analysis using gene prediction method: GeneMarkS-2+.,OG0000300,Cloud,group_2486,Cloud,Cloud,Cloud
GCF_019048925.1,KSE96_RS33055,MNKFTSATLLLYLVAVLAQLLTWADLSGAERSTRVVGFLLVGALLTAILSLGGSRDKNSPGDKS,64,hypothetical protein, ,Derived by automated computational analysis using gene prediction method: GeneMarkS-2+.,OG0001727,,,,,Probably not conserved
GCF_019048925.1,KSE96_RS33065,MNDKNIPVERSAVEAAMYQSTKHLNVITDADLAAVVEGLTGEPVARARIDFAFPTPGTTDHLFD,64,hypothetical protein, ,Derived by automated computational analysis using gene prediction method: Protein Homology.,OG0000121,Shell,group_2475,Shell,Cloud,Shell
GCF_019048925.1,KSE96_RS33095,MTTATPKKKPVTRSLAVRKAAAQAAVTASKKTGRPVDARVKKLAESS,47,hypothetical protein, ,Derived by automated computational analysis using gene prediction method: Protein Homology.,OG0000852,Cloud,group_2597,Cloud,Cloud,Cloud
GCF_019048925.1,KSE96_RS33240,MPTPSKGDRTRVVSRVPDPVYAELEKRRKAAGVSSVSQYVADLLAATTGHKNLVVELDQEVLQLTA,66,hypothetical protein, ,Derived by automated computational analysis using gene prediction method: Protein Homology.,OG0000139,Shell,group_216,Shell,Cloud,Shell
GCF_019048925.1,KSE96_RS33245,MSLFTNTHLHPYCARTAVAAPCGVGTAQLVRLALYLAMCTGTNAIP,46,hypothetical protein, ,Derived by automated computational analysis using gene prediction method: GeneMarkS-2+.,OG0000259,Shell,group_2153,Shell,Cloud,Shell
GCF_019334125.1,KYT97_RS00060,MAAVCDVCAKGPGFGKSVSHSHRRTNRRWNPNIQSVRTEVAPGNTRKVNVCTSCLKAGKVARG,63,50s ribosomal protein l28, ,Derived by automated computational analysis using gene prediction method: Protein Homology.,OG0000032,Conserved,rpmB,Conserved,Soft core,Soft core
GCF_019334125.1,KYT97_RS00100,MAVPKRKMSRSNTRSRRSQWKTTVPTLVTCPNRGCGEQTLPHIACPSCGTYKGRQVTAAV,60,50s ribosomal protein l32, ,Derived by automated computational analysis using gene prediction method: Protein Homology.,OG0000033,Conserved,group_2479,Conserved,Soft core,Soft core
GCF_019334125.1,KYT97_RS00900,MKVPAFHSTVPSDLDVYHDNESCILAARIDPSDRSDGVDGRPWCTACASLD,51,hypothetical protein, ,Derived by automated computational analysis using gene prediction method: Protein Homology.,OG0000083,Soft core,group_2187,Soft core,Soft core,Soft core
GCF_019334125.1,KYT97_RS01285,MFWKIVLAVVLVWIALAVVGALIKGLFWILVVGALGVGIYFLVKAMSGNDENTPVSRM,58,hypothetical protein, ,Derived by automated computational analysis using gene prediction method: Protein Homology.,OG0000034,Conserved,group_2296,Soft core,Soft core,Soft core
GCF_019334125.1,KYT97_RS01310,MRLTEFHELVREEFGQVRGDSMLLDHVILSLGGLTAAEAIEAGQDPREVWRALCAEFDVPPSRR,64,duf3046 domain-containing protein, ,Derived by automated computational analysis using gene prediction method: Protein Homology.,OG0000035,Conserved,group_2481,Conserved,Soft core,Soft core
GCF_019334125.1,KYT97_RS01495,MWHLQAYDNDAELQTEIYLLHDMIAEIVKDILGVDDSGFDLPVWILE,47,hypothetical protein, ,Derived by automated computational analysis using gene prediction method: GeneMarkS-2+.,OG0001728,,group_1508,Cloud,,Probably not conserved
GCF_019334125.1,KYT97_RS01605,MPGTLTSPQLTAADRCDRCGAGARVRAVLPTGGELLFCGHHATEHADRLREMNAVVSESEPAN,63,hypothetical protein, ,Derived by automated computational analysis using gene prediction method: Protein Homology.,OG0000036,Conserved,group_2483,Conserved,Soft core,Soft core
GCF_019334125.1,KYT97_RS02145,MTNNAPGEHLSEEPQSERGEPGSRDTGSNEPGGGPVDRPEGSFDHEETISTSDTDDSDSASE,62,hypothetical protein, ,Derived by automated computational analysis using gene prediction method: Protein Homology.,OG0001729,,group_557,Cloud,,Probably not conserved
GCF_019334125.1,KYT97_RS02150,MEKFSGIGPVGADKLASLVGSNETARLAAALIRASLDDELREKVLQ,46,hypothetical protein, ,Derived by automated computational analysis using gene prediction method: GeneMarkS-2+.,OG0001730,,group_1577,Cloud,,Probably not conserved
GCF_019334125.1,KYT97_RS02300,MTRPICESESTLCKHLPNCGELVLESGNRFHPYSGQTPAVVQFQRIAVAYRVTTRILER,59,hypothetical protein, ,Derived by automated computational analysis using gene prediction method: GeneMarkS-2+.,OG0001731,,group_768,Cloud,,Probably not conserved
GCF_019334125.1,KYT97_RS02505,MVDHSRSEELVVTDQAVLVDLLADGDADELEFTIVGCSVFAATAIEHYSAG,51,hypothetical protein, ,Derived by automated computational analysis using gene prediction method: GeneMarkS-2+.,OG0001732,,group_1267,Cloud,,Probably not conserved
GCF_019334125.1,KYT97_RS02525,MTDKQARTGEGPPDDIETVHTDPSSENAAGDVQSDPSGGETWSDEGGATTQGPATDPHSR,60,hypothetical protein, ,Derived by automated computational analysis using gene prediction method: GeneMarkS-2+.,OG0000020,Core,group_693,Cloud,,Cloud
GCF_019334125.1,KYT97_RS02545,MTAIDIPFAHSGDIASGSSTVNTPEPALGIAAKIFGHPVSEELTVDIG,48,hypothetical protein, ,Derived by automated computational analysis using gene prediction method: GeneMarkS-2+.,OG0000002,Conserved,group_1446,Cloud,,Cloud
GCF_019334125.1,KYT97_RS31055,MGSIDILNWLHEGASAGDPIRGPLYVVAFIAIGLVSVLSGGAVI,44,hypothetical protein, ,Derived by automated computational analysis using gene prediction method: Protein Homology.,OG0000061,Soft core,group_1684,Cloud,,Cloud
GCF_019334125.1,KYT97_RS02715,MTGDEELLQVEQVIARLITRYPTVSPADIERSVRMIHARFKRGRIRAFVPLLVEKAARSDIARAASEIAM,70,hypothetical protein, ,Derived by automated computational analysis using gene prediction method: Protein Homology.,OG0000062,Soft core,,,,Probably not conserved
GCF_019334125.1,KYT97_RS02810,MLAYCGCRWSEAIALRVRDINFTRARLTVSDTEVQLGSKHYSGTTKGKTVR,51,hypothetical protein, ,Derived by automated computational analysis using gene prediction method: GeneMarkS-2+.,OG0001733,,group_1268,Cloud,,Probably not conserved
GCF_019334125.1,KYT97_RS03330,MIASPTTGALAVVMNTVLQMFNAGSSFLFTNNAPLPGGGEDPTTPVP,47,hypothetical protein, ,Derived by automated computational analysis using gene prediction method: Protein Homology.,OG0000086,Soft core,group_1509,Cloud,,Cloud
GCF_019334125.1,KYT97_RS03335,MINSPYTQGSLVIDFGSLASALGFGSAGPIVSFGSAGSIEFSSVGGL,47,hypothetical protein, ,Derived by automated computational analysis using gene prediction method: GeneMarkS-2+.,OG0001734,,group_1510,Cloud,,Probably not conserved
GCF_019334125.1,KYT97_RS03340,MPTIPLTGDPVVINIIVQLFSAGSSNALALGGVGSSGLGSTGLGSFDSASMGSAA,55,hypothetical protein, ,Derived by automated computational analysis using gene prediction method: Protein Homology.,OG0000087,Soft core,group_1035,Cloud,,Cloud
GCF_019334125.1,KYT97_RS03345,MENSQHRHAAHPERTPAYGVVMIIVALAAAIAVSFAGPTWLRIAVYVLAGAAIAVGFVFTLRDYSN,66,hypothetical protein, ,Derived by automated computational analysis using gene prediction method: Protein Homology.,OG0000209,Shell,group_248,Cloud,,Cloud
GCF_019334125.1,KYT97_RS03410,MANLEPWEISRLTTHLRAYLVNAKRFVQGWSLREVEDKRDDHRAVD,46,hypothetical protein, ,Derived by automated computational analysis using gene prediction method: GeneMarkS-2+.,OG0000258,Shell,group_1578,Cloud,,Cloud
GCF_019334125.1,KYT97_RS03850,MTRARVLTVVATVVLALFLGGGFAAASPGGPDPYWWMGPQVRPWLEPIFVGLANWFFNLPLVPYLS,66,hypothetical protein, ,Derived by automated computational analysis using gene prediction method: GeneMarkS-2+.,OG0000600,Cloud,group_249,Cloud,,Cloud
GCF_019334125.1,KYT97_RS04040,MAKTDHGDDAPKAGHPGPTDKGGNGGMATREQAADSVPNSTDEKDERQT,49,hypothetical protein, ,Derived by automated computational analysis using gene prediction method: Protein Homology.,OG0000018,Core,group_1386,Cloud,,Cloud
GCF_019334125.1,KYT97_RS04310,MAILKANLELCQGYANCVVAADDVYDMDDDGLVVLLKTRVDESDRQRVETAAKSCPANALWLEEE,65,ferredoxin, ,Derived by automated computational analysis using gene prediction method: Protein Homology.,OG0000001,Conserved,group_310,Cloud,,Cloud
GCF_019334125.1,KYT97_RS04370,MQIRSRFGLRELRPLYVVPSLYTSDLKRSTQTARPTGDQFGIELLLLSALGEAYNPHSRS,60,histidine phosphatase family protein, ,Derived by automated computational analysis using gene prediction method: Protein Homology.,OG0001735,,group_694,Cloud,,Probably not conserved
GCF_019334125.1,KYT97_RS04545,MAQEQTQRAGGGEDDDTTGGDGSAGQERREKLAAETDDLLDEIDDVLEENAEDFVRAYVQKGGQ,64,ubiquitin-like protein pup, ,Derived by automated computational analysis using gene prediction method: Protein Homology.,OG0000037,Conserved,group_340,Soft core,Soft core,Soft core
GCF_019334125.1,KYT97_RS05090,MAIDSTLLSILACPQDKGPLLLVGDELLYNPRLRRAYPIENGIPVLLIDEARDVADDEHEKLLAKAEG,68,trm112 family protein, ,Derived by automated computational analysis using gene prediction method: Protein Homology.,OG0000038,Conserved,group_54,Soft core,Soft core,Soft core
GCF_019334125.1,KYT97_RS05185,MPKMKTHSGASKRFKVSGSGKLLRQKAGRRHLLEHKASKVTRRLDGVAVVSPDDAPRIKRMLGI,64,50s ribosomal protein l35, ,Derived by automated computational analysis using gene prediction method: Protein Homology.,OG0000039,Conserved,group_2130,Soft core,Soft core,Soft core
GCF_019334125.1,KYT97_RS05645,MRVEVDLDLCQGHAACELEAPDVFVVPKRGKVEVSDQPLPDEQRHEVEMAVRYCPTGALKIVED,64,ferredoxin, ,Derived by automated computational analysis using gene prediction method: Protein Homology.,OG0000001,Conserved,group_2270,Soft core,Soft core,Soft core
GCF_019334125.1,KYT97_RS30835,MKKHHDGPHPEHTFHLESPATGIANPRHVVVGIGSEPSSVDVLDFALSLATAEDA,55,hypothetical protein, ,Derived by automated computational analysis using gene prediction method: GeneMarkS-2+.,OG0001736,,group_1036,Cloud,,Probably not conserved
GCF_019334125.1,KYT97_RS05900,MSVLFTYLLFIGAGIAVGGAYSMFKVNKLASGILLALAILAAVAGALRI,49,hypothetical protein, ,Derived by automated computational analysis using gene prediction method: Protein Homology.,OG0000040,Conserved,group_2410,Soft core,Soft core,Soft core
GCF_019334125.1,KYT97_RS06100,MYESNLFSDSSATEPAEIEKTAEELASERTASVAERSNADTAEQRQSQLFSG,52,hypothetical protein, ,Derived by automated computational analysis using gene prediction method: Protein Homology.,OG0000084,Soft core,group_1201,Cloud,Soft core,Cloud
GCF_019334125.1,KYT97_RS06105,MVASRGAWKVIAERANHARIVDAFADVGNAVTASRDAEAGPKVVAR,46,hypothetical protein, ,Derived by automated computational analysis using gene prediction method: GeneMarkS-2+.,OG0001737,,group_1579,Cloud,,Probably not conserved
GCF_019334125.1,KYT97_RS06310,MHAQVGDRLHVQGRVVGQPETSAEVIEVHGENGAPPYLVRYDDGHEVLVFPGSDGWIDHPKT,62,duf1918 domain-containing protein, ,Derived by automated computational analysis using gene prediction method: Protein Homology.,OG0000041,Conserved,group_2499,Soft core,Shell,Shell
GCF_019334125.1,KYT97_RS06810,MWWIVGIVAVWIVVGALSAVWIGRAISHTDLEESAAELRRPERREMRHAGCDKPRQGD,58,hypothetical protein, ,Derived by automated computational analysis using gene prediction method: GeneMarkS-2+.,OG0000079,Soft core,group_841,Cloud,,Cloud
GCF_019334125.1,KYT97_RS06815,MTPLDVGIIAVAVPALGITVWATAMFFLGRIVRARRKSGRITYRAETQPS,50,hypothetical protein, ,Derived by automated computational analysis using gene prediction method: GeneMarkS-2+.,OG0000557,Cloud,group_1331,Cloud,,Cloud
GCF_019334125.1,KYT97_RS07105,MATDPAPRSERKKILLRLDPAVHDALARWAADDLRSTNAQIEFLLRRALTEHGRMPKNAGKMHGPGRPPS,70,hypothetical protein, ,Derived by automated computational analysis using gene prediction method: Protein Homology.,OG0000114,Soft core,,,,Probably not conserved
GCF_019334125.1,KYT97_RS07740,MNDYKLYQCAQCGFEYDEAQGWPDDGIEPGTRWDDIPDDWSCPDCGAAKSDFFMVEIERA,60,rubredoxin, ,Derived by automated computational analysis using gene prediction method: Protein Homology.,OG0000007,Conserved,group_695,Cloud,,Cloud
GCF_019334125.1,KYT97_RS07745,MSAYKCPVCDYVYDEVNGAPREGFPAGTPWDAVHDDWCCPDCGVREKVDFEAVSARAGE,59,rubredoxin, ,Derived by automated computational analysis using gene prediction method: Protein Homology.,OG0000053,Core,group_769,Cloud,,Cloud
GCF_019334125.1,KYT97_RS08085,MALLPVAEFGNSLLENTGPQRVAFAGTAVPDDGAEVVVRAAADVVVGEDSVVGVVVVDAVVLS,63,hypothetical protein, ,Derived by automated computational analysis using gene prediction method: GeneMarkS-2+.,OG0001738,,group_467,Cloud,,Probably not conserved
GCF_019334125.1,KYT97_RS08200,MAFEPDPDEGQPGTVLLPDGSWAYRWKDAPDAELIIMKKPEAIYTPPPAKD,51,hypothetical protein, ,Derived by automated computational analysis using gene prediction method: Protein Homology.,OG0000119,Shell,group_1269,Cloud,,Cloud
GCF_019334125.1,KYT97_RS08260,MTWWWKQRRDAQRGREEAEQVLEEVKSRDPFIAELGRKHRLMVQINGFGDDVEIAMGRKKRHA,63,hypothetical protein, ,Derived by automated computational analysis using gene prediction method: GeneMarkS-2+.,OG0000885,Cloud,group_468,Cloud,,Cloud
GCF_019334125.1,KYT97_RS08320,MPKMPKTIDVELFARLPSQDEGALRADPIPVGVISLPVEMVRNRLGDWQMKIDTSIFQRMGEFLDGKR,68,hypothetical protein, ,Derived by automated computational analysis using gene prediction method: GeneMarkS-2+.,OG0001739,,group_91,Cloud,,Probably not conserved
GCF_019334125.1,KYT97_RS08355,MRIQILELPAKYLGEASETPFAIVFDGVEKPSEFLDQLDLDKLKAHTGANAVLAFNCAVEIV,62,hypothetical protein, ,Derived by automated computational analysis using gene prediction method: GeneMarkS-2+.,OG0001740,,group_558,Cloud,,Probably not conserved
GCF_019334125.1,KYT97_RS08385,MPTLEDLITDDLARLRQARQRGDASATKLLTSILNRRLDSLATAGQVH,48,hypothetical protein, ,Derived by automated computational analysis using gene prediction method: Protein Homology.,OG0000296,Cloud,group_1447,Cloud,,Cloud
GCF_019334125.1,KYT97_RS08435,MSDNYVILETGQGGGIPDTVHGPYWGREEAVSELKSLREHTANLGRRDRYQLGLVEIAGES,61,hypothetical protein, ,Derived by automated computational analysis using gene prediction method: GeneMarkS-2+.,OG0000627,Cloud,group_629,Cloud,,Cloud
GCF_019334125.1,KYT97_RS08440,MSWRIATPEELAASEAAQALQPKRRAPQMQCVCGRFVNRSTYWRRGLNINGMSSFGWLCSHCGDVVENS,69,hypothetical protein, ,Derived by automated computational analysis using gene prediction method: GeneMarkS-2+.,OG0001741,,group_28,Cloud,,Probably not conserved
GCF_019334125.1,KYT97_RS08490,MSFHRNGHQATDIHVDKLRKRVHFNFLRFNDDTGEWDLVFCESHALADVQADFAEAS,57,hypothetical protein, ,Derived by automated computational analysis using gene prediction method: GeneMarkS-2+.,OG0000628,Cloud,group_891,Cloud,,Cloud
GCF_019334125.1,KYT97_RS08495,MIPNPPPGMGVWEQIGQSDFARAEKDGLPTLEIVQRSSEQFQVTYWVSHYKNGSRR,56,hypothetical protein, ,Derived by automated computational analysis using gene prediction method: GeneMarkS-2+.,OG0000898,Cloud,group_960,Cloud,Cloud,Cloud
GCF_019334125.1,KYT97_RS08510,MIRTFDGLEVETIEIIPAVNPASEAIDYAHGGYWNCELAGGGCVQQFGDELMVSPDARLIPFVPAA,66,hypothetical protein, ,Derived by automated computational analysis using gene prediction method: GeneMarkS-2+.,OG0000531,Cloud,group_250,Cloud,,Cloud
GCF_019334125.1,KYT97_RS08765,MKFTPDITLLVIGVDVVSFTPGFILSFSFFALLFEYLFGVHGLVEATVGVRREIFVAARAW,61,hypothetical protein, ,Derived by automated computational analysis using gene prediction method: GeneMarkS-2+.,OG0001742,,group_630,Cloud,,Probably not conserved
GCF_019334125.1,KYT97_RS31065,MTIFEWILTVPAIAVGGAFLFSGIVTAGLDFDADDGILVN,40,hypothetical protein, ,Derived by automated computational analysis using gene prediction method: GeneMarkS-2+.,OG0000082,Soft core,group_1893,Cloud,Soft core,Cloud
GCF_019334125.1,KYT97_RS09185,MKVQPSVKKICEKCKVIRRNGRVMVICENLRHKQRQG,37,50s ribosomal protein l36, ,Derived by automated computational analysis using gene prediction method: Protein Homology.,OG0000030,Conserved,rpmJ,Conserved,Soft core,Soft core
GCF_019334125.1,KYT97_RS09215,MADLKVTQIKSIIGTKQNQKDSLRTLGLKGIRQTVVREDNAQNRGLINVVRHLVTVEEV,59,50s ribosomal protein l30, ,Derived by automated computational analysis using gene prediction method: Protein Homology.,OG0000029,Conserved,rpmD,Conserved,Soft core,Soft core
GCF_019334125.1,KYT97_RS09240,MAKKALVNKANKKPKFAVRAYTRCQRCGRPHAVFRKFGLCRICLREMAHAGELPGVRKSSW,61,type z 30s ribosomal protein s14, ,Derived by automated computational analysis using gene prediction method: Protein Homology.,OG0000028,Conserved,group_2294,Conserved,Soft core,Soft core
GCF_019334125.1,KYT97_RS09570,MSDRDNKALDNDLIEESLVEEVSIDGMCGVY,31,mycofactocin precursor mfta, ,"Mycofactocin is a small molecule electron carrier derived from the final two amino acids, Val-Tyr, of MftA, the mycofactocin precursor. It plays a role in redox homeostasis and the metabolism of alcohols and aldehydes in Actinobacteria, including Mycobacterium tuberculosis; Derived by automated computational analysis using gene prediction method: Protein Homology.",OG0000009,Conserved,group_2326,Conserved,Soft core,Soft core
GCF_019334125.1,KYT97_RS09585,MTEPVKGPASYFPSIEKKYGRPISEWQELIRSSDLTKHMELVTWLKSEHGLGHGHANALVAHTLKEDAG,69,duf4287 domain-containing protein, ,Derived by automated computational analysis using gene prediction method: Protein Homology.,OG0000027,Conserved,group_2329,Soft core,Soft core,Soft core
GCF_019334125.1,KYT97_RS09690,MNSTTVGLLVGLLLALAGILGGFSGFLFAVLLGAAGMAIGAHRDGHLDLGAILRSRGRG,59,hypothetical protein, ,Derived by automated computational analysis using gene prediction method: Protein Homology.,OG0000026,Conserved,group_2303,Conserved,Soft core,Soft core
GCF_019334125.1,KYT97_RS09900,MAGKKLDRTHARTALEVVRESPTIALITVAPAVVVFGVVWWLFGFWAAILLALVFGVAAVATRKLR,66,hypothetical protein, ,Derived by automated computational analysis using gene prediction method: Protein Homology.,OG0000025,Conserved,group_2209,Conserved,Soft core,Soft core
GCF_019334125.1,KYT97_RS10030,MASSTDVRPKITLACEVCKHRNYITKKNRRNDPDRLELKKFCPNCGTHQSHRESK,55,50s ribosomal protein l33, ,Derived by automated computational analysis using gene prediction method: Protein Homology.,OG0000024,Conserved,rpmG,Conserved,Soft core,Soft core
GCF_019334125.1,KYT97_RS10250,MSAPTYNVAADALMTPGQVAALFHVDPKTVTRWAHAGRLGSLRTPGGHRRFRETEVMQLLRSLTTEAN,68,bldc family transcriptional regulator, ,Derived by automated computational analysis using gene prediction method: Protein Homology.,OG0000068,Soft core,group_92,Cloud,Soft core,Cloud
GCF_019334125.1,KYT97_RS10255,MLYLLALVGLVTLVVLMWKAFGPSPTSRASGGGVKGPDDDPEFLWNVNQQTRRKQQGGQDGAPTDSSQ,68,hypothetical protein, ,Derived by automated computational analysis using gene prediction method: Protein Homology.,OG0000023,Conserved,group_2362,Soft core,Conserved,Soft core
GCF_019334125.1,KYT97_RS10435,MGSVIKKRRKRMSKKKHRKLLRRTRVQRRKLGK,33,aurkaip1/cox24 domain-containing protein, ,Derived by automated computational analysis using gene prediction method: Protein Homology.,OG0000022,Conserved,group_1939,Conserved,Conserved,Conserved
GCF_019334125.1,KYT97_RS10440,MGSSHDGKPAVAGTQFLTVAEVATLMRVSKMTVYRLVHSGELPAVRVGRSFRVHAKAVHDYLETSYFDAG,70,helix-turn-helix domain-containing protein, ,Derived by automated computational analysis using gene prediction method: Protein Homology.,OG0000071,Soft core,,,Soft core,Soft core
GCF_019334125.1,KYT97_RS31070,MSVIFGLGVVTKVRKAAFISTVPKSAAGKILRKDLRTAEAAQS,43,hypothetical protein, ,Derived by automated computational analysis using gene prediction method: GeneMarkS-2+.,OG0001743,,group_1735,Cloud,,Probably not conserved
GCF_019334125.1,KYT97_RS10925,MTFESNTPRPFTRSTDNKMLAGVCGGIAEYFGADVNLVRVLAVIAAVCTGGTAALVYLAAWMLMPLG,67,pspc domain-containing protein, ,Derived by automated computational analysis using gene prediction method: Protein Homology.,OG0000021,Conserved,group_2380,Conserved,Soft core,Soft core
GCF_019334125.1,KYT97_RS10930,MIEGSVMDAAGSVGTLIGQGLGSVSEIAVKGLTALAELSGGTLKAAK,47,hypothetical protein, ,Derived by automated computational analysis using gene prediction method: Protein Homology.,OG0000138,Shell,group_2381,Shell,Shell,Shell
GCF_019334125.1,KYT97_RS10940,MIEGSVMDAAGSVGTIIGQGMGSVADIAVKGLTALAELSGGTLKAAK,47,hypothetical protein, ,Derived by automated computational analysis using gene prediction method: Protein Homology.,OG0000138,Shell,group_1511,Cloud,Shell,Shell
GCF_019334125.1,KYT97_RS10945,MGSLMDILLGPDGMGTQLGSLLNMLMGLDNLGANLFGSLSDTFGGISGSLDTISFLPEVIPPA,63,hypothetical protein, ,Derived by automated computational analysis using gene prediction method: GeneMarkS-2+.,OG0000188,Shell,group_2425,Shell,Shell,Shell
GCF_019334125.1,KYT97_RS10970,MDTASLMGVIGSFDVGSLTPVLTNVTVVIQGVFSVISAAIDVAVSGSVASAGSIQTVLGSVAGQ,64,hypothetical protein, ,Derived by automated computational analysis using gene prediction method: Protein Homology.,OG0000206,Shell,group_388,Cloud,Shell,Shell
GCF_019334125.1,KYT97_RS11020,MAAVAGTSTDGSVDTWLLVAPTVLYLVGVLGYCAYMIWGGRYRVPQQQMPQ,51,hypothetical protein, ,Derived by automated computational analysis using gene prediction method: GeneMarkS-2+.,OG0001744,,group_1270,Cloud,,Probably not conserved
GCF_019334125.1,KYT97_RS31075,MGSIDTASLSTASLEDLNLGKISELLKLGITAVSFITALNTLS,43,hypothetical protein, ,Derived by automated computational analysis using gene prediction method: GeneMarkS-2+.,OG0000067,Soft core,group_2503,Soft core,Shell,Soft core
GCF_019334125.1,KYT97_RS31080,MFGSLSALGPLLTALGVFLKSVDTSSLEGDSGSSGSSGSAE,41,hypothetical protein, ,Derived by automated computational analysis using gene prediction method: Protein Homology.,OG0000081,Soft core,group_2510,Soft core,Shell,Soft core
GCF_019334125.1,KYT97_RS31085,MGSQEEFSAVIKNLFPVLKDLLTAIGGGSLTPGTGSAAEK,40,hypothetical protein, ,Derived by automated computational analysis using gene prediction method: GeneMarkS-2+.,OG0000108,Soft core,group_2511,Soft core,Shell,Soft core
GCF_019334125.1,KYT97_RS31090,MGSVENLLEANGMGWSLLKLLPLVNMLKTIQGLDSASSNS,40,hypothetical protein, ,Derived by automated computational analysis using gene prediction method: GeneMarkS-2+.,OG0000080,Soft core,group_2512,Soft core,Shell,Soft core
GCF_019334125.1,KYT97_RS11890,MAVTLTVALTLFPGTAGAATNGCTSVTHLVPEKNWAVTILLGSSYTS,47,hypothetical protein, ,Derived by automated computational analysis using gene prediction method: GeneMarkS-2+.,OG0001745,,group_1512,Cloud,,Probably not conserved
GCF_019334125.1,KYT97_RS12065,MAQGSVKWFNGEKGFGFIEQEGGGPDVFVHYSEIQGSGYKSLDEGQKVEFEIGQGQKGPQAQNVRAI,67,cold-shock protein, ,Derived by automated computational analysis using gene prediction method: Protein Homology.,OG0000069,Soft core,group_130,Soft core,Cloud,Cloud
GCF_019334125.1,KYT97_RS12100,MGALSPTHWAIVAVVLLVLFGSKKLPDAARGLGRSMRILKSEVGELQADTDLALDSELAPSKKY,64,sec-independent protein translocase subunit tata, ,Derived by automated computational analysis using gene prediction method: Protein Homology.,OG0000019,Conserved,tatA,Soft core,Shell,Shell
GCF_019334125.1,KYT97_RS12130,MWWIVVGGLILWVACAVPIAIIWGKAIARRDRADFEIRDQDWSAELARSIETETDPETEK,60,hypothetical protein, ,Derived by automated computational analysis using gene prediction method: Protein Homology.,OG0000079,Soft core,group_696,Cloud,Cloud,Cloud
GCF_019334125.1,KYT97_RS31095,MELTLVALERNRVTNSDMFDADPFLVKAVAQRDGVIAVVAHSD,43,hypothetical protein, ,Derived by automated computational analysis using gene prediction method: GeneMarkS-2+.,OG0001746,,group_1736,Cloud,,Probably not conserved
GCF_019334125.1,KYT97_RS12220,MVDDEYHVWLKSLSGTGPRNELLLVVTIWFGSSGVRYLIVVVPWMDAGDALGA,53,hypothetical protein, ,Derived by automated computational analysis using gene prediction method: GeneMarkS-2+.,OG0001747,,group_1148,Cloud,,Probably not conserved
GCF_019334125.1,KYT97_RS12365,MAKTDRSDKTPKAGHPGPKDKGEGGGMATREQAAESAPNSTDEKKKRQS,49,hypothetical protein, ,Derived by automated computational analysis using gene prediction method: Protein Homology.,OG0000018,Core,group_1387,Cloud,,Cloud
GCF_019334125.1,KYT97_RS12375,MIILGIILAIVGVVISVPVLLYVGIALVVIGAVLEIMGSMGHAVAGRRHYY,51,duf6131 family protein, ,Derived by automated computational analysis using gene prediction method: Protein Homology.,OG0000000,Conserved,group_1271,Cloud,,Cloud
GCF_019334125.1,KYT97_RS12390,MSEMVPADDTRRIALVDLLDRVLGGGVVVTGEITLSLADVDMVRISLRTLIASVSALVPDPTEPDITDD,69,gas vesicle protein gvpj, ,Derived by automated computational analysis using gene prediction method: Protein Homology.,OG0000145,Shell,gvpJ,Cloud,,Cloud
GCF_019334125.1,KYT97_RS12440,MSIVKKIRHKAETAGGATKKTVGKSLGNERMEAEGSADQAKGQAKQAGDKLKEAGQKVKHIFKH,64,csbd family protein, ,Derived by automated computational analysis using gene prediction method: Protein Homology.,OG0000073,Shell,group_389,Cloud,,Cloud
GCF_019334125.1,KYT97_RS12445,MVIDVVTADSEVARYRMCMTAVAQRARDCSGRRENQDDQSEDDEHDGLPAMA,52,hypothetical protein, ,Derived by automated computational analysis using gene prediction method: GeneMarkS-2+.,OG0001748,,group_1202,Cloud,,Probably not conserved
GCF_019334125.1,KYT97_RS12460,MPLGPDQPIREDEVKLLAVHIPHLPIDAELDLHSQVFTTVAAEEFD,46,hypothetical protein, ,Derived by automated computational analysis using gene prediction method: GeneMarkS-2+.,OG0001749,,group_1580,Cloud,,Probably not conserved
GCF_019334125.1,KYT97_RS12610,MARPSGRLPARSVVACVGARRVAWVVGAVVLVALAVLVDRAAVWADLLASSGDGWCFWFVGGA,63,hypothetical protein, ,Derived by automated computational analysis using gene prediction method: GeneMarkS-2+.,OG0001750,,group_469,Cloud,,Probably not conserved
GCF_019334125.1,KYT97_RS12690,MTTRLFSPATEIVDLTPKCISLPNGRERDNIFIGTPGNMAGKAGKYEMADAGVVNRGERNKQIALPD,67,hypothetical protein, ,Derived by automated computational analysis using gene prediction method: GeneMarkS-2+.,OG0001751,,group_169,Cloud,,Probably not conserved
GCF_019334125.1,KYT97_RS12710,MLVVLTLIFIFQNRSETTIKLFWVSVQSPLWLTLVVILLLGWIAGLLTRRKKPTN,55,duf1049 domain-containing protein, ,Derived by automated computational analysis using gene prediction method: Protein Homology.,OG0000843,Cloud,group_1037,Cloud,,Cloud
GCF_019334125.1,KYT97_RS12805,MSIVKRIRHKAETAEGVIKKTVGKSLGNEKMEAKGRSEQAKGQAKQTGDKLKQAGRKFRDAFKH,64,csbd family protein, ,Derived by automated computational analysis using gene prediction method: Protein Homology.,OG0000073,Shell,group_390,Cloud,,Cloud
GCF_019334125.1,KYT97_RS12810,MRVLRGLFDALLGIVMAVLGTVLGILAAVVWLVGAVLCVTVILIPLGIPVIRLGRRLFTLARQLMHLP,68,hypothetical protein, ,Derived by automated computational analysis using gene prediction method: Protein Homology.,OG0000152,Shell,group_93,Cloud,,Cloud
GCF_019334125.1,KYT97_RS12815,MISLGVEASDTSKCQGAVAVDRASTSTDVVAGCDVQAGVASAHLTFSPALASGIELFSRA,60,hypothetical protein, ,Derived by automated computational analysis using gene prediction method: GeneMarkS-2+.,OG0001752,,group_697,Cloud,,Probably not conserved
GCF_019334125.1,KYT97_RS12990,MSVAIFFFLAAGVLLVAGVILREREVPATGSIGRGHAAQLISLALAVCVITAATLTFVRLIAMAV,65,hypothetical protein, ,Derived by automated computational analysis using gene prediction method: Protein Homology.,OG0001753,,group_311,Cloud,,Probably not conserved
GCF_019334125.1,KYT97_RS13130,MIILGIILLLIGFLLNIPILWTIGVVLLVIGLILFVLGSTGRAVGGRRHWY,51,duf6131 family protein, ,Derived by automated computational analysis using gene prediction method: Protein Homology.,OG0000000,Conserved,group_1272,Cloud,,Cloud
GCF_019334125.1,KYT97_RS13135,MRRIVTLIVLIWLVVGAIAAGQRGYYSNSPSNCAGVGTIAVTVVAGPLNYFGVNPKVTDCTLPQPSS,67,hypothetical protein, ,Derived by automated computational analysis using gene prediction method: Protein Homology.,OG0000017,Conserved,group_170,Cloud,,Cloud
GCF_019334125.1,KYT97_RS13245,MATTGSIDPDTAKLLADLAKYASPIAGLIGGVGAILGIAGLINAGTGS,48,hypothetical protein, ,Derived by automated computational analysis using gene prediction method: GeneMarkS-2+.,OG0000265,Shell,group_1448,Cloud,,Cloud
GCF_019334125.1,KYT97_RS13420,MTKFLVPGVASAVVGVVLGAAAIFGATAVAADNTRPDIDRSGNADSSVLNQVEYGSR,57,duf2613 domain-containing protein, ,Derived by automated computational analysis using gene prediction method: Protein Homology.,OG0000016,Conserved,group_892,Cloud,Cloud,Cloud
GCF_019334125.1,KYT97_RS13885,MRVVVDKNLCEANALCVENAPEVFALDINEELEVTAGQVPHDAEDRVRTSIAQCPRAALSERE,63,ferredoxin, ,Derived by automated computational analysis using gene prediction method: Protein Homology.,OG0000001,Conserved,group_470,Cloud,,Cloud
GCF_019334125.1,KYT97_RS14125,MKVTVDPDGCKGHGVCLTIAPEVFTLTDDGYAEAIADEVPTDSEGAVRDAVSNCPERAITLT,62,ferredoxin, ,Derived by automated computational analysis using gene prediction method: Protein Homology.,OG0000245,Shell,group_559,Cloud,,Cloud
GCF_019334125.1,KYT97_RS31105,MGSLSTILMIPVGSADLVLKGVFESLTNTVNSLVVVFGGLS,41,hypothetical protein, ,Derived by automated computational analysis using gene prediction method: GeneMarkS-2+.,OG0001754,,group_1854,Cloud,,Probably not conserved
GCF_019334125.1,KYT97_RS15060,MLIVANQSSCIGSGQCVFTDPDTFDQDDNGVVVVLRSEPAADDEVALAKQAVDVCPSRALSLVARKTPV,69,ferredoxin, ,Derived by automated computational analysis using gene prediction method: Protein Homology.,OG0000001,Conserved,group_29,Cloud,,Cloud
GCF_019334125.1,KYT97_RS31115,MVTSTNSDDAALMRDLHSLLDAELATIVQLADDARHRSRS,40,hypothetical protein, ,Derived by automated computational analysis using gene prediction method: GeneMarkS-2+.,OG0001755,,group_1894,Cloud,,Probably not conserved
GCF_019334125.1,KYT97_RS15525,MSDWVKKIEAEAKGLLAEAEEELTVLEGVDTIDPLAEQGEDTPTSD,46,hypothetical protein, ,Derived by automated computational analysis using gene prediction method: Protein Homology.,OG0000090,Soft core,group_1581,Cloud,,Cloud
GCF_019334125.1,KYT97_RS15725,MFNDSPARKHLRPSQSSEILTAGSALAASGGTTGGSAQLLASLLGRRIGG,50,hypothetical protein, ,Derived by automated computational analysis using gene prediction method: GeneMarkS-2+.,OG0000899,Cloud,group_1332,Cloud,,Cloud
GCF_019334125.1,KYT97_RS15945,MSFLTIEKSRCQGHGRCYSVAPDLLSDDEQGYVAETGEIAVPAQFEAQAEEAVNACPEIAIRRSTGTV,68,ferredoxin, ,Derived by automated computational analysis using gene prediction method: Protein Homology.,OG0000245,Shell,group_94,Cloud,,Cloud
GCF_019334125.1,KYT97_RS31120,MSKQEAVIRAIADRAARLRQDTEVRRAARAAISEYGPLLDRLSQ,44,hypothetical protein, ,Derived by automated computational analysis using gene prediction method: GeneMarkS-2+.,OG0000320,Cloud,group_1685,Cloud,,Cloud
GCF_019334125.1,KYT97_RS16725,MAQGIVKWFNGEKGFGFIAPDDGTPDVFVHYSEISGNGYKSLDENQRVEFEVGQGQKGPQATNVRAV,67,cold-shock protein, ,Derived by automated computational analysis using gene prediction method: Protein Homology.,OG0000003,Conserved,group_1991,Soft core,,Soft core
GCF_019334125.1,KYT97_RS17050,MVGTPVIVTIVSVCVGFVIFMLAASGARGKWDRRLVIGLFVAAVVCLTVVPVSVALSAGVSGV,63,hypothetical protein, ,Derived by automated computational analysis using gene prediction method: Protein Homology.,OG0000091,Soft core,group_2382,Soft core,Cloud,Cloud
GCF_019334125.1,KYT97_RS17545,MTESQSAQPGDGFPKTSAPATRALLAAGYTELSQLASVSESELAKLHGMGPKALRILGEALAERGLSFGD,70,dna-binding protein, ,Derived by automated computational analysis using gene prediction method: Protein Homology.,OG0000050,Conserved,,,Cloud,Cloud
GCF_019334125.1,KYT97_RS17990,MTAPTRYQFLIDGEVSDRVKAAFPELSVAPTAGGYTSLYGPVADHSAMRSIMARLDSLGLTVAELRRLPD,70,hypothetical protein, ,Derived by automated computational analysis using gene prediction method: Protein Homology.,OG0000092,Soft core,,,Cloud,Cloud
GCF_019334125.1,KYT97_RS18345,MATYRVINPAGDVIDTRDIESADDAHAWFVDVCADNSELGWRMEVGHGGDEWSFFDDSEGTSSR,64,hypothetical protein, ,Derived by automated computational analysis using gene prediction method: Protein Homology.,OG0000066,Soft core,group_2490,Shell,,Shell
GCF_019334125.1,KYT97_RS18555,MRITNLLSAIQQVELSLEELKDAADLYVAGPTPSSSAFLELTRAQLVLVALEVPLIE,57,hypothetical protein, ,Derived by automated computational analysis using gene prediction method: GeneMarkS-2+.,OG0001756,,group_893,Cloud,,Probably not conserved
GCF_019334125.1,KYT97_RS18800,MRIVLDRPRCEGHGLCESVAPALMHLDDEGELVLDLEEFAEGSRELADAGAAVRVCPVAALKLA,64,ferredoxin, ,Derived by automated computational analysis using gene prediction method: Protein Homology.,OG0000001,Conserved,group_2341,Cloud,,Cloud
GCF_019334125.1,KYT97_RS18815,MTESIGSAEPLESHRHRGDHRTPNLDPIRAHEPTSNVSDLTDNFTLPSAANPI,53,hypothetical protein, ,Derived by automated computational analysis using gene prediction method: GeneMarkS-2+.,OG0001757,,group_1149,Cloud,,Probably not conserved
GCF_019334125.1,KYT97_RS19005,MRRASRAQRMELIAGFISVFALMALISAVVAIVKGDPGVTPSLVLLGCVIALGFAYRGYRKAVRAERRQ,69,hypothetical protein, ,Derived by automated computational analysis using gene prediction method: Protein Homology.,OG0000051,Conserved,group_2375,Soft core,Cloud,Cloud
GCF_019334125.1,KYT97_RS19250,MNNHTDKWEFSTEPCRARYVAATHGALAIARPLTPAEMGILTDSGGWGG,49,hypothetical protein, ,Derived by automated computational analysis using gene prediction method: GeneMarkS-2+.,OG0001758,,group_1388,Cloud,,Probably not conserved
GCF_019334125.1,KYT97_RS19470,MAKGKRTFQPNNRRRARVHGFRLRMRTRAGRAIVSARRRKGRDSLTA,47,50s ribosomal protein l34, ,Derived by automated computational analysis using gene prediction method: Protein Homology.,OG0000052,Conserved,rpmH,Conserved,,Conserved
GCF_019334125.1,KYT97_RS19590,MVSAGVVSAERSAEEIEGAEEIGEGAEKISQVAQVHGVCLSLVIALMCASRMIPALPGNEVP,62,hypothetical protein, ,Derived by automated computational analysis using gene prediction method: GeneMarkS-2+.,OG0001759,,group_560,Cloud,,Probably not conserved
GCF_019334125.1,KYT97_RS30975,MVETDVGDLRDLTSAEAVHATSTLASNTDLLGRKATTLLDEQPAHQLTCTRPVHAAAFSLT,61,hypothetical protein, ,Derived by automated computational analysis using gene prediction method: GeneMarkS-2+.,OG0001760,,group_631,Cloud,,Probably not conserved
GCF_019334125.1,KYT97_RS20265,MFNDVFNNVIHPMVTNFQQLGPQQFIPQQFIPQGLFQQAPQAAEQAVTIFGS,52,hypothetical protein, ,Derived by automated computational analysis using gene prediction method: Protein Homology.,OG0000075,Soft core,group_2178,Soft core,Shell,Soft core
GCF_019334125.1,KYT97_RS20510,MRLDERALLEEFVKGDGEPNRSDMIRLFVDYGLANMPMNWRPTAETPQKLR,51,hypothetical protein, ,Derived by automated computational analysis using gene prediction method: GeneMarkS-2+.,OG0001761,,group_1273,Cloud,,Probably not conserved
GCF_019334125.1,KYT97_RS20615,MSDRNSPRKRSAVEAAAYQATKHARVITDADLIAVGEGLSVESEPSTRDDFVFPDLDLTRGLFD,64,hypothetical protein, ,Derived by automated computational analysis using gene prediction method: Protein Homology.,OG0000121,Shell,group_391,Cloud,,Cloud
GCF_019334125.1,KYT97_RS21125,MGIADKAQNKAEDLGGKAKEATGSVTGNKDLENEGKGDQVKSAVKDAGEKVKDAASSVKDKLT,63,csbd family protein, ,Derived by automated computational analysis using gene prediction method: Protein Homology.,OG0000011,Conserved,group_2411,Conserved,Soft core,Soft core
GCF_019334125.1,KYT97_RS21160,MKIIVDRGRCTGIGICESVAEDYFEVADDGSLILHKELVDAGDENLAREAVRACPAKALTLDET,64,ferredoxin, ,Derived by automated computational analysis using gene prediction method: Protein Homology.,OG0000001,Conserved,group_2284,Cloud,Cloud,Cloud
GCF_019334125.1,KYT97_RS21200,MSDLALLSDDELDERRIALSQSLTAAAYLIPTPAPSFFEKLKQDIDDAAAEWNARRS,57,hypothetical protein, ,Derived by automated computational analysis using gene prediction method: Protein Homology.,OG0000076,Soft core,group_2322,Soft core,Soft core,Soft core
GCF_019334125.1,KYT97_RS31000,MFVAYGGDHEALGELGVLLAKAYSDAEYLGGLVAISELD,39,immunity 51 family protein, ,Derived by automated computational analysis using gene prediction method: Protein Homology.,OG0001762,,group_1928,Cloud,,Probably not conserved
GCF_019334125.1,KYT97_RS21960,MSELTSWEYTVTPLLVHNPKAILDNWGVDGWELVTVLPSASGEQHVAYLKRPKVAGA,57,hypothetical protein, ,Derived by automated computational analysis using gene prediction method: Protein Homology.,OG0000012,Conserved,group_2273,Conserved,Soft core,Soft core
GCF_019334125.1,KYT97_RS22120,MMGKLSARLTLLVAEDDGMSTAEYAIGTIAAAAFGAVLYSVVTGDSIVTALTGIIDKALKTAV,63,duf4244 domain-containing protein, ,Derived by automated computational analysis using gene prediction method: Protein Homology.,OG0000094,Soft core,group_2136,Soft core,Soft core,Soft core
GCF_019334125.1,KYT97_RS22140,MAQGTVKWFNAEKGFGFIAPEDGSADVFVHYSEIQGNGFRTLEENQRVEFEVGQGNKGPQATGVRAV,67,cold-shock protein, ,Derived by automated computational analysis using gene prediction method: Protein Homology.,OG0000013,Conserved,group_128,Conserved,Soft core,Soft core
GCF_019334125.1,KYT97_RS22175,MADSLKARVREKLLRQLSEDGRRPIHDAEGDDSRLLSVSDDLEALELAQEGDPIIEELAQRYWVP,65,hypothetical protein, ,Derived by automated computational analysis using gene prediction method: Protein Homology.,OG0000014,Conserved,group_2342,Conserved,Soft core,Soft core
GCF_019334125.1,KYT97_RS22470,MATTVETRNPRSSSVRTVPLAQYIEEHPTVRVFPPTSERAARIAMQTMWALIAVSLVILVLDEAGLFG,68,hypothetical protein, ,Derived by automated computational analysis using gene prediction method: GeneMarkS-2+.,OG0000095,Soft core,group_95,Cloud,Soft core,Cloud
GCF_019334125.1,KYT97_RS31135,MIPKEVTGFLSFVPVPLCGYQTFFDEDIPRARRDAMDERVI,41,hypothetical protein, ,Derived by automated computational analysis using gene prediction method: GeneMarkS-2+.,OG0001763,,group_1855,Cloud,,Probably not conserved
GCF_019334125.1,KYT97_RS22740,MALAYSPDSSIDSTRLAFLAAAVVLFAMLALYLVGFDQGAISRTGMYMHELMHDGRHLMGLPCH,64,cbtb domain-containing protein, ,Derived by automated computational analysis using gene prediction method: Protein Homology.,OG0000008,Conserved,group_2468,Conserved,Soft core,Soft core
GCF_019334125.1,KYT97_RS23740,MGTDRGQNDHAETELVARTVTEGHALLTVDVWDKRLAGVTTVDPSEITAYERFRTSTDKNR,61,hypothetical protein, ,Derived by automated computational analysis using gene prediction method: GeneMarkS-2+.,OG0001764,,group_632,Cloud,,Probably not conserved
GCF_019334125.1,KYT97_RS23955,MIERNHAVKTELVQESLVNEVTSDGMCSVY,30,mycofactocin precursor mfta, ,"Mycofactocin is a small molecule electron carrier derived from the final two amino acids, Val-Tyr, of MftA, the mycofactocin precursor. It plays a role in redox homeostasis and the metabolism of alcohols and aldehydes in Actinobacteria, including Mycobacterium tuberculosis; Derived by automated computational analysis using gene prediction method: Protein Homology.",OG0000009,Conserved,mftA,Cloud,,Cloud
GCF_019334125.1,KYT97_RS24385,MKNPNLTPSRILALVAAAALVIFVIARRRDDGGVLSRGEWLADNVGPDDLAG,52,hypothetical protein, ,Derived by automated computational analysis using gene prediction method: Protein Homology.,OG0000077,Soft core,group_2167,Soft core,Shell,Soft core
GCF_019334125.1,KYT97_RS24475,MEVRVDLDRCEANGVCVGIAPDIFDLDDNEELVISSARPPEDRWEDVRSAIAQCPRAALTEHP,63,ferredoxin, ,Derived by automated computational analysis using gene prediction method: Protein Homology.,OG0000005,Conserved,group_423,Soft core,Cloud,Cloud
GCF_019334125.1,KYT97_RS24540,MMSEKTTVEAEVEIPDEEIETVAEETARMAQRVVAAYAEDADECRMLLSMLGISPVSKLD,60,hypothetical protein, ,Derived by automated computational analysis using gene prediction method: Protein Homology.,OG0000015,Conserved,group_2168,Soft core,,Soft core
GCF_019334125.1,KYT97_RS31140,MAGSALVDMSYWITGVGPLGGSPFWTTSIAFSEHRRSGGRDSR,43,hypothetical protein, ,Derived by automated computational analysis using gene prediction method: GeneMarkS-2+.,OG0001765,,group_1737,Cloud,,Probably not conserved
GCF_019334125.1,KYT97_RS24980,MGRGRAKAKQTKVARELKYSVPTTDFDSLQRELAGGSTNSHRSSVRSDQTSDREGHSREDDYDDWRR,67,duf3073 domain-containing protein, ,Derived by automated computational analysis using gene prediction method: Protein Homology.,OG0000049,Conserved,group_133,Soft core,,Soft core
GCF_019334125.1,KYT97_RS25175,MSEQDSTNPESETTSESETPAEANKRKFREALERKNHSNATAADHRDGQSKVHSTHGSADHKREFRRKSG,70,duf5302 domain-containing protein, ,Derived by automated computational analysis using gene prediction method: Protein Homology.,OG0000031,Conserved,,,,Probably not conserved
GCF_019334125.1,KYT97_RS25360,MTDEDRLWYFDVSDGSVSQGKGPSSLTRMGPYPDRESAEHALQIAAERNKAADRADDDWNN,61,hypothetical protein, ,Derived by automated computational analysis using gene prediction method: Protein Homology.,OG0000042,Conserved,group_633,Cloud,,Cloud
GCF_019334125.1,KYT97_RS31035,MKLALSEFKNSKATIRIIMSDGAKLNGTVKDFSEDTLVLNSPNGVYYINPAHIVRLFEPSDRAAK,65,hypothetical protein, ,Derived by automated computational analysis using gene prediction method: GeneMarkS-2+.,OG0000085,Soft core,group_312,Cloud,,Cloud
GCF_019334125.1,KYT97_RS25565,MKVTAKVSKSGDWWAVEVPEVDGAFTQARRLDQIPDMVADAVHLLTDVPAGDVEVTLDVNQTHSPGAQFE,70,hypothetical protein, ,Derived by automated computational analysis using gene prediction method: GeneMarkS-2+.,OG0000900,Cloud,,,,Probably not conserved
GCF_019334125.1,KYT97_RS25725,MTVAGVVSVVLIAVAAALVVYLLVALVDPERF,32,k(+)-transporting atpase subunit f, ,Derived by automated computational analysis using gene prediction method: Protein Homology.,OG0001766,,group_1943,Cloud,,Probably not conserved
GCF_019334125.1,KYT97_RS31210,MSEAAAPQIRHQLALIAVGMLDVADVACC,29,ms4533a family cys-rich leader peptide, ,Derived by automated computational analysis using gene prediction method: Protein Homology.,OG0000133,Shell,group_1950,Cloud,,Cloud
GCF_019334125.1,KYT97_RS26410,MVGKFERRKDTVQELTESAATHVGSIAMIIAGAVRDVTREIGDWVSDGIEMREAAKKAAADDTTEPPT,68,hypothetical protein, ,Derived by automated computational analysis using gene prediction method: Protein Homology.,OG0000149,Shell,group_96,Cloud,,Cloud
GCF_019334125.1,KYT97_RS27275,MSTALLTIYVLIWPALVLVVLGVISKGFFKDWATARRNGEDLV,43,putative transporter small subunit, ,Derived by automated computational analysis using gene prediction method: Protein Homology.,OG0000088,Soft core,group_2364,Soft core,Shell,Soft core
GCF_019334125.1,KYT97_RS27710,MRTYAERRPIEFEKRTISGHFIDPQPRCRDASTMTLPDLANMMHTPYP,48,hypothetical protein, ,Derived by automated computational analysis using gene prediction method: GeneMarkS-2+.,OG0001767,,group_1449,Cloud,,Probably not conserved
GCF_019334125.1,KYT97_RS27940,MAAMKPRTGDGPLEATKEGRGIVMRVPLEGGGRLVVELTPDEAAALGVELTNVTS,55,duf3117 domain-containing protein, ,Derived by automated computational analysis using gene prediction method: Protein Homology.,OG0000043,Conserved,group_1003,Soft core,Shell,Shell
GCF_019334125.1,KYT97_RS28070,MTEQDSAFSSEAPESDALEQATPVDPNTPDEPDLTDIPLDAPAADVVDQRREVAIDEEYPPS,62,hypothetical protein, ,Derived by automated computational analysis using gene prediction method: Protein Homology.,OG0000057,Core,group_2211,Soft core,Soft core,Soft core
GCF_019334125.1,KYT97_RS28110,MGKVKPSKVSQLKPKKKCCRKKTRCVKCPVVIMRMRKLENNGASKKELKVGLKMARAA,58,hypothetical protein, ,Derived by automated computational analysis using gene prediction method: Protein Homology.,OG0000044,Conserved,group_2365,Soft core,Soft core,Soft core
GCF_019334125.1,KYT97_RS28285,MTAHVATTLRGILWWIRSVMGDLDYARYVEHTRRNHTDAPVLSEREFWRRRHAAADSNPGARCC,64,ybdd/yjix family protein, ,Derived by automated computational analysis using gene prediction method: Protein Homology.,OG0000045,Conserved,group_2343,Soft core,Soft core,Soft core
GCF_019334125.1,KYT97_RS28605,MIRMWVKRTDTALIVIVAVILGIMVWISSSHLAASIGVTVAAAATFWIACGFIHGFHSPK,60,hypothetical protein, ,Derived by automated computational analysis using gene prediction method: GeneMarkS-2+.,OG0001768,,group_698,Cloud,,Probably not conserved
GCF_019334125.1,KYT97_RS28970,MAEGIVKWFNSEKGFGFIAPEDGSADVFVHYSEIQSGGFRTLEENQRVAFEIGQGNKGPQATGVTVV,67,cold-shock protein, ,Derived by automated computational analysis using gene prediction method: Protein Homology.,OG0000046,Conserved,group_132,Soft core,Soft core,Soft core
GCF_019334125.1,KYT97_RS28975,MTTAEYTVSGMTCGHCVGSVKEEIGNIAGVTAVDVDLASGRVSVTSDAPVSATDIAAAVDEAGYAVVDS,69,heavy-metal-associated domain-containing protein, ,Derived by automated computational analysis using gene prediction method: Protein Homology.,OG0000006,Conserved,group_2139,Soft core,Soft core,Soft core
GCF_019334125.1,KYT97_RS28980,MRTSATLAAYAGGLVVVFGAAFGVGAAVGNPVESPSHAPASSTSNTPAPHEEGHR,55,hypothetical protein, ,Derived by automated computational analysis using gene prediction method: GeneMarkS-2+.,OG0001769,,group_1038,Cloud,,Probably not conserved
GCF_019334125.1,KYT97_RS29095,MKHIMSDEELRRAIRALQDRALDARKRGDRDAADEIERTMRDYQDQMAQRL,51,hypothetical protein, ,Derived by automated computational analysis using gene prediction method: Protein Homology.,OG0000059,Core,group_2336,Soft core,Soft core,Soft core
GCF_019334125.1,KYT97_RS29170,MSDEQSAEKKPVDKEALARIFGDVFPETTSDERDPQGPSGSSDDEWLRRQVPPHHGG,57,hypothetical protein, ,Derived by automated computational analysis using gene prediction method: Protein Homology.,OG0000089,Soft core,group_2328,Soft core,Soft core,Soft core
GCF_019334125.1,KYT97_RS29200,MAVPKRKMSRSNTRSRRSQWKATPPDLVEVTAFGHTHKVPRRLVKAVRLGVIDPQRL,57,50s ribosomal protein l32, ,Derived by automated computational analysis using gene prediction method: Protein Homology.,OG0000060,Soft core,group_2302,Soft core,Soft core,Soft core
GCF_019334125.1,KYT97_RS29220,MARNEIRPIVKLKSTAGTGYTYVTRKNRRNDPDRLVLKKYDPVLRKHVDFREEK,54,50s ribosomal protein l33, ,Derived by automated computational analysis using gene prediction method: Protein Homology.,OG0000047,Conserved,group_2199,Soft core,Soft core,Soft core
GCF_019334125.1,KYT97_RS29620,MTTIDIPSAPSGEINSGSSTLATPELKLRIAMMFGDPITEDLAGSIN,47,hypothetical protein, ,Derived by automated computational analysis using gene prediction method: Protein Homology.,OG0000002,Conserved,,,,Probably not conserved
GCF_019334125.1,KYT97_RS29635,MADFIDKAKHKAEELIGEAKEKVGHKTDNDDLAAEGAKDQVSGKTKQVGDDISDAASDIKNKFTN,65,csbd family protein, ,Derived by automated computational analysis using gene prediction method: Protein Homology.,OG0000074,Soft core,,,,Probably not conserved
GCF_019334125.1,KYT97_RS29640,MIVLGIILALVGYFTSISILTTVGIILVVVGAVLSLLGATGRAVGGRKVWY,51,duf6131 family protein, ,Derived by automated computational analysis using gene prediction method: Protein Homology.,OG0000000,Conserved,,,,Probably not conserved
GCF_019334125.1,KYT97_RS29655,MTGKQENSGDVSPDDVETVTTDSGSENADSDVQSDPSGGQPWSGEGGATTHGPATDPHNG,60,hypothetical protein, ,Derived by automated computational analysis using gene prediction method: Protein Homology.,OG0000020,Core,,,,Probably not conserved
GCF_019334125.1,KYT97_RS29735,MGFLDNVKGLVEKGQELASENSDKVHDAIDKVADIADNKTGGKYGDQIDKAAEAAKKAVPEKE,63,antitoxin, ,Derived by automated computational analysis using gene prediction method: Protein Homology.,OG0000010,Conserved,,,Soft core,Soft core
GCF_019334125.1,KYT97_RS30160,MANNSKQHYVDPGWPETADGDHAVTELSSTRSGGLSPFGEDTTFPLPVESLPYIHPYTVINR,62,hypothetical protein, ,Derived by automated computational analysis using gene prediction method: Protein Homology.,OG0000048,Conserved,,,,Probably not conserved
GCF_019334125.1,KYT97_RS31145,MADKAPGKNMKKPAQSIKERRAEKREKAADSSELIRKRKRS,41,hypothetical protein, ,Derived by automated computational analysis using gene prediction method: Protein Homology.,OG0000004,Core,,,,Probably not conserved
GCF_019334125.1,KYT97_RS30170,MKRTIHALDRIQTRLESELDSTPGDSEKNIGYRSGISEAITHVMEMRKSAVAQK,54,hypothetical protein, ,Derived by automated computational analysis using gene prediction method: Protein Homology.,OG0001770,,,,,Probably not conserved
GCF_019334125.1,KYT97_RS30220,MGEESSNTEDFDDDSDFDDDSDFDDDSAERRYELGEPALILDGRVFYSVIFVAALATLAAVGMLGGFSV,69,hypothetical protein, ,Derived by automated computational analysis using gene prediction method: GeneMarkS-2+.,OG0001771,,,,,Probably not conserved
GCF_019378875.1,I1A62_RS46145,MWALPGIGRTKATKLIARKRPQLYPIWGASSRTREEWL,38,duf6308 family protein, ,Derived by automated computational analysis using gene prediction method: Protein Homology.,OG0001772,,,,,Probably not conserved
GCF_019378875.1,I1A62_RS46150,MAPREARVFWKALMDNAASLIADAHVLLAAESYGRARSLTVLAQEELVVCLANNCRSIR,59,abiv family abortive infection protein, ,Derived by automated computational analysis using gene prediction method: Protein Homology.,OG0001773,,,,,Probably not conserved
GCF_019378875.1,I1A62_RS07120,MIAYTLPEIRRLLVQLILRHAHPDEHIWSWSNWRRRRQHQARTSHYRRRGHLP,53,hypothetical protein, ,Derived by automated computational analysis using gene prediction method: Protein Homology.,OG0000197,Cloud,group_1999,Cloud,,Cloud
GCF_019378875.1,I1A62_RS46175,MIVNAALSKHFSNPASGAIVAQGRMGTWATEPMQTPDRDQQ,41,hypothetical protein, ,Derived by automated computational analysis using gene prediction method: GeneMarkS-2+.,OG0001774,,group_1856,Cloud,,Probably not conserved
GCF_019378875.1,I1A62_RS07150,MVCTSGFEPTPGCSTLDIRDWSSPQRSLVFVDVPVIGQPPLRVWVDILPRLDEGAVGQLMEHLFPR,66,hypothetical protein, ,Derived by automated computational analysis using gene prediction method: GeneMarkS-2+.,OG0001775,,group_251,Cloud,,Probably not conserved
GCF_019378875.1,I1A62_RS07290,MQTGTVRWFNAEQGFGFLAPADGSDDVFVHVSEIAGDGHRILVDGQRVSFTVCRTDTGNQARDVRIA,67,cold shock domain-containing protein, ,Derived by automated computational analysis using gene prediction method: Protein Homology.,OG0000157,Shell,group_2444,Cloud,Cloud,Cloud
GCF_019378875.1,I1A62_RS07315,MSESTHDDKDEPKGGRPGPADHGKDGGMATRENAPELTEDSADAEND,47,hypothetical protein, ,Derived by automated computational analysis using gene prediction method: GeneMarkS-2+.,OG0000018,Core,group_2443,Cloud,Cloud,Cloud
GCF_019378875.1,I1A62_RS46180,MPRLRPIGTIEHGFEHFEEVLVVGEVVAPDLAPTVIAHFRAS,42,hypothetical protein, ,Derived by automated computational analysis using gene prediction method: GeneMarkS-2+.,OG0001776,,group_1792,Cloud,,Probably not conserved
GCF_019378875.1,I1A62_RS07345,MNTFTPVSARNRGFAPSRGSMSTVEIKNRIEAMFREDDERESIAVRPE,48,hypothetical protein, ,Derived by automated computational analysis using gene prediction method: GeneMarkS-2+.,OG0000190,Shell,group_2430,Cloud,Shell,Shell
GCF_019378875.1,I1A62_RS07565,MTDPSPVVDRVLTTYSSSVSSSTQCHVTVLSAGTPTRSVSVGGPDGSTE,49,hypothetical protein, ,Derived by automated computational analysis using gene prediction method: GeneMarkS-2+.,OG0001777,,group_1389,Cloud,,Probably not conserved
GCF_019378875.1,I1A62_RS46185,MSALVQLVEHSTWTPTCGQPPALINDILARGVRQLLGLAS,40,hypothetical protein, ,Derived by automated computational analysis using gene prediction method: GeneMarkS-2+.,OG0001778,,group_1895,Cloud,,Probably not conserved
GCF_019378875.1,I1A62_RS07625,MDSTALTIAESNDVLTDPGTFDEVIKVLDEVHHLKYVGAGSARLP,45,hypothetical protein, ,Derived by automated computational analysis using gene prediction method: GeneMarkS-2+.,OG0001779,,group_1629,Cloud,,Probably not conserved
GCF_019378875.1,I1A62_RS07665,MHSDTRIREALHGHTKVTRRFALADVALTTFVCLVCATGIGIITGSVLAAATGGLIVVLATALMVAAV,68,hypothetical protein, ,Derived by automated computational analysis using gene prediction method: Protein Homology.,OG0000158,Shell,group_2398,Cloud,Shell,Shell
GCF_019378875.1,I1A62_RS07750,MQTGTDATKTCSSCHGPIGYEIKDAHAGFASLPPGKRYRVFHCMNRCSRSAPDGLECGHRHEYL,64,hypothetical protein, ,Derived by automated computational analysis using gene prediction method: Protein Homology.,OG0000203,Shell,group_2135,Cloud,Shell,Shell
GCF_019378875.1,I1A62_RS07780,MSHGSADARVVLDEPAAVVESSTAELAAASGTSPATVVRACQRLGFRGFRHL,52,hypothetical protein, ,Derived by automated computational analysis using gene prediction method: Protein Homology.,OG0001780,,group_1203,Cloud,,Probably not conserved
GCF_019378875.1,I1A62_RS07910,MSEMVPADDTRRIALVDLLDRVLGGGVVITGEITLSLADVDMVRISLRTLIASVSALVPDPAEQDSADG,69,gas vesicle protein, ,Derived by automated computational analysis using gene prediction method: Protein Homology.,OG0000145,Shell,group_2283,Cloud,Shell,Shell
GCF_019378875.1,I1A62_RS07920,MNMGKKIRHKVETAEGAAKKAVGKATGNAHLEAEGSKEQARGNAKQMGDKVKDAGKKIKNALKH,64,csbd family protein, ,Derived by automated computational analysis using gene prediction method: Protein Homology.,OG0000073,Shell,group_2161,Cloud,Cloud,Cloud
GCF_019378875.1,I1A62_RS08140,MTRRPDHVLAGEDVPRSHAHYVYIGLEVVKVVALLMTGVLLLGV,44,hypothetical protein, ,Derived by automated computational analysis using gene prediction method: GeneMarkS-2+.,OG0001781,,group_1686,Cloud,,Probably not conserved
GCF_019378875.1,I1A62_RS08315,MSTNTYPTIETIRIGQYGHECRYCGHAVAKDGRGYRHTTTGQYRCDPTSRALQEARLSDSLVRS,64,hypothetical protein, ,Derived by automated computational analysis using gene prediction method: Protein Homology.,OG0000148,Shell,group_2235,Cloud,Cloud,Cloud
GCF_019378875.1,I1A62_RS08375,MRLSTRNQLTGTISEVTLGSVMATVKVRLDGGEQVVTASITKEAVEELGLQAGVTATVLVKSTEVMLGVD,70,tobe domain-containing protein, ,Derived by automated computational analysis using gene prediction method: Protein Homology.,OG0000064,Soft core,,,Cloud,Cloud
GCF_019378875.1,I1A62_RS08520,MARISKKSGADLLDALRVSVIGTVVCAGLVMGVIVVAMWNFPVPGV,46,hypothetical protein, ,Derived by automated computational analysis using gene prediction method: Protein Homology.,OG0000126,Shell,group_2515,Shell,Cloud,Shell
GCF_019378875.1,I1A62_RS46250,MVFERFSDRARRVVVLAAGAARTHTAARPAGQNLETSGPRTNHQRPRHPE,50,hypothetical protein, ,Derived by automated computational analysis using gene prediction method: GeneMarkS-2+.,OG0000342,Cloud,group_1333,Cloud,,Cloud
GCF_019378875.1,I1A62_RS46255,MVVRLAADTAGTFALPLVGAFVPMAAMVAWISMSMELFFTPG,42,hypothetical protein, ,Derived by automated computational analysis using gene prediction method: GeneMarkS-2+.,OG0000341,Cloud,group_1793,Cloud,,Cloud
GCF_019378875.1,I1A62_RS46270,MISDPNRVTAIGAGILGGQIARHSAFKGKDLSAHGMYADVNRADENIAKTRKR,53,hypothetical protein, ,Derived by automated computational analysis using gene prediction method: GeneMarkS-2+.,OG0000548,Cloud,group_2401,Cloud,,Cloud
GCF_019378875.1,I1A62_RS08830,MDASHNARLDNGRLRQAFVHPRSVSTGRMGATEELIAMFGDEPADHVCGG,50,hypothetical protein, ,Derived by automated computational analysis using gene prediction method: GeneMarkS-2+.,OG0001782,,group_1334,Cloud,,Probably not conserved
GCF_019378875.1,I1A62_RS08835,MADAFDNALAATTAGPYKAEGIADDSPFRIEPLRTISDVEEATTA,45,hypothetical protein, ,Derived by automated computational analysis using gene prediction method: GeneMarkS-2+.,OG0000858,Cloud,group_2189,Cloud,,Cloud
GCF_019378875.1,I1A62_RS08840,MFTPRIRRFARSSMLLSVIGLSVLGGVGAANAASADAPRHTDDVYICWYDDGYSTTYWIC,60,hypothetical protein, ,Derived by automated computational analysis using gene prediction method: GeneMarkS-2+.,OG0000553,Cloud,group_683,Cloud,,Cloud
GCF_019378875.1,I1A62_RS08855,MAAQIGIDPTKATPAQLPKIEELTMRAEALYVSSPVQLPAFGPVAG,46,hypothetical protein, ,Derived by automated computational analysis using gene prediction method: GeneMarkS-2+.,OG0000120,Shell,group_1582,Cloud,,Cloud
GCF_019378875.1,I1A62_RS08865,MANADAQRRGAAIRLPMATLVQRSTNRRFDCSQINRNHDAPSDVTGPGRPAVVTLTNRDHHGDAVTQ,67,hypothetical protein, ,Derived by automated computational analysis using gene prediction method: GeneMarkS-2+.,OG0001783,,group_171,Cloud,,Probably not conserved
GCF_019378875.1,I1A62_RS08960,MATVSITPATPTVSRTPRHGGSMSTAEIKSRIEAMFADDRTPARRAGTAVSP,52,hypothetical protein, ,Derived by automated computational analysis using gene prediction method: Protein Homology.,OG0000002,Conserved,group_2516,Shell,,Shell
GCF_019378875.1,I1A62_RS09075,MMVSSNSLDDPVPTIVTVAQVGAVGEKVITFPALVERRQGSGADQ,45,hypothetical protein, ,Derived by automated computational analysis using gene prediction method: GeneMarkS-2+.,OG0001784,,group_1630,Cloud,,Probably not conserved
GCF_019378875.1,I1A62_RS09235,MKPAPRERRLPAAAPPAPAARRIPPSNAGGRQQRVPVPEPDVVTWPDPSPLANWWARVMFDADHDQRAS,69,hypothetical protein, ,Derived by automated computational analysis using gene prediction method: GeneMarkS-2+.,OG0000191,Shell,group_30,Cloud,,Cloud
GCF_019378875.1,I1A62_RS09320,MFKTILPVAVALWLALAAIGAWNVVAFAVAALAAVGLGTYLLARAVTEPGQR,52,hypothetical protein, ,Derived by automated computational analysis using gene prediction method: Protein Homology.,OG0001785,,group_1204,Cloud,,Probably not conserved
GCF_019378875.1,I1A62_RS46290,MLLLHLLGGLTDEEVDIIVAEELDLLANGEERSLGPRTLVRA,42,hypothetical protein, ,Derived by automated computational analysis using gene prediction method: GeneMarkS-2+.,OG0001786,,group_1794,Cloud,,Probably not conserved
GCF_019378875.1,I1A62_RS09465,MAVHILVRSSGKRGWMLRCDLCEHRFDAAVAGRPEAVAFARTNGWIVGEATWCPMCAATHTIRRTA,66,hypothetical protein, ,Derived by automated computational analysis using gene prediction method: GeneMarkS-2+.,OG0000154,Shell,group_2347,Cloud,,Cloud
GCF_019378875.1,I1A62_RS46300,MSITTQAGVDVVVPKKRARAAAMVIAAALMIEHVRADALGGT,42,hypothetical protein, ,Derived by automated computational analysis using gene prediction method: GeneMarkS-2+.,OG0001787,,group_1795,Cloud,,Probably not conserved
GCF_019378875.1,I1A62_RS10005,MNRTDLPQTLRRSSKEVQAAFATAHETAVRRYGEGEEAQRAAYGELKQSFELVTDHWVPKQD,62,chab family protein, ,Derived by automated computational analysis using gene prediction method: Protein Homology.,OG0000159,Shell,group_503,Cloud,Cloud,Cloud
GCF_019378875.1,I1A62_RS10015,MNDDQRRALEHVRDTCAMLHCFLTTRPSDRPPERVRTATFEQLTDDLLDAVTSAQNAGVPEERIFDSM,68,hypothetical protein, ,Derived by automated computational analysis using gene prediction method: Protein Homology.,OG0000135,Shell,group_2182,Cloud,Cloud,Cloud
GCF_019378875.1,I1A62_RS46305,MVFVGVQPKSSSGAVARYSICSNVTGTVEPPMGVVLMMIYWVVGRVMEK,49,hypothetical protein, ,Derived by automated computational analysis using gene prediction method: GeneMarkS-2+.,OG0001788,,group_1390,Cloud,,Probably not conserved
GCF_019378875.1,I1A62_RS10055,MELEVWGEFDEEIGGAPAGGNSAGETAFTDLPEFIPFAGLDGNLLFIDTHCNAVRSCRLP,60,hypothetical protein, ,Derived by automated computational analysis using gene prediction method: GeneMarkS-2+.,OG0001789,,group_699,Cloud,,Probably not conserved
GCF_019378875.1,I1A62_RS10295,MAPITENLGTNLLNTLRVSVVGTVLYAGLIMGVVVVAVWKFPMPGV,46,hypothetical protein, ,Derived by automated computational analysis using gene prediction method: Protein Homology.,OG0000126,Shell,group_2344,Cloud,Cloud,Cloud
GCF_019378875.1,I1A62_RS10495,MPFIDVTIGLGRSPEQIRSLIHELTEAAHRAIEAPKDNIRVVVREVPETHWAAGDVTIAERRAAR,65,tautomerase family protein, ,Derived by automated computational analysis using gene prediction method: Protein Homology.,OG0000315,Cloud,group_279,Cloud,,Cloud
GCF_019378875.1,I1A62_RS10515,MKIQIEYGMCDGHGECVIAAPEVFDLNDDGDEVILLDENPAEELRNKVNAAIKLCPVAAIRIEG,64,ferredoxin, ,Derived by automated computational analysis using gene prediction method: Protein Homology.,OG0000001,Conserved,group_2157,Cloud,Cloud,Cloud
GCF_019378875.1,I1A62_RS10595,MDIHVDYDRCEGHGECVIAAPEVFDLNDDGDEVIVLDDSPAEALRRKVEAAVKLCPVAALRIAD,64,ferredoxin, ,Derived by automated computational analysis using gene prediction method: Protein Homology.,OG0000001,Conserved,group_2281,Cloud,Soft core,Cloud
GCF_019378875.1,I1A62_RS10840,MAQEQTKRTGGGDEDDTPGGDGAAGQERREKLAEDTDDLLDEIDDVLEENAEDFVRAYVQKGGQ,64,ubiquitin-like protein pup, ,Derived by automated computational analysis using gene prediction method: Protein Homology.,OG0000037,Conserved,group_343,Shell,Soft core,Shell
GCF_019378875.1,I1A62_RS10955,MSSSDTTGETEFPASMGKVSRRELASHGYTRFDQLTTVTAKELLKIHGVGPKAIRILEAELAERGLGFAG,70,hypothetical protein, ,Derived by automated computational analysis using gene prediction method: Protein Homology.,OG0000050,Conserved,,,Shell,Shell
GCF_019378875.1,I1A62_RS11345,MVIDPTLLGILACPQDKGPLLLVGDELLYNPRLRRAYPIENGIPVLLIDEARDVDAAEHETLLARASGES,70,trm112 family protein, ,Derived by automated computational analysis using gene prediction method: Protein Homology.,OG0000038,Conserved,,,Soft core,Soft core
GCF_019378875.1,I1A62_RS11420,MPKSKTHSGTAKRFKVSGSGKILRQKAGRRHLLEHKATKVTRRLDGVAVVSKADTPRIKRLLDI,64,50s ribosomal protein l35, ,Derived by automated computational analysis using gene prediction method: Protein Homology.,OG0000039,Conserved,rpmI,Shell,Core,Shell
GCF_019378875.1,I1A62_RS11705,MPLIQISQTPGLTAEQKRATIEAVTKAYADATGKDPAKVWVTITEVPRDSWGVGGTPLG,59,2-hydroxymuconate tautomerase family protein, ,Derived by automated computational analysis using gene prediction method: Protein Homology.,OG0000160,Shell,group_2162,Shell,Shell,Shell
GCF_019378875.1,I1A62_RS11745,MSVVLVYVLFIAAGIAAGGAYSMWKFNKLASGVLLALAVLAAVAGVLRLM,50,hypothetical protein, ,Derived by automated computational analysis using gene prediction method: Protein Homology.,OG0000040,Conserved,group_1297,Shell,Conserved,Shell
GCF_019378875.1,I1A62_RS11915,MHVAVGDRLHVQGRVVGVHETTAEVVEVHGENGEPPYLVRYDDGHEALVFPGSDAWVEHPKS,62,duf1918 domain-containing protein, ,Derived by automated computational analysis using gene prediction method: Protein Homology.,OG0000041,Conserved,group_504,Shell,Core,Shell
GCF_019378875.1,I1A62_RS11920,MATYRYLDKDRNVLEEQDFGTVQDAEEHRLSVLGAEIIEEVEDSSAPES,49,hypothetical protein, ,Derived by automated computational analysis using gene prediction method: Protein Homology.,OG0000054,Core,group_2183,Shell,Soft core,Shell
GCF_019378875.1,I1A62_RS12475,MTDEDHLWYYNVEDGTVTQGKAASSMTRMGPYPDRAAAEKALQIAAERNKAADRADEEWNN,61,hypothetical protein, ,Derived by automated computational analysis using gene prediction method: Protein Homology.,OG0000042,Conserved,group_2293,Shell,Soft core,Shell
GCF_019378875.1,I1A62_RS12565,MSRDVTELGDDELLALLGEQRALLGESIANDYGCGTVRTVTSRIAEFEAELDRRGSTASRDGI,63,hypothetical protein, ,Derived by automated computational analysis using gene prediction method: Protein Homology.,OG0000192,Shell,group_2325,Shell,Shell,Shell
GCF_019378875.1,I1A62_RS12570,MPRYKVTLRNGTSSDRTFESDFQAVNETHRPTEPGAGIVKIDCYEDGGGVAGVWAAPATSRPTC,64,hypothetical protein, ,Derived by automated computational analysis using gene prediction method: Protein Homology.,OG0000113,Soft core,group_2295,Shell,Shell,Shell
GCF_019378875.1,I1A62_RS12780,MTAAGILAVALIVIAAALVVYLLVALIDPERF,32,k(+)-transporting atpase subunit f, ,Derived by automated computational analysis using gene prediction method: Protein Homology.,OG0000055,Core,group_2327,Shell,Soft core,Shell
GCF_019378875.1,I1A62_RS12965,MDRMASWWDGFELWIAGLPFVPQVALVLLVMVPVCRGLAWLLDRGLAAVFVLLRRDVPKVEEP,63,hypothetical protein, ,Derived by automated computational analysis using gene prediction method: Protein Homology.,OG0000056,Core,group_427,Shell,Shell,Shell
GCF_019378875.1,I1A62_RS13045,MSESERTDLDVDDELDAGQVWRAQRVVAAQSLDAEDCRMLLSMLGIAGNPDSPGPD,56,hypothetical protein, ,Derived by automated computational analysis using gene prediction method: Protein Homology.,OG0000161,Shell,group_2171,Shell,Shell,Shell
GCF_019378875.1,I1A62_RS46335,MNDHHVQLFSELHSTAGSQAGGEDAGEALRPVDPEHRTATEVHRALFSDQ,50,hypothetical protein, ,Derived by automated computational analysis using gene prediction method: GeneMarkS-2+.,OG0000162,Shell,group_2285,Shell,Shell,Shell
GCF_019378875.1,I1A62_RS13370,MQHSRALRLLTELSHDQQDAECLNQLHGRRRTHRNAPVPPPAGGGTGA,48,hypothetical protein, ,Derived by automated computational analysis using gene prediction method: GeneMarkS-2+.,OG0000514,Cloud,group_2408,Cloud,Cloud,Cloud
GCF_019378875.1,I1A62_RS13540,MSLYSVNQVADRLGVTADAVIDAAGLTLGELEHAAEQHGFCATNYRDVSVLTEHEVDVITARLDRP,66,hypothetical protein, ,Derived by automated computational analysis using gene prediction method: GeneMarkS-2+.,OG0000901,Cloud,group_2434,Cloud,Cloud,Cloud
GCF_019378875.1,I1A62_RS13545,MTSTTTTTANGTAVTLERDNDLIGITVAGTDSAEGQTELQLSVDSLRELLESGALERLLGTN,62,hypothetical protein, ,Derived by automated computational analysis using gene prediction method: GeneMarkS-2+.,OG0000632,Cloud,group_561,Cloud,Cloud,Cloud
GCF_019378875.1,I1A62_RS13575,MGDEQFPVWVEPSIRLRGAGRVVKGNFFIDVPPWSLREVADALHDLADENEAT,53,hypothetical protein, ,Derived by automated computational analysis using gene prediction method: GeneMarkS-2+.,OG0001790,,group_1150,Cloud,,Probably not conserved
GCF_019378875.1,I1A62_RS13590,MALISAREAGSRTGYTAVTIKKKIREGVLPGVKRGNRYFVDERDLTKLYEPVSRTPLYVDMRAALDV,67,helix-turn-helix domain-containing protein, ,Derived by automated computational analysis using gene prediction method: GeneMarkS-2+.,OG0000200,Shell,group_172,Cloud,Cloud,Cloud
GCF_019378875.1,I1A62_RS13595,MTAKNLADRWVVSEQQVRAMAAAQEIPAMKVGKMWRFPVERIAAWERANTR,51,helix-turn-helix domain-containing protein, ,Derived by automated computational analysis using gene prediction method: Protein Homology.,OG0000200,Shell,group_1274,Cloud,,Cloud
GCF_019378875.1,I1A62_RS13605,MRANVDGLLRHADINMPERRQGLERGPTNVVLLLTDVVEHVKLEEGALWQSSAL,54,hypothetical protein, ,Derived by automated computational analysis using gene prediction method: GeneMarkS-2+.,OG0001791,,group_1092,Cloud,,Probably not conserved
GCF_019378875.1,I1A62_RS13660,MSPTTISTTARIALAGFAALAISLTGAAGMAAAKPICETGCSQPLPTKNPRPDVKQMCWVEWGQTQCQVS,70,hypothetical protein, ,Derived by automated computational analysis using gene prediction method: Protein Homology.,OG0000616,Cloud,,,Cloud,Cloud
GCF_019378875.1,I1A62_RS13665,MVGKFERRKDTVQELTESAATHVGQIATIIAGAVRDVTREIGDWVSDGIEMREAAKKAREDEGEDETAD,69,hypothetical protein, ,Derived by automated computational analysis using gene prediction method: Protein Homology.,OG0000149,Shell,group_2446,Shell,Cloud,Shell
GCF_019378875.1,I1A62_RS14550,MTSPGDEAVPIAEPDDDLGGDPVCWLDRVCPDCGLFLTDRTASTCPRCGAARDR,54,hypothetical protein, ,Derived by automated computational analysis using gene prediction method: Protein Homology.,OG0000163,Shell,group_2435,Shell,Cloud,Shell
GCF_019378875.1,I1A62_RS46350,MADKSPRNSMSKKSGKSLKEKRADKKMKTNGQSDPEIVTHVKKR,44,hypothetical protein, ,Derived by automated computational analysis using gene prediction method: Protein Homology.,OG0000004,Core,group_2437,Shell,Cloud,Cloud
GCF_019378875.1,I1A62_RS14790,MTDERPAKNQTRPDKATRSTPKDETADVSKTDLAAVVDALTATNEKNFDF,50,hypothetical protein, ,Derived by automated computational analysis using gene prediction method: Protein Homology.,OG0000164,Shell,group_2447,Shell,Shell,Shell
GCF_019378875.1,I1A62_RS14895,MTSPRDLRDLALVLTREATDTGRRTDLDAAIERYGFTRAELASESTGDPDADRQ,54,hypothetical protein, ,Derived by automated computational analysis using gene prediction method: Protein Homology.,OG0000597,Cloud,group_1093,Cloud,Cloud,Cloud
GCF_019378875.1,I1A62_RS15070,MNLQTAQNTIQAAGVFFSRSADATGAGRKQVLDSNWVVVGQQPSPGELIGEGDAVLSVVKISEPNNC,67,calcium-binding protein, ,Derived by automated computational analysis using gene prediction method: Protein Homology.,OG0000253,Shell,group_2453,Shell,Shell,Shell
GCF_019378875.1,I1A62_RS15165,MKTRLTCPCGSSIVGSDEDDLVVKTQAHLTESHPGMEYSRDEILFIAY,48,duf1059 domain-containing protein, ,Derived by automated computational analysis using gene prediction method: Protein Homology.,OG0000249,Shell,group_1450,Cloud,,Cloud
GCF_019378875.1,I1A62_RS15255,MPTHHPSRTYRGCALCSPRKRRGIGVAARETIPTLRKLGKSRRLNRRDLGDYADDLRERDEQ,62,hypothetical protein, ,Derived by automated computational analysis using gene prediction method: Protein Homology.,OG0000418,Cloud,group_2454,Cloud,Cloud,Cloud
GCF_019378875.1,I1A62_RS15355,MIRVSVDNTKCIAAGLCVGREPGIFDQNDDDGLVFVHRENVLPGEQEGVIESERICPSGAIAVHTD,66,ferredoxin, ,Derived by automated computational analysis using gene prediction method: Protein Homology.,OG0000352,Cloud,group_2432,Cloud,Cloud,Cloud
GCF_019378875.1,I1A62_RS15590,MSHDPHPAPRPGEEMMVMPRAAAVPNLGMHFADDLEHASALLLRDHDYPDRRSGPG,56,hypothetical protein, ,Derived by automated computational analysis using gene prediction method: Protein Homology.,OG0000617,Cloud,group_2402,Cloud,Cloud,Cloud
GCF_019378875.1,I1A62_RS16285,MGSGPVKAIMWSLLVVGLVGAGVGISELHVPWTVASLIVASVSGLVLLRIRADAHPELHSERRMAAG,67,hypothetical protein, ,Derived by automated computational analysis using gene prediction method: Protein Homology.,OG0000165,Shell,group_2193,Shell,Shell,Shell
GCF_019378875.1,I1A62_RS16340,MNSTITGLIVGLLLAIAGILGGFSGFVFAVLLGALGMAVGAHRDGHLDLGAILRSRGRG,59,hypothetical protein, ,Derived by automated computational analysis using gene prediction method: Protein Homology.,OG0000026,Conserved,group_2303,Conserved,Shell,Shell
GCF_019378875.1,I1A62_RS16535,MSEKKIDRVKAESALEVVRESPTIALITVAPALVVFGVVWWLFGFWSALVLVLILGVVAVVGRKLF,66,hypothetical protein, ,Derived by automated computational analysis using gene prediction method: Protein Homology.,OG0000025,Conserved,group_2209,Conserved,Soft core,Soft core
GCF_019378875.1,I1A62_RS16665,MASSTDVRPKITLACEVCKHRNYITKKNRRNDPDRLEIKKFCPNCGTHQSHRESK,55,50s ribosomal protein l33, ,Derived by automated computational analysis using gene prediction method: Protein Homology.,OG0000024,Conserved,rpmG,Conserved,Conserved,Conserved
GCF_019378875.1,I1A62_RS16815,MGALSPSHWAIIAVVLVVLFGSKKLPDAARGLGRSMRILKTEVGELQADAPELEK,55,sec-independent protein translocase subunit tata, ,Derived by automated computational analysis using gene prediction method: Protein Homology.,OG0000019,Conserved,group_2146,Shell,Shell,Shell
GCF_019378875.1,I1A62_RS16890,MIYLLALIGLVTVAVLMWKAFGPNTRPMLSTRVQGPDDDPDFLWKVDRETRRKKSDEPDAGPADPAG,67,hypothetical protein, ,Derived by automated computational analysis using gene prediction method: Protein Homology.,OG0000023,Conserved,group_2246,Shell,Conserved,Shell
GCF_019378875.1,I1A62_RS17025,MGSVIKKRRKRMSKKKHRKLLRRTRVQRRKLGK,33,aurkaip1/cox24 domain-containing protein, ,Derived by automated computational analysis using gene prediction method: Protein Homology.,OG0000022,Conserved,group_1939,Conserved,Conserved,Conserved
GCF_019378875.1,I1A62_RS46375,MGSSQVGTPGPELSMKTTRAALALGVGLTALLTAGTSSARPTR,43,hypothetical protein, ,Derived by automated computational analysis using gene prediction method: GeneMarkS-2+.,OG0001792,,group_1738,Cloud,,Probably not conserved
GCF_019378875.1,I1A62_RS17550,MIVLGLILLLIGWLAGINWLWTIGIILVVIGVVLWILGATGRAVGGRRRWY,51,duf6131 family protein, ,Derived by automated computational analysis using gene prediction method: Protein Homology.,OG0000000,Conserved,group_2247,Shell,Shell,Shell
GCF_019378875.1,I1A62_RS17705,MTFDSNTPRQFTRSDSQKMLAGVCGGVAEYFSVDVNLVRLLTVVATLVTGGTAALVYLAAWMLMPAGH,68,pspc domain-containing protein, ,Derived by automated computational analysis using gene prediction method: Protein Homology.,OG0000021,Conserved,group_2380,Conserved,Shell,Shell
GCF_019378875.1,I1A62_RS18625,MATIEEFEQTVTDKVIAGLHDRFADYERRGVGLTELGDPDRFVERILAAVPAPHPWYEQFGTAWSSAPA,69,hypothetical protein, ,Derived by automated computational analysis using gene prediction method: Protein Homology.,OG0000166,Shell,group_2132,Shell,Shell,Shell
GCF_019378875.1,I1A62_RS18980,MRSPNRDALEAMVAESTIDCYNDSECVTGFYTMLHENLDLPLPAPPPDGAEWIEAYRHWLR,61,hypothetical protein, ,Derived by automated computational analysis using gene prediction method: Protein Homology.,OG0001793,,group_634,Cloud,,Probably not conserved
GCF_019378875.1,I1A62_RS19145,MNPVHDPDVAYLADHSVLLAIPAFVPAFLVAGLVIYLAVRDRKAEAAENAENAKHGPSENEEEN,64,hypothetical protein, ,Derived by automated computational analysis using gene prediction method: Protein Homology.,OG0000167,Shell,group_2396,Shell,Shell,Shell
GCF_019378875.1,I1A62_RS46405,MSEELSVKQVVAQGTAMALGRVEVESGGPFMSVATVSMNTK,41,hypothetical protein, ,Derived by automated computational analysis using gene prediction method: GeneMarkS-2+.,OG0001794,,group_1857,Cloud,,Probably not conserved
GCF_019378875.1,I1A62_RS19755,MAAYQCPVCDYVYDEASGAPREGFPAGTPWADVPDDWCCPDCGVREKIDFETKVA,55,rubredoxin, ,Derived by automated computational analysis using gene prediction method: Protein Homology.,OG0000053,Core,group_2321,Shell,Shell,Shell
GCF_019378875.1,I1A62_RS19760,MSTDFKLFRCAQCGFEYDEAEGWPEDGIEPGTRWDDIPDDWSCPDCGAAKADFDMVEVSRA,61,rubredoxin, ,Derived by automated computational analysis using gene prediction method: Protein Homology.,OG0000007,Conserved,group_2335,Shell,Shell,Shell
GCF_019378875.1,I1A62_RS46420,MNLNVALLLLVLAGGIGGTALIQAALRRSADRGRRAVFHVDG,42,hypothetical protein, ,Derived by automated computational analysis using gene prediction method: Protein Homology.,OG0000127,Shell,group_2474,Cloud,Cloud,Cloud
GCF_019378875.1,I1A62_RS46425,MADKSAVKSSKQSARALKERRAEKREKALESTQLIRKRKS,40,hypothetical protein, ,Derived by automated computational analysis using gene prediction method: Protein Homology.,OG0000004,Core,group_2478,Cloud,Cloud,Cloud
GCF_019378875.1,I1A62_RS21020,MAIAHSGWTSMPWCTRFGIDAQNADTRFELRLAFELSALIETRRESDQPEDGPVSAE,57,hypothetical protein, ,Derived by automated computational analysis using gene prediction method: GeneMarkS-2+.,OG0001795,,group_894,Cloud,,Probably not conserved
GCF_019378875.1,I1A62_RS21110,MWDVPAVQVDTSHDRLAEAQHFRTNGPCNSIAPRDNGQYHRLPRF,45,hypothetical protein, ,Derived by automated computational analysis using gene prediction method: GeneMarkS-2+.,OG0001796,,group_1631,Cloud,,Probably not conserved
GCF_019378875.1,I1A62_RS21120,MDHVEDGSRRPGLDLYRHDLTVPQTQLLGLQVTRLLGVDRYSSSWR,46,hypothetical protein, ,Derived by automated computational analysis using gene prediction method: GeneMarkS-2+.,OG0001797,,group_1583,Cloud,,Probably not conserved
GCF_019378875.1,I1A62_RS21270,MLTTDPTHTVHSALTVNSDDSVPLPSTIGLVLVERMLAHYNSTLASTV,48,hypothetical protein, ,Derived by automated computational analysis using gene prediction method: GeneMarkS-2+.,OG0000703,Cloud,group_1451,Cloud,,Cloud
GCF_019378875.1,I1A62_RS46430,MPLQSTIGLALVERMLAQLQRDPGLDDLINTQRENDNLRKRPEW,44,hypothetical protein, ,Derived by automated computational analysis using gene prediction method: GeneMarkS-2+.,OG0000554,Cloud,group_1687,Cloud,,Cloud
GCF_019378875.1,I1A62_RS21580,MSVDEERRQVELVVDRLAVEHAGLPRHTVEQIVHDVYAAFDAGVVRDFVPLLVERSAKRKIAALTSF,67,hypothetical protein, ,Derived by automated computational analysis using gene prediction method: Protein Homology.,OG0000062,Soft core,group_173,Cloud,,Cloud
GCF_019378875.1,I1A62_RS21705,MLPIERWYRELRLARIYDGTDEIQRKTIARNLLEGNVVMGEFG,43,acyl-coa dehydrogenase family protein, ,Derived by automated computational analysis using gene prediction method: Protein Homology.,OG0000264,Shell,group_1739,Cloud,,Cloud
GCF_019378875.1,I1A62_RS21890,MLTYSSHPQKGDADTTLTTTTRALPALDRLAAVLEPGDKDFAIVTPD,47,hypothetical protein, ,Derived by automated computational analysis using gene prediction method: GeneMarkS-2+.,OG0001798,,group_1513,Cloud,,Probably not conserved
GCF_019378875.1,I1A62_RS22440,MGCPSAHADALVGEELAGTTQLAVGGEGVPLVGEVLLVDEVAESAERALALVVRPSRSAS,60,hypothetical protein, ,Derived by automated computational analysis using gene prediction method: GeneMarkS-2+.,OG0001799,,group_700,Cloud,,Probably not conserved
GCF_019378875.1,I1A62_RS22480,MLDKLYAAMLTLTGIGFGGYVLLEEATNAVAGERSGGEGCARTGHSASSTPPGMSAEFS,59,hypothetical protein, ,Derived by automated computational analysis using gene prediction method: Protein Homology.,OG0000633,Cloud,group_770,Cloud,,Cloud
GCF_019378875.1,I1A62_RS22765,MATTIDVTTDEAIRRWLVDGVDFTHIIQSGDLGIEGSYFDVLLLSKVLGLRSDRKVRAGE,60,hypothetical protein, ,Derived by automated computational analysis using gene prediction method: GeneMarkS-2+.,OG0001800,,group_701,Cloud,,Probably not conserved
GCF_019378875.1,I1A62_RS22850,MRVLDRAGEMSSSYGFAMVLQQAVGLAPYCAMRSGVFLLSSACTETGIPTIACDSGIDNLLLF,63,hypothetical protein, ,Derived by automated computational analysis using gene prediction method: GeneMarkS-2+.,OG0001801,,group_471,Cloud,,Probably not conserved
GCF_019378875.1,I1A62_RS23010,MPILFVPSMVGWQMHPRKGATVADHLDADRVDFDTFDTFDAFDAFEATCALVWQPRRNG,59,hypothetical protein, ,Derived by automated computational analysis using gene prediction method: GeneMarkS-2+.,OG0001802,,group_771,Cloud,,Probably not conserved
GCF_019378875.1,I1A62_RS23105,MDTRSSASTEPTTEEKDSLTSGENFWETEVLDRVSVPSGLLGNTVMEVAMWATAPSTTA,59,hypothetical protein, ,Derived by automated computational analysis using gene prediction method: GeneMarkS-2+.,OG0001803,,group_772,Cloud,,Probably not conserved
GCF_019378875.1,I1A62_RS23130,MESTAQPSPLECPDCHALTADLEAHKHWHSRLVHDIATAVDKDISRRAHTS,51,hypothetical protein, ,Derived by automated computational analysis using gene prediction method: Protein Homology.,OG0000227,Shell,group_1261,Cloud,,Cloud
GCF_019378875.1,I1A62_RS46480,MPSALIISGSTLAKIAVVPILALVVAEYGWRAAIIVLSFTTTP,43,hypothetical protein, ,Derived by automated computational analysis using gene prediction method: GeneMarkS-2+.,OG0001804,,group_1740,Cloud,,Probably not conserved
GCF_019378875.1,I1A62_RS23550,MTDEQLITKFRHDVDGVLPDAAAEWIVEAVFDPENVMDVAVLLDLTNPVAEATPHPQTRR,60,hypothetical protein, ,Derived by automated computational analysis using gene prediction method: GeneMarkS-2+.,OG0001805,,group_702,Cloud,,Probably not conserved
GCF_019378875.1,I1A62_RS23880,MLDRLYAAVLAVAGLGYGGYILLDELTGGSDTPGEDDHRLHEVPSGAGVHAVTSL,55,hypothetical protein, ,Derived by automated computational analysis using gene prediction method: Protein Homology.,OG0000168,Shell,group_2465,Cloud,,Cloud
GCF_019378875.1,I1A62_RS46495,MTYNLRRLKTRDLVVRIEGTHRYSSHGLDTVNSSPGSTTGHCAQA,45,hypothetical protein, ,Derived by automated computational analysis using gene prediction method: GeneMarkS-2+.,OG0001806,,group_1632,Cloud,,Probably not conserved
GCF_019378875.1,I1A62_RS24320,MRAPTPTGPSPLPSGALSARPDERAALFRRLALWGLSMVIIGPLLSWGIFTLS,53,hypothetical protein, ,Derived by automated computational analysis using gene prediction method: GeneMarkS-2+.,OG0001807,,group_1151,Cloud,,Probably not conserved
GCF_019378875.1,I1A62_RS46500,MTSNLPSHAGFRHLHNFEESLHETAKSSHRGISVDAVDVGELQRFHWRQHRSGEWDVHE,59,hypothetical protein, ,Derived by automated computational analysis using gene prediction method: GeneMarkS-2+.,OG0001808,,group_773,Cloud,,Probably not conserved
GCF_019378875.1,I1A62_RS25030,MTRLQASSVSAPHHSIPTRRVLSTPEILHRIQAMFADRNDPGSAAPDQNPSAT,53,hypothetical protein, ,Derived by automated computational analysis using gene prediction method: GeneMarkS-2+.,OG0000322,Cloud,group_1152,Cloud,,Cloud
GCF_019378875.1,I1A62_RS25070,MPQNGAARAFADLAEQDAARAVLGGSARAFRMTEAIQSGTVWLNTGASSGNPFVMR,56,hypothetical protein, ,Derived by automated computational analysis using gene prediction method: GeneMarkS-2+.,OG0000860,Cloud,group_2497,Cloud,,Cloud
GCF_019378875.1,I1A62_RS25125,MATCRVLDPSGNVVETKDITSAEDAHAWFVDVRADNSELGWRMEVQHTDGWSFFDDTEGAR,61,hypothetical protein, ,Derived by automated computational analysis using gene prediction method: Protein Homology.,OG0000066,Soft core,group_2218,Cloud,,Cloud
GCF_019378875.1,I1A62_RS25130,MADPLIEELTERIGQAVARAAKNGDPLFGTVELTICELTELLEHIQRLSPTAE,53,hypothetical protein, ,Derived by automated computational analysis using gene prediction method: Protein Homology.,OG0000136,Shell,group_1144,Cloud,Cloud,Cloud
GCF_019378875.1,I1A62_RS25195,MNAPLGTLADGPAADTIERGESNAQIRPLSECTGVAQRSVVTQRPVVA,48,hypothetical protein, ,Derived by automated computational analysis using gene prediction method: GeneMarkS-2+.,OG0000705,Cloud,group_1452,Cloud,,Cloud
GCF_019378875.1,I1A62_RS25330,MKREDIWSGTVVKKSRGLLDGSNLYRRVTVRTDDDRTAKVRVNRTLWNELAVGDRVVKDADQEPHRA,67,hypothetical protein, ,Derived by automated computational analysis using gene prediction method: Protein Homology.,OG0000876,Cloud,group_2368,Cloud,,Cloud
GCF_019378875.1,I1A62_RS25635,MHPVAKRQRLEVLIGILGFFTVMAFVAAVVEVFRGDPGVTPALVLLGCLVLSGLAITARKRVR,63,hypothetical protein, ,Derived by automated computational analysis using gene prediction method: Protein Homology.,OG0000051,Conserved,group_2423,Shell,Shell,Shell
GCF_019378875.1,I1A62_RS26030,MSTSSVTVTGMTCDHCVSSVTEEISELPGVTAVNVDLATGTVVIESTTDLDPGAVAGAVEEAGYSVAG,68,heavy metal-associated domain-containing protein, ,Derived by automated computational analysis using gene prediction method: Protein Homology.,OG0000006,Conserved,group_2406,Shell,Cloud,Cloud
GCF_019378875.1,I1A62_RS26055,MTNPNEFETPATDRTDTTPQAAAPTCCSTERQTTCCDQSEKSTCCGPAATAGGGCGCQ,58,hypothetical protein, ,Derived by automated computational analysis using gene prediction method: GeneMarkS-2+.,OG0000243,Shell,group_2376,Cloud,Cloud,Cloud
GCF_019378875.1,I1A62_RS46535,MRWVEPAIVVDVAYRDLTSGGLRHPSYKGTRLDIDPASVRVEDL,44,hypothetical protein, ,Derived by automated computational analysis using gene prediction method: Protein Homology.,OG0001809,,group_1688,Cloud,,Probably not conserved
GCF_019378875.1,I1A62_RS46545,MLRYLLEAVLVLAGVSRNGGYICLDDAAASGSTSESSAAPIN,42,hypothetical protein, ,Derived by automated computational analysis using gene prediction method: GeneMarkS-2+.,OG0000363,Cloud,group_1796,Cloud,,Cloud
GCF_019378875.1,I1A62_RS27035,MIDTCHGTLIVHTLYGAECTDESCVELSEVRHALIIDCDEFGDCACSAVFAEELRHAS,58,hypothetical protein, ,Derived by automated computational analysis using gene prediction method: Protein Homology.,OG0000169,Shell,group_2231,Shell,Shell,Shell
GCF_019378875.1,I1A62_RS27215,MAKGKRTFQPNNRRRARVHGFRLRMRTRAGRAIVSARRRKGRESLTA,47,50s ribosomal protein l34, ,Derived by automated computational analysis using gene prediction method: Protein Homology.,OG0000052,Conserved,rpmH,Conserved,Shell,Shell
GCF_019378875.1,I1A62_RS27650,MTGDDELLQVEKVIERLITRYPSVSSVDIEHIVRTVHKRLAESRVRDFIPLLVEKAARRDLAARATESVG,70,hypothetical protein, ,Derived by automated computational analysis using gene prediction method: Protein Homology.,OG0000062,Soft core,,,,Probably not conserved
GCF_019378875.1,I1A62_RS27855,MSTTRLRQITHSAATTFSSSTDLTGALIRAAIAHGEHEKRIGAEDPNWPHWYAAYMVAEQAGTELPV,67,glyoxalase, ,Derived by automated computational analysis using gene prediction method: Protein Homology.,OG0000221,Shell,group_2232,Cloud,Cloud,Cloud
GCF_019378875.1,I1A62_RS46570,MFHDGTLTLHLAHQEPSDLAAQANWLPEPDGEFYLIIRAYVPDRTILDDSYRFPDVIRKQ,60,duf1214 domain-containing protein, ,Derived by automated computational analysis using gene prediction method: Protein Homology.,OG0001810,,group_703,Cloud,,Probably not conserved
GCF_019378875.1,I1A62_RS28270,MNVRRTPQARSESYWEELGSTEARHVGGAERDRLPAAHEHVSLVDHCRVDPRG,53,hypothetical protein, ,Derived by automated computational analysis using gene prediction method: Protein Homology.,OG0000275,Shell,group_2324,Cloud,Cloud,Cloud
GCF_019378875.1,I1A62_RS28540,MSDRDASIFESERELDEDSVRNAQRTVAHHSIDADDCRMLLAALGIPLVRGTGNETLSGTAGAEAL,66,hypothetical protein, ,Derived by automated computational analysis using gene prediction method: Protein Homology.,OG0000170,Shell,group_2353,Shell,Shell,Shell
GCF_019378875.1,I1A62_RS28600,MKRTYVFEHRRDVVNPFWMMPILGILGLRARHLVGFTAVQLVFHLPIVLGLLWFLGNTLTYDPPVQP,67,tigr00366 family protein, ,Derived by automated computational analysis using gene prediction method: Protein Homology.,OG0001811,,group_174,Cloud,,Probably not conserved
GCF_019378875.1,I1A62_RS28960,MSLYLQPRQSGAAPTPYERKLAGAIEEVFGTGVHHLEGLVKGLNALGIHSPGGDAWTTDTFTDEIRRMGA,70,hypothetical protein, ,Derived by automated computational analysis using gene prediction method: Protein Homology.,OG0000171,Shell,,,Cloud,Cloud
GCF_019378875.1,I1A62_RS29280,MFVCICRAVTEDEVHEHCAAGADSADAIGERCGAGWGCGTCVDRLKEILGERTVVGSTAA,60,(2fe-2s)-binding protein, ,Derived by automated computational analysis using gene prediction method: Protein Homology.,OG0000150,Shell,group_2172,Shell,,Shell
GCF_019378875.1,I1A62_RS29785,MGIADKASNKAEDLKGQTKEAAGKATGNPDLRDEGKADQASSAVKDAGEKIKDAGKNLKDKLT,63,csbd family protein, ,Derived by automated computational analysis using gene prediction method: Protein Homology.,OG0000011,Conserved,group_2411,Conserved,,Conserved
GCF_019378875.1,I1A62_RS29830,MFDEFYLDRVAVQSLIVQLERAQLELEAPVPTPVLGGVRDLAVDLFETASFAANMGLAFAIKFVTSAIK,69,hypothetical protein, ,Derived by automated computational analysis using gene prediction method: GeneMarkS-2+.,OG0001812,,group_31,Cloud,,Probably not conserved
GCF_019378875.1,I1A62_RS29840,MRPVNTEWMRRPGPPPMLAIWLIVAGELFDADTQAAHAAATTPAGAGPKGTGAGLATAAPVST,63,hypothetical protein, ,Derived by automated computational analysis using gene prediction method: GeneMarkS-2+.,OG0001813,,group_472,Cloud,,Probably not conserved
GCF_019378875.1,I1A62_RS29870,MNTSAQAADEWWHTLPPERRAQIHRWVDRPHTHHETPGQIEIPIPTTQKEVT,52,hypothetical protein, ,Derived by automated computational analysis using gene prediction method: GeneMarkS-2+.,OG0000821,Cloud,group_1205,Cloud,,Cloud
GCF_019378875.1,I1A62_RS29880,MSTTDLFPDCVLPGCDHPVAHVGDGCETCKNAFGWMLTGTPTRLTAQEIAERDRAVTATYAARRP,65,hypothetical protein, ,Derived by automated computational analysis using gene prediction method: Protein Homology.,OG0000883,Cloud,group_313,Cloud,,Cloud
GCF_019378875.1,I1A62_RS29925,MVFEILKVVIMLLATCTATAGAMAAIGCYIVWAYNRGIDERDPEGGE,47,hypothetical protein, ,Derived by automated computational analysis using gene prediction method: GeneMarkS-2+.,OG0000752,Cloud,group_1514,Cloud,,Cloud
GCF_019378875.1,I1A62_RS29955,MTAKSWEPVADAPCPVCWRPVWVSARGRVEHHTDKASRPCPMGGGYLHANNETAEDVPR,59,hypothetical protein, ,Derived by automated computational analysis using gene prediction method: GeneMarkS-2+.,OG0001814,,group_774,Cloud,,Probably not conserved
GCF_019378875.1,I1A62_RS30040,MAKQLRVVHGLSKTDDTFSADSGFDVDDTGVLVIKSATGQHVKVYNRDAWAAASYEDVER,60,hypothetical protein, ,Derived by automated computational analysis using gene prediction method: GeneMarkS-2+.,OG0001815,,group_704,Cloud,,Probably not conserved
GCF_019378875.1,I1A62_RS30155,MSRKSSPTADFFIRNKERADAMKALDTFFRAGGEDHKLLTVLAIDNPDILLAAIEQATKNLDRAKKADQ,69,hypothetical protein, ,Derived by automated computational analysis using gene prediction method: GeneMarkS-2+.,OG0001816,,group_32,Cloud,,Probably not conserved
GCF_019378875.1,I1A62_RS30160,MTHLQSALDYLNQFPPHTPARAAADGLITLLIENGTFTYADQHEYERYIAPRKVS,55,hypothetical protein, ,Derived by automated computational analysis using gene prediction method: GeneMarkS-2+.,OG0001817,,group_1039,Cloud,,Probably not conserved
GCF_019378875.1,I1A62_RS46620,MRTLNRRRFLTVSAGIGMAAVAAACSSGTEAGAEGDTRTVTHKKGTTEVPGDPQPRTVHR,60,hypothetical protein, ,Derived by automated computational analysis using gene prediction method: GeneMarkS-2+.,OG0001818,,group_705,Cloud,,Probably not conserved
GCF_019378875.1,I1A62_RS30820,MGDDAATGRFAVVRVVAGSVGVGFGVAWIERDVSVVGVRVEAVGEDGDAV,50,hypothetical protein, ,Derived by automated computational analysis using gene prediction method: GeneMarkS-2+.,OG0000454,Cloud,group_1335,Cloud,,Cloud
GCF_019378875.1,I1A62_RS30890,MSELTSWEYATVPLLTHATKQILDQWGTDGWELVTVLPGPTGEQHVAYLKRPKG,54,duf4177 domain-containing protein, ,Derived by automated computational analysis using gene prediction method: Protein Homology.,OG0000012,Conserved,group_2273,Conserved,Shell,Shell
GCF_019378875.1,I1A62_RS31055,MAQGTVKWFNAEKGFGFIAPEDGSADVFVHYSEIQGSGFRTLEENQRVEFEVGQGTKGPQATGVRAV,67,cold-shock protein, ,Derived by automated computational analysis using gene prediction method: Protein Homology.,OG0000013,Conserved,group_128,Conserved,Shell,Shell
GCF_019378875.1,I1A62_RS46625,MAMQVFSLIAILGALIVLIPTALRVFGKSDNVKAPDETDE,40,hypothetical protein, ,Derived by automated computational analysis using gene prediction method: Protein Homology.,OG0000172,Shell,group_2042,Shell,Shell,Shell
GCF_019378875.1,I1A62_RS31090,MSDSLKDRVREKLLRQLAEDGGHPVQEAEGDDPRLVSIDSDLAALEQASEGDLVIEQLAAKYWVP,65,hypothetical protein, ,Derived by automated computational analysis using gene prediction method: Protein Homology.,OG0000014,Conserved,group_2342,Conserved,Shell,Shell
GCF_019378875.1,I1A62_RS31455,MVYVSSPSKSVEALGIVLIAVGVVLLALLTLYLVGFDQGAISRSGMYLHELMHDGRHLLGVPCH,64,cbtb domain-containing protein, ,Derived by automated computational analysis using gene prediction method: Protein Homology.,OG0000173,Shell,group_2252,Shell,Shell,Shell
GCF_019378875.1,I1A62_RS31480,MALAYAPGSSVDTTRLAVISFAIVLFAMLALYLVGFDQGAISRSGMYMHELMHDGRHLLGLPCH,64,cbtb domain-containing protein, ,Derived by automated computational analysis using gene prediction method: Protein Homology.,OG0000008,Conserved,group_2468,Conserved,Soft core,Soft core
GCF_019378875.1,I1A62_RS32285,MTTAVEAFRPAPRPLRERIRVVIDHWLDRDPAALCTESAAARTPFRTRDGRRSLEVGVSALVDH,64,hypothetical protein, ,Derived by automated computational analysis using gene prediction method: GeneMarkS-2+.,OG0000861,Cloud,group_2384,Cloud,Cloud,Cloud
GCF_019378875.1,I1A62_RS33110,MAQGVVKWFNSEKGFGFIAPDDGSADVFVHYSEISGSGYKSLEENQRVEFEVGQGQKGPQAQNVRAV,67,cold-shock protein, ,Derived by automated computational analysis using gene prediction method: Protein Homology.,OG0000003,Conserved,group_141,Shell,Shell,Shell
GCF_019378875.1,I1A62_RS33515,MEVRVDFDRCEANGVCVGIAPDIFELDDDDQLHITSAVPPADREEDVRTAIAQCPRAALTEHP,63,ferredoxin, ,Derived by automated computational analysis using gene prediction method: Protein Homology.,OG0000005,Conserved,group_2144,Shell,Shell,Shell
GCF_019378875.1,I1A62_RS33585,MAAKTTAENDIADEDLEPLADETARQAQRVVAAYAEDADECRMLLSMLGIGPTTKLD,57,hypothetical protein, ,Derived by automated computational analysis using gene prediction method: Protein Homology.,OG0000015,Conserved,group_859,Shell,Shell,Shell
GCF_019378875.1,I1A62_RS33715,MSDSAVEFGTSDAISKELLSLAANSTLAQRYKPGFVLHVKNALHLGAGGRAVRETLDIAAVAPAHRCVG,69,hypothetical protein, ,Derived by automated computational analysis using gene prediction method: GeneMarkS-2+.,OG0001819,,group_33,Cloud,,Probably not conserved
GCF_019378875.1,I1A62_RS46645,MDGTITSLLGKRPIVLGHEIVGTVSAVGSGVELFRQGDRVAVPATTDGPFIRRSAQWSRCSRGRR,65,alcohol dehydrogenase catalytic domain-containing protein, ,Derived by automated computational analysis using gene prediction method: Protein Homology.,OG0001820,,group_314,Cloud,,Probably not conserved
GCF_019378875.1,I1A62_RS33785,MQVNSCRSTVLAAVAALPTLERETLALVFYRGMSCDEVAATMKTTVDVVRDRLHEGSRTLLAGVGGEL,68,sigma factor-like helix-turn-helix dna-binding protein, ,Derived by automated computational analysis using gene prediction method: Protein Homology.,OG0000174,Shell,group_2332,Shell,Shell,Shell
GCF_019378875.1,I1A62_RS33820,MPASSAFHGSATSTATRGGATMSTEEIKARIEAMFADEAADTSPALVE,48,hypothetical protein, ,Derived by automated computational analysis using gene prediction method: Protein Homology.,OG0000002,Conserved,group_2311,Shell,Shell,Shell
GCF_019378875.1,I1A62_RS33825,MTTHDPQSTPHDGEVLVLGAGSGGAIAGGLIATLALSALTLLSSLPT,47,hypothetical protein, ,Derived by automated computational analysis using gene prediction method: Protein Homology.,OG0000146,Shell,group_2277,Shell,Shell,Shell
GCF_019378875.1,I1A62_RS34290,MHVTADAGRCRGYGSCMLEAPEVFDLDEDENKVILLQESPPESLHTKTDRAIRSCPAKALGTRDE,65,ferredoxin, ,Derived by automated computational analysis using gene prediction method: Protein Homology.,OG0000001,Conserved,group_302,Cloud,Cloud,Cloud
GCF_019378875.1,I1A62_RS34340,MSSRIATTLAAIALTLSLGTLAAPAAVAAPAAPSPTPAVGSIAVCLNLPLGSASISFCI,59,hypothetical protein, ,Derived by automated computational analysis using gene prediction method: Protein Homology.,OG0000175,Shell,group_2150,Shell,Shell,Shell
GCF_019378875.1,I1A62_RS34445,MGRGRAKAKQTKVARELKYSVPTTDFDSLQRELSGGSSNSHRDEVFADQRADREGHSREDDDDWRR,66,duf3073 domain-containing protein, ,Derived by automated computational analysis using gene prediction method: Protein Homology.,OG0000049,Conserved,group_209,Shell,Shell,Shell
GCF_019378875.1,I1A62_RS34735,MTPKDDSGPKTTTTDSGAPGADKDVVSDPAEDDKGSGADWSGEGGATPEGPATDTDSG,58,hypothetical protein, ,Derived by automated computational analysis using gene prediction method: Protein Homology.,OG0000020,Core,group_2276,Shell,Shell,Shell
GCF_019378875.1,I1A62_RS35025,MANNSKKQYVDPGWPETADGDHAVTELSSTRAGGLSPFGEDTEFPLPAESLPYAHPHTVINR,62,hypothetical protein, ,Derived by automated computational analysis using gene prediction method: Protein Homology.,OG0000048,Conserved,group_2147,Shell,Shell,Shell
GCF_019378875.1,I1A62_RS46670,MLGIMLGLGGAAIGLGIGVMALGVGLLLSDATIKHDVGELPD,42,hypothetical protein, ,Derived by automated computational analysis using gene prediction method: GeneMarkS-2+.,OG0000176,Shell,group_1761,Shell,Shell,Shell
GCF_019378875.1,I1A62_RS35410,MSFVDTLKGLLGKGKEAASQNADKVHGAIDKAADVADSKTGGKYSNQIDKAADAAKKAVPPKE,63,antitoxin, ,Derived by automated computational analysis using gene prediction method: Protein Homology.,OG0000010,Conserved,group_2241,Shell,Shell,Shell
GCF_019378875.1,I1A62_RS35685,MVRRDPRGAALVANSGAGFGILDVVCATPRDYGNDPDSIFSTLAL,45,hypothetical protein, ,Derived by automated computational analysis using gene prediction method: GeneMarkS-2+.,OG0000875,Cloud,group_2060,Cloud,Cloud,Cloud
GCF_019378875.1,I1A62_RS35810,MKANPDRHDQLPEHQRIADLVDDMEDRLAAEREAKGIAGNASERKQEEQVEPDDQAPE,58,hypothetical protein, ,Derived by automated computational analysis using gene prediction method: Protein Homology.,OG0000177,Shell,group_2271,Shell,Shell,Shell
GCF_019378875.1,I1A62_RS35875,MIVLGIILLVIGLVAGISILTTIGIILLVIGLVLLLLGTTGRAVGGRKYWY,51,duf6131 family protein, ,Derived by automated computational analysis using gene prediction method: Protein Homology.,OG0000193,Shell,group_2133,Shell,Shell,Shell
GCF_019378875.1,I1A62_RS35880,MRIGRLLSLIVIIWLIIGAIAVFQRGYFKDAQADCASAGTIAVTVIAGPLNYAGVNPKIDCEVPQPSQ,68,hypothetical protein, ,Derived by automated computational analysis using gene prediction method: Protein Homology.,OG0000017,Conserved,group_2272,Shell,Soft core,Shell
GCF_019378875.1,I1A62_RS36135,MGKFLVPGVVSAVVGVALGTVATLGITAAAQDNTRPEVDRSGNADSSLLNQVEYGSR,57,duf2613 domain-containing protein, ,Derived by automated computational analysis using gene prediction method: Protein Homology.,OG0000016,Conserved,group_860,Shell,Shell,Shell
GCF_019378875.1,I1A62_RS36540,MIAIGVVLIVVGLVVKISSLWIAGLIVGAVGLLLLLLGLMGRKVGGRKYWY,51,hypothetical protein, ,Derived by automated computational analysis using gene prediction method: Protein Homology.,OG0000000,Conserved,group_2200,Cloud,Cloud,Cloud
GCF_019378875.1,I1A62_RS36630,MKKIVIDRPRCEGHGLCEEIAPDLMHLDDAGELILDVEDIPEGSPELTDAGAAVRVCPVAALRLA,65,ferredoxin, ,Derived by automated computational analysis using gene prediction method: Protein Homology.,OG0000001,Conserved,group_2123,Cloud,Cloud,Cloud
GCF_019378875.1,I1A62_RS37030,MNHAATDAGVGAPALSLHFAQVFFLILLRIVKLVLESIHVALGLYDVHHHQQRTRQLKQQRQRVERIHH,69,hypothetical protein, ,Derived by automated computational analysis using gene prediction method: GeneMarkS-2+.,OG0001821,,group_34,Cloud,,Probably not conserved
GCF_019378875.1,I1A62_RS46690,MPTALEESRRHALDLTNEKIQAVKDFFTNIFRLDTTHRTEA,41,hypothetical protein, ,Derived by automated computational analysis using gene prediction method: GeneMarkS-2+.,OG0000178,Shell,group_2433,Shell,Shell,Shell
GCF_019378875.1,I1A62_RS37295,MWWIAWVLLAWIALSVPLAILVGKAIRQKELHELPAKEDATSKNDPPDRTVA,52,hypothetical protein, ,Derived by automated computational analysis using gene prediction method: Protein Homology.,OG0000079,Soft core,group_2417,Shell,Shell,Shell
GCF_019378875.1,I1A62_RS37735,MIMHVTPTPTPTVSKALWSTEEIKARLEQMDIPRSHTRRGPRWGSRDR,48,hypothetical protein, ,Derived by automated computational analysis using gene prediction method: Protein Homology.,OG0000179,Shell,group_2404,Shell,Shell,Shell
GCF_019378875.1,I1A62_RS38070,MTTLITLLCMALLAAAVAHFGPKEGGKGVFRLEQFRIGAPLGGIFPDQSSSPEDLDWPDPGRQCSGGRGR,70,hypothetical protein, ,Derived by automated computational analysis using gene prediction method: Protein Homology.,OG0000194,Shell,,,Shell,Shell
GCF_019378875.1,I1A62_RS38350,MAARNEIRPIVKLKSTAGTGYTYVTRKNRRNDPDRLVMKKYDPVVRKHVDFREEK,55,50s ribosomal protein l33, ,Derived by automated computational analysis using gene prediction method: Protein Homology.,OG0000047,Conserved,group_2305,Shell,Shell,Shell
GCF_019378875.1,I1A62_RS38645,MAEGIVKWFNSEKGFGFIAPEDGSADVFVHYSEIQSGGFRTLEENQRVSFEIGQGNKGPQATGVTLI,67,cold-shock protein, ,Derived by automated computational analysis using gene prediction method: Protein Homology.,OG0000046,Conserved,group_2233,Shell,Shell,Shell
GCF_019378875.1,I1A62_RS39130,MAVSNSECRCGHTFAAHEHYRKGTSCAMCDCPKFRRPFPRLIGKLVGR,48,hypothetical protein, ,Derived by automated computational analysis using gene prediction method: GeneMarkS-2+.,OG0000709,Cloud,group_2288,Cloud,Cloud,Cloud
GCF_019378875.1,I1A62_RS39535,MSEDRRISRLLPVRRVLAAAGIAGLVAGGGMAAAADPATPDSTVAAPLVSAGFGAPDAVSSGS,63,hypothetical protein, ,Derived by automated computational analysis using gene prediction method: Protein Homology.,OG0000180,Shell,group_2175,Shell,Shell,Shell
GCF_019378875.1,I1A62_RS39675,MNKVVGAVRTAWWWTGALMGDHDYSRYVEHLRRHHPDAEVPSERDYWKARYADADANPGARCC,63,ybdd/yjix family protein, ,Derived by automated computational analysis using gene prediction method: Protein Homology.,OG0000045,Conserved,group_2289,Shell,Soft core,Shell
GCF_019378875.1,I1A62_RS39750,MAESVKGPASYFPSIEEKYGRPISEWQTLIRSSELTKHMELVSWLKSEHGLGHGHANALVAHTLKEDAAG,70,duf4287 domain-containing protein, ,Derived by automated computational analysis using gene prediction method: Protein Homology.,OG0000027,Conserved,,,Shell,Shell
GCF_019378875.1,I1A62_RS39805,MDLAFLSEFFSAFSDLAGALDFFSGSADALGGGADAATAAAATLG,45,hypothetical protein, ,Derived by automated computational analysis using gene prediction method: Protein Homology.,OG0000181,Shell,group_2197,Shell,Shell,Shell
GCF_019378875.1,I1A62_RS39955,MGKVKAGKVSGLKPKKKCCRSKTRCIKCPVVIMRMKKLENEGASKKELKKGLKKARAA,58,hypothetical protein, ,Derived by automated computational analysis using gene prediction method: Protein Homology.,OG0000044,Conserved,group_2219,Shell,Soft core,Shell
GCF_019378875.1,I1A62_RS39975,MYNWDVQNAIVAFVDTLRPSWPAQHDLYYSVLYGFADMQSHLLTLLGYPPVA,52,hypothetical protein, ,Derived by automated computational analysis using gene prediction method: Protein Homology.,OG0000058,Core,group_1177,Shell,Soft core,Shell
GCF_019378875.1,I1A62_RS40015,MTSFDAADSPEVPEADRLEQEIAVDDDNSDEVEEVSSLEVNEADAAEQSRAVPVDEDYPRG,61,hypothetical protein, ,Derived by automated computational analysis using gene prediction method: Protein Homology.,OG0000057,Core,group_2212,Shell,Shell,Shell
GCF_019378875.1,I1A62_RS40185,MAAMKPRTGDGPLEATKEGRGIVMRVPLEGGGRLVVELTPEEAAALGEELKGVTS,55,duf3117 domain-containing protein, ,Derived by automated computational analysis using gene prediction method: Protein Homology.,OG0000043,Conserved,group_1006,Shell,Shell,Shell
GCF_019378875.1,I1A62_RS46710,MIGASVLRQQGGGGNASGAGPGWGEAPAPDASVQVGQYALLIA,43,hypothetical protein, ,Derived by automated computational analysis using gene prediction method: GeneMarkS-2+.,OG0001822,,group_1741,Cloud,,Probably not conserved
GCF_019378875.1,I1A62_RS40660,MSDRDNNVLENDLVEESLVEEVSIDGMCGVY,31,mycofactocin precursor mfta, ,"Mycofactocin is a small molecule electron carrier derived from the final two amino acids, Val-Tyr, of MftA, the mycofactocin precursor. It plays a role in redox homeostasis and the metabolism of alcohols and aldehydes in Actinobacteria, including Mycobacterium tuberculosis; Derived by automated computational analysis using gene prediction method: Protein Homology.",OG0000009,Conserved,group_2326,Conserved,Shell,Shell
GCF_019378875.1,I1A62_RS41020,MAKKALVNKANKKPKFAVRAYTRCQRCGRPHSVFRKFGLCRICVREMAHAGELPGVHKSSW,61,type z 30s ribosomal protein s14, ,Derived by automated computational analysis using gene prediction method: Protein Homology.,OG0000028,Conserved,group_2294,Conserved,Shell,Shell
GCF_019378875.1,I1A62_RS41045,MAELKVTQIKSTIGTKQNQRNSLRTLGLKGIRQTVVREDNAQNRGLINVVRHLVTVEEV,59,50s ribosomal protein l30, ,Derived by automated computational analysis using gene prediction method: Protein Homology.,OG0000029,Conserved,rpmD,Conserved,Soft core,Soft core
GCF_019378875.1,I1A62_RS41080,MKVQPSVKKICEKCKVIRRNGRVMVICENLRHKQRQG,37,50s ribosomal protein l36, ,Derived by automated computational analysis using gene prediction method: Protein Homology.,OG0000030,Conserved,rpmJ,Conserved,Soft core,Soft core
GCF_019378875.1,I1A62_RS46725,MLVIGILLALSLASVAWLCVSTAQGGRSGLAGPPRSHLHSD,41,hypothetical protein, ,Derived by automated computational analysis using gene prediction method: GeneMarkS-2+.,OG0000182,Shell,group_2124,Shell,Shell,Shell
GCF_019378875.1,I1A62_RS42385,MTFTVTHRSFDQLAEFAVTDFGDDDSYSIHESGALVIVRAARELIYAPGSWFLVEREDGQEDGSPGNYM,69,hypothetical protein, ,Derived by automated computational analysis using gene prediction method: Protein Homology.,OG0000151,Shell,group_2,Shell,Shell,Shell
GCF_019378875.1,I1A62_RS42760,MTDADNEDTKKKFREALERKNHQAGLSADHKDADSKVHHAHGPADHKREFRRKTG,55,duf5302 domain-containing protein, ,Derived by automated computational analysis using gene prediction method: Protein Homology.,OG0000031,Conserved,group_2470,Core,Soft core,Soft core
GCF_019378875.1,I1A62_RS42850,MAAVCDVCAKGPGFGKSVSHSHRRTNRRWNPNIQTVRAEVAPGNTRKVNVCTSCLKAGKVARG,63,50s ribosomal protein l28, ,Derived by automated computational analysis using gene prediction method: Protein Homology.,OG0000032,Conserved,rpmB,Conserved,Soft core,Soft core
GCF_019378875.1,I1A62_RS42890,MAVPKRRMSRSNTRSRRSQWKTTVPTLVTCPNRGCGEKTLPHVACPSCGTYKGRQVTAAV,60,50s ribosomal protein l32, ,Derived by automated computational analysis using gene prediction method: Protein Homology.,OG0000033,Conserved,group_2479,Conserved,Soft core,Soft core
GCF_019378875.1,I1A62_RS43505,MTDVFLLGAVLSGGIGVLGLAVALFGGAEPNPLCACTFDGRTEVCDDRRS,50,hypothetical protein, ,Derived by automated computational analysis using gene prediction method: Protein Homology.,OG0000360,Cloud,group_2300,Cloud,Cloud,Cloud
GCF_019378875.1,I1A62_RS43525,MRLIRGLLDVVLGILTAVLGTVLGIVAAVVWLVGGILCVTILLIPLGLPVMRLARRLFTLAGKLMHLP,68,hypothetical protein, ,Derived by automated computational analysis using gene prediction method: Protein Homology.,OG0000152,Shell,group_2196,Shell,Shell,Shell
GCF_019378875.1,I1A62_RS46730,MKIHKSLLILLLGGTAALRTILRRPTPRRRGDGVPFHANG,40,hypothetical protein, ,Derived by automated computational analysis using gene prediction method: GeneMarkS-2+.,OG0000127,Shell,group_2457,Shell,Cloud,Shell
GCF_019378875.1,I1A62_RS43755,MFWKIVLAVAAIWIALAVVGALVKGLFWILVVSAVVFGVYLLIKAMSGTGEKSDITRS,58,hypothetical protein, ,Derived by automated computational analysis using gene prediction method: Protein Homology.,OG0000034,Conserved,group_808,Shell,Soft core,Shell
GCF_019378875.1,I1A62_RS43780,MRLTEFHELVREEFGQMRGDALLVDHVLLSLGGKTAAEAIEDGREPREVWRELCAEFDVPPQRR,64,duf3046 domain-containing protein, ,Derived by automated computational analysis using gene prediction method: Protein Homology.,OG0000035,Conserved,group_2481,Conserved,Soft core,Soft core
GCF_019378875.1,I1A62_RS46750,MPGTLTSPPLTAADRCDRCGAGARVRAVLPTGGELLFCGHHANEHADRLREMNATIVSEAEAAI,64,hypothetical protein, ,Derived by automated computational analysis using gene prediction method: Protein Homology.,OG0000036,Conserved,group_2483,Conserved,Soft core,Soft core
GCF_019378875.1,I1A62_RS44770,MAGIESKFDKAYETKPVEELAGAPVAALQGVSDSDAEHLAAAFNIKTVKDLGTNKYFLWAQAVAKLAE,68,hypothetical protein, ,Derived by automated computational analysis using gene prediction method: Protein Homology.,OG0000070,Soft core,group_2484,Soft core,Cloud,Cloud
GCF_019378875.1,I1A62_RS45220,MDLTAIGVGFGYVVVVLTILVVVVGVTALFVFSIKSDFIPPDSTGTPTGRKRIGRVE,57,adenylate cyclase, ,Derived by automated computational analysis using gene prediction method: Protein Homology.,OG0000195,Shell,group_2339,Cloud,Cloud,Cloud
GCF_019378875.1,I1A62_RS45305,MSTSRRLGWFTQEYGYSVTNVVDVALQEFFARNGVPDVDSNGEVAE,46,hypothetical protein, ,Derived by automated computational analysis using gene prediction method: Protein Homology.,OG0000362,Cloud,,,Cloud,Cloud
GCF_019378875.1,I1A62_RS45350,MHLVAWLLAEGRHGGDRVGLTPDAAVRALVAADGLAVTVDEVAELDGISKAANMSGAPAMRIGTRTHG,68,hypothetical protein, ,Derived by automated computational analysis using gene prediction method: GeneMarkS-2+.,OG0000873,Cloud,,,Cloud,Cloud
GCF_019378875.1,I1A62_RS45360,MSATKKQKVLTQLELMINSTNPDFAPPAESGDPEERHERLQEFHRQVTEAADDDPIIDTVAREIGLPE,68,hypothetical protein, ,Derived by automated computational analysis using gene prediction method: GeneMarkS-2+.,OG0000872,Cloud,,,Cloud,Cloud
GCF_019378875.1,I1A62_RS46940,MTLRLPTTLATDSDAAALTRYYGRPYLGDEAYVGAHFDSWSSTGTGGGGGSVHRG,55,hypothetical protein, ,Derived by automated computational analysis using gene prediction method: GeneMarkS-2+.,OG0000240,Shell,,,,Probably not conserved
GCF_019378875.1,I1A62_RS46775,MSWAGPAVVVVACGLMTVSWRAGRQFALPLVGAFVPMAAMVAWFMIGMELFFTPD,55,hypothetical protein, ,Derived by automated computational analysis using gene prediction method: GeneMarkS-2+.,OG0000341,Cloud,,,,Probably not conserved
GCF_019378875.1,I1A62_RS46780,MIDDEERRAKDPGGLREVAASSGVIPEQLAQALDTIRQQDD,41,hypothetical protein, ,Derived by automated computational analysis using gene prediction method: GeneMarkS-2+.,OG0001823,,,,,Probably not conserved
GCF_019378875.1,I1A62_RS00110,MMTRLQVAAAEKAPPPDDRYEDDEDEGDETAEQAEERPARRPPRRRSDAPPRKRSVPAKTSGSRKRGVQR,70,hypothetical protein, ,Derived by automated computational analysis using gene prediction method: GeneMarkS-2+.,OG0001824,,,,,Probably not conserved
GCF_019378875.1,I1A62_RS00130,MKTKSPRDELARRLAERDELVVEILELEGRLERAKRRLDEVSAEIDSSGHIE,52,hypothetical protein, ,Derived by automated computational analysis using gene prediction method: GeneMarkS-2+.,OG0000250,Shell,,,,Probably not conserved
GCF_019378875.1,I1A62_RS00185,MTIGETVMLHPQGISKFKIISIEDGDALIESLVDSPGTYPFRVQLKFLVPAT,52,hypothetical protein, ,Derived by automated computational analysis using gene prediction method: Protein Homology.,OG0000072,Soft core,,,,Probably not conserved
GCF_019378875.1,I1A62_RS00215,MTIHAANPTTDDERDAWHLHQSGQSWAQVGREIGCTESAARAFATAYQQRTDAAADEDQISLF,63,hypothetical protein, ,Derived by automated computational analysis using gene prediction method: Protein Homology.,OG0000063,Soft core,,,,Probably not conserved
GCF_019378875.1,I1A62_RS00220,MSTDYFPGLHMSIDHHGQHPGDSELALDTTETTILDTFIRALALHTFSDMDNADNGIRTKDPS,63,hypothetical protein, ,Derived by automated computational analysis using gene prediction method: GeneMarkS-2+.,OG0000291,Cloud,,,,Probably not conserved
GCF_019378875.1,I1A62_RS00260,MSENEAVVPRSTVEAALYQATKHTWSMSDADLEAIVAGEAAGPLHRTAARGDITFPNPDALRGLL,65,hypothetical protein, ,Derived by automated computational analysis using gene prediction method: Protein Homology.,OG0000121,Shell,,,,Probably not conserved
GCF_019378875.1,I1A62_RS00315,MPIFLLHAVIAGFSVVGGWLSAPLTRPVAALAQSHAVMRWSALIAAQDDAEHR,53,hypothetical protein, ,Derived by automated computational analysis using gene prediction method: Protein Homology.,OG0000251,Shell,,,,Probably not conserved
GCF_019378875.1,I1A62_RS00465,MTSEIARIQLGKTGDVCELYRAGVLPPVEAFRAADPGSCEVDHAPTLLPPTGGDRR,56,hypothetical protein, ,Derived by automated computational analysis using gene prediction method: Protein Homology.,OG0000420,Cloud,,,,Probably not conserved
GCF_019378875.1,I1A62_RS46785,MLDAVEFVVDRFTRRLARVSGEGGGSGEGAGPLAFSVAAAAGRVLTKPNQPRGGGNGGPGVVQ,63,hypothetical protein, ,Derived by automated computational analysis using gene prediction method: GeneMarkS-2+.,OG0000902,Cloud,,,,Probably not conserved
GCF_019378875.1,I1A62_RS00650,MGSSAVEQLWQTLSENELALVCVRGPQYEWADLMTAADHPAGELTWLARETSEVAEQYPRGASHRTSAL,69,hypothetical protein, ,Derived by automated computational analysis using gene prediction method: Protein Homology.,OG0000143,Shell,,,,Probably not conserved
GCF_019378875.1,I1A62_RS00675,MGLFTDDKGRPELVVHPDIKLGRARFRPVEECEPAEETPKQRARRELKKKMTEERLAKEKTGGTDPE,67,hypothetical protein, ,Derived by automated computational analysis using gene prediction method: Protein Homology.,OG0000273,Cloud,,,,Probably not conserved
GCF_019378875.1,I1A62_RS00685,MSDRTTAGLKDELVMLASVRDRLRGSEGEDFRIPTTAVDRVLDELNSLERPPRDLT,56,hypothetical protein, ,Derived by automated computational analysis using gene prediction method: Protein Homology.,OG0000117,Shell,,,,Probably not conserved
GCF_019378875.1,I1A62_RS00720,MSDRTAADLERELAMLAVVRHRLRASEGENVRLSTTAVDQVLDELGSLARSPQNPN,56,hypothetical protein, ,Derived by automated computational analysis using gene prediction method: Protein Homology.,OG0000117,Shell,,,,Probably not conserved
GCF_019378875.1,I1A62_RS45610,MRVYLAVMSLDPKGTARQLWSDHWKAALNAFEITFDGRLSTGRK,44,hypothetical protein, ,Derived by automated computational analysis using gene prediction method: GeneMarkS-2+.,OG0000830,Cloud,,,,Probably not conserved
GCF_019378875.1,I1A62_RS01185,MTIIAPVWWLAMVYFGLHMVFGVLMKAAVLGITLGMFVISAPIVAFLGNKIGRSLKPLLAY,61,hypothetical protein, ,Derived by automated computational analysis using gene prediction method: GeneMarkS-2+.,OG0001825,,,,,Probably not conserved
GCF_019378875.1,I1A62_RS45635,MSAGFPCREDITVGMVQIEQDDPVRYDLPIGDDHFEIPFGRRCCGQPILQI,51,hypothetical protein, ,Derived by automated computational analysis using gene prediction method: GeneMarkS-2+.,OG0001826,,,,,Probably not conserved
GCF_019378875.1,I1A62_RS01495,MYFEHAFDIRSSVAVGFGVTAAQQPEDLSLAESRRIGGLGDSQRQAPIPAAAVHPA,56,hypothetical protein, ,Derived by automated computational analysis using gene prediction method: GeneMarkS-2+.,OG0001827,,,,,Probably not conserved
GCF_019378875.1,I1A62_RS01535,MPWAFIAAAGACAVLYLVFDAWWWFLAMVFAAVSVVVAIFQLWVVRKGLKASRAFRAVGSTDLQHLEG,68,hypothetical protein, ,Derived by automated computational analysis using gene prediction method: GeneMarkS-2+.,OG0001828,,,,,Probably not conserved
GCF_019378875.1,I1A62_RS01670,MATYRVLDPTGTVVETKDIESAEDAHAWFVDVRAGNSELGWRMEVQHTDGWSFFDDTEGAR,61,hypothetical protein, ,Derived by automated computational analysis using gene prediction method: Protein Homology.,OG0000066,Soft core,group_1992,Cloud,,Cloud
GCF_019378875.1,I1A62_RS01675,MLKEQGLQVDFVARREIPFAPVLTARRHMLAARGIFAAEQCIEENVVIRGGQHS,54,hypothetical protein, ,Derived by automated computational analysis using gene prediction method: GeneMarkS-2+.,OG0001829,,group_1094,Cloud,,Probably not conserved
GCF_019378875.1,I1A62_RS01690,MPDDDRSQHDFSDPATDGPFAVAEPVRWPEPSPLAHWWQQILFGDRRSA,49,hypothetical protein, ,Derived by automated computational analysis using gene prediction method: GeneMarkS-2+.,OG0000191,Shell,group_1391,Cloud,,Cloud
GCF_019378875.1,I1A62_RS45670,MLAIAAACGLWAALAGAGGLVINAVHRMLIRSRLRVWDQALRKFAEPPR,49,hypothetical protein, ,Derived by automated computational analysis using gene prediction method: GeneMarkS-2+.,OG0001830,,group_1392,Cloud,,Probably not conserved
GCF_019378875.1,I1A62_RS01740,MNRHVRYAVARFLGVDLTTATEEQVRRVDFYTTLVEAQSVRMLFRFDDFRPSWG,54,hypothetical protein, ,Derived by automated computational analysis using gene prediction method: GeneMarkS-2+.,OG0000120,Shell,group_1095,Cloud,,Cloud
GCF_019378875.1,I1A62_RS45675,MASTPNTAAILLAQLRALHELTNTEIQIAETRIAQARTTRCAAS,44,hypothetical protein, ,Derived by automated computational analysis using gene prediction method: GeneMarkS-2+.,OG0001831,,group_1689,Cloud,,Probably not conserved
GCF_019378875.1,I1A62_RS45685,MTDIALLILVIVTGLAASRALQHHFQHTTTPPGTPPPRFR,40,hypothetical protein, ,Derived by automated computational analysis using gene prediction method: GeneMarkS-2+.,OG0000372,Cloud,group_1896,Cloud,,Cloud
GCF_019378875.1,I1A62_RS01775,MWLSPDAFAFDLNRPTPAPPALSPPGGVGIVGTLVAALRMSGRARAATSGPRPGSGTARP,60,hypothetical protein, ,Derived by automated computational analysis using gene prediction method: GeneMarkS-2+.,OG0000551,Cloud,group_706,Cloud,,Cloud
GCF_019378875.1,I1A62_RS01805,MIEDIPNTQAHVVEVLSAITAHLADTVTDPAAALADITAASADLLGAAVVAASD,54,hypothetical protein, ,Derived by automated computational analysis using gene prediction method: GeneMarkS-2+.,OG0001832,,group_1096,Cloud,,Probably not conserved
GCF_019378875.1,I1A62_RS01860,MTDETLVALKNYEYLILEHGCENVSLVWHTDSVVFGDDGCADIDMLAQPGFTPATECFANRRD,63,hypothetical protein, ,Derived by automated computational analysis using gene prediction method: Protein Homology.,OG0000270,Cloud,"group_1976, group_2440",Cloud,,Cloud
GCF_019378875.1,I1A62_RS01885,MLHRGGRFVWREEFTHVLDIYIGSGVLAVRATESGPAVSPLDVSRRTVFAARLEIRACLHT,61,hypothetical protein, ,Derived by automated computational analysis using gene prediction method: GeneMarkS-2+.,OG0001833,,group_635,Cloud,,Probably not conserved
GCF_019378875.1,I1A62_RS01965,MTSKFDLFKDTAGQYRFQLKVANGEIIAASQGYTSKAAAQNGIASIKVNAATAPTGDLT,59,yegp family protein, ,Derived by automated computational analysis using gene prediction method: Protein Homology.,OG0000183,Shell,group_775,Cloud,,Cloud
GCF_019378875.1,I1A62_RS02035,MATAVGVFGFGALVAQIAVALLGSVGLIVAVTDSDGTDSELRALSHPLHDARSEGRVRS,59,hypothetical protein, ,Derived by automated computational analysis using gene prediction method: GeneMarkS-2+.,OG0001834,,group_776,Cloud,,Probably not conserved
GCF_019378875.1,I1A62_RS02040,MTVQNVDRPASDAEALVLHSGSGPVIAAALLTMLALSATTLLSGLPS,47,hypothetical protein, ,Derived by automated computational analysis using gene prediction method: GeneMarkS-2+.,OG0001835,,group_1515,Cloud,,Probably not conserved
GCF_019378875.1,I1A62_RS02060,MTTHDSIRHWIADQMQLDIGSAELAELATLDAVTAAAEAGYVRMLLRLREYQPLAG,56,hypothetical protein, ,Derived by automated computational analysis using gene prediction method: Protein Homology.,OG0000120,Shell,group_961,Cloud,,Cloud
GCF_019378875.1,I1A62_RS45710,MPSSPPARSLPRVLGVLTAAYSTAIVVSPRLLAKPCKLMFASRN,44,hypothetical protein, ,Derived by automated computational analysis using gene prediction method: GeneMarkS-2+.,OG0001836,,group_1690,Cloud,,Probably not conserved
GCF_019378875.1,I1A62_RS02140,MVRRSAVLVPVCSAVAGVAVPMGVLVGSAYSSLVWACVTGVGLTAAIAVAVAGIRW,56,hypothetical protein, ,Derived by automated computational analysis using gene prediction method: GeneMarkS-2+.,OG0001837,,group_962,Cloud,,Probably not conserved
GCF_019378875.1,I1A62_RS02165,MTAKFELFKDAGDKFRFHLKAANGEIIAASQGYTSKAAAQNGIASIKANAATAETEDLT,59,duf1508 domain-containing protein, ,Derived by automated computational analysis using gene prediction method: Protein Homology.,OG0000183,Shell,group_777,Cloud,,Cloud
GCF_019378875.1,I1A62_RS02280,MIILGLILLVIGFVAGISILWTIGIILLVIGVILALLGATGRAVGGRRHWF,51,duf6131 family protein, ,Derived by automated computational analysis using gene prediction method: Protein Homology.,OG0000000,Conserved,group_1233,Cloud,,Cloud
GCF_019378875.1,I1A62_RS02290,MIRAGTGAWEVRCDRCDHGYRTGTDDRAVATATARISGWAFDESTLCPGCATTADHSTHH,60,hypothetical protein, ,Derived by automated computational analysis using gene prediction method: Protein Homology.,OG0000903,Cloud,group_707,Cloud,,Cloud
GCF_019378875.1,I1A62_RS02315,MRHDDRHQQQQFGDPTVEAPLVLGEPVRWPEPSPLANWWQQILFGEREAM,50,hypothetical protein, ,Derived by automated computational analysis using gene prediction method: GeneMarkS-2+.,OG0000191,Shell,group_1336,Cloud,,Cloud
GCF_019378875.1,I1A62_RS02485,MRFSRDTIAGLALLLVVGLAALTPGVHVWNGQHSHDTKMATEISLLILLLFVGSATTYACRGL,63,hypothetical protein, ,Derived by automated computational analysis using gene prediction method: Protein Homology.,OG0000904,Cloud,group_473,Cloud,,Cloud
GCF_019378875.1,I1A62_RS02565,MAQGIVKWFNGEKGFGFIAPDDGTPDVFVHYSEISGSGFKSLDENQRVEFEIGQGQKGPQATNVRSV,67,cold-shock protein, ,Derived by automated computational analysis using gene prediction method: Protein Homology.,OG0000003,Conserved,group_1997,Shell,,Shell
GCF_019378875.1,I1A62_RS02750,MAALNDEQLDEIRRHLDEGMTPDAIADYLGRVADLDLMDIVTIRSAAVALSRGETP,56,hypothetical protein, ,Derived by automated computational analysis using gene prediction method: Protein Homology.,OG0000256,Shell,group_2367,Cloud,,Cloud
GCF_019378875.1,I1A62_RS45765,MGVGSVHDTLVDDDGMDCGRVSGAQVTIDARQDFGMPAVVTR,42,hypothetical protein, ,Derived by automated computational analysis using gene prediction method: GeneMarkS-2+.,OG0000230,Shell,group_2377,Cloud,,Cloud
GCF_019378875.1,I1A62_RS02780,MAVSRVPLRACRGRVPRFMTVDISSLAEGVILRPRGQHSTVSSDEAFL,48,hypothetical protein, ,Derived by automated computational analysis using gene prediction method: GeneMarkS-2+.,OG0001838,,group_1453,Cloud,,Probably not conserved
GCF_019378875.1,I1A62_RS02805,MTDAEHAMCIAAAAKAGQTLDAWVQDRILDAAGTGDASTE,40,hypothetical protein, ,Derived by automated computational analysis using gene prediction method: GeneMarkS-2+.,OG0000290,Cloud,group_1897,Cloud,,Cloud
GCF_019378875.1,I1A62_RS02820,MAEAAGVSLAVEHYHVKNKEELLTEIMAESRSSPTAESMRPAFTRLLGTAEMRGQRGTS,59,hypothetical protein, ,Derived by automated computational analysis using gene prediction method: GeneMarkS-2+.,OG0001839,,group_778,Cloud,,Probably not conserved
GCF_019378875.1,I1A62_RS02915,MRTPEYEDKPMWGIREVGKVHPAWYWAVAISWTIAALVIILGIRWTNEHGSWDERHRPTTTTSVVEGVGE,70,hypothetical protein, ,Derived by automated computational analysis using gene prediction method: GeneMarkS-2+.,OG0001840,,,,,Probably not conserved
GCF_019378875.1,I1A62_RS03025,MIRTHEALPWIAPVAIAGLGTLVAVYARRSDEWHMNERFWAGLLSFA,47,hypothetical protein, ,Derived by automated computational analysis using gene prediction method: GeneMarkS-2+.,OG0000402,Cloud,group_1516,Cloud,,Cloud
GCF_019378875.1,I1A62_RS45770,MKSTELANLCPDTLDEVRVATESGLTRIGSSYDLCHSFLDHTGLSL,46,hypothetical protein, ,Derived by automated computational analysis using gene prediction method: GeneMarkS-2+.,OG0000882,Cloud,group_1584,Cloud,,Cloud
GCF_019378875.1,I1A62_RS03135,MTQIHADRARCEGYGNCVMAAPELVDLDDDGVVILIRDRVDEAEVSKAESAVRACPVNALRVDK,64,ferredoxin, ,Derived by automated computational analysis using gene prediction method: Protein Homology.,OG0000001,Conserved,group_392,Cloud,,Cloud
GCF_019378875.1,I1A62_RS03170,MSEDQHDNAGRCTATTNTTARDEFGAIVRYVSRRCVLEAHAHGNHQVELVDGRQTKVPRPKKTPKPFL,68,hypothetical protein, ,Derived by automated computational analysis using gene prediction method: GeneMarkS-2+.,OG0001841,,group_97,Cloud,,Probably not conserved
GCF_019378875.1,I1A62_RS03745,MTLRLPSTLATDSDSAAIAALNRYFGDPHLGGDAYVGAHFDSWSSTGDRAEEATGSPPMIWWR,63,hypothetical protein, ,Derived by automated computational analysis using gene prediction method: GeneMarkS-2+.,OG0000240,Shell,group_474,Cloud,,Cloud
GCF_019378875.1,I1A62_RS45840,MARCTGDDGEGWHWAATFAFPEDEVPGPHVQYWSARPDQQVLGQMADQLPALVSERQGREK,61,hypothetical protein, ,Derived by automated computational analysis using gene prediction method: GeneMarkS-2+.,OG0001842,,group_636,Cloud,,Probably not conserved
GCF_019378875.1,I1A62_RS03780,MSKKATPAVYPFELKLNLVQRFFAGETLAELAEEGGLSSPVLLRKGAAEGFVDSFV,56,hypothetical protein, ,Derived by automated computational analysis using gene prediction method: GeneMarkS-2+.,OG0001843,,group_963,Cloud,,Probably not conserved
GCF_019378875.1,I1A62_RS03960,MRSIHLFDHDHDHDHEYEYEYEYEYGSMVLYTSPSTKEQCHSARDNNSSNVMISGS,56,hypothetical protein, ,Derived by automated computational analysis using gene prediction method: GeneMarkS-2+.,OG0001844,,group_964,Cloud,,Probably not conserved
GCF_019378875.1,I1A62_RS46815,MADPGGGEVLAAGAGDLDEELLADGPEEPFDLASALRLSG,40,hypothetical protein, ,Derived by automated computational analysis using gene prediction method: GeneMarkS-2+.,OG0001845,,group_1898,Cloud,,Probably not conserved
GCF_019378875.1,I1A62_RS04115,MSSTSDSRDAITTGRPRKSAVTEPSNLQKIAQDWSEELHETDVHPFLITATIQ,53,hypothetical protein, ,Derived by automated computational analysis using gene prediction method: GeneMarkS-2+.,OG0001846,,group_1153,Cloud,,Probably not conserved
GCF_019378875.1,I1A62_RS45890,MVCLEDRGREIARAVMHTITTSFCGLEGLSRTQNAKVVSALELLLRTVETVFEEDAGEG,59,hypothetical protein, ,Derived by automated computational analysis using gene prediction method: GeneMarkS-2+.,OG0001847,,group_779,Cloud,,Probably not conserved
GCF_019378875.1,I1A62_RS04125,MHTTVFRSFEHLRRRELDNGFPLIVLGTSLVEDATLAWDEFDVVP,45,hypothetical protein, ,Derived by automated computational analysis using gene prediction method: GeneMarkS-2+.,OG0001848,,group_1633,Cloud,,Probably not conserved
GCF_019378875.1,I1A62_RS45910,MIVSGGENVYSAEVENALAQHPAVAACAVIGVPDPNWGERVHAVVVLHGTALSRC,55,hypothetical protein, ,Derived by automated computational analysis using gene prediction method: Protein Homology.,OG0001849,,group_1040,Cloud,,Probably not conserved
GCF_019378875.1,I1A62_RS04645,MLDKLYAAMLTLTGIGFGGYVLLDEVTNAVAGEQRNHRQVPHAPLG,46,hypothetical protein, ,Derived by automated computational analysis using gene prediction method: Protein Homology.,OG0000633,Cloud,group_1585,Cloud,,Cloud
GCF_019378875.1,I1A62_RS45935,MGVGSVHETLVDYDGMNYRRALGAQVTTDPRHDFGMPAVVTR,42,hypothetical protein, ,Derived by automated computational analysis using gene prediction method: GeneMarkS-2+.,OG0000230,Shell,group_1797,Cloud,,Cloud
GCF_019378875.1,I1A62_RS45940,MGELAATSKVYVMVSYWWSRGDSLANHQLGQILTRAAGVDQVDLTDP,47,hypothetical protein, ,Derived by automated computational analysis using gene prediction method: GeneMarkS-2+.,OG0000782,Cloud,group_1517,Cloud,,Cloud
GCF_019378875.1,I1A62_RS45955,MSVPKTLTEIAHSPAAIEEIRKQCDPAPSIADLSALSVGSHS,42,hypothetical protein, ,Derived by automated computational analysis using gene prediction method: GeneMarkS-2+.,OG0001850,,group_1798,Cloud,,Probably not conserved
GCF_019378875.1,I1A62_RS45970,MREIDVNHVAPILSGLVNEIAETGIESFSPRFGHGFRPSLW,41,hypothetical protein, ,Derived by automated computational analysis using gene prediction method: GeneMarkS-2+.,OG0001851,,group_1858,Cloud,,Probably not conserved
GCF_019378875.1,I1A62_RS45975,MTEVPAPVVAGMLGYSQQITHRHAAEASQPWSRYVRPGVER,41,hypothetical protein, ,Derived by automated computational analysis using gene prediction method: GeneMarkS-2+.,OG0000297,Cloud,group_1859,Cloud,,Cloud
GCF_019378875.1,I1A62_RS45985,MLFAHERDGAVNDLRVDLPPGYPFNDPEVAQFGVHNAVMP,40,hypothetical protein, ,Derived by automated computational analysis using gene prediction method: GeneMarkS-2+.,OG0000408,Cloud,group_2117,Cloud,,Cloud
GCF_019378875.1,I1A62_RS05530,MSTATETPSGITGTPTVTDNRSGLAGTAACAPRPRSGYDGCHAEQKSWAIVRIVIGY,57,hypothetical protein, ,Derived by automated computational analysis using gene prediction method: GeneMarkS-2+.,OG0000366,Cloud,group_2064,Cloud,,Cloud
GCF_019378875.1,I1A62_RS05615,MDAGIAPSTGSVGDSFDNSLAENLWSARDRINLLTRNYIPDQSGGENNGATTTAR,55,hypothetical protein, ,Derived by automated computational analysis using gene prediction method: GeneMarkS-2+.,OG0000634,Cloud,"group_1977, group_1978",Cloud,,Cloud
GCF_019378875.1,I1A62_RS05635,MAVGEPHTAAISAMVAGSLADFPAAASGSRAINAMLYGLPSPMHAA,46,hypothetical protein, ,Derived by automated computational analysis using gene prediction method: GeneMarkS-2+.,OG0000293,Cloud,"group_1998, group_1979",Cloud,,Cloud
GCF_019378875.1,I1A62_RS05715,MDAGIAPSTGSVGDSFDNSLAENLWSARDRINLLTRNYIPDQSGGENNGATTTAR,55,hypothetical protein, ,Derived by automated computational analysis using gene prediction method: GeneMarkS-2+.,OG0000634,Cloud,"group_1977, group_1978",Cloud,,Cloud
GCF_019378875.1,I1A62_RS05735,MAVGEPHTAAISAMVAGSLADFPAAASGSRAINAMLYGLPSPMHAA,46,hypothetical protein, ,Derived by automated computational analysis using gene prediction method: GeneMarkS-2+.,OG0000293,Cloud,"group_1998, group_1979",Cloud,,Cloud
GCF_019378875.1,I1A62_RS46020,MIPAAPQSSVSYASCADAKAAGAAPIYQGEPGYSTKLDRDKDGIACDK,48,excalibur calcium-binding domain-containing protein, ,Derived by automated computational analysis using gene prediction method: Protein Homology.,OG0000255,Shell,group_1454,Cloud,,Cloud
GCF_019378875.1,I1A62_RS05970,MDHFKQRIARFKAPRRVVIGDLPKTATGKTQKFKLRGSALDGGATEPLPLGPSSA,55,hypothetical protein, ,Derived by automated computational analysis using gene prediction method: GeneMarkS-2+.,OG0001852,,group_1041,Cloud,,Probably not conserved
GCF_019378875.1,I1A62_RS06010,MLDKLYAAFLSLIGLSFGGYVLLDEIADTVDRSTAGYERSGPRRTGVEEL,50,hypothetical protein, ,Derived by automated computational analysis using gene prediction method: Protein Homology.,OG0000633,Cloud,group_1337,Cloud,,Cloud
GCF_019378875.1,I1A62_RS06025,MRGRAVGSGAADYSFPGPLALDVAVPDEGDMHRHEAVTTDQQNERYGAPRLG,52,hypothetical protein, ,Derived by automated computational analysis using gene prediction method: GeneMarkS-2+.,OG0001853,,group_1206,Cloud,,Probably not conserved
GCF_019378875.1,I1A62_RS06120,MKICVDRTKCTGLGICESLAPDIFEIDDAGGLLLLREDADDSVIGDVRAAIEGCPTEALTLIED,64,ferredoxin, ,Derived by automated computational analysis using gene prediction method: Protein Homology.,OG0000001,Conserved,group_351,Cloud,,Cloud
GCF_019378875.1,I1A62_RS46060,MEFAERGFRAIATARDPKTL,20,hypothetical protein, ,Derived by automated computational analysis using gene prediction method: Protein Homology.,OG0001854,,group_1956,Cloud,,Probably not conserved
GCF_019378875.1,I1A62_RS46085,MMPERGQHRVDGVLVVLVDYLPVEPVLHLPAEQLVDVLALVS,42,hypothetical protein, ,Derived by automated computational analysis using gene prediction method: GeneMarkS-2+.,OG0001855,,group_1799,Cloud,,Probably not conserved
GCF_019378875.1,I1A62_RS06660,MGGEWIQIDQDCVTCGQAAFRHYVYASLGGVLIETDLYECATPGCPGPVAIGEPING,57,hypothetical protein, ,Derived by automated computational analysis using gene prediction method: GeneMarkS-2+.,OG0000467,Cloud,group_869,Cloud,Cloud,Cloud
GCF_019378875.1,I1A62_RS06680,MNTNVALLLLVLAGGIGGTAAVQAALTRPAGRRRGRGRAVPFHPGG,46,hypothetical protein, ,Derived by automated computational analysis using gene prediction method: Protein Homology.,OG0000127,Shell,group_2358,Cloud,Cloud,Cloud
GCF_019378875.1,I1A62_RS06685,MSVTAHRTSTTGARTAAISTAEIKARLAAMFADAPPDDPDRGSPAVTPTPPH,52,hypothetical protein, ,Derived by automated computational analysis using gene prediction method: GeneMarkS-2+.,OG0000002,Conserved,group_2422,Cloud,Cloud,Cloud
GCF_019378875.1,I1A62_RS06690,MHPTTTLTGPRTADVDRMRPAGRLRAGAVIGAVAAACVTGPAWAVTGSAGSGAVIAAATLAAVTAAALMI,70,hypothetical protein, ,Derived by automated computational analysis using gene prediction method: Protein Homology.,OG0000466,Cloud,,,Cloud,Cloud
GCF_019378875.1,I1A62_RS46090,MAVARLGPAAEGEAFVLEVRTGGGQVVDARQLPPRQARVARSCAGPAGR,49,hypothetical protein, ,Derived by automated computational analysis using gene prediction method: GeneMarkS-2+.,OG0000881,Cloud,group_1393,Cloud,,Cloud
GCF_019378875.1,I1A62_RS06735,MTDETLVALKNYEYLILEHGCENVSLVWHTDSVVFGDDGCADIDMLAQPGFTPATECFANRRD,63,hypothetical protein, ,Derived by automated computational analysis using gene prediction method: Protein Homology.,OG0000270,Cloud,"group_1976, group_2440",Cloud,Cloud,Cloud
GCF_019378875.1,I1A62_RS46100,MWLFPDAFAFDLNRPIPAPPALSPPGGVGIVGTLVAALRMPGWTRAATLGPRRGSGTARP,60,hypothetical protein, ,Derived by automated computational analysis using gene prediction method: GeneMarkS-2+.,OG0000551,Cloud,group_2448,Cloud,Cloud,Cloud
GCF_019378875.1,I1A62_RS46105,MTDIALLILVIVTGLAASRALQHHFQHTTAPPGTPPPRFR,40,hypothetical protein, ,Derived by automated computational analysis using gene prediction method: GeneMarkS-2+.,OG0000372,Cloud,group_2449,Cloud,Cloud,Cloud
GCF_019378875.1,I1A62_RS46130,MSAWIGGQWSVENEPRWLVMAMVRLAAIGLHRRVGWSDIARD,42,hypothetical protein, ,Derived by automated computational analysis using gene prediction method: GeneMarkS-2+.,OG0001856,,,,,Probably not conserved
GCF_019856255.1,FXW36_RS03630,MIILGIILAIIGAVAGIPVLLYVGIALIVIGVVLEIMGMTGHAVAGRRHYY,51,duf6131 family protein, ,Derived by automated computational analysis using gene prediction method: Protein Homology.,OG0000000,Conserved,group_2027,Cloud,Cloud,Cloud
GCF_019856255.1,FXW36_RS41010,MTDPAITGKREWMTFNGTYLVAEEHADEFASGVAALDTDHQSGTLEMTGPWPPYAFAGIDQANP,64,gvpl/gvpf family gas vesicle protein, ,Derived by automated computational analysis using gene prediction method: Protein Homology.,OG0000635,Cloud,group_2598,Cloud,,Cloud
GCF_019856255.1,FXW36_RS03800,MSDGNTGAAGGGAIYALGIFGAWVWFWQQADAFWEYVLAIIQGLFWPAWMVYDVFKALAG,60,hypothetical protein, ,Derived by automated computational analysis using gene prediction method: Protein Homology.,OG0000202,Shell,group_2473,Shell,Shell,Shell
GCF_019856255.1,FXW36_RS04075,MPKTIIPVIGALWLVLAAIGAWSTIAFAIAAPAAVLLGTYLLASAVTGSNGH,52,hypothetical protein, ,Derived by automated computational analysis using gene prediction method: Protein Homology.,OG0000205,Shell,group_2416,Cloud,Cloud,Cloud
GCF_019856255.1,FXW36_RS04350,MRTGTVRWFNAEQGFGFLAPADGSDDIFVHASEIAGDGHRILEEGQRVSFTVCRTETGNQARDVRVA,67,cold shock domain-containing protein, ,Derived by automated computational analysis using gene prediction method: Protein Homology.,OG0000157,Shell,group_2429,Shell,Shell,Shell
GCF_019856255.1,FXW36_RS04385,MTKDTHGETDEPKGGRPGPADHGKDGGMATRENAPELADDSADAETETD,49,hypothetical protein, ,Derived by automated computational analysis using gene prediction method: Protein Homology.,OG0000018,Core,group_2420,Shell,Shell,Shell
GCF_019856255.1,FXW36_RS04430,MNTFTTPTSARNRGFAPSRGSMSTMEIKNRIEAMFREDDERQSKAIRAE,49,hypothetical protein, ,Derived by automated computational analysis using gene prediction method: GeneMarkS-2+.,OG0000190,Shell,group_2397,Shell,Shell,Shell
GCF_019856255.1,FXW36_RS04675,MHSDTTTRELLHDHTKVTRRFALADVALTTFVCLVCATGIGIITGSVLAAATGGLIVVLATALMVAAV,68,hypothetical protein, ,Derived by automated computational analysis using gene prediction method: Protein Homology.,OG0000158,Shell,group_2345,Shell,Shell,Shell
GCF_019856255.1,FXW36_RS41060,MADKSAVKSSKQSARALRERRAEKRAKAQESTKIIRKRKG,40,hypothetical protein, ,Derived by automated computational analysis using gene prediction method: Protein Homology.,OG0000004,Core,group_2338,Shell,Shell,Shell
GCF_019856255.1,FXW36_RS04760,METGTDETKTCSFCRGPIGYEIKDAHAGFASLPPGKRYRVFHCMNRCPRSAPDGLECGHRHEYL,64,hypothetical protein, ,Derived by automated computational analysis using gene prediction method: Protein Homology.,OG0000203,Shell,group_350,Shell,Shell,Shell
GCF_019856255.1,FXW36_RS04795,MEHHAGTATLRGGYAEYESAGERHVETPRIADRLSLSVESYMRNLVGKWEVRSR,54,hypothetical protein, ,Derived by automated computational analysis using gene prediction method: GeneMarkS-2+.,OG0000390,Cloud,group_2035,Cloud,Cloud,Cloud
GCF_019856255.1,FXW36_RS04885,MSEMVPADDTRRIALVDLLDRVLGGGVVITGEITLSLADVDMVRISLRTLIASVSALVPDPAGPDPADD,69,gas vesicle protein, ,Derived by automated computational analysis using gene prediction method: Protein Homology.,OG0000145,Shell,group_2318,Shell,Shell,Shell
GCF_019856255.1,FXW36_RS04895,MNMGKKIRHKVETAEGATKKAVGRATGNAHLEAEGSKEQAKGNTKQMGDKFKDAGKKIKNAFKH,64,csbd family protein, ,Derived by automated computational analysis using gene prediction method: Protein Homology.,OG0000073,Shell,group_2267,Shell,Shell,Shell
GCF_019856255.1,FXW36_RS41070,MTRLPRIRLRNRFATAAVAAALAVIPLGASTAVATAADHPATTDNATNGKNAGTRA,56,hypothetical protein, ,Derived by automated computational analysis using gene prediction method: GeneMarkS-2+.,OG0001857,,group_965,Cloud,,Probably not conserved
GCF_019856255.1,FXW36_RS05115,MESVVLWVAWTNLSNGTSGVASVTKDKPGFAHTGTGVVTASAMGNLVEYVGARGIFNVP,59,hypothetical protein, ,Derived by automated computational analysis using gene prediction method: GeneMarkS-2+.,OG0000274,Shell,group_2317,Shell,Cloud,Shell
GCF_019856255.1,FXW36_RS05160,MSTNTYPTIETIRIGQSGHECRYCGHAVAKDGPGYRHTTTGQYRCDPASRALNEARLSNSMVRS,64,hypothetical protein, ,Derived by automated computational analysis using gene prediction method: Protein Homology.,OG0000148,Shell,group_2334,Shell,Shell,Shell
GCF_019856255.1,FXW36_RS05195,MRTAFCNTLFHVFDHRICCGRIPEWTAHVGQPWDTYDVAPWNLYNAIWWIQHWIRSGVEADR,62,hypothetical protein, ,Derived by automated computational analysis using gene prediction method: Protein Homology.,OG0000219,Shell,group_2337,Shell,Shell,Shell
GCF_019856255.1,FXW36_RS41100,MGDVLRAAPPDPEESRRRAAELVADRDLIEWACRPDQPSEIREFGATLAFLSMKLTT,57,hypothetical protein, ,Derived by automated computational analysis using gene prediction method: GeneMarkS-2+.,OG0000773,Cloud,group_876,Cloud,Cloud,Cloud
GCF_019856255.1,FXW36_RS05295,MGSSEVFTDLVAWGAEGFLNGNPVQSAVGTVLFLGLGLWDLVTGAPIVI,49,hypothetical protein, ,Derived by automated computational analysis using gene prediction method: Protein Homology.,OG0000061,Soft core,group_2418,Shell,Cloud,Cloud
GCF_019856255.1,FXW36_RS41105,MVVALLVTVDEHVTVAEPICRVRDQGESGESGDRAGTDDTARD,43,hypothetical protein, ,Derived by automated computational analysis using gene prediction method: GeneMarkS-2+.,OG0000575,Cloud,group_2083,Cloud,Cloud,Cloud
GCF_019856255.1,FXW36_RS05580,MLDRLYGALLAAAGLSFGDYIALEDAVSDPDDPPRTVTDPTLTAHPLL,48,hypothetical protein, ,Derived by automated computational analysis using gene prediction method: GeneMarkS-2+.,OG0000353,Cloud,group_2439,Cloud,Cloud,Cloud
GCF_019856255.1,FXW36_RS06000,MNRTELPQTLRRSSKEVQAAFATAHEMAVRRYGEGEEAQRAAYGELKQSYELVTDHWVPKQD,62,chab family protein, ,Derived by automated computational analysis using gene prediction method: Protein Homology.,OG0000159,Shell,group_518,Shell,Cloud,Shell
GCF_019856255.1,FXW36_RS06010,MNNDQRRALEHVRDTCAVLDSFLTTHPSDRPPERVRSATFEQLTDDLLDAVTAAQNAGVPEQRIFDSM,68,hypothetical protein, ,Derived by automated computational analysis using gene prediction method: Protein Homology.,OG0000135,Shell,group_2185,Shell,Cloud,Shell
GCF_019856255.1,FXW36_RS06110,MTQRLYLMPQPTIAAINGGCADSSLSMAAAADFRIASDSIVFNTDFPTAGFPGDLAGI,58,enoyl-coa hydratase-related protein, ,Derived by automated computational analysis using gene prediction method: Protein Homology.,OG0000337,Cloud,group_2214,Cloud,Cloud,Cloud
GCF_019856255.1,FXW36_RS06160,MTIDHDKTELPLFSAQRTLTHRTQEPVTDAPRTDDSPTQTSAEIHRSLFSDE,52,hypothetical protein, ,Derived by automated computational analysis using gene prediction method: Protein Homology.,OG0000222,Shell,group_2253,Shell,Cloud,Shell
GCF_019856255.1,FXW36_RS06170,MAQGIVKWFNGEKGFGFIAPDDGTPDVFVHYSEISGSGFKSLDENQRVEFEVGQGQKGPQATNVRSV,67,cold-shock protein, ,Derived by automated computational analysis using gene prediction method: Protein Homology.,OG0000003,Conserved,group_1996,Shell,Cloud,Cloud
GCF_019856255.1,FXW36_RS06200,MVESGRVDPSDHVDQAAVGGHVEHEQLYQALRARDADGAEGLARRHVVGTRVEALRPLAAETETT,65,fcd domain-containing protein, ,Derived by automated computational analysis using gene prediction method: Protein Homology.,OG0000502,Cloud,group_2254,Cloud,Cloud,Cloud
GCF_019856255.1,FXW36_RS06240,MATTSIAPTTPTGRQTPRHSGTMSTAEIKSRIEAMFADDRRPTRPAVTN,49,hypothetical protein, ,Derived by automated computational analysis using gene prediction method: Protein Homology.,OG0000002,Conserved,group_2516,Shell,Cloud,Cloud
GCF_019856255.1,FXW36_RS06245,MYSKRAVQALTEPDSWDDRLDAEFDQCWTRPDFAERQLARAENRVPKFVGK,51,hypothetical protein, ,Derived by automated computational analysis using gene prediction method: GeneMarkS-2+.,OG0000391,Cloud,group_2066,Cloud,Cloud,Cloud
GCF_019856255.1,FXW36_RS06260,MSTRIAAALSAVAITLSLGALTAPTASAAPAVPAATPAAGSVTICFGVPLGSASLNWCF,59,hypothetical protein, ,Derived by automated computational analysis using gene prediction method: Protein Homology.,OG0000233,Shell,group_2315,Cloud,Cloud,Cloud
GCF_019856255.1,FXW36_RS41125,MTLVFWRYPSGLVVMVTVVALFLVELVARPALLTHGTPQESTT,43,hypothetical protein, ,Derived by automated computational analysis using gene prediction method: GeneMarkS-2+.,OG0000392,Cloud,group_2195,Cloud,Cloud,Cloud
GCF_019856255.1,FXW36_RS41130,MLDVEDEVTIGGLDRPRGGALLAIVLTGLALRILSLPDESWAR,43,hypothetical protein, ,Derived by automated computational analysis using gene prediction method: GeneMarkS-2+.,OG0000824,Cloud,,,Cloud,Cloud
GCF_019856255.1,FXW36_RS06280,MEYDLRRCNLASPVADVRGPAGRTRAIAAAIRTGLARGDDPDNIEELIRCAEAAGLPLTLW,61,hypothetical protein, ,Derived by automated computational analysis using gene prediction method: GeneMarkS-2+.,OG0000338,Cloud,group_2299,Cloud,Cloud,Cloud
GCF_019856255.1,FXW36_RS42155,MGPPGAPDLARRARVPPPGFRTNAAHCGVDRKTAHRYVQAAQAAGLAAHRRVEALDDGLIGAVIEAVR,68,hypothetical protein, ,Derived by automated computational analysis using gene prediction method: GeneMarkS-2+.,OG0001858,,group_98,Cloud,,Probably not conserved
GCF_019856255.1,FXW36_RS06635,MTDQLHADLTERLGRAVARAAMDGDPLFGTVEITIAELAELLESRTPPGE,50,hypothetical protein, ,Derived by automated computational analysis using gene prediction method: Protein Homology.,OG0000136,Shell,group_2495,Shell,Cloud,Shell
GCF_019856255.1,FXW36_RS06775,MKLCVDRTKCTGLGICESLAPDYFEIDDAGQLLVLREHTDDRDIDDVRAAIEGCPTEALTLVED,64,ferredoxin, ,Derived by automated computational analysis using gene prediction method: Protein Homology.,OG0000001,Conserved,group_393,Cloud,,Cloud
GCF_019856255.1,FXW36_RS42175,MANGRKWWITAAMNHNARILIVLGKTDPGEDRHRQQSKILVPRDTPAWRLSAA,53,hypothetical protein, ,Derived by automated computational analysis using gene prediction method: Protein Homology.,OG0000905,Cloud,group_1154,Cloud,Cloud,Cloud
GCF_019856255.1,FXW36_RS06925,MSQPVRLGRRYHLQVGSGSCSVDPTVISRFVDPTVISRFVDVIANISPHRSSSLTLLRR,59,hypothetical protein, ,Derived by automated computational analysis using gene prediction method: GeneMarkS-2+.,OG0001859,,group_780,Cloud,,Probably not conserved
GCF_019856255.1,FXW36_RS41210,MQQFKRIVDSGVLERLHHGLYRLARMPEDVHLDGRVERLDQPAPTDCSRIARPPAYTG,58,type iv toxin-antitoxin system abiei family antitoxin domain-containing protein, ,Derived by automated computational analysis using gene prediction method: GeneMarkS-2+.,OG0001860,,group_842,Cloud,,Probably not conserved
GCF_019856255.1,FXW36_RS41215,MTTSPRAAVVGVGTTTFGRLPGLSADDLGGWALREAIADAGLTPAASTVSSPAASAATK,59,hypothetical protein, ,Derived by automated computational analysis using gene prediction method: GeneMarkS-2+.,OG0001861,,group_781,Cloud,,Probably not conserved
GCF_019856255.1,FXW36_RS07400,MTAKFELFKDAAGKFRFHLKAANGEVIAASQGYTSKAAAQTGIASIKDNAASAPTEDLT,59,duf1508 domain-containing protein, ,Derived by automated computational analysis using gene prediction method: Protein Homology.,OG0000183,Shell,group_2008,Cloud,,Cloud
GCF_019856255.1,FXW36_RS07515,MSTRIAAALSAIAITLSLGALTAPTASAAQAVPAATPTAGSVTICFGVPLGSASLNWCF,59,hypothetical protein, ,Derived by automated computational analysis using gene prediction method: Protein Homology.,OG0000233,Shell,group_782,Cloud,Cloud,Cloud
GCF_019856255.1,FXW36_RS07570,MPARRWMLAASLLAALCGVLLLLAPGAGIVGIVPVIAWYAVVVGVVLIVGAVRIRS,56,duf308 domain-containing protein, ,Derived by automated computational analysis using gene prediction method: Protein Homology.,OG0000515,Cloud,group_2067,Cloud,Cloud,Cloud
GCF_019856255.1,FXW36_RS41230,MDPEVFPAGVEESTIALRRRPRERHGLCCTHFPEAAVCGGTDHPARAFED,50,hypothetical protein, ,Derived by automated computational analysis using gene prediction method: GeneMarkS-2+.,OG0001862,,group_1338,Cloud,,Probably not conserved
GCF_019856255.1,FXW36_RS07660,MENFAIAGTTTRQFPLLISASAMIERAARETNLQLGHLDEKRAGAVIDAGKKIRQA,56,hypothetical protein, ,Derived by automated computational analysis using gene prediction method: GeneMarkS-2+.,OG0000339,Cloud,group_2095,Cloud,Cloud,Cloud
GCF_019856255.1,FXW36_RS07875,MDNPFIPGLCHVGPSARRALIARATGDDKAYAAERQRQTAEYEKTGPPSLGSVIAPGHVHHSTPRAAGAD,70,hypothetical protein, ,Derived by automated computational analysis using gene prediction method: Protein Homology.,OG0000516,Cloud,,,Cloud,Cloud
GCF_019856255.1,FXW36_RS41235,MATTTPAGTRADAVKNRAHILEIAASVISKEGVTGSMDTVMVSPLACVPGTADSWPTPRSVGIRS,65,hypothetical protein, ,Derived by automated computational analysis using gene prediction method: GeneMarkS-2+.,OG0001863,,group_315,Cloud,,Probably not conserved
GCF_019856255.1,FXW36_RS08695,MKFVAATSCPTGIAHTYLAAESLEQGAARSGHEIQVETQGASGSEPSTPR,50,pts fructose transporter subunit iib, ,Derived by automated computational analysis using gene prediction method: Protein Homology.,OG0000906,Cloud,group_1339,Cloud,,Cloud
GCF_019856255.1,FXW36_RS08715,MAQGIVKWFNGEKGFGFIAPDDGTPDVFVHFSEIAGSGFRSLDENQRVEFEVGQGQKGPQATNVRSV,67,cold-shock protein, ,Derived by automated computational analysis using gene prediction method: Protein Homology.,OG0000003,Conserved,group_2028,Cloud,Cloud,Cloud
GCF_019856255.1,FXW36_RS08720,MTDRLLLPRYAVSGDPMFGTVEVTIGELAELLERQVPPRDQGAATH,46,hypothetical protein, ,Derived by automated computational analysis using gene prediction method: GeneMarkS-2+.,OG0000136,Shell,group_2077,Cloud,Cloud,Cloud
GCF_019856255.1,FXW36_RS08735,MITDDPDTITAAQVHRHLDEITEVDHAIQRHRHRDLADRPDRAPARDRRSDTR,53,hypothetical protein, ,Derived by automated computational analysis using gene prediction method: GeneMarkS-2+.,OG0000393,Cloud,group_1127,Cloud,Cloud,Cloud
GCF_019856255.1,FXW36_RS08760,MAQGTVKWFNGEKGFGFISPDDGGADLFVQFSEIQCSGYKSLQENQRVEFEVGRGQKGRQAQNVRPA,67,cold-shock protein, ,Derived by automated computational analysis using gene prediction method: Protein Homology.,OG0000340,Cloud,group_151,Cloud,Cloud,Cloud
GCF_019856255.1,FXW36_RS41300,MTEFVEYCVCTVHWRNLTTGAAGAVVPSRSTGPVLTGSGTVVAVLTVNGWSDRPGVLTALPGAGTWNVP,69,hypothetical protein, ,Derived by automated computational analysis using gene prediction method: GeneMarkS-2+.,OG0000304,Cloud,group_10,Cloud,Cloud,Cloud
GCF_019856255.1,FXW36_RS08925,MAQEQTKRTGGGDEDDTPGGDGAAGQERREKLAEDTDDLLDEIDDVLEENAEDFVRAYVQKGGQ,64,ubiquitin-like protein pup, ,Derived by automated computational analysis using gene prediction method: Protein Homology.,OG0000037,Conserved,group_343,Shell,Shell,Shell
GCF_019856255.1,FXW36_RS09040,MSTSDTAGHTEFPASMGKVSRRELASHGYTRFDQLTTVTANELSKIHGVGPKAIRILEEELAERGLGFAN,70,hypothetical protein, ,Derived by automated computational analysis using gene prediction method: Protein Homology.,OG0000050,Conserved,,,Shell,Shell
GCF_019856255.1,FXW36_RS09435,MVIDPTLLGILACPQDKGPLLLVGDELLYNPRLRRAYPIENGIPVLLIDEARDVGADEHETLLARAAGEA,70,trm112 family protein, ,Derived by automated computational analysis using gene prediction method: Protein Homology.,OG0000038,Conserved,,,Soft core,Soft core
GCF_019856255.1,FXW36_RS09510,MPKSKTHSGTAKRFKVSGSGKILRQKAGRRHLLEHKASKVTRRLDGVAVVSKADTPRIKRLLDI,64,50s ribosomal protein l35, ,Derived by automated computational analysis using gene prediction method: Protein Homology.,OG0000039,Conserved,rpmI,Shell,Soft core,Shell
GCF_019856255.1,FXW36_RS09795,MPLIQISQTPGLTAEQKRATIEAVTKAYADATGKDPAKVWVTITEVPRDSWGVGGTPLG,59,2-hydroxymuconate tautomerase family protein, ,Derived by automated computational analysis using gene prediction method: Protein Homology.,OG0000160,Shell,group_2162,Shell,Shell,Shell
GCF_019856255.1,FXW36_RS09840,MSVVLVYVLFIAAGIAAGGAYSMWKFNKLASGVLLALAVLAAVAGVLRLM,50,hypothetical protein, ,Derived by automated computational analysis using gene prediction method: Protein Homology.,OG0000040,Conserved,group_1297,Shell,Core,Shell
GCF_019856255.1,FXW36_RS10010,MHVAVGDRLHVQGRVVGVHETTAEVVEVHGENGAPPYLVRYDDGHEALVFPGSDAWVEHPKS,62,duf1918 domain-containing protein, ,Derived by automated computational analysis using gene prediction method: Protein Homology.,OG0000041,Conserved,group_504,Shell,Soft core,Shell
GCF_019856255.1,FXW36_RS10015,MATYRYLDKDRNVLEEQDFGTVQDAEEHRLSVLGAEIIEEVEDSGTPES,49,hypothetical protein, ,Derived by automated computational analysis using gene prediction method: Protein Homology.,OG0000054,Core,group_2183,Shell,Soft core,Shell
GCF_019856255.1,FXW36_RS10575,MTDEDHLWYYNVEDGTVTQGKAASSMSRMGPYPDRASAEKALQIAAERNKAADRADEEWNN,61,hypothetical protein, ,Derived by automated computational analysis using gene prediction method: Protein Homology.,OG0000042,Conserved,group_2293,Shell,Soft core,Shell
GCF_019856255.1,FXW36_RS10665,MCSDLTKLGDDELLAQLDEHRALLGESIANDYGCETVRGVTSRITAFEAELDRRGSAVSRDAT,63,hypothetical protein, ,Derived by automated computational analysis using gene prediction method: Protein Homology.,OG0000192,Shell,group_2325,Shell,Shell,Shell
GCF_019856255.1,FXW36_RS10670,MPRYKVTLRNGTSSDKTFESDFQAVNETHRPTESGAGIVKIDRYEEDGEVTGVWSAPATSRTSRT,65,hypothetical protein, ,Derived by automated computational analysis using gene prediction method: Protein Homology.,OG0000113,Soft core,group_2295,Shell,Shell,Shell
GCF_019856255.1,FXW36_RS10885,MTGAGILAVALVAIAAALVVYLLIALIDPERF,32,potassium-transporting atpase subunit f, ,Derived by automated computational analysis using gene prediction method: Protein Homology.,OG0000055,Core,group_2327,Shell,Soft core,Shell
GCF_019856255.1,FXW36_RS11065,MDRMASWWDGFELWIAGLPFVPQVALVLLVMVPVCRGLAWLLDRGLAAVFVLLRRDVSKVEEP,63,hypothetical protein, ,Derived by automated computational analysis using gene prediction method: Protein Homology.,OG0000056,Core,group_427,Shell,Shell,Shell
GCF_019856255.1,FXW36_RS11145,MSESERTDLDVDDELDAGQVWRAQRVVAAQSLDAEDCRMLLSMLGIAGNPDAPEVD,56,hypothetical protein, ,Derived by automated computational analysis using gene prediction method: Protein Homology.,OG0000161,Shell,group_2171,Shell,Shell,Shell
GCF_019856255.1,FXW36_RS41310,MNDHHVQLFSELHTTAGSQAGGEDAGEALRPVDPEHRTATEVHRALFSDQ,50,hypothetical protein, ,Derived by automated computational analysis using gene prediction method: GeneMarkS-2+.,OG0000162,Shell,group_2285,Shell,Shell,Shell
GCF_019856255.1,FXW36_RS11310,MIPTLLYYGVPTAVVTVTLWVGFLGWRFYVKEVLRGDRGDTTAGERDHG,49,hypothetical protein, ,Derived by automated computational analysis using gene prediction method: Protein Homology.,OG0000223,Shell,group_2268,Shell,Shell,Shell
GCF_019856255.1,FXW36_RS11335,MRALPAAHAARLQPSRMGASSFPAGRQGERGIMPAPKTHRSTRHA,45,hypothetical protein, ,Derived by automated computational analysis using gene prediction method: GeneMarkS-2+.,OG0000208,Shell,group_2409,Shell,Shell,Shell
GCF_019856255.1,FXW36_RS11730,MVGKFERRKDTVQELTESAATHVGHIATIIAGAVRDVTREIGDWVSDGIEMREAAKKAREDEGEDKPVD,69,hypothetical protein, ,Derived by automated computational analysis using gene prediction method: Protein Homology.,OG0000149,Shell,group_2446,Shell,Shell,Shell
GCF_019856255.1,FXW36_RS12650,MTTHRDEAPPITDPDDDLGGDPVCWLDRVCPDCGLFLTDHTASTCPRCGSALDR,54,hypothetical protein, ,Derived by automated computational analysis using gene prediction method: Protein Homology.,OG0000163,Shell,group_2435,Shell,Shell,Shell
GCF_019856255.1,FXW36_RS41335,MADKSPRNSMSKKSGKSLKEKRADKKMKTNGQSDPEIVSHVKKR,44,hypothetical protein, ,Derived by automated computational analysis using gene prediction method: Protein Homology.,OG0000004,Core,group_2437,Shell,Shell,Shell
GCF_019856255.1,FXW36_RS12890,MTDERPGKNQTPPDKTTRPTPKEATPDVSKTDLAAVVDALTATNEKNFDF,50,hypothetical protein, ,Derived by automated computational analysis using gene prediction method: Protein Homology.,OG0000164,Shell,group_2447,Shell,Shell,Shell
GCF_019856255.1,FXW36_RS42180,MSAACRPTRAIAAAIRTGLARGEAIEEIEERIRCAEAAGLPLTLW,45,hypothetical protein, ,Derived by automated computational analysis using gene prediction method: GeneMarkS-2+.,OG0000338,Cloud,group_1634,Cloud,,Cloud
GCF_019856255.1,FXW36_RS41355,MDARENVYVADSDNNRVLKLAAGSTTHVELPFTGLLGPEGVAVDTAGNVYVTAPPTAAGC,60,hypothetical protein, ,Derived by automated computational analysis using gene prediction method: Protein Homology.,OG0000636,Cloud,group_2097,Cloud,Cloud,Cloud
GCF_019856255.1,FXW36_RS41370,MFEIIREVHSEVRHRRGPRHHHHLLTRAERRSRILKHFHM,40,hypothetical protein, ,Derived by automated computational analysis using gene prediction method: GeneMarkS-2+.,OG0000288,Shell,group_2087,Shell,Shell,Shell
GCF_019856255.1,FXW36_RS14120,MGSGPVKAIMWSLLFVGLVGAGVGISELHVPWTVASLIVASVSGLVLLRIRADAHPELHSDRRMAAG,67,hypothetical protein, ,Derived by automated computational analysis using gene prediction method: Protein Homology.,OG0000165,Shell,group_2193,Shell,Shell,Shell
GCF_019856255.1,FXW36_RS14160,MNSTITGLIVGLLLAIAGILGGFSGFVFAVLLGALGMAVGAHRDGHLDLGAILRSRGRG,59,hypothetical protein, ,Derived by automated computational analysis using gene prediction method: Protein Homology.,OG0000026,Conserved,group_2303,Conserved,Shell,Shell
GCF_019856255.1,FXW36_RS14360,MSEKKIDRVKTESALEVLRESPTIALITVAPALVVFGVVWWLFGFWSALVLVLILGVVAVVGRKLF,66,hypothetical protein, ,Derived by automated computational analysis using gene prediction method: Protein Homology.,OG0000025,Conserved,group_2209,Conserved,Soft core,Soft core
GCF_019856255.1,FXW36_RS14495,MASSTDVRPKITLACEVCKHRNYITKKNRRNDPDRLEIKKFCPNCGTHQSHRESK,55,50s ribosomal protein l33, ,Derived by automated computational analysis using gene prediction method: Protein Homology.,OG0000024,Conserved,rpmG,Conserved,Conserved,Conserved
GCF_019856255.1,FXW36_RS14645,MGALSPSHWTIIAVVLVVLFGSKKLPDAARGLGRSMRILKTEVGELQADAPELEK,55,sec-independent protein translocase subunit tata, ,Derived by automated computational analysis using gene prediction method: Protein Homology.,OG0000019,Conserved,group_2146,Shell,Shell,Shell
GCF_019856255.1,FXW36_RS14720,MIYLLALIGLVTVAVLLWKAFGPNTRPVLSNRVQGPDDDPDFLWKVDRETRRKKSDEPDAGPADPAG,67,hypothetical protein, ,Derived by automated computational analysis using gene prediction method: Protein Homology.,OG0000023,Conserved,group_2246,Shell,Conserved,Shell
GCF_019856255.1,FXW36_RS14865,MGSVIKKRRKRMSKKKHRKLLRRTRVQRRKLGK,33,aurkaip1/cox24 domain-containing protein, ,Derived by automated computational analysis using gene prediction method: Protein Homology.,OG0000022,Conserved,group_1939,Conserved,Conserved,Conserved
GCF_019856255.1,FXW36_RS15120,MIVLGLILLLIGWLTGLTWLWTIGIILLVIGAILWILGATGRAVGGRRRWY,51,duf6131 family protein, ,Derived by automated computational analysis using gene prediction method: Protein Homology.,OG0000000,Conserved,group_2247,Shell,Shell,Shell
GCF_019856255.1,FXW36_RS15270,MTFESNTPRQFTRSDNQKMLAGVCGGIAEYFSVDVNLVRLLTVVATLVTGGTAALVYLAAWMLMPAGH,68,pspc domain-containing protein, ,Derived by automated computational analysis using gene prediction method: Protein Homology.,OG0000021,Conserved,group_2380,Conserved,Shell,Shell
GCF_019856255.1,FXW36_RS16210,MATIEEFEQTVTDKVIAGLHDKFADYERRGVGLAELGDPDRFVERILAAVPAPHPWYEQFGAAWSSAPA,69,hypothetical protein, ,Derived by automated computational analysis using gene prediction method: Protein Homology.,OG0000166,Shell,group_2132,Shell,Shell,Shell
GCF_019856255.1,FXW36_RS41420,MPVDLGMMVGEDAAVDVEAEPDRWLRFDCTGPRGRLAGHVGLR,43,hypothetical protein, ,Derived by automated computational analysis using gene prediction method: GeneMarkS-2+.,OG0000404,Cloud,group_1728,Cloud,Cloud,Cloud
GCF_019856255.1,FXW36_RS16755,MNPVNDPDIVFLADHSVLLAIPAFVPAFLVAGLVIYLAVRDRKAEAAENAESAKHGPSEKDEEN,64,hypothetical protein, ,Derived by automated computational analysis using gene prediction method: Protein Homology.,OG0000167,Shell,group_2396,Shell,Shell,Shell
GCF_019856255.1,FXW36_RS41425,MSSTGGSAGSRVAEHMSMLDAAVDGLLDAGLAELSDSDLVEVMRGVEQWLRRAEAVSPRLVV,62,hypothetical protein, ,Derived by automated computational analysis using gene prediction method: GeneMarkS-2+.,OG0000517,Cloud,group_562,Cloud,Cloud,Cloud
GCF_019856255.1,FXW36_RS17350,MAAYQCPVCDYVYDEASGAPREGFPAGTAWADVPDDWCCPDCGVREKIDFDPRVA,55,rubredoxin, ,Derived by automated computational analysis using gene prediction method: Protein Homology.,OG0000053,Core,group_2321,Shell,Shell,Shell
GCF_019856255.1,FXW36_RS17355,MSTDFKLYRCVQCGFEYDEAEGWPEDGIEPGTRWDDIPEHWSCPDCGAAKADFDMVEVSRA,61,rubredoxin, ,Derived by automated computational analysis using gene prediction method: Protein Homology.,OG0000007,Conserved,group_2335,Shell,Shell,Shell
GCF_019856255.1,FXW36_RS41430,MTALMAREHAALTSFLLGLATYLDETHLLTLEGRDSGAIGRFGAQAAPH,49,hypothetical protein, ,Derived by automated computational analysis using gene prediction method: GeneMarkS-2+.,OG0000518,Cloud,group_1394,Cloud,Cloud,Cloud
GCF_019856255.1,FXW36_RS18530,MKDRKVFGQQVAAFQNAEFVLGCLQLHGGYGYTTEYPIARFYEDTRVSRIYGGASEVMKLRGCG,64,acyl-coa dehydrogenase family protein, ,Derived by automated computational analysis using gene prediction method: Protein Homology.,OG0000264,Shell,group_2370,Cloud,Cloud,Cloud
GCF_019856255.1,FXW36_RS18925,MESTSQPSPRECPDCHALTADLEAHKLWHSRLVHDIATAVDKDISRRAHT,50,hypothetical protein, ,Derived by automated computational analysis using gene prediction method: Protein Homology.,OG0000227,Shell,group_1293,Shell,Cloud,Shell
GCF_019856255.1,FXW36_RS19385,MNVQDADVDVIDGVEGAGEVLGGVFTESRPLDRRTCAASAAVDRGRPPALTL,52,hypothetical protein, ,Derived by automated computational analysis using gene prediction method: GeneMarkS-2+.,OG0000907,Cloud,group_1207,Cloud,Cloud,Cloud
GCF_019856255.1,FXW36_RS41500,MPNRTVSVFSAAATRVGIVAIHGESARLRHAKWSRVQAWSKP,42,hypothetical protein, ,Derived by automated computational analysis using gene prediction method: GeneMarkS-2+.,OG0001864,,group_1800,Cloud,,Probably not conserved
GCF_019856255.1,FXW36_RS41515,MGVGAFAEGDPRIVARLVLALIVSVWRWYRPEATCPSNRSSSWCARPPSS,50,hypothetical protein, ,Derived by automated computational analysis using gene prediction method: Protein Homology.,OG0000637,Cloud,group_1340,Cloud,Cloud,Cloud
GCF_019856255.1,FXW36_RS41525,MRAAHIFPHQLDGVIGDLKTDVCVDEVVFTVVCNTIGKQHVEVLLQV,47,hypothetical protein, ,Derived by automated computational analysis using gene prediction method: GeneMarkS-2+.,OG0000638,Cloud,group_2466,Cloud,,Cloud
GCF_019856255.1,FXW36_RS41530,MELFRTHGTALVTSYHAHCHWSQRSPEHEVPVTWEILLPPSVHVLEPAEPPVAVPLEPEYP,61,hypothetical protein, ,Derived by automated computational analysis using gene prediction method: GeneMarkS-2+.,OG0000579,Cloud,group_637,Cloud,,Cloud
GCF_019856255.1,FXW36_RS19835,MAVVKANLGACQGYANCVVAADDYFDIDDDGVVELLSVEVPESERGRVDSAARSCPVSALWIED,64,ferredoxin, ,Derived by automated computational analysis using gene prediction method: Protein Homology.,OG0000001,Conserved,group_2005,Shell,Cloud,Cloud
GCF_019856255.1,FXW36_RS20285,MPLLHVTQTPGQSAEAKRELLKKLTAAYVDATGAKPASVWVTIEEVSKDDWAIGGETLTERASKPA,66,4-oxalocrotonate tautomerase family protein, ,Derived by automated computational analysis using gene prediction method: Protein Homology.,OG0000224,Shell,group_213,Shell,Cloud,Shell
GCF_019856255.1,FXW36_RS41555,MANDTEAYRSKVTVITSAVSFASVVGDRRGRLIRHVRDRDVA,42,hypothetical protein, ,Derived by automated computational analysis using gene prediction method: GeneMarkS-2+.,OG0001865,,group_1801,Cloud,,Probably not conserved
GCF_019856255.1,FXW36_RS20480,MSADDTEKLMLDRLYAAVLAVAGLGYGGYILLDELTGGSDTPGEEDHHLRREPSEQVSTA,60,hypothetical protein, ,Derived by automated computational analysis using gene prediction method: Protein Homology.,OG0000168,Shell,group_2489,Shell,Cloud,Shell
GCF_019856255.1,FXW36_RS41560,MLLPVRRRRRGVVPAWTPHPADKPSAVGILAVATSVSGAGSRIVETVIDEIHRFDERHRRNIS,63,hypothetical protein, ,Derived by automated computational analysis using gene prediction method: GeneMarkS-2+.,OG0000908,Cloud,group_475,Cloud,Cloud,Cloud
GCF_019856255.1,FXW36_RS20765,MTDVPVDYSPARPPGRVNTTEWIKAHLERMDHPDPSPAPAVDDPGTERV,49,hypothetical protein, ,Derived by automated computational analysis using gene prediction method: GeneMarkS-2+.,OG0000201,Shell,group_1395,Cloud,,Cloud
GCF_019856255.1,FXW36_RS20770,MTRDEGCCTSTTSSTANVRYPDLPRESIEQAVHSAHEHFANRKVRDFVPLLVERLAREKLQALVPT,66,hypothetical protein, ,Derived by automated computational analysis using gene prediction method: Protein Homology.,OG0000062,Soft core,group_2108,Cloud,Cloud,Cloud
GCF_019856255.1,FXW36_RS41580,MANSVVDVGGDPVVSVVARVFTPPLRELYALLVRVGVVEIID,42,rv1535 domain-containing protein, ,Derived by automated computational analysis using gene prediction method: Protein Homology.,OG0000231,Shell,group_1802,Cloud,Cloud,Cloud
GCF_019856255.1,FXW36_RS20845,MTDVPVECPARVNTTEWIKAHLERMGHADPAGDTRHEPDLRTHQPE,46,hypothetical protein, ,Derived by automated computational analysis using gene prediction method: GeneMarkS-2+.,OG0000201,Shell,group_2053,Cloud,Cloud,Cloud
GCF_019856255.1,FXW36_RS20885,MSIGKKLRHKAETTEGVAKKTVGKALGNERMEAEGRAQETKGKLKQSGDQIKQAGQKIKNIFKH,64,csbd family protein, ,Derived by automated computational analysis using gene prediction method: Protein Homology.,OG0000073,Shell,group_2502,Shell,Cloud,Shell
GCF_019856255.1,FXW36_RS20970,MYDNSASTGPRIVAQFTDGHLVGEATWPAWTPAELTSHTSRGEQP,45,hypothetical protein, ,Derived by automated computational analysis using gene prediction method: GeneMarkS-2+.,OG0000909,Cloud,group_1635,Cloud,Cloud,Cloud
GCF_019856255.1,FXW36_RS21050,MSDPLDEELRFQIQRAQPEHPVADHPHYLGTRVRQLLRELTTVPA,45,hypothetical protein, ,Derived by automated computational analysis using gene prediction method: Protein Homology.,OG0000519,Cloud,group_1636,Cloud,Cloud,Cloud
GCF_019856255.1,FXW36_RS21315,MNSTTEEQHISVVRQRLAARFPTIDSGVINQAIDTAHHQFDGRPVRDFVPLLVERAALRSLTDDT,65,hypothetical protein, ,Derived by automated computational analysis using gene prediction method: Protein Homology.,OG0000062,Soft core,group_316,Cloud,Cloud,Cloud
GCF_019856255.1,FXW36_RS21455,MHPVAKRQRLEVLIGILGFFTVMAFIAAVVEVVRGDPGVTPALVLLGCLVLSGLAVVARNRVR,63,hypothetical protein, ,Derived by automated computational analysis using gene prediction method: Protein Homology.,OG0000051,Conserved,group_2423,Shell,Cloud,Cloud
GCF_019856255.1,FXW36_RS21920,MSTSSVTVTGMTCNHCVSSVTEEISALPGVTSVNVDLATGKVVIDSTTDLDPSAVAGAVEEAGYSVAG,68,heavy metal-associated domain-containing protein, ,Derived by automated computational analysis using gene prediction method: Protein Homology.,OG0000006,Conserved,group_2406,Shell,Cloud,Cloud
GCF_019856255.1,FXW36_RS22170,MTELHAVRDTTVWERQWQQHFQRVSALLDTHTTAGERSDARTRITDADRTTIDRLLRRTFDA,62,hypothetical protein, ,Derived by automated computational analysis using gene prediction method: GeneMarkS-2+.,OG0000910,Cloud,group_563,Cloud,Cloud,Cloud
GCF_019856255.1,FXW36_RS22180,MKRNKLTHKHTDLKDLFYAQRRTRAGVPDNEVKLREQIAALKTNQSLRDANETATA,56,hypothetical protein, ,Derived by automated computational analysis using gene prediction method: GeneMarkS-2+.,OG0000911,Cloud,group_966,Cloud,Cloud,Cloud
GCF_019856255.1,FXW36_RS41635,MLFGAVLTAVAFVICFFMSPETKGKSLEEVSSVTADPAMGASAPRLEKLEEASAPRT,57,hypothetical protein, ,Derived by automated computational analysis using gene prediction method: GeneMarkS-2+.,OG0001866,,group_895,Cloud,,Probably not conserved
GCF_019856255.1,FXW36_RS22415,MIDTCHGTLIVHTLYGAECTDESCAELSEARHALIIDCDEFGDCVCSAEFAEQLRHAS,58,hypothetical protein, ,Derived by automated computational analysis using gene prediction method: Protein Homology.,OG0000169,Shell,group_2231,Shell,Shell,Shell
GCF_019856255.1,FXW36_RS22585,MAKGKRTFQPNNRRRARVHGFRLRMRTRAGRAIVSARRRKGRESLTA,47,50s ribosomal protein l34, ,Derived by automated computational analysis using gene prediction method: Protein Homology.,OG0000052,Conserved,rpmH,Conserved,Shell,Shell
GCF_019856255.1,FXW36_RS23410,MATARLDASQGGGGTKILMTQWQGTANAPVFGGPSKQYYVLGIHNSSTSGVWFHLEGGVLA,61,hypothetical protein, ,Derived by automated computational analysis using gene prediction method: GeneMarkS-2+.,OG0000500,Cloud,group_612,Cloud,Cloud,Cloud
GCF_019856255.1,FXW36_RS23500,MDFRRTPLARSENYWEQLGSVEARHLDGAERDGLPAPDEQVSLVDHCRGATPDPA,55,hypothetical protein, ,Derived by automated computational analysis using gene prediction method: Protein Homology.,OG0000275,Shell,group_2324,Cloud,Cloud,Cloud
GCF_019856255.1,FXW36_RS23880,MSDRDASIFESERELDEESVRKAQRTVAHHSIDAEDCRMLLAALGIPLVRDLDNESVSGAAGAESL,66,hypothetical protein, ,Derived by automated computational analysis using gene prediction method: Protein Homology.,OG0000170,Shell,group_2353,Shell,Shell,Shell
GCF_019856255.1,FXW36_RS41660,MNSHTAAPDTLDLVHGLWMTPHSWKGAWLTRSSICSTNLSNAER,44,hypothetical protein, ,Derived by automated computational analysis using gene prediction method: GeneMarkS-2+.,OG0000332,Cloud,group_2286,Cloud,Cloud,Cloud
GCF_019856255.1,FXW36_RS41670,MGPSLPLPLTLHRGVLIEEYGIPAVTTLDGTDILYKDWGAGRP,43,hypothetical protein, ,Derived by automated computational analysis using gene prediction method: GeneMarkS-2+.,OG0000912,Cloud,group_2121,Cloud,Cloud,Cloud
GCF_019856255.1,FXW36_RS24285,MSLYLQPRQSGTAPTPYERKLAGAIEEVFGTGVHHLEGLVKGLNALGIHSPGGDAWTTDTFTDEIRRMGA,70,recombinase-like helix-turn-helix domain-containing protein, ,Derived by automated computational analysis using gene prediction method: Protein Homology.,OG0000171,Shell,,,Shell,Shell
GCF_019856255.1,FXW36_RS24585,MFVCICKAVTEDEVHEHCAAGADSADAIGERCGAGWGCGTCVDRLKEILERSAADSVAA,59,(2fe-2s)-binding protein, ,Derived by automated computational analysis using gene prediction method: Protein Homology.,OG0000150,Shell,group_2172,Shell,Shell,Shell
GCF_019856255.1,FXW36_RS25100,MGIADKASNKAEDLKGQAKEATGKATGDPDLRDEGKADQASSAVKDAGEKVKDAAKNVKDKLT,63,csbd family protein, ,Derived by automated computational analysis using gene prediction method: Protein Homology.,OG0000011,Conserved,group_2411,Conserved,Shell,Shell
GCF_019856255.1,FXW36_RS25505,MAKYRVIDPRGTVVETKEIPSADDAHAWFVDVRADNSELGWRMEVDEDGTWAFFDDTEGATEK,63,hypothetical protein, ,Derived by automated computational analysis using gene prediction method: Protein Homology.,OG0000066,Soft core,group_2173,Shell,Shell,Shell
GCF_019856255.1,FXW36_RS41685,MAGTMERVLALVVEHTSARTQFGRAVGKFQAVQPGNVVRRLRRPCAFLVVPATKKAHGRGAPTE,64,hypothetical protein, ,Derived by automated computational analysis using gene prediction method: Protein Homology.,OG0001867,,group_394,Cloud,,Probably not conserved
GCF_019856255.1,FXW36_RS25900,MSELTSWEYATVPLLTHATKQILDQWGTDGWELVTVLPGPTGEQHVAYLKRPKG,54,duf4177 domain-containing protein, ,Derived by automated computational analysis using gene prediction method: Protein Homology.,OG0000012,Conserved,group_2273,Conserved,Shell,Shell
GCF_019856255.1,FXW36_RS26065,MAQGTVKWFNAEKGFGFIAPEDGSADVFVHYSEIQGSGFRTLEENQRVEFEVGQGTKGPQATGVRAV,67,cold-shock protein, ,Derived by automated computational analysis using gene prediction method: Protein Homology.,OG0000013,Conserved,group_128,Conserved,Shell,Shell
GCF_019856255.1,FXW36_RS41690,MAMQVFSLIAILGALIVLIPTALRVFGKSDNVKAPDETEE,40,hypothetical protein, ,Derived by automated computational analysis using gene prediction method: Protein Homology.,OG0000172,Shell,group_2042,Shell,Shell,Shell
GCF_019856255.1,FXW36_RS26100,MSDSLKDRVREKLLRQLAEDGGHPVQEAEGDDPRLVSIDADLAALEQASDGDVVIEELAAKYWVP,65,hypothetical protein, ,Derived by automated computational analysis using gene prediction method: Protein Homology.,OG0000014,Conserved,group_2342,Conserved,Soft core,Soft core
GCF_019856255.1,FXW36_RS26460,MVYVSSPSKSVESLGIVLIAVGVVLLALLTLYLVGFDQGAISRSGMYLHELMHDGRHLLGVPCH,64,cbtb domain-containing protein, ,Derived by automated computational analysis using gene prediction method: Protein Homology.,OG0000173,Shell,group_2252,Shell,Shell,Shell
GCF_019856255.1,FXW36_RS26485,MALAYAPGSSVDTTRLAVISFAIVLFAMLALYLVGFDQGAISRSGMYMHELMHDGRHLLGLPCH,64,cbtb domain-containing protein, ,Derived by automated computational analysis using gene prediction method: Protein Homology.,OG0000008,Conserved,group_2468,Conserved,Soft core,Soft core
GCF_019856255.1,FXW36_RS26505,MPEKPHQFGRIHRTKLPVRLPHLERQRVDLLVGQLKKPDARVENYPTGSHRLPCP,55,hypothetical protein, ,Derived by automated computational analysis using gene prediction method: GeneMarkS-2+.,OG0000520,Cloud,group_1042,Cloud,Cloud,Cloud
GCF_019856255.1,FXW36_RS26895,MTPNTLTAPSFHSPPPGEASVRDRDGGTARLRLWGSLTEAGRAGLES,47,hypothetical protein, ,Derived by automated computational analysis using gene prediction method: Protein Homology.,OG0000225,Shell,group_2145,Shell,Shell,Shell
GCF_019856255.1,FXW36_RS27665,MAQGVVKWFNSEKGFGFIAPDDGSADVFVHYSEISGSGYKSLEENQRVEFEVGQGQKGPQAQNVRAV,67,cold-shock protein, ,Derived by automated computational analysis using gene prediction method: Protein Homology.,OG0000003,Conserved,group_141,Shell,Shell,Shell
GCF_019856255.1,FXW36_RS27950,MEVRVDFDRCEANGVCVGIAPDIFELDDDDQLHISSAVPPADREEDVRTAIAQCPRAALTEHP,63,ferredoxin, ,Derived by automated computational analysis using gene prediction method: Protein Homology.,OG0000005,Conserved,group_2144,Shell,Shell,Shell
GCF_019856255.1,FXW36_RS28025,MAAKTTAENDIADEDLEPLADETARQAQRVVAAYAEDADECRMLLSMLGIGPTSKLD,57,hypothetical protein, ,Derived by automated computational analysis using gene prediction method: Protein Homology.,OG0000015,Conserved,group_859,Shell,Shell,Shell
GCF_019856255.1,FXW36_RS28085,MQVNSCRSVVLDAVEALPALERETLALVYYRGMSCDEVADTMQISVATVRDRLHEGARRLLAGVGDL,67,sigma factor-like helix-turn-helix dna-binding protein, ,Derived by automated computational analysis using gene prediction method: Protein Homology.,OG0000174,Shell,group_2332,Shell,Shell,Shell
GCF_019856255.1,FXW36_RS28120,MPASSTSHASATTTASRGGATMSTEEIKARIEAMFADEAADTSPALVE,48,hypothetical protein, ,Derived by automated computational analysis using gene prediction method: Protein Homology.,OG0000002,Conserved,group_2311,Shell,Shell,Shell
GCF_019856255.1,FXW36_RS28125,MTTHNPQNAPHDGEVLVLGARSGGAIAGGLIATLALSALTLLSSLPT,47,hypothetical protein, ,Derived by automated computational analysis using gene prediction method: Protein Homology.,OG0000146,Shell,group_2277,Shell,Shell,Shell
GCF_019856255.1,FXW36_RS42270,MTDTTKTIRPFRIDIAQEQLDDLADRLSRTRFGTPLPGDD,40,hypothetical protein, ,Derived by automated computational analysis using gene prediction method: GeneMarkS-2+.,OG0000639,Cloud,group_1899,Cloud,Cloud,Cloud
GCF_019856255.1,FXW36_RS28575,MSSRIATTLAAIAMTLSLGALAAPAAVAAPLAPAPTPAVGSIAVCLNLPLGSASISFCI,59,hypothetical protein, ,Derived by automated computational analysis using gene prediction method: Protein Homology.,OG0000175,Shell,group_2150,Shell,Shell,Shell
GCF_019856255.1,FXW36_RS28695,MGRGRAKAKQTKVARELKYSVPTTDFDSLQRELSGGSSNSHRDEVFADQRADREGHSREDDDDWRR,66,duf3073 domain-containing protein, ,Derived by automated computational analysis using gene prediction method: Protein Homology.,OG0000049,Conserved,group_209,Shell,Shell,Shell
GCF_019856255.1,FXW36_RS28970,MTPKDASGPKTTTTDSGAPGADKDVMSDPAEDDKSSGADWSGEGGATSEGPATDTDTDTED,61,hypothetical protein, ,Derived by automated computational analysis using gene prediction method: Protein Homology.,OG0000020,Core,group_2276,Shell,Shell,Shell
GCF_019856255.1,FXW36_RS29260,MANNSKKQYVDPGWPETADGDSAVTELSSSRAGGLSPFGEDTEFPLPADSLPYAHPHTVINR,62,hypothetical protein, ,Derived by automated computational analysis using gene prediction method: Protein Homology.,OG0000048,Conserved,group_2147,Shell,Shell,Shell
GCF_019856255.1,FXW36_RS41725,MYGQLTGYFGAGGGVGGVLRELGEEPVAVAGARQIGFGRRVLPQTGRGRSPRQKRRIPQGGGAERIG,67,hypothetical protein, ,Derived by automated computational analysis using gene prediction method: Protein Homology.,OG0000333,Cloud,group_2242,Cloud,Cloud,Cloud
GCF_019856255.1,FXW36_RS41735,MLGIMLGLGGAAIGLGIGVMALGVGLLLSDATIKHDVGELPD,42,hypothetical protein, ,Derived by automated computational analysis using gene prediction method: GeneMarkS-2+.,OG0000176,Shell,group_1761,Shell,Shell,Shell
GCF_019856255.1,FXW36_RS29635,MSFVDTLKGLLGKGREAASQNADKVHGAIDKAADVADSKTGGKYSDKIDKAADAAKKAVPPKE,63,antitoxin, ,Derived by automated computational analysis using gene prediction method: Protein Homology.,OG0000010,Conserved,group_2241,Shell,Shell,Shell
GCF_019856255.1,FXW36_RS29715,MARGDHPQRTPFYGVVLIVVALAAAMIVNRTAPVWVQVPVYVLAVLAAMAGFVMTFRDLS,60,hypothetical protein, ,Derived by automated computational analysis using gene prediction method: Protein Homology.,OG0000209,Shell,group_2174,Shell,Shell,Shell
GCF_019856255.1,FXW36_RS30055,MKANSDRHDQHLPEHQRIADLVDDMEDRLVAEREAKGIAGNASERKQAEQLEPDDQAPE,59,hypothetical protein, ,Derived by automated computational analysis using gene prediction method: Protein Homology.,OG0000177,Shell,group_2271,Shell,Shell,Shell
GCF_019856255.1,FXW36_RS30120,MIVLGIILLVIGLVAGISILTTIGIILLVIGLVLLLLGTTGRAVGGRKYWY,51,duf6131 family protein, ,Derived by automated computational analysis using gene prediction method: Protein Homology.,OG0000193,Shell,group_2133,Shell,Shell,Shell
GCF_019856255.1,FXW36_RS30125,MRIGRLVTLIVIIWLIIGAVAVWQRGYFKDTTADCASAGTIAVTVIAGPLNYAGVNPKIDCEVPQPSQ,68,hypothetical protein, ,Derived by automated computational analysis using gene prediction method: Protein Homology.,OG0000017,Conserved,group_2272,Shell,Shell,Shell
GCF_019856255.1,FXW36_RS41745,MPVRLRISPGMLHGYWSTGVVPRANELADQPCEELAELHAPEQADIPLP,49,hypothetical protein, ,Derived by automated computational analysis using gene prediction method: GeneMarkS-2+.,OG0000571,Cloud,group_2201,Cloud,Cloud,Cloud
GCF_019856255.1,FXW36_RS30415,MGKFLVPGVVSAVVGVALGTVATLGITAAAQDNTRPEIDRSGNADSSLLNQVEYGSR,57,duf2613 domain-containing protein, ,Derived by automated computational analysis using gene prediction method: Protein Homology.,OG0000016,Conserved,group_860,Shell,Shell,Shell
GCF_019856255.1,FXW36_RS30650,MWEGGILGLAVTLTVGLLGGLLSRAFTIHAGVLFMGYYVAVLSVPAILAL,50,hypothetical protein, ,Derived by automated computational analysis using gene prediction method: Protein Homology.,OG0000501,Cloud,group_2202,Cloud,Cloud,Cloud
GCF_019856255.1,FXW36_RS41765,MVVIHAHDHTAESSFGLGILYQQELQIGDEQAEHLNGQWQAALKAARPLWR,51,hypothetical protein, ,Derived by automated computational analysis using gene prediction method: Protein Homology.,OG0000388,Cloud,group_1244,Cloud,Cloud,Cloud
GCF_019856255.1,FXW36_RS30890,MAPRFAFGAATAATVPTAMVTGSALIAAAAGLLVLLAVAVAVAVASILI,49,hypothetical protein, ,Derived by automated computational analysis using gene prediction method: GeneMarkS-2+.,OG0001868,,group_2369,Cloud,,Probably not conserved
GCF_019856255.1,FXW36_RS41770,MAEHRVTAEEAFQHLVQVSQRTNTTLSEVARNLMASITQDR,41,antar domain-containing protein, ,Derived by automated computational analysis using gene prediction method: GeneMarkS-2+.,OG0000573,Cloud,group_2111,Cloud,Cloud,Cloud
GCF_019856255.1,FXW36_RS30960,MLSVALFWAYGIGVIVGVGAVTAGITAYRTGRRTPHRMPVDVAAGITAGITGIVNGLLFLAVVLTHT,67,hypothetical protein, ,Derived by automated computational analysis using gene prediction method: GeneMarkS-2+.,OG0000521,Cloud,group_2395,Cloud,Cloud,Cloud
GCF_019856255.1,FXW36_RS41780,MLEIQLIVGVGFCGGYTTFSTASFETVRLIPRQRYATRRRAVGTLLVTVAGSAGLALADGV,61,crcb family protein, ,Derived by automated computational analysis using gene prediction method: Protein Homology.,OG0000913,Cloud,group_638,Cloud,Cloud,Cloud
GCF_019856255.1,FXW36_RS41795,MSTALEESRRHAIELTNEKIQAVKDFFTNIFRLDTTHRTEA,41,hypothetical protein, ,Derived by automated computational analysis using gene prediction method: GeneMarkS-2+.,OG0000178,Shell,group_2433,Shell,Shell,Shell
GCF_019856255.1,FXW36_RS31985,MIMHVTETPTPTVSRTMWTTEEIKARLEEMNIPRSRTRRGPRWGNRDR,48,hypothetical protein, ,Derived by automated computational analysis using gene prediction method: Protein Homology.,OG0000179,Shell,group_2404,Shell,Shell,Shell
GCF_019856255.1,FXW36_RS32105,MASEGAAGVGWELGVMGLYLHASIAFGTPEGAATAAGVRTTAFYTGADTGAG,52,hypothetical protein, ,Derived by automated computational analysis using gene prediction method: GeneMarkS-2+.,OG0000302,Cloud,group_2213,Cloud,Cloud,Cloud
GCF_019856255.1,FXW36_RS32275,MTTLITLACMLLLAAAVAHYGPKEGGTGVFRLEQFRIGAPLGGIFTDQPTSPEDPDWPGSDDQRAGGGSS,70,hypothetical protein, ,Derived by automated computational analysis using gene prediction method: Protein Homology.,OG0000194,Shell,,,Shell,Shell
GCF_019856255.1,FXW36_RS32575,MAARNEIRPIVKLKSTAGTGYTYVTRKNRRNDPDRLVMKKYDPVVRKHVDFREEK,55,50s ribosomal protein l33, ,Derived by automated computational analysis using gene prediction method: Protein Homology.,OG0000047,Conserved,group_2305,Shell,Shell,Shell
GCF_019856255.1,FXW36_RS32595,MAVPKRRMSRSNTRSRRSQWKAQAPDLVEVTVGGATHRVPRRLVKAVKLGLVDPAGK,57,50s ribosomal protein l32, ,Derived by automated computational analysis using gene prediction method: Protein Homology.,OG0000060,Soft core,group_2234,Shell,Shell,Shell
GCF_019856255.1,FXW36_RS32715,MSDAELRKAIRVLRERADDARHRGNDDDANGIERTIRTYQEEMTQRL,47,hypothetical protein, ,Derived by automated computational analysis using gene prediction method: Protein Homology.,OG0000059,Core,group_1481,Shell,Soft core,Shell
GCF_019856255.1,FXW36_RS32870,MAEGIVKWFNSEKGFGFIAPEDGSADVFVHYSEIQSGGFRTLEENQRVSFEIGQGNKGPQATGVTLI,67,cold-shock protein, ,Derived by automated computational analysis using gene prediction method: Protein Homology.,OG0000046,Conserved,group_2233,Shell,Soft core,Shell
GCF_019856255.1,FXW36_RS33645,MSEDRRISRLLPVRRVLAAAGIAGLVAGGGMAAAADPATPDSAVAAPLVSAGFGAPDAVSSGS,63,hypothetical protein, ,Derived by automated computational analysis using gene prediction method: Protein Homology.,OG0000180,Shell,group_2175,Shell,Shell,Shell
GCF_019856255.1,FXW36_RS33785,MRAVRTAWWWTGSLMGDHDYSRYVEHLRRNHPDAEVPTEREYWKARYADADANPGARCC,59,ybdd/yjix family protein, ,Derived by automated computational analysis using gene prediction method: Protein Homology.,OG0000045,Conserved,group_2289,Shell,Core,Shell
GCF_019856255.1,FXW36_RS33860,MAEPVKGPASYFPSIEEKYGRPISEWQTLIRSSELTKHMELVSWLKSEHGLGHGHANALVAYTLKEDAAG,70,duf4287 domain-containing protein, ,Derived by automated computational analysis using gene prediction method: Protein Homology.,OG0000027,Conserved,,,Shell,Shell
GCF_019856255.1,FXW36_RS33915,MDLAFLSEFFSAFSDLAGALDFFSGSADALGGGADAATAAAATIG,45,hypothetical protein, ,Derived by automated computational analysis using gene prediction method: Protein Homology.,OG0000181,Shell,group_2197,Shell,Shell,Shell
GCF_019856255.1,FXW36_RS34065,MKASKVSGLKPKKKCCRSKTRCIKCPVVIMRMKKLENEGASKKELKKGLKKARAA,55,hypothetical protein, ,Derived by automated computational analysis using gene prediction method: GeneMarkS-2+.,OG0000044,Conserved,group_2219,Shell,Core,Shell
GCF_019856255.1,FXW36_RS34085,MYNWDVQNAIVAFVETLRPSWPAQHDLYYSVLYGFADMQSHLLTLLGYPPVA,52,hypothetical protein, ,Derived by automated computational analysis using gene prediction method: Protein Homology.,OG0000058,Core,group_1177,Shell,Soft core,Shell
GCF_019856255.1,FXW36_RS34125,MTSFDAADSPEVPEADRLEQELAVDDDSSDEVEEVSSLEVNEADVAEQSRAVPVDEDYPRE,61,hypothetical protein, ,Derived by automated computational analysis using gene prediction method: Protein Homology.,OG0000057,Core,group_2212,Shell,Soft core,Shell
GCF_019856255.1,FXW36_RS34170,MPILLLHAVIAGFSVVSGWLSAPLKRPVAALAHSYAVMRWSALIAVEDAAEHR,53,hypothetical protein, ,Derived by automated computational analysis using gene prediction method: Protein Homology.,OG0000251,Shell,group_1124,Cloud,Cloud,Cloud
GCF_019856255.1,FXW36_RS34365,MAAMKPRTGDGPLEATKEGRGIVMRVPLEGGGRLVVELTPEEAAALGEELKGVTS,55,duf3117 domain-containing protein, ,Derived by automated computational analysis using gene prediction method: Protein Homology.,OG0000043,Conserved,group_1006,Shell,Shell,Shell
GCF_019856255.1,FXW36_RS41870,MTVGRGFGLGGTAAKATTAAAKADDAAAPARNLRILWVIGYSFESGGPA,49,hypothetical protein, ,Derived by automated computational analysis using gene prediction method: GeneMarkS-2+.,OG0000914,Cloud,group_1396,Cloud,Cloud,Cloud
GCF_019856255.1,FXW36_RS34860,MSDRDNNVLENDLVEESLVEEVSIDGMCGVY,31,mycofactocin precursor mfta, ,"Mycofactocin is a small molecule electron carrier derived from the final two amino acids, Val-Tyr, of MftA, the mycofactocin precursor. It plays a role in redox homeostasis and the metabolism of alcohols and aldehydes in Actinobacteria, including Mycobacterium tuberculosis; Derived by automated computational analysis using gene prediction method: Protein Homology.",OG0000009,Conserved,group_2326,Conserved,Shell,Shell
GCF_019856255.1,FXW36_RS35235,MAKKALVNKANKKPKFAVRAYTRCQRCGRPHSVFRKFGLCRICVREMAHAGELPGVHKSSW,61,type z 30s ribosomal protein s14, ,Derived by automated computational analysis using gene prediction method: Protein Homology.,OG0000028,Conserved,group_2294,Conserved,Shell,Shell
GCF_019856255.1,FXW36_RS35260,MAELKVTQIKSTIGTKQNQKNSLRTLGLKGIRQTVVREDNAQNRGLINVVRHLVTVEEV,59,50s ribosomal protein l30, ,Derived by automated computational analysis using gene prediction method: Protein Homology.,OG0000029,Conserved,rpmD,Conserved,Shell,Shell
GCF_019856255.1,FXW36_RS35295,MKVQPSVKKICEKCKVIRRNGRVMVICENLRHKQRQG,37,50s ribosomal protein l36, ,Derived by automated computational analysis using gene prediction method: Protein Homology.,OG0000030,Conserved,rpmJ,Conserved,Soft core,Soft core
GCF_019856255.1,FXW36_RS35415,MRADLEMFRERIDERKARDEEAAANRSGRGRTESAAAPPAAAQPSTLDDDEFYRPRSWLV,60,hypothetical protein, ,Derived by automated computational analysis using gene prediction method: Protein Homology.,OG0000263,Shell,group_2245,Shell,Shell,Shell
GCF_019856255.1,FXW36_RS35820,MDHSISTLEARTLATMITSTTQEAARLATGQRTRGMTTLQDGFGKV,46,hypothetical protein, ,Derived by automated computational analysis using gene prediction method: GeneMarkS-2+.,OG0000915,Cloud,group_1586,Cloud,Cloud,Cloud
GCF_019856255.1,FXW36_RS35920,MFKLIRAVALALLAVGAYVVVSEHEPATVVVPSPSCAPATAKLTTV,46,hypothetical protein, ,Derived by automated computational analysis using gene prediction method: GeneMarkS-2+.,OG0000220,Shell,group_2379,Shell,Shell,Shell
GCF_019856255.1,FXW36_RS41885,MLVIGILLTLSLASVAWLCVSTAHGGRSGLAGPPRSHLHSD,41,hypothetical protein, ,Derived by automated computational analysis using gene prediction method: GeneMarkS-2+.,OG0000182,Shell,group_2124,Shell,Shell,Shell
GCF_019856255.1,FXW36_RS36635,MTFTVTHRSFDQLAEFAVTDFGDDDSYSIHESGALVIVRAARELIYAPGSWFLVEREDGQEDGSPGNYM,69,hypothetical protein, ,Derived by automated computational analysis using gene prediction method: GeneMarkS-2+.,OG0000151,Shell,group_2,Shell,Shell,Shell
GCF_019856255.1,FXW36_RS37020,MTDASNEDTKKKFREALERKNHQAGLSTDHKDGHSKAHEAHGPADHKREFRRKTG,55,duf5302 domain-containing protein, ,Derived by automated computational analysis using gene prediction method: Protein Homology.,OG0000031,Conserved,group_2470,Core,Shell,Shell
GCF_019856255.1,FXW36_RS37110,MAAVCDVCAKGPGFGKSVSHSHRRTNRRWNPNIQTVRAEVAPGNTRKVNVCTSCLKAGKVARG,63,50s ribosomal protein l28, ,Derived by automated computational analysis using gene prediction method: Protein Homology.,OG0000032,Conserved,rpmB,Conserved,Shell,Shell
GCF_019856255.1,FXW36_RS37150,MAVPKRRMSRSNTRSRRSQWKTTVPTLVTCPNRGCGEKTLPHVACPSCGTYKGRQVTAAV,60,50s ribosomal protein l32, ,Derived by automated computational analysis using gene prediction method: Protein Homology.,OG0000033,Conserved,group_2479,Conserved,Shell,Shell
GCF_019856255.1,FXW36_RS37660,MRGTLDARRQRAEAAECSALDEQYRCASRERLAIARKLHDVLAHSL,46,hypothetical protein, ,Derived by automated computational analysis using gene prediction method: Protein Homology.,OG0000345,Cloud,group_2188,Cloud,Cloud,Cloud
GCF_019856255.1,FXW36_RS41905,MIAWQGVAQTLPQSLAACASGRELRASGYPQDVAIAAEVDRSTAVPVLEDRVFRTASQ,58,hypothetical protein, ,Derived by automated computational analysis using gene prediction method: GeneMarkS-2+.,OG0000487,Cloud,group_820,Cloud,Cloud,Cloud
GCF_019856255.1,FXW36_RS41910,MHTPVPVPVPSSKLMVDPFGEGSTNLRGAAVRRIVFGDKLICPFVTRLRPTAFAPGRPQSKRRP,64,hypothetical protein, ,Derived by automated computational analysis using gene prediction method: GeneMarkS-2+.,OG0000334,Cloud,group_2101,Cloud,Cloud,Cloud
GCF_019856255.1,FXW36_RS37825,MRSREAPPLDALIDCIAVARKAGVDELATLDDATALAEAHEVWQLLSLAEYLALVG,56,hypothetical protein, ,Derived by automated computational analysis using gene prediction method: GeneMarkS-2+.,OG0000120,Shell,group_967,Cloud,Cloud,Cloud
GCF_019856255.1,FXW36_RS37830,MRLLRGLLDVVLGILTAILGTVLGIVAAVVWLVGGVLCVTVILLPLGLPVVRLARRLFTLARKLMHLP,68,hypothetical protein, ,Derived by automated computational analysis using gene prediction method: Protein Homology.,OG0000152,Shell,group_2196,Shell,Shell,Shell
GCF_019856255.1,FXW36_RS38010,MFWKIVLAVAAIWIALAVVGALVKGLFWILVVSAVVFGVYLLIKAMSGSGEKSDITRS,58,hypothetical protein, ,Derived by automated computational analysis using gene prediction method: Protein Homology.,OG0000034,Conserved,group_808,Shell,Shell,Shell
GCF_019856255.1,FXW36_RS38035,MRLTEFHQLVREEFGQMRGDALLVDHVLLSLGGKTAAEAIEDGREPREVWRELCVEFDVPPQRR,64,duf3046 domain-containing protein, ,Derived by automated computational analysis using gene prediction method: Protein Homology.,OG0000035,Conserved,group_2481,Conserved,Shell,Shell
GCF_019856255.1,FXW36_RS38325,MPGTLTSPPLTAADRCDRCGAGARVRAVLPTGGELLFCGHHANEHADRLREMNATIVSEAEAAI,64,hypothetical protein, ,Derived by automated computational analysis using gene prediction method: Protein Homology.,OG0000036,Conserved,group_2483,Conserved,Shell,Shell
GCF_019856255.1,FXW36_RS41930,MYESYRGADAHAILDALDKEYHLDTPWFTPARWLEGHGVDF,41,hypothetical protein, ,Derived by automated computational analysis using gene prediction method: GeneMarkS-2+.,OG0000278,Shell,group_2313,Shell,Cloud,Shell
GCF_019856255.1,FXW36_RS39045,MTLSRASSPLGLPSDAAIGRAFLDELLAPLRELRDGLRLDEHDPSTAPIVRCSR,54,hypothetical protein, ,Derived by automated computational analysis using gene prediction method: GeneMarkS-2+.,OG0000303,Cloud,group_2482,Cloud,Cloud,Cloud
GCF_019856255.1,FXW36_RS39140,MHTDLVRRTAEVDRTAATALAPYPLWCVFATVLSASIWHRNRSR,44,tryptophan-rich sensory protein, ,Derived by automated computational analysis using gene prediction method: Protein Homology.,OG0000401,Cloud,group_1691,Cloud,Cloud,Cloud
GCF_019856255.1,FXW36_RS41975,MQRRVQLTRTTILARAAEQFDRHGYTHAALHEITGVSHATKGGLYFHFRSKRTSPGRRLTSV,62,tetr family transcriptional regulator, ,Derived by automated computational analysis using gene prediction method: Protein Homology.,OG0000409,Cloud,group_564,Cloud,Cloud,Cloud
GCF_019856255.1,FXW36_RS39250,MSSAKNSAGAPCTHQFLVTLTVQTTKINPTLTPPPRSATSLTNTYPLLGTPSDAQH,56,hypothetical protein, ,Derived by automated computational analysis using gene prediction method: GeneMarkS-2+.,OG0000522,Cloud,group_2599,Cloud,,Cloud
GCF_019856255.1,FXW36_RS41985,MDSFIHLAGDSWNFWSPFPPAVTFWLIDVMGQLSRAGIILGGS,43,hypothetical protein, ,Derived by automated computational analysis using gene prediction method: Protein Homology.,OG0000266,Cloud,group_2107,Cloud,Cloud,Cloud
GCF_019856255.1,FXW36_RS41995,MQRVRYSAVVHRAGSREKRLGQEMPAEYSLIEAVWWMSDEAIRSDRSQRQSGGE,54,hypothetical protein, ,Derived by automated computational analysis using gene prediction method: GeneMarkS-2+.,OG0000403,Cloud,group_2506,Cloud,Cloud,Cloud
GCF_019856255.1,FXW36_RS39525,MPKTIIPIVAALWLVLAALAAWSTIAFAFAVASLATVVLGCYLLSSAVTGPRHR,54,hypothetical protein, ,Derived by automated computational analysis using gene prediction method: Protein Homology.,OG0000523,Cloud,group_2509,Cloud,Cloud,Cloud
GCF_019856255.1,FXW36_RS39610,MTQRLLTVPIVFKSDALPYTAPFHLGGQIGVHLSWTPTLGRWWRILAE,48,hypothetical protein, ,Derived by automated computational analysis using gene prediction method: GeneMarkS-2+.,OG0000336,Cloud,group_2519,Cloud,Cloud,Cloud
GCF_019856255.1,FXW36_RS42010,MIVAVEGPSAAGKTTWCRAVPGQFVAEYIPAGQEPDGSDPEEQAACWPQVNAGGGDGR,58,hypothetical protein, ,Derived by automated computational analysis using gene prediction method: GeneMarkS-2+.,OG0000524,Cloud,group_843,Cloud,Cloud,Cloud
GCF_019856255.1,FXW36_RS42030,MSGHPAVVSAVQDTVARDGTSRSASRLLSEEKPVHRELKAELASPLGTEDGSPS,54,hypothetical protein, ,Derived by automated computational analysis using gene prediction method: Protein Homology.,OG0000276,Shell,group_2204,Shell,Cloud,Shell
GCF_019856255.1,FXW36_RS40560,MDLTAIGVGFGYVVVVLTILVVVVGVSALFVFSIKSDFIPPESPGTPTGRKRIGRAE,57,hypothetical protein, ,Derived by automated computational analysis using gene prediction method: Protein Homology.,OG0000195,Shell,group_868,Shell,Cloud,Shell
GCF_019856255.1,FXW36_RS40655,MVPAVPADDTRRIALVDLLDRVLGGGVVITDEITLSLADVEMVRISLRNKARRRPHRYR,59,gas vesicle protein, ,Derived by automated computational analysis using gene prediction method: Protein Homology.,OG0000145,Shell,,,,Probably not conserved
GCF_019856255.1,FXW36_RS42040,MTDPAITGKREWMTFNGTYLVAEEHADEFASGVAALDTGPFRVGRWR,47,gvpl/gvpf family gas vesicle protein, ,Derived by automated computational analysis using gene prediction method: GeneMarkS-2+.,OG0000635,Cloud,,,,Probably not conserved
GCF_019856255.1,FXW36_RS42310,MGRFGRKKRTRSRDDDEQPSTDEQPEDDSPGAEDAADDYEEQTKTRQRPTNSRPQR,56,hypothetical protein, ,Derived by automated computational analysis using gene prediction method: GeneMarkS-2+.,OG0001869,,,,,Probably not conserved
GCF_019856255.1,FXW36_RS42050,MGPRSKGLVTGLSTKAKIALILLLGLGLLLGPVLLVILLLALLVMAIVAAVASSRRRLT,59,hypothetical protein, ,Derived by automated computational analysis using gene prediction method: GeneMarkS-2+.,OG0001870,,,,,Probably not conserved
GCF_019856255.1,FXW36_RS00295,MSDLEAEARKVGRALARNRLLIVLPSHSDGGADGVLTGRADERYSRLDGPPCPTSNSADHANRPS,65,hypothetical protein, ,Derived by automated computational analysis using gene prediction method: GeneMarkS-2+.,OG0001871,,,,,Probably not conserved
GCF_019856255.1,FXW36_RS40740,MTLPQVIMNTMPQPHQHERQRDHRQNRRAETNTGVQILLG,40,hypothetical protein, ,Derived by automated computational analysis using gene prediction method: GeneMarkS-2+.,OG0001872,,,,,Probably not conserved
GCF_019856255.1,FXW36_RS00505,MTEALGAASEVVNRVGVGQDSGFGPPGYVTFEYRRFETHSEYQNVALAD,49,hypothetical protein, ,Derived by automated computational analysis using gene prediction method: GeneMarkS-2+.,OG0001873,,,,,Probably not conserved
GCF_019856255.1,FXW36_RS00680,MRALQYIHLGEPPEIVEVPTPTPGAGQVLIQVTAAGLCHSDLHIMSATADEYRYGPLPLTLGHEAAGLVC,70,alcohol dehydrogenase catalytic domain-containing protein, ,Derived by automated computational analysis using gene prediction method: Protein Homology.,OG0001874,,,,,Probably not conserved
GCF_019856255.1,FXW36_RS00745,MFGELEISQAAPLEIDTEYSIQGEIRDVVRRTGKRSGVFDVVTFELQVLTPSGTSAATVTNSFVFVRRS,69,hypothetical protein, ,Derived by automated computational analysis using gene prediction method: GeneMarkS-2+.,OG0001875,,,,,Probably not conserved
GCF_019856255.1,FXW36_RS00980,MTNKVSVDQDFCQAHGRCYAVFPDLFEPDDEGRAQVKNHGAVPESSTVDEILAVCPEAAITSV,63,ferredoxin, ,Derived by automated computational analysis using gene prediction method: Protein Homology.,OG0000245,Shell,group_2029,Cloud,,Cloud
GCF_019856255.1,FXW36_RS01015,MSESTLVGVERVCAELATTGQPITFTAVAERAQIGRAKLYCDQQLRAVVDEYRTRQTGTAP,61,hypothetical protein, ,Derived by automated computational analysis using gene prediction method: GeneMarkS-2+.,OG0001876,,group_639,Cloud,,Probably not conserved
GCF_019856255.1,FXW36_RS01020,MSLMAMKSYSAEFKADAVAQYLADPSHTFDGIGNDLGVNRETLDALIAQSETS,53,transposase, ,Derived by automated computational analysis using gene prediction method: GeneMarkS-2+.,OG0001877,,group_1155,Cloud,,Probably not conserved
GCF_019856255.1,FXW36_RS01255,MRAIVAFVRGDLDTTTGRDARSPVVPLIAFAAAAPTAAFAAVVARSVTTGALIALLMFAAVILAARMI,68,hypothetical protein, ,Derived by automated computational analysis using gene prediction method: GeneMarkS-2+.,OG0001878,,group_99,Cloud,,Probably not conserved
GCF_019856255.1,FXW36_RS01270,MVHLDVAQGPFGTTGPLSAQAVFAILVGSSVLRVDEIGKAFVRARTHPAAGTCK,54,hypothetical protein, ,Derived by automated computational analysis using gene prediction method: GeneMarkS-2+.,OG0001879,,group_1097,Cloud,,Probably not conserved
GCF_019856255.1,FXW36_RS40800,MNLNVVLLLLVLAGGIGGTAAVQAALRRGADRGRRAVFHVGG,42,hypothetical protein, ,Derived by automated computational analysis using gene prediction method: Protein Homology.,OG0000127,Shell,group_2474,Cloud,,Cloud
GCF_019856255.1,FXW36_RS40805,MADKSAVKSSKQTARALKERRAEKREKALASTQLTRKRKS,40,hypothetical protein, ,Derived by automated computational analysis using gene prediction method: Protein Homology.,OG0000004,Core,group_2478,Cloud,,Cloud
GCF_019856255.1,FXW36_RS01495,MPHFRYVGTHERIHLGAATRMINYGDIVAARTNPDPRYFELVEPDQITQRLSRRTVGAPERE,62,hypothetical protein, ,Derived by automated computational analysis using gene prediction method: Protein Homology.,OG0000232,Shell,group_519,Cloud,,Cloud
GCF_019856255.1,FXW36_RS01520,MGSRKQRRKPKLYPSDLTDAQWELIAPMVPVPSAGRPPIHSRRRIVDAILYVNRTGCSWRQLPHDFPK,68,transposase, ,Derived by automated computational analysis using gene prediction method: Protein Homology.,OG0000748,Cloud,group_100,Cloud,,Cloud
GCF_019856255.1,FXW36_RS01545,MSAVDTGRADGGDEARYRRELPLREGMVVQEVGWSRDVATRSGTSSST,48,hypothetical protein, ,Derived by automated computational analysis using gene prediction method: GeneMarkS-2+.,OG0001880,,group_1455,Cloud,,Probably not conserved
GCF_019856255.1,FXW36_RS01550,MSETDCSNDTTGTASSQPGESASPVADDTIVWPEPSPLDSWWEHVVHDHPAPPTAESALGTDT,63,hypothetical protein, ,Derived by automated computational analysis using gene prediction method: Protein Homology.,OG0000191,Shell,group_2021,Cloud,,Cloud
GCF_019856255.1,FXW36_RS01565,MTTPTTPATAINAGVRGPAHAAAISTEEIKARIEAMFADDRPDQQREAR,49,hypothetical protein, ,Derived by automated computational analysis using gene prediction method: GeneMarkS-2+.,OG0000002,Conserved,group_2092,Cloud,,Cloud
GCF_019856255.1,FXW36_RS40840,MGAGSVHETLVDDDGMDYRRVWGVQVTTDVRHDCGRPAVVTR,42,hypothetical protein, ,Derived by automated computational analysis using gene prediction method: GeneMarkS-2+.,OG0000230,Shell,group_2377,Cloud,,Cloud
GCF_019856255.1,FXW36_RS01665,MTENPGTRTGLTTGDTVMLHPQGVSRFKILSIDEDGHALIESLLNSPGKYAFSVAVKFLVPATS,64,hypothetical protein, ,Derived by automated computational analysis using gene prediction method: Protein Homology.,OG0000072,Soft core,group_395,Cloud,,Cloud
GCF_019856255.1,FXW36_RS01690,MGGTVVPAVKPTPVVTGSGTLVAAMTVDGRSGVAVTALPGAGTWNVP,47,hypothetical protein, ,Derived by automated computational analysis using gene prediction method: GeneMarkS-2+.,OG0000304,Cloud,group_1518,Cloud,,Cloud
GCF_019856255.1,FXW36_RS40865,MPTRTPVTAAKVTRTFRRLEADPATLADTLADHLDADGLRTLIQALTDRR,50,hypothetical protein, ,Derived by automated computational analysis using gene prediction method: GeneMarkS-2+.,OG0001881,,group_1341,Cloud,,Probably not conserved
GCF_019856255.1,FXW36_RS40875,MANSTPAAISAMVAGSLADFPAAASGSRAINAMLYGLPSPKHAA,44,hypothetical protein, ,Derived by automated computational analysis using gene prediction method: GeneMarkS-2+.,OG0000293,Cloud,group_1692,Cloud,,Cloud
GCF_019856255.1,FXW36_RS01865,MIAYTLPEIRRLLMQLILRHAHPDEHIWSWSNWRRRRQHQARTSHYRRRGHLP,53,hypothetical protein, ,Derived by automated computational analysis using gene prediction method: Protein Homology.,OG0000197,Cloud,group_1999,Cloud,,Cloud
GCF_019856255.1,FXW36_RS01975,MQSTPGAVLVAHERDGAVNDLRVDLPPGYPFNDPEVAQFGVHNAVMP,47,hypothetical protein, ,Derived by automated computational analysis using gene prediction method: GeneMarkS-2+.,OG0000408,Cloud,group_1519,Cloud,,Cloud
GCF_019856255.1,FXW36_RS40890,MRARSQAEGAEKNIRLGGVHRARGDAEAARVVLQDIAHGHRDAPATGVA,49,hypothetical protein, ,Derived by automated computational analysis using gene prediction method: GeneMarkS-2+.,OG0001882,,group_1397,Cloud,,Probably not conserved
GCF_019856255.1,FXW36_RS02165,MANPVVSDPTRPQEGIQWSWCLHARCRVVDPHLFFASDGEHKGPRIRREREAKRICGHCPVITECRS,67,whib family transcriptional regulator, ,Derived by automated computational analysis using gene prediction method: Protein Homology.,OG0000299,Cloud,group_175,Cloud,,Cloud
GCF_019856255.1,FXW36_RS40905,MKDVVLPTRYLSAFASARGVPEVKLTFEAAVTDEEFSPGKV,41,hypothetical protein, ,Derived by automated computational analysis using gene prediction method: GeneMarkS-2+.,OG0000741,Cloud,group_1860,Cloud,,Cloud
GCF_019856255.1,FXW36_RS40910,MPESPLALLLLYIAGAVAKSTEPVPAGVRCVAGRNLWCAH,40,hypothetical protein, ,Derived by automated computational analysis using gene prediction method: GeneMarkS-2+.,OG0001883,,group_1900,Cloud,,Probably not conserved
GCF_019856255.1,FXW36_RS02215,MPSLIFNGVTYGISQTRFEATRELLARFAEGHTLGVAMSLTHDGARHHLYITPGVPITLVE,61,hypothetical protein, ,Derived by automated computational analysis using gene prediction method: Protein Homology.,OG0000130,Shell,group_2022,Cloud,,Cloud
GCF_019856255.1,FXW36_RS02250,MPSLIVNGVTYGISQTRFEATRELLARFAEGHTLGVAMSLTHDGARHHLFITPGVPITLVE,61,hypothetical protein, ,Derived by automated computational analysis using gene prediction method: Protein Homology.,OG0000130,Shell,group_2463,Cloud,,Cloud
GCF_019856255.1,FXW36_RS02270,MENRGVIEHAKGALMASRGIGEDTAFASLVDASQRENVKLAAIAHRMITSLDCRS,55,antar domain-containing protein, ,Derived by automated computational analysis using gene prediction method: Protein Homology.,OG0000397,Cloud,group_2461,Cloud,,Cloud
GCF_019856255.1,FXW36_RS02285,MSNEPTLTQEQREAFWRLHGWRPNLPDSKRREIEQYWTDPEIVEAEALGF,50,hypothetical protein, ,Derived by automated computational analysis using gene prediction method: Protein Homology.,OG0000153,Shell,group_1326,Cloud,,Cloud
GCF_019856255.1,FXW36_RS40915,MDNFIHLTGDSWNFWSPFPPTVTSWLIDVMGQLSRAGIIPGGS,43,hypothetical protein, ,Derived by automated computational analysis using gene prediction method: Protein Homology.,OG0000266,Cloud,group_1742,Cloud,,Cloud
GCF_019856255.1,FXW36_RS02315,MPLSNKLDELAQRQHRMPSELMREAVEEYIQKHSV,35,ribbon-helix-helix domain-containing protein, ,Derived by automated computational analysis using gene prediction method: Protein Homology.,OG0000916,Cloud,,,,Probably not conserved
GCF_019856255.1,FXW36_RS02595,MKLDIDRNVCDGHGMCAQSAPDYVRLDDDGEPVVIQDEVPAEVPPAVDLALRACPVSAVHLD,62,ferredoxin, ,Derived by automated computational analysis using gene prediction method: Protein Homology.,OG0000001,Conserved,,,,Probably not conserved
GCF_019856255.1,FXW36_RS02700,MPDLVTEGCSVSVLRRGSRMCIDVVHLDHGAEVSMIGPSASETQLLERALRRIRECIQT,59,hypothetical protein, ,Derived by automated computational analysis using gene prediction method: GeneMarkS-2+.,OG0001884,,,,,Probably not conserved
GCF_019856255.1,FXW36_RS40950,MGRPDRKRRLALEDKYWKMMAAGLGTVEACRRLGIARATG,40,hypothetical protein, ,Derived by automated computational analysis using gene prediction method: GeneMarkS-2+.,OG0001885,,,,,Probably not conserved
GCF_019856255.1,FXW36_RS40970,MVLTHALVSEYGFAALHQRAGHGLVNYDVDMRTCRADCVVDDVDNAGTEELALLLRQASP,60,hypothetical protein, ,Derived by automated computational analysis using gene prediction method: GeneMarkS-2+.,OG0001886,,,,,Probably not conserved
GCF_019856255.1,FXW36_RS03115,MVKIVLDHRRVPVAVHGAQGHTPKLGIGVESLRTWTRQALIDAGKCPGVTTAEPQRIKELEREVRCLK,68,hypothetical protein, ,Derived by automated computational analysis using gene prediction method: GeneMarkS-2+.,OG0000917,Cloud,,,,Probably not conserved
GCF_019856255.1,FXW36_RS42115,MLRVKEYLKPESGERGKKFSGGRRERSWTGADLRQHRDGQESSSCDG,47,hypothetical protein, ,Derived by automated computational analysis using gene prediction method: GeneMarkS-2+.,OG0001887,,,,,Probably not conserved
GCF_019856255.1,FXW36_RS03505,MNMPASGGRTPERVPARFRLPTSLATDSDVEAALALTRYYGRPYLGDGAYVGAHFDSIEPVHIEWN,66,hypothetical protein, ,Derived by automated computational analysis using gene prediction method: GeneMarkS-2+.,OG0000240,Shell,,,,Probably not conserved
GCF_019856255.1,FXW36_RS03525,MDSEPTLTPAQREAFWARQEGWTPEMPEPERRAIEQKWNDEAIKLAEFHGF,51,hypothetical protein, ,Derived by automated computational analysis using gene prediction method: Protein Homology.,OG0000153,Shell,,,,Probably not conserved
GCF_019856255.1,FXW36_RS03540,MPGALAMTRSGDKGGNANVGIWVKTPEAYDWLATNLTAERHGGSVH,46,hypothetical protein, ,Derived by automated computational analysis using gene prediction method: GeneMarkS-2+.,OG0001888,,,,,Probably not conserved
GCF_019856255.1,FXW36_RS03575,MKTRRPLQEISLTIAGHPHTAADPLTVEAAAILTSLELPTR,41,hypothetical protein, ,Derived by automated computational analysis using gene prediction method: GeneMarkS-2+.,OG0001889,,,,,Probably not conserved
GCF_019856255.1,FXW36_RS03585,MTSKIDALRVLDDLGAVRNRCPTKRFNWYALEACRPFESAEHDEDGGPKKAPCTPL,56,hypothetical protein, ,Derived by automated computational analysis using gene prediction method: GeneMarkS-2+.,OG0001890,,,,,Probably not conserved
GCF_019856255.1,FXW36_RS00075,MAQPEILVSIALVIAACFVFFVTACLVTAVLIVILTGSTAGLRDFAKVIVALGRVIRFWFRFGN,64,hypothetical protein, ,Derived by automated computational analysis using gene prediction method: Protein Homology.,OG0000318,Cloud,group_2590,Cloud,,Cloud
GCF_019856255.1,FXW36_RS00085,MTTRFTISLPDEDARVLDAYVRDHGLGGRSAGIRAAVRMLGEVGLERDYAAAFVEGGVDDDWDVTSADGE,70,ribbon-helix-helix domain-containing protein, ,Derived by automated computational analysis using gene prediction method: Protein Homology.,OG0000213,Shell,,,,Probably not conserved
GCF_019856255.1,FXW36_RS40720,MSGAAAVYAPRLLPAVDGNETATETDVLTQLHGSQWPLVL,40,hypothetical protein, ,Derived by automated computational analysis using gene prediction method: GeneMarkS-2+.,OG0001891,,,,,Probably not conserved
GCF_019856255.1,FXW36_RS00170,MIILGIILAIIGAVAGIPVLLYVGIALIVIGVVLEIMGMTGHAVAGRRHYY,51,duf6131 family protein, ,Derived by automated computational analysis using gene prediction method: Protein Homology.,OG0000000,Conserved,group_2027,Cloud,,Cloud
GCF_019856255.1,FXW36_RS40730,MTDPAITGKREWMTFNGTYLVAEEHADEFASGVAALDTDHQSGTLEMTGPWPPYAFAGIDQANP,64,gvpl/gvpf family gas vesicle protein, ,Derived by automated computational analysis using gene prediction method: Protein Homology.,OG0000635,Cloud,group_2598,Cloud,,Cloud
GCF_020542785.1,K2Z90_RS00230,MIEAEFGLTPTGRRSYPLAYRIEFLRRWDECIERGAKARLMRENNMDRATVQA,53,hypothetical protein, ,Derived by automated computational analysis using gene prediction method: GeneMarkS-2+.,OG0000918,Cloud,,,,Probably not conserved
GCF_020542785.1,K2Z90_RS00760,MATARLDASQGGGGTKILMTQWQGTANAPVFGGPSKQYYVLGIHNSSTSGVWFHLEGGVLA,61,hypothetical protein, ,Derived by automated computational analysis using gene prediction method: GeneMarkS-2+.,OG0000500,Cloud,group_612,Cloud,Cloud,Cloud
GCF_020542785.1,K2Z90_RS01280,MSDRDASIFESERELDEESVRNAQRTVAHHSIDAEDCRMLLAALGIPLVRDHDNETVSGTAGAESL,66,hypothetical protein, ,Derived by automated computational analysis using gene prediction method: Protein Homology.,OG0000170,Shell,group_2353,Shell,Cloud,Shell
GCF_020542785.1,K2Z90_RS01400,MNGGTAEARHDLGDPAGPVPSDVSTHLTTAGRETDQRGVVKVGVLE,46,hypothetical protein, ,Derived by automated computational analysis using gene prediction method: GeneMarkS-2+.,OG0000822,Cloud,group_1587,Cloud,Cloud,Cloud
GCF_020542785.1,K2Z90_RS01405,MRRSESSTVGPSLPLPLTLHRGVFIEEYGIPAVTTLDGTDILYKDWGAGRP,51,hypothetical protein, ,Derived by automated computational analysis using gene prediction method: GeneMarkS-2+.,OG0000912,Cloud,group_2121,Cloud,Cloud,Cloud
GCF_020542785.1,K2Z90_RS01465,MTVIALHEHSDVGRLALRTANAEAELRNTQLIVLFALSHHHPGGRYVARERGLPK,55,hypothetical protein, ,Derived by automated computational analysis using gene prediction method: GeneMarkS-2+.,OG0001892,,group_1043,Cloud,,Probably not conserved
GCF_020542785.1,K2Z90_RS01770,MSLYLQPRQSGTAPTPYERKLAGAIEEVFGTGVHHLEGLVKGLNALGIHSPGGDAWTTDTFTDEIRRMGA,70,recombinase-like helix-turn-helix domain-containing protein, ,Derived by automated computational analysis using gene prediction method: Protein Homology.,OG0000171,Shell,,,Shell,Shell
GCF_020542785.1,K2Z90_RS41675,MGRFYEEMDAISIHRPADRKIVETWQVWDTLGFLQQLGAVPAS,43,hypothetical protein, ,Derived by automated computational analysis using gene prediction method: GeneMarkS-2+.,OG0001893,,group_1743,Cloud,,Probably not conserved
GCF_020542785.1,K2Z90_RS02065,MFVCICKAVTEDEVHEHCAAGADSADAIGERCGAGWGCGTCVDRLKEILERSAADSVAA,59,(2fe-2s)-binding protein, ,Derived by automated computational analysis using gene prediction method: Protein Homology.,OG0000150,Shell,group_2172,Shell,Shell,Shell
GCF_020542785.1,K2Z90_RS02630,MGIADKASNKAEDLKGQAKEATGKATGDPDLRDEGKADQASSAVKDAGEKVKDAAKNVKDKLT,63,csbd family protein, ,Derived by automated computational analysis using gene prediction method: Protein Homology.,OG0000011,Conserved,group_2411,Conserved,Shell,Shell
GCF_020542785.1,K2Z90_RS03035,MARYRVIDPRGSVVETKEIPSADDAHAWFVDVRADNSELGWRMEVDEDGTWAFFDDTEGATEK,63,hypothetical protein, ,Derived by automated computational analysis using gene prediction method: Protein Homology.,OG0000066,Soft core,group_2173,Shell,Shell,Shell
GCF_020542785.1,K2Z90_RS03350,MIAGRGIRDLHFPRPVRPGDVLTGSFTIEAIRATRTAGDVVTLVSRLVNQDGDPVLAMTSDVHVTH,66,maoc family dehydratase n-terminal domain-containing protein, ,Derived by automated computational analysis using gene prediction method: GeneMarkS-2+.,OG0001894,,group_252,Cloud,,Probably not conserved
GCF_020542785.1,K2Z90_RS03640,MSELTSWEYATVPLLTHATKQILDQWGTDGWELVTVLPGPTGEQHVAYLKRPKG,54,duf4177 domain-containing protein, ,Derived by automated computational analysis using gene prediction method: Protein Homology.,OG0000012,Conserved,group_2273,Conserved,Shell,Shell
GCF_020542785.1,K2Z90_RS03805,MAQGTVKWFNAEKGFGFIAPEDGSADVFVHYSEIQGSGFRTLEENQRVEFEVGQGTKGPQATGVRAV,67,cold-shock protein, ,Derived by automated computational analysis using gene prediction method: Protein Homology.,OG0000013,Conserved,group_128,Conserved,Shell,Shell
GCF_020542785.1,K2Z90_RS41680,MAMQVFSLIAILGALIVLIPTALRVFGKSDNVKAPDETEE,40,hypothetical protein, ,Derived by automated computational analysis using gene prediction method: Protein Homology.,OG0000172,Shell,group_2042,Shell,Shell,Shell
GCF_020542785.1,K2Z90_RS03840,MSDSLKDRVREKLLRQLAEDGGHPVQEAEGDDPRLVSIDSDLAALEQASDGDVVIEELAAKYWVP,65,hypothetical protein, ,Derived by automated computational analysis using gene prediction method: Protein Homology.,OG0000014,Conserved,group_2342,Conserved,Soft core,Soft core
GCF_020542785.1,K2Z90_RS04200,MVYVSSPSKSVESLGIVLIAVGVVLLALLTLYLVGFDQGAISRSGMYLHELMHDGRHLLGVPCH,64,cbtb domain-containing protein, ,Derived by automated computational analysis using gene prediction method: Protein Homology.,OG0000173,Shell,group_2252,Shell,Shell,Shell
GCF_020542785.1,K2Z90_RS04225,MALAYAPGSSVDTTRLAVISFAIVLFAMLALYLVGFDQGAISRSGMYMHELMHDGRHLLGLPCH,64,cbtb domain-containing protein, ,Derived by automated computational analysis using gene prediction method: Protein Homology.,OG0000008,Conserved,group_2468,Conserved,Soft core,Soft core
GCF_020542785.1,K2Z90_RS04620,MTPNTLTAPSFHSPPPGEASVRDRDAGTARLRLWGSLTEAGRAGLES,47,hypothetical protein, ,Derived by automated computational analysis using gene prediction method: Protein Homology.,OG0000225,Shell,group_2145,Shell,Shell,Shell
GCF_020542785.1,K2Z90_RS05425,MAQGVVKWFNSEKGFGFIAPDDGSADVFVHYSEISGSGYKSLEENQRVEFEVGQGQKGPQAQNVRAV,67,cold-shock protein, ,Derived by automated computational analysis using gene prediction method: Protein Homology.,OG0000003,Conserved,group_141,Shell,Shell,Shell
GCF_020542785.1,K2Z90_RS05720,MEVRVDFDRCEANGVCVGIAPDIFELDDDDQLHISSAVPPADREEDVRTAIAQCPRAALSEHP,63,ferredoxin, ,Derived by automated computational analysis using gene prediction method: Protein Homology.,OG0000005,Conserved,group_2144,Shell,Shell,Shell
GCF_020542785.1,K2Z90_RS05795,MAAKTTAENDIADEDLEPLADETARQAQRVVAAYAEDADECRMLLSMLGIGPTTKLD,57,hypothetical protein, ,Derived by automated computational analysis using gene prediction method: Protein Homology.,OG0000015,Conserved,group_859,Shell,Shell,Shell
GCF_020542785.1,K2Z90_RS05855,MQVNSCRSAVLVAVEALPALERETLALVYYRGMSCDEVADTMQISVATVRDRLHEGARRLLAGVGDL,67,sigma factor-like helix-turn-helix dna-binding protein, ,Derived by automated computational analysis using gene prediction method: Protein Homology.,OG0000174,Shell,group_2332,Shell,Shell,Shell
GCF_020542785.1,K2Z90_RS05890,MPASSTSHASATTTASRGGATMSTEEIKARIEAMFADEATDTSPALVE,48,hypothetical protein, ,Derived by automated computational analysis using gene prediction method: Protein Homology.,OG0000002,Conserved,group_2311,Shell,Shell,Shell
GCF_020542785.1,K2Z90_RS05895,MTTHNPQNAPHDGEVLVLGAGSGGAIAGGLIATLALSALTLLSSLPT,47,hypothetical protein, ,Derived by automated computational analysis using gene prediction method: Protein Homology.,OG0000146,Shell,group_2277,Shell,Shell,Shell
GCF_020542785.1,K2Z90_RS06335,MSSRIATTLAAIAMTLSLGALAAPAAVAAPLAPAPTPAVGSIAVCLNLPLGSASISFCI,59,hypothetical protein, ,Derived by automated computational analysis using gene prediction method: Protein Homology.,OG0000175,Shell,group_2150,Shell,Shell,Shell
GCF_020542785.1,K2Z90_RS06450,MGRGRAKAKQTKVARELKYSVPTTDFDSLQRELSGGSSNSHRDEVFADQRADREGHSREDDDDWRR,66,duf3073 domain-containing protein, ,Derived by automated computational analysis using gene prediction method: Protein Homology.,OG0000049,Conserved,group_209,Shell,Shell,Shell
GCF_020542785.1,K2Z90_RS06745,MTPKDASGPKTTTTDSGAPGADKDVMSDPAEDDKSSGADWSGEGGATPEGPATDTDTED,59,hypothetical protein, ,Derived by automated computational analysis using gene prediction method: Protein Homology.,OG0000020,Core,group_2276,Shell,Shell,Shell
GCF_020542785.1,K2Z90_RS07050,MANNSKKQYVDPGWPETADGDSAVTELSSSRAGGLSPFGEDTEFPLPADSLPYAHPHTVINR,62,hypothetical protein, ,Derived by automated computational analysis using gene prediction method: Protein Homology.,OG0000048,Conserved,group_2147,Shell,Shell,Shell
GCF_020542785.1,K2Z90_RS41700,MLGIMLGLGGAAIGLGIGVMALGVGLLLSDATIKHDVGELPD,42,hypothetical protein, ,Derived by automated computational analysis using gene prediction method: GeneMarkS-2+.,OG0000176,Shell,group_1761,Shell,Shell,Shell
GCF_020542785.1,K2Z90_RS07425,MSFVDTLKGLLGKGREAASQNADKVHGAIDKAADVADSKTGGKYSDKIDKAADAAKKAVPPKE,63,antitoxin, ,Derived by automated computational analysis using gene prediction method: Protein Homology.,OG0000010,Conserved,group_2241,Shell,Shell,Shell
GCF_020542785.1,K2Z90_RS07505,MARGDHPQRTPFYGVVLIVVALAAAMIVNRTAPVWVQVPVYVLAVLAAMAGFVMTFRDRS,60,hypothetical protein, ,Derived by automated computational analysis using gene prediction method: Protein Homology.,OG0000209,Shell,group_2174,Shell,Shell,Shell
GCF_020542785.1,K2Z90_RS07830,MKANSDRHDQHLPEHQRIADLVDDMEDRLVAEREAKGIAGNASERKQAEQVEPDDQAPE,59,hypothetical protein, ,Derived by automated computational analysis using gene prediction method: Protein Homology.,OG0000177,Shell,group_2271,Shell,Shell,Shell
GCF_020542785.1,K2Z90_RS07895,MIVLGIILLVIGLVAGISILTTIGIILLVIGLVLLLLGTTGRAVGGRKYWY,51,duf6131 family protein, ,Derived by automated computational analysis using gene prediction method: Protein Homology.,OG0000193,Shell,group_2133,Shell,Shell,Shell
GCF_020542785.1,K2Z90_RS07900,MRIGRLVTLIVIIWLIIGAVAVWQRGYFKDATADCASAGTIAVTVIAGPLNYAGVNPKIDCEVPQPSQ,68,hypothetical protein, ,Derived by automated computational analysis using gene prediction method: Protein Homology.,OG0000017,Conserved,group_2272,Shell,Shell,Shell
GCF_020542785.1,K2Z90_RS08200,MGKFLVPGVVSAVVGVALGTVATLGITAAAQDNTRPEIDRSGNADSSLLNQVEYGSR,57,duf2613 domain-containing protein, ,Derived by automated computational analysis using gene prediction method: Protein Homology.,OG0000016,Conserved,group_860,Shell,Shell,Shell
GCF_020542785.1,K2Z90_RS08575,MIAIGVVLIVIGLIVKISSLWIAGLVVGVVGVVLLLVGLRGRKVGGRQYWY,51,hypothetical protein, ,Derived by automated computational analysis using gene prediction method: Protein Homology.,OG0000000,Conserved,group_2200,Cloud,Cloud,Cloud
GCF_020542785.1,K2Z90_RS08730,MSIETVQWQFQEFDGHVEVVLTGQDKNCETRSLDNIGHYPHYEDPERTVGIIDDFVKAKADLANA,65,hypothetical protein, ,Derived by automated computational analysis using gene prediction method: GeneMarkS-2+.,OG0000640,Cloud,group_317,Cloud,,Cloud
GCF_020542785.1,K2Z90_RS41710,MSTALEESRRHAIELTNEKIQAVKDFFTNIFRLDTTHRTEA,41,hypothetical protein, ,Derived by automated computational analysis using gene prediction method: GeneMarkS-2+.,OG0000178,Shell,group_2433,Shell,Shell,Shell
GCF_020542785.1,K2Z90_RS09950,MHVTETPTPTVSRTMWTTEEIKARLEEMNIPRSRTRRGPRWSNRDR,46,hypothetical protein, ,Derived by automated computational analysis using gene prediction method: Protein Homology.,OG0000179,Shell,group_2404,Shell,Shell,Shell
GCF_020542785.1,K2Z90_RS10295,MTTLITLACMLLLAAAVAHYGPKEGGTGVFRLEQFRIGAPLGGIFTDQPSSPEDPDWPASDDQRAGGGSS,70,hypothetical protein, ,Derived by automated computational analysis using gene prediction method: Protein Homology.,OG0000194,Shell,,,Shell,Shell
GCF_020542785.1,K2Z90_RS10595,MAARNEIRPIVKLKSTAGTGYTYVTRKNRRNDPDRLVMKKYDPVVRKHVDFREEK,55,50s ribosomal protein l33, ,Derived by automated computational analysis using gene prediction method: Protein Homology.,OG0000047,Conserved,group_2305,Shell,Shell,Shell
GCF_020542785.1,K2Z90_RS10615,MAVPKRRMSRSNTRSRRSQWKAQAPDLVEVTVGGATHHVPRRLVKAVKLGLVDPAGK,57,50s ribosomal protein l32, ,Derived by automated computational analysis using gene prediction method: Protein Homology.,OG0000060,Soft core,group_2234,Shell,Shell,Shell
GCF_020542785.1,K2Z90_RS10740,MSDAELRKAIRVLRERADDARHRGNDDDANGIERTIRTYQEEMTQRL,47,hypothetical protein, ,Derived by automated computational analysis using gene prediction method: Protein Homology.,OG0000059,Core,group_1481,Shell,Soft core,Shell
GCF_020542785.1,K2Z90_RS10900,MAEGIVKWFNSEKGFGFIAPEDGSADVFVHYSEIQSGGFRTLEENQRVSFEIGQGNKGPQATGVTLI,67,cold-shock protein, ,Derived by automated computational analysis using gene prediction method: Protein Homology.,OG0000046,Conserved,group_2233,Shell,Soft core,Shell
GCF_020542785.1,K2Z90_RS11135,MDDAFEQELERRLLLLESPGGGGMILPDLPWRDVAAAIVGIVATITVMLWWAY,53,hypothetical protein, ,Derived by automated computational analysis using gene prediction method: Protein Homology.,OG0000272,Shell,group_2312,Shell,Shell,Shell
GCF_020542785.1,K2Z90_RS11850,MSEDRRISRLLPVRRVLAAAGIAGLVAGGGMAAAADPATPDSTVAAPLVSAGFGAPDAVSSGS,63,hypothetical protein, ,Derived by automated computational analysis using gene prediction method: Protein Homology.,OG0000180,Shell,group_2175,Shell,Shell,Shell
GCF_020542785.1,K2Z90_RS11990,MNRVVGAVRTAWWWTGSLMGDHDYSRYVEHLRRNHPDAEVPTEREYWKARYADADANPGARCC,63,ybdd/yjix family protein, ,Derived by automated computational analysis using gene prediction method: Protein Homology.,OG0000045,Conserved,group_2289,Shell,Soft core,Shell
GCF_020542785.1,K2Z90_RS12065,MAEPVKGPASYFPSIEEKYGRPISEWQTLIRSSELTKHMELVSWLKSEHRLGHGHANALVAYTLKEDAAG,70,duf4287 domain-containing protein, ,Derived by automated computational analysis using gene prediction method: Protein Homology.,OG0000027,Conserved,,,Shell,Shell
GCF_020542785.1,K2Z90_RS12120,MDLAFLSEFFSAFSDLAGALDFFSGSADAVGGGADAATAAAATIG,45,hypothetical protein, ,Derived by automated computational analysis using gene prediction method: Protein Homology.,OG0000181,Shell,group_2197,Shell,Shell,Shell
GCF_020542785.1,K2Z90_RS12270,MGKVKAGKVSGLKPKKKCCRSKTRCIKCPVVIMRMKKLENEGASKKELKKGLKKARAA,58,hypothetical protein, ,Derived by automated computational analysis using gene prediction method: Protein Homology.,OG0000044,Conserved,group_2219,Shell,Core,Shell
GCF_020542785.1,K2Z90_RS12290,MYNWDVQNAIVAFVDTLRPSWPAQHDLYYSVLYGFADMQSHLLTLLGYPPVA,52,hypothetical protein, ,Derived by automated computational analysis using gene prediction method: Protein Homology.,OG0000058,Core,group_1177,Shell,Soft core,Shell
GCF_020542785.1,K2Z90_RS12330,MTSFDAADSPEVPEADRLEQELAVDDDSSDEVEEVSSLEVNEADVAEQSRAVPVDEDYPRG,61,hypothetical protein, ,Derived by automated computational analysis using gene prediction method: Protein Homology.,OG0000057,Core,group_2212,Shell,Shell,Shell
GCF_020542785.1,K2Z90_RS12365,MDARLHGERLVGSHQRTHEAAWSSLPDGAFALFDGGPAVVRDDTVVPWSAEGYGLRRTGRPAPPPS,66,hypothetical protein, ,Derived by automated computational analysis using gene prediction method: GeneMarkS-2+.,OG0001895,,group_253,Cloud,,Probably not conserved
GCF_020542785.1,K2Z90_RS12400,MYADFQRDVSGWIREGRFAYREDTSRAPAAFIGLLRGSNFGKVVVRVAEEN,51,hypothetical protein, ,Derived by automated computational analysis using gene prediction method: GeneMarkS-2+.,OG0001896,,group_1275,Cloud,,Probably not conserved
GCF_020542785.1,K2Z90_RS12490,MAAMKPRTGDGPLEATKEGRGIVMRVPLEGGGRLVVELTPEEAAALGEELKGVTS,55,duf3117 domain-containing protein, ,Derived by automated computational analysis using gene prediction method: Protein Homology.,OG0000043,Conserved,group_1006,Shell,Shell,Shell
GCF_020542785.1,K2Z90_RS12990,MSDRDNNVLENDLVEESLVEEVSIDGMCGVY,31,mycofactocin precursor mfta, ,"Mycofactocin is a small molecule electron carrier derived from the final two amino acids, Val-Tyr, of MftA, the mycofactocin precursor. It plays a role in redox homeostasis and the metabolism of alcohols and aldehydes in Actinobacteria, including Mycobacterium tuberculosis; Derived by automated computational analysis using gene prediction method: Protein Homology.",OG0000009,Conserved,group_2326,Conserved,Shell,Shell
GCF_020542785.1,K2Z90_RS13360,MAKKALVNKANKKPKFAVRAYTRCQRCGRPHSVFRKFGLCRICVREMAHAGELPGVHKSSW,61,type z 30s ribosomal protein s14, ,Derived by automated computational analysis using gene prediction method: Protein Homology.,OG0000028,Conserved,group_2294,Conserved,Shell,Shell
GCF_020542785.1,K2Z90_RS13385,MAELKVTQIKSTIGTKQNQKNSLRTLGLKGIRQTVVREDNAQNRGLINVVRHLVTVEEV,59,50s ribosomal protein l30, ,Derived by automated computational analysis using gene prediction method: Protein Homology.,OG0000029,Conserved,rpmD,Conserved,Soft core,Soft core
GCF_020542785.1,K2Z90_RS13420,MKVQPSVKKICEKCKVIRRNGRVMVICENLRHKQRQG,37,50s ribosomal protein l36, ,Derived by automated computational analysis using gene prediction method: Protein Homology.,OG0000030,Conserved,rpmJ,Conserved,Soft core,Soft core
GCF_020542785.1,K2Z90_RS13540,MRADLEMFRERIDERRARDEEASGNRSGRGRTESAEAPPAAAQPRTLDDDEFYRPRSWLV,60,hypothetical protein, ,Derived by automated computational analysis using gene prediction method: Protein Homology.,OG0000263,Shell,group_2245,Shell,Shell,Shell
GCF_020542785.1,K2Z90_RS41725,MLVIGILLTLSLVSVAWLCVSTAHGGRSGLAGPPRSHLHSD,41,hypothetical protein, ,Derived by automated computational analysis using gene prediction method: GeneMarkS-2+.,OG0000182,Shell,group_2124,Shell,Shell,Shell
GCF_020542785.1,K2Z90_RS14770,MTFTVTHRSFDQLAEFAVTDFGDDDSYSVHESGALVIVRAARELIYAPGSWFLVEREDGQEDGSPGNYM,69,hypothetical protein, ,Derived by automated computational analysis using gene prediction method: Protein Homology.,OG0000151,Shell,group_2,Shell,Shell,Shell
GCF_020542785.1,K2Z90_RS15150,MTDASNEDTKKKFREALERKNHQAGLSTDHKDGHSKAHEAHGPADHKREFRRKTG,55,duf5302 domain-containing protein, ,Derived by automated computational analysis using gene prediction method: Protein Homology.,OG0000031,Conserved,group_2470,Core,Soft core,Soft core
GCF_020542785.1,K2Z90_RS15240,MAAVCDVCAKGPGFGKSVSHSHRRTNRRWNPNIQTVRAEVAPGNTRKVNVCTSCLKAGKVARG,63,50s ribosomal protein l28, ,Derived by automated computational analysis using gene prediction method: Protein Homology.,OG0000032,Conserved,rpmB,Conserved,Soft core,Soft core
GCF_020542785.1,K2Z90_RS15280,MAVPKRRMSRSNTRSRRSQWKTTVPTLVTCPNRGCGEKTLPHVACPSCGTYKGRQVTAAV,60,50s ribosomal protein l32, ,Derived by automated computational analysis using gene prediction method: Protein Homology.,OG0000033,Conserved,group_2479,Conserved,Soft core,Soft core
GCF_020542785.1,K2Z90_RS15985,MVPATSTVVAAWTIGQAGRSANHELATPDDATARGEAHEVWQLLNLAEYRPLVG,54,hypothetical protein, ,Derived by automated computational analysis using gene prediction method: GeneMarkS-2+.,OG0000120,Shell,group_1098,Cloud,Cloud,Cloud
GCF_020542785.1,K2Z90_RS15990,MRLLRGLLDVVLGILTAILGTVLGIVAAVVWLVGGVLCVTVILLPLGLPVVRLARRLFTLARKLMHLP,68,hypothetical protein, ,Derived by automated computational analysis using gene prediction method: Protein Homology.,OG0000152,Shell,group_2196,Shell,Shell,Shell
GCF_020542785.1,K2Z90_RS16185,MFWKIVLAVAAIWIALAVVGALVKGLFWILVVSAVVFGVYLLIKAMSGSGEKSDITRS,58,hypothetical protein, ,Derived by automated computational analysis using gene prediction method: Protein Homology.,OG0000034,Conserved,group_808,Shell,Soft core,Shell
GCF_020542785.1,K2Z90_RS16210,MRLTEFHQLVREEFGQMRGDALLVDHVLLSLGGKTAAEAIEDGREPREVWRELCVEFDVPPQRR,64,duf3046 domain-containing protein, ,Derived by automated computational analysis using gene prediction method: Protein Homology.,OG0000035,Conserved,group_2481,Conserved,Soft core,Soft core
GCF_020542785.1,K2Z90_RS16490,MPGTLTSPPLTAADRCDRCGAGARVRAVLPTGGELLFCGHHANEHADRLREMNATIVSEAEAAI,64,hypothetical protein, ,Derived by automated computational analysis using gene prediction method: Protein Homology.,OG0000036,Conserved,group_2483,Conserved,Soft core,Soft core
GCF_020542785.1,K2Z90_RS17055,MKRQSELVAPAIRGDEPGSQCRLWDLILWSVIVIAAAVGVAAVLTAR,47,hypothetical protein, ,Derived by automated computational analysis using gene prediction method: GeneMarkS-2+.,OG0001897,,group_1520,Cloud,,Probably not conserved
GCF_020542785.1,K2Z90_RS41735,MPFLEKFFTAILTLTGATFGGWPLGEDEDSEADALWWEQE,40,hypothetical protein, ,Derived by automated computational analysis using gene prediction method: GeneMarkS-2+.,OG0001898,,group_1901,Cloud,,Probably not conserved
GCF_020542785.1,K2Z90_RS17150,MPDSPEQSSSDTIETPQGPTPARTPTLVERIAENYLIACCELDPVEATRIGVHGF,55,hypothetical protein, ,Derived by automated computational analysis using gene prediction method: GeneMarkS-2+.,OG0001899,,group_1044,Cloud,,Probably not conserved
GCF_020542785.1,K2Z90_RS41740,MYESYRGADAHAILDALDKEYHLDTPWFTPARWLEGHGVDF,41,hypothetical protein, ,Derived by automated computational analysis using gene prediction method: GeneMarkS-2+.,OG0000278,Shell,group_2313,Shell,,Shell
GCF_020542785.1,K2Z90_RS41745,MNTHKALLMLLLGGTAALEVLLRRPTPRRRGQGAPFHANG,40,hypothetical protein, ,Derived by automated computational analysis using gene prediction method: GeneMarkS-2+.,OG0000127,Shell,group_2457,Shell,,Shell
GCF_020542785.1,K2Z90_RS17585,MFAESQSVPELAQRGEQLVKEFTAPIAASLDRLSGDEKRDKVTTQLNSTAIFGALAFLYQH,61,hypothetical protein, ,Derived by automated computational analysis using gene prediction method: GeneMarkS-2+.,OG0001900,,group_640,Cloud,,Probably not conserved
GCF_020542785.1,K2Z90_RS41910,MVGERLSNAEISGRLRMGITTVKTRVASAMAKTGSDNRVQLAVTVVRARLR,51,hypothetical protein, ,Derived by automated computational analysis using gene prediction method: Protein Homology.,OG0000301,Cloud,group_1276,Cloud,,Cloud
GCF_020542785.1,K2Z90_RS41760,MEAQAKSVMVDKPAEEAPVAPAPASVGAALAADQDEWDDDAW,42,hypothetical protein, ,Derived by automated computational analysis using gene prediction method: GeneMarkS-2+.,OG0001901,,group_1803,Cloud,,Probably not conserved
GCF_020542785.1,K2Z90_RS18045,MIAADHSGGLADPDEAFPILATRSQLVNIPVNEVAVNVIEHRPDHPD,47,hypothetical protein, ,Derived by automated computational analysis using gene prediction method: GeneMarkS-2+.,OG0001902,,group_1521,Cloud,,Probably not conserved
GCF_020542785.1,K2Z90_RS41915,MRASPQSVTYTELFNFCCDVFGDPRQHGTSHAVFKTPRPGDPG,43,hypothetical protein, ,Derived by automated computational analysis using gene prediction method: GeneMarkS-2+.,OG0000708,Cloud,group_1744,Cloud,,Cloud
GCF_020542785.1,K2Z90_RS18125,MNTGYGVVISIVGQCGLPETTPRYARGSAGAAAWGIGTVEISAWTCHRRRFRDSGAFS,58,hypothetical protein, ,Derived by automated computational analysis using gene prediction method: GeneMarkS-2+.,OG0001903,,group_844,Cloud,,Probably not conserved
GCF_020542785.1,K2Z90_RS18210,MIILGLILLVIGFVAHISILWTIGIILLVIGGILALLEGTGRAVGGRRHWF,51,duf6131 family protein, ,Derived by automated computational analysis using gene prediction method: Protein Homology.,OG0000000,Conserved,group_1277,Cloud,,Cloud
GCF_020542785.1,K2Z90_RS18365,MAQGTVKWFNGEKGFGFISPDDGSADLFVHFSEIQGSGYKSLEENQRVEFEVSRGQKGLQAQNVRPA,67,cold-shock protein, ,Derived by automated computational analysis using gene prediction method: Protein Homology.,OG0000340,Cloud,group_176,Cloud,,Cloud
GCF_020542785.1,K2Z90_RS18915,MDTASVRINYFRPIPLDRDTTFTADVVRAGRSVAVARVAGTSGGRICVEATVTGRRRLS,59,hotdog domain-containing protein, ,Derived by automated computational analysis using gene prediction method: Protein Homology.,OG0001904,,group_783,Cloud,,Probably not conserved
GCF_020542785.1,K2Z90_RS19045,MDLTAIGVGFGYVVVVLTILVVVVGVSALFVFSIKSDFIPPESPGTPTGRKRIGRAE,57,hypothetical protein, ,Derived by automated computational analysis using gene prediction method: Protein Homology.,OG0000195,Shell,group_868,Shell,Cloud,Shell
GCF_020542785.1,K2Z90_RS19175,MSDSNTGAAGGGAIYALGIFGAWVWFWQQADAFWEYVLAIIQGLFWPAWMVYDLFKALAG,60,hypothetical protein, ,Derived by automated computational analysis using gene prediction method: Protein Homology.,OG0000202,Shell,group_2473,Shell,Cloud,Shell
GCF_020542785.1,K2Z90_RS19215,MTKGAADSFGGGGVVAASAVGGLADAHSSLLTKLVLAAVAGSFRFAVTLAAWPAPPVAVTAATVWVVLIR,70,hypothetical protein, ,Derived by automated computational analysis using gene prediction method: GeneMarkS-2+.,OG0000919,Cloud,,,,Probably not conserved
GCF_020542785.1,K2Z90_RS19505,MRTGTVRWFNTEQGFGFLAPADGSDDIFVHVSEIAGDGHRILEEGQRVSFTVCRTETGNQARDVRVA,67,cold shock domain-containing protein, ,Derived by automated computational analysis using gene prediction method: Protein Homology.,OG0000157,Shell,group_2429,Shell,Shell,Shell
GCF_020542785.1,K2Z90_RS19540,MTKDTHGETDEPKGGRPGPVDHGKNGGMATRENAPELAEDSADAETETD,49,hypothetical protein, ,Derived by automated computational analysis using gene prediction method: Protein Homology.,OG0000018,Core,group_2420,Shell,Shell,Shell
GCF_020542785.1,K2Z90_RS19580,MNTFTTPTSARGRGFAPSRGSMSTMEIKNRIEAMFREDDERESKAVRAE,49,hypothetical protein, ,Derived by automated computational analysis using gene prediction method: GeneMarkS-2+.,OG0000190,Shell,group_2397,Shell,Shell,Shell
GCF_020542785.1,K2Z90_RS19835,MHSDTTTRELLHDHTKVTRRFALADVALTTFVCLVCATGIGIITGSVLAAATGGLIVVLATALMVAAV,68,hypothetical protein, ,Derived by automated computational analysis using gene prediction method: Protein Homology.,OG0000158,Shell,group_2345,Shell,Shell,Shell
GCF_020542785.1,K2Z90_RS41770,MADKSAVKSSKQSARALEERRAEKRAKAKESTEIIRKRKG,40,hypothetical protein, ,Derived by automated computational analysis using gene prediction method: Protein Homology.,OG0000004,Core,group_2338,Shell,Shell,Shell
GCF_020542785.1,K2Z90_RS19925,METGTDETKTCSFCRGPIGYEIKDAHAGFASLPPGKRYRVFHCMNRCPRSAPDGLECGHRHEYL,64,hypothetical protein, ,Derived by automated computational analysis using gene prediction method: Protein Homology.,OG0000203,Shell,group_350,Shell,Shell,Shell
GCF_020542785.1,K2Z90_RS20060,MSEMVPADDTRRIALVDLLDRVLGGGVVITGEITLSLADVDMVRISLRTLIASVSALVPDPVGPEPADD,69,gas vesicle protein, ,Derived by automated computational analysis using gene prediction method: Protein Homology.,OG0000145,Shell,group_2318,Shell,Shell,Shell
GCF_020542785.1,K2Z90_RS20070,MNIGKKIRHKVETAEGATKKAVGKATGNAHLEAEGSREQAKGNTKQMGDKVKDAGKKIKNALKH,64,csbd family protein, ,Derived by automated computational analysis using gene prediction method: Protein Homology.,OG0000073,Shell,group_2267,Shell,Shell,Shell
GCF_020542785.1,K2Z90_RS20155,MESAASCTACPHSADSHDALGIRFCAVTSARSLDRKCICAGEQVSGQHYSRY,52,rgcvc family protein, ,Derived by automated computational analysis using gene prediction method: Protein Homology.,OG0000210,Shell,group_2316,Cloud,Cloud,Cloud
GCF_020542785.1,K2Z90_RS20160,MPSASWESALCGHAVHDAADSTVSAELGDSDTSKFDTSVGFDAMAALQFSALGLRAGVGAEDDMA,65,hypothetical protein, ,Derived by automated computational analysis using gene prediction method: Protein Homology.,OG0000346,Cloud,group_2333,Cloud,Cloud,Cloud
GCF_020542785.1,K2Z90_RS20435,MSTNTYPTIETIRIGQSGHECRYCGHAVAKDGPGYRHTTTGQYRCDPASRALNEARLSNSMVRS,64,hypothetical protein, ,Derived by automated computational analysis using gene prediction method: Protein Homology.,OG0000148,Shell,group_2334,Shell,Shell,Shell
GCF_020542785.1,K2Z90_RS20535,MRLSTRNQLAGTITEVTLGSVMATVKVKLDGGEQIVTASITKEAVEELGLKAGVAATVLVKSTEVMLGVE,70,tobe domain-containing protein, ,Derived by automated computational analysis using gene prediction method: Protein Homology.,OG0000064,Soft core,,,,Probably not conserved
GCF_020542785.1,K2Z90_RS20680,MRSARGAALVALAVDLPAPVLADLLGIFIGAAARWSALAARDHADYLAARTAHPPR,56,hypothetical protein, ,Derived by automated computational analysis using gene prediction method: GeneMarkS-2+.,OG0000297,Cloud,group_968,Cloud,,Cloud
GCF_020542785.1,K2Z90_RS20765,MGSSEIFTDLVAWGAEGFLNGNPVQSAVGAVLFLGLGLWDLVTGAPIVI,49,hypothetical protein, ,Derived by automated computational analysis using gene prediction method: Protein Homology.,OG0000061,Soft core,group_2418,Shell,Cloud,Cloud
GCF_020542785.1,K2Z90_RS21015,MTGYPTCSVCAPSECRWTSNRRIAEIELAVLETNGRVSFFTRAGGAGEGAPEQPGIA,57,hypothetical protein, ,Derived by automated computational analysis using gene prediction method: Protein Homology.,OG0000920,Cloud,group_896,Cloud,Cloud,Cloud
GCF_020542785.1,K2Z90_RS21055,MLNRLYAALLAAAGLSFGDYIALEDAVSDPGDPPRTVTDPTITAHPLL,48,hypothetical protein, ,Derived by automated computational analysis using gene prediction method: GeneMarkS-2+.,OG0000353,Cloud,group_2439,Cloud,Cloud,Cloud
GCF_020542785.1,K2Z90_RS21140,MADYDTALRVVWTFLKLDHVHGQSVLLDTLPQGGVSANSEQVPGRWH,47,hypothetical protein, ,Derived by automated computational analysis using gene prediction method: GeneMarkS-2+.,OG0000921,Cloud,group_2460,Cloud,Cloud,Cloud
GCF_020542785.1,K2Z90_RS21195,MSARRTIRLVGAVLAEQHDEWIEARRYLGLDVLARSRGTHATPEPTEEVTPAALTA,56,hypothetical protein, ,Derived by automated computational analysis using gene prediction method: GeneMarkS-2+.,OG0001905,,group_969,Cloud,,Probably not conserved
GCF_020542785.1,K2Z90_RS21365,MTAGVPDDREFAIKPELTRTMLERALATGIQAMAERGDMYGHRWLERDEMYWHR,54,hypothetical protein, ,Derived by automated computational analysis using gene prediction method: GeneMarkS-2+.,OG0001906,,group_1099,Cloud,,Probably not conserved
GCF_020542785.1,K2Z90_RS21450,MDQPVRTALLRLAPATVVTAQIEIALTRADAHDVLIRDPDGRYHLPRSLRLFLRALADEYR,61,hypothetical protein, ,Derived by automated computational analysis using gene prediction method: GeneMarkS-2+.,OG0001907,,group_641,Cloud,,Probably not conserved
GCF_020542785.1,K2Z90_RS21635,MRTRVQCARQPVERIRTNGVDVGAMNCSSPVAMADEIAAAGDLVKGTSATPC,52,hypothetical protein, ,Derived by automated computational analysis using gene prediction method: GeneMarkS-2+.,OG0001908,,group_1208,Cloud,,Probably not conserved
GCF_020542785.1,K2Z90_RS21705,MNRTELPQTLRRSSKEVQAAFATAHEMAVRRYGEGEEAQRAAYGELKQSYELVTDHWVPKQG,62,chab family protein, ,Derived by automated computational analysis using gene prediction method: Protein Homology.,OG0000159,Shell,group_518,Shell,,Shell
GCF_020542785.1,K2Z90_RS21715,MNNDQRRALEHVRDTCAMLHSFLTTHPSDRPPELVRSATFEQLTDDLLDAVTAAQNAGIPEQRIFDSM,68,hypothetical protein, ,Derived by automated computational analysis using gene prediction method: Protein Homology.,OG0000135,Shell,group_2185,Shell,,Shell
GCF_020542785.1,K2Z90_RS21965,MDVRQMEYLLAVVDNGGVDRAAEAFDIAALSDMSTDPLSVWVARFRSYRVCGR,53,hypothetical protein, ,Derived by automated computational analysis using gene prediction method: GeneMarkS-2+.,OG0000859,Cloud,group_1156,Cloud,,Cloud
GCF_020542785.1,K2Z90_RS41780,MLVATVTVVTTERNDKLLEEAISTLSLEPEVTAVDWQVCNAE,42,hypothetical protein, ,Derived by automated computational analysis using gene prediction method: GeneMarkS-2+.,OG0001909,,group_1804,Cloud,,Probably not conserved
GCF_020542785.1,K2Z90_RS22065,MTDTAVDAVASLQVTEYWVVEVDRHDGTCCTFGPFTAEAAWARMEHRTAPTRFAAVVGKR,60,hypothetical protein, ,Derived by automated computational analysis using gene prediction method: Protein Homology.,OG0000254,Cloud,group_708,Cloud,,Cloud
GCF_020542785.1,K2Z90_RS22395,MLDASTNADGHHRPLRRDSHHDEPVTPRRAVRRADQTVRGMLAMTVWVFDRVLDGVPGPGPPPT,64,hypothetical protein, ,Derived by automated computational analysis using gene prediction method: GeneMarkS-2+.,OG0001910,,group_396,Cloud,,Probably not conserved
GCF_020542785.1,K2Z90_RS22410,MNAATEDQHISVVRQRLARRFPTMDSGVINQAIDTAHHKFDGRPVRDFVPLLVERAAIRALTGDT,65,hypothetical protein, ,Derived by automated computational analysis using gene prediction method: Protein Homology.,OG0000062,Soft core,group_318,Cloud,,Cloud
GCF_020542785.1,K2Z90_RS22460,MRPSLVHASLTFAVLTVFPQFTRSYDSSLALQHELPDIEAAHGVEE,46,hypothetical protein, ,Derived by automated computational analysis using gene prediction method: GeneMarkS-2+.,OG0001911,,group_1588,Cloud,,Probably not conserved
GCF_020542785.1,K2Z90_RS22500,MTIEHDKSERPLFSAQRTLTHSTPQPVSEAPRTGDSPTPTSAEIHRSLFSDG,52,hypothetical protein, ,Derived by automated computational analysis using gene prediction method: Protein Homology.,OG0000222,Shell,group_2253,Shell,Cloud,Shell
GCF_020542785.1,K2Z90_RS22665,MAQGIVKWFNGEKGFGFIAPDDGTPDVFVHYSEISGSGFKSLDENQRVEFEVGQGQKGPQATNVRSV,67,cold-shock protein, ,Derived by automated computational analysis using gene prediction method: Protein Homology.,OG0000003,Conserved,group_1996,Shell,Cloud,Cloud
GCF_020542785.1,K2Z90_RS22735,MATTSIAPTTPTGRQTPRHSGTMSTAEIKSRIEAMFADDRRPTRPAVTN,49,hypothetical protein, ,Derived by automated computational analysis using gene prediction method: Protein Homology.,OG0000002,Conserved,group_2516,Shell,,Shell
GCF_020542785.1,K2Z90_RS22790,MTDQLHADLTERLGRAVARAAMDGDPLFGTVEITIAELAELLERRTPPGE,50,hypothetical protein, ,Derived by automated computational analysis using gene prediction method: Protein Homology.,OG0000136,Shell,group_2495,Shell,,Shell
GCF_020542785.1,K2Z90_RS22855,MARISKKLGSDLLDALRVSVVGTVVCAGLVMGVIFLAMWNFPVPGV,46,hypothetical protein, ,Derived by automated computational analysis using gene prediction method: Protein Homology.,OG0000126,Shell,group_2515,Shell,,Shell
GCF_020542785.1,K2Z90_RS23230,MAQEQTKRTGGGDEDDTPGGDGAAGQERREKLAEDTDDLLDEIDDVLEENAEDFVRAYVQKGGQ,64,ubiquitin-like protein pup, ,Derived by automated computational analysis using gene prediction method: Protein Homology.,OG0000037,Conserved,group_343,Shell,Shell,Shell
GCF_020542785.1,K2Z90_RS23345,MSTSDTAGQTEFPATMGKVSRRELASHGYTRFDQLTTVTAKELLKIHGVGPKAIRILEEELAERGLGFAK,70,hypothetical protein, ,Derived by automated computational analysis using gene prediction method: Protein Homology.,OG0000050,Conserved,,,Shell,Shell
GCF_020542785.1,K2Z90_RS23740,MVIDPTLLGILACPQDKGPLLLVGDELLYNPRLRRAYPIENGIPVLLIDEARDVGADEHETLLARAAGEA,70,trm112 family protein, ,Derived by automated computational analysis using gene prediction method: Protein Homology.,OG0000038,Conserved,,,Soft core,Soft core
GCF_020542785.1,K2Z90_RS23815,MPKSKTHSGTAKRFKVSGSGKILRQKAGRRHLLEHKATKVTRRLDGVAVVSKADTPRIKRLLDI,64,50s ribosomal protein l35, ,Derived by automated computational analysis using gene prediction method: Protein Homology.,OG0000039,Conserved,rpmI,Shell,Soft core,Shell
GCF_020542785.1,K2Z90_RS24105,MPLIQISQTPGLTAEQKRATIEAVTKAYADATGKDPAKVWVTITEVPRDSWGVGGTPLG,59,2-hydroxymuconate tautomerase family protein, ,Derived by automated computational analysis using gene prediction method: Protein Homology.,OG0000160,Shell,group_2162,Shell,Shell,Shell
GCF_020542785.1,K2Z90_RS24145,MSVVLVYVLFIAAGIAAGGAYSMWKFNKLASGVLLALAVLAAVAGVLRLM,50,hypothetical protein, ,Derived by automated computational analysis using gene prediction method: Protein Homology.,OG0000040,Conserved,group_1297,Shell,Core,Shell
GCF_020542785.1,K2Z90_RS24315,MHVAVGDRLHVQGRVVGVHETTAEVVEVHGENGEPPYLVRYDDGHEALVFPGSDAWVEHPKS,62,duf1918 domain-containing protein, ,Derived by automated computational analysis using gene prediction method: Protein Homology.,OG0000041,Conserved,group_504,Shell,Soft core,Shell
GCF_020542785.1,K2Z90_RS24320,MATYRYLDKDRNVLEEQDFGTVQDAEEHRLSVLGAEIIEEVEDSGTPES,49,hypothetical protein, ,Derived by automated computational analysis using gene prediction method: Protein Homology.,OG0000054,Core,group_2183,Shell,Soft core,Shell
GCF_020542785.1,K2Z90_RS24880,MTDEDHLWYYNVEDGTVTQGKAASSMSRMGPYPDRASAEKALQIAAERNKAADRADEEWNK,61,hypothetical protein, ,Derived by automated computational analysis using gene prediction method: Protein Homology.,OG0000042,Conserved,group_2293,Shell,Soft core,Shell
GCF_020542785.1,K2Z90_RS24965,MCSDLTKLGDDELLAQLDEHRALLGESIANDYGCETVRGVTSRITAFEAELDRRGSAISRDAT,63,hypothetical protein, ,Derived by automated computational analysis using gene prediction method: Protein Homology.,OG0000192,Shell,group_2325,Shell,Shell,Shell
GCF_020542785.1,K2Z90_RS24970,MPRYKVTLRNGTSSDKTFESDFQAVNETHRPTESGAGIVKIDRYEEDGEVTGVWSAPATSRTSRT,65,hypothetical protein, ,Derived by automated computational analysis using gene prediction method: Protein Homology.,OG0000113,Soft core,group_2295,Shell,Shell,Shell
GCF_020542785.1,K2Z90_RS25055,MDAHQLFAAVSRLTEKLFPRERRSHTTRARTQVNVSPDATPAAATPDTTEHPIVQSL,57,hypothetical protein, ,Derived by automated computational analysis using gene prediction method: GeneMarkS-2+.,OG0001912,,group_897,Cloud,,Probably not conserved
GCF_020542785.1,K2Z90_RS25195,MTGAGILTVALVAIAAALVVYLLIALIDPERF,32,k(+)-transporting atpase subunit f, ,Derived by automated computational analysis using gene prediction method: Protein Homology.,OG0000055,Core,group_2327,Shell,Soft core,Shell
GCF_020542785.1,K2Z90_RS25385,MDRMASWWDGFELWIAGLPFVPQVALVLLVMVPVCRGLAWLLDRGLAAVFVLLRRDVSKVEEP,63,hypothetical protein, ,Derived by automated computational analysis using gene prediction method: Protein Homology.,OG0000056,Core,group_427,Shell,Shell,Shell
GCF_020542785.1,K2Z90_RS25465,MSESERTDLDVDDELDAGQVWRAQRVVAAQSLDAEDCRMLLSMLGIAGNPDAPEVD,56,hypothetical protein, ,Derived by automated computational analysis using gene prediction method: Protein Homology.,OG0000161,Shell,group_2171,Shell,Shell,Shell
GCF_020542785.1,K2Z90_RS25615,MNDHHVQLFSELHSTAGSQAGGEDAGEALRPVDPEHRTATEVHRALFSDQ,50,hypothetical protein, ,Derived by automated computational analysis using gene prediction method: GeneMarkS-2+.,OG0000162,Shell,group_2285,Shell,Shell,Shell
GCF_020542785.1,K2Z90_RS25630,MIPTLLYYGVPTAVVTVTLWVGFLGWRFYVEEVLRGDPGDTTAGEPDHG,49,hypothetical protein, ,Derived by automated computational analysis using gene prediction method: Protein Homology.,OG0000223,Shell,group_2268,Shell,Shell,Shell
GCF_020542785.1,K2Z90_RS25655,MRALPAAHAARLQPSRTGASSYPAGRQGERGIMPAPKTNRPTRHA,45,hypothetical protein, ,Derived by automated computational analysis using gene prediction method: GeneMarkS-2+.,OG0000208,Shell,group_2409,Shell,Shell,Shell
GCF_020542785.1,K2Z90_RS26070,MSPITISTTARIALAGFAALAISLTGAAGMASAKPICETGCSQPLPTKNPRPDVKQMCWVEWGQTQCQVS,70,hypothetical protein, ,Derived by automated computational analysis using gene prediction method: Protein Homology.,OG0000616,Cloud,,,Cloud,Cloud
GCF_020542785.1,K2Z90_RS26075,MVGKFERRKDTVQELTESAATHVGHIATIIAGAVRDVTREIGDWVSDGIEMREAAKKAREDEGEDKPVD,69,hypothetical protein, ,Derived by automated computational analysis using gene prediction method: Protein Homology.,OG0000149,Shell,group_2446,Shell,Shell,Shell
GCF_020542785.1,K2Z90_RS27020,MTTHPDDAAPVTEPDDDLGGDPVCWLDRVCPDCGLFLTDHTASTCPRCGAARDG,54,hypothetical protein, ,Derived by automated computational analysis using gene prediction method: Protein Homology.,OG0000163,Shell,group_2435,Shell,Shell,Shell
GCF_020542785.1,K2Z90_RS41790,MADKSPRNSMSKKSGKSLKEKRADKKMKANGQSDPEIVSHVKKR,44,hypothetical protein, ,Derived by automated computational analysis using gene prediction method: Protein Homology.,OG0000004,Core,group_2437,Shell,Shell,Shell
GCF_020542785.1,K2Z90_RS27280,MTDERPGKNQTPPDKTTRPKPKEATPDVSKTDLAAVVDALTATNEKNFDF,50,hypothetical protein, ,Derived by automated computational analysis using gene prediction method: Protein Homology.,OG0000164,Shell,group_2447,Shell,Shell,Shell
GCF_020542785.1,K2Z90_RS27615,MNLQTAQNTIQAAGVFFSRSADATGAGRMQVLDSNWIVVGQQPSPGALVGEGDAVLSVVKIGEPNNC,67,hypothetical protein, ,Derived by automated computational analysis using gene prediction method: Protein Homology.,OG0000253,Shell,group_2453,Shell,Cloud,Shell
GCF_020542785.1,K2Z90_RS41795,MFEIIREVHSEVRHRRGPRHHHHLLTRAERRSRILKHFHM,40,hypothetical protein, ,Derived by automated computational analysis using gene prediction method: GeneMarkS-2+.,OG0000288,Shell,group_2087,Shell,Shell,Shell
GCF_020542785.1,K2Z90_RS28730,MGSGPVKAIMWSLLFVGLVGAGVGISELHVPWTVASLIVASVSGLVLLRIRADAHPELHSDRRMAAG,67,hypothetical protein, ,Derived by automated computational analysis using gene prediction method: Protein Homology.,OG0000165,Shell,group_2193,Shell,Shell,Shell
GCF_020542785.1,K2Z90_RS28770,MNSTITGLIVGLLLAIAGILGGFSGFVFAVLLGALGMAVGAHRDGHLDLGAILRSRGRG,59,hypothetical protein, ,Derived by automated computational analysis using gene prediction method: Protein Homology.,OG0000026,Conserved,group_2303,Conserved,Shell,Shell
GCF_020542785.1,K2Z90_RS28970,MSEKKIDRVKTESALEVLRESPTIALITVAPALVVFGVVWWLFGFWSALVLVLILGVVAVVGRKLF,66,hypothetical protein, ,Derived by automated computational analysis using gene prediction method: Protein Homology.,OG0000025,Conserved,group_2209,Conserved,Soft core,Soft core
GCF_020542785.1,K2Z90_RS29105,MASSTDVRPKITLACEVCKHRNYITKKNRRNDPDRLEIKKFCPNCGTHQSHRESK,55,50s ribosomal protein l33, ,Derived by automated computational analysis using gene prediction method: Protein Homology.,OG0000024,Conserved,rpmG,Conserved,Conserved,Conserved
GCF_020542785.1,K2Z90_RS29255,MGALSPSHWAIIAVVLVVLFGSKKLPDAARGLGRSMRILKTEVGELQADAPELEK,55,sec-independent protein translocase subunit tata, ,Derived by automated computational analysis using gene prediction method: Protein Homology.,OG0000019,Conserved,group_2146,Shell,Shell,Shell
GCF_020542785.1,K2Z90_RS29330,MIYLLALIGLVTVAVLLWKAFGPNTRPVLSNRVQGPDDDPDFLWKVDRETRRKKSDEPDAGPADPAG,67,hypothetical protein, ,Derived by automated computational analysis using gene prediction method: Protein Homology.,OG0000023,Conserved,group_2246,Shell,Conserved,Shell
GCF_020542785.1,K2Z90_RS29475,MGSVIKKRRKRMSKKKHRKLLRRTRVQRRKLGK,33,aurkaip1/cox24 domain-containing protein, ,Derived by automated computational analysis using gene prediction method: Protein Homology.,OG0000022,Conserved,group_1939,Conserved,Conserved,Conserved
GCF_020542785.1,K2Z90_RS29750,MIVLGLILLLIGWLTGLTWLWTIGIILLVIGAILWILGATGRAVGGRRRWY,51,duf6131 family protein, ,Derived by automated computational analysis using gene prediction method: Protein Homology.,OG0000000,Conserved,group_2247,Shell,Shell,Shell
GCF_020542785.1,K2Z90_RS29905,MTFDSNTPRQFTRSDNQKMLAGVCGGIAEYFSVDVNLVRLLTVVATLVTGGTAALVYLAAWMLMPAGH,68,pspc domain-containing protein, ,Derived by automated computational analysis using gene prediction method: Protein Homology.,OG0000021,Conserved,group_2380,Conserved,Shell,Shell
GCF_020542785.1,K2Z90_RS30825,MATIEEFEQTVTDKVIAGLHDKFADYERRGVGLAELGDPDRFVERILAAVPAPHPWYEQFGTAWSSAPA,69,hypothetical protein, ,Derived by automated computational analysis using gene prediction method: Protein Homology.,OG0000166,Shell,group_2132,Shell,Shell,Shell
GCF_020542785.1,K2Z90_RS31360,MNPVNDPDVVFLADHSVLLAIPAFVPAFLVAGLVIYLAVRDRKAEAAENAESAKHGPSEKDEEN,64,hypothetical protein, ,Derived by automated computational analysis using gene prediction method: Protein Homology.,OG0000167,Shell,group_2396,Shell,Shell,Shell
GCF_020542785.1,K2Z90_RS31380,MTAAISEKRRPLDADTADAVRRSLESGTMGRFGLITTDCHETYRDLVARVVEFTQPTALRHRGGNP,66,hypothetical protein, ,Derived by automated computational analysis using gene prediction method: GeneMarkS-2+.,OG0000827,Cloud,group_2164,Cloud,Cloud,Cloud
GCF_020542785.1,K2Z90_RS31985,MAAYQCPVCDYVYDEASGAPREGFPAGTAWADVPDDWCCPDCGVREKIDFDPKVA,55,rubredoxin, ,Derived by automated computational analysis using gene prediction method: Protein Homology.,OG0000053,Core,group_2321,Shell,Shell,Shell
GCF_020542785.1,K2Z90_RS31990,MSTDFKLYRCVQCGFEYDEAEGWPEDGIEPGTRWDDIPEDWSCPDCGAAKADFDMVEVSRA,61,rubredoxin, ,Derived by automated computational analysis using gene prediction method: Protein Homology.,OG0000007,Conserved,group_2335,Shell,Shell,Shell
GCF_020542785.1,K2Z90_RS33345,MRAREPIRSGVVASTLNGSLESFVKAGEVTPPGDVAETIAFLASGRARHATGTTVDITGADYVR,64,hypothetical protein, ,Derived by automated computational analysis using gene prediction method: GeneMarkS-2+.,OG0000419,Cloud,group_397,Cloud,,Cloud
GCF_020542785.1,K2Z90_RS34055,MESTSQPSPRECPDCHALTADLEAHKLWHSRLVHDIATAVDKDISRRAHT,50,hypothetical protein, ,Derived by automated computational analysis using gene prediction method: Protein Homology.,OG0000227,Shell,group_1293,Shell,Cloud,Shell
GCF_020542785.1,K2Z90_RS34255,MPWTRRRRQLDELPPEHQLSAVMEISAHLDVLTLHGKLNQSDGTTTRHYTLSR,53,hypothetical protein, ,Derived by automated computational analysis using gene prediction method: GeneMarkS-2+.,OG0000828,Cloud,group_1157,Cloud,,Cloud
GCF_020542785.1,K2Z90_RS34565,MSTASEPLAVERSRLGAVRSTTVSHSLDQLRAAYVGGNVVSALVCSRLDDTASRSA,56,hypothetical protein, ,Derived by automated computational analysis using gene prediction method: GeneMarkS-2+.,OG0001913,,group_970,Cloud,,Probably not conserved
GCF_020542785.1,K2Z90_RS34670,MNFIDHLADEGIRPSIGSVADTYGNGLMECVIGLYKSAPRSSTASFTRPSATLGRLGV,58,hypothetical protein, ,Derived by automated computational analysis using gene prediction method: GeneMarkS-2+.,OG0000634,Cloud,group_845,Cloud,,Cloud
GCF_020542785.1,K2Z90_RS41805,MNSRNDIEDETHEFEPLITRKGAIIFAIVFLILVVTTYLDAAPT,44,hypothetical protein, ,Derived by automated computational analysis using gene prediction method: GeneMarkS-2+.,OG0001914,,group_1693,Cloud,,Probably not conserved
GCF_020542785.1,K2Z90_RS41815,MGVGTLTADRARRREWLAAAIEERCTDVERELLFLAGGLLARLAEAPGSARPPEAQS,57,hypothetical protein, ,Derived by automated computational analysis using gene prediction method: GeneMarkS-2+.,OG0001915,,group_898,Cloud,,Probably not conserved
GCF_020542785.1,K2Z90_RS35295,MAVPSLVFVVGAWVPATAGRPGQGPVVERGPHRRHRQPPGLPVRQ,45,hypothetical protein, ,Derived by automated computational analysis using gene prediction method: GeneMarkS-2+.,OG0001916,,group_1637,Cloud,,Probably not conserved
GCF_020542785.1,K2Z90_RS35335,MRFIALRADRTGAVLREIVQNSNTQRVIAEAVSEVELWDASMSSRLKMSDEQLAALRRLSE,61,hypothetical protein, ,Derived by automated computational analysis using gene prediction method: GeneMarkS-2+.,OG0001917,,group_642,Cloud,,Probably not conserved
GCF_020542785.1,K2Z90_RS35735,MLDRLYAAVLAVAGLGYGGYILLDELTGGSDTPGEEDHHLRREPSEQVSTA,51,hypothetical protein, ,Derived by automated computational analysis using gene prediction method: Protein Homology.,OG0000168,Shell,group_2489,Shell,,Shell
GCF_020542785.1,K2Z90_RS36040,MSIGKKLRHKAETAEGAAKKTVGKALGNERMEAEGRSQEAKGKMKQAGDQVKQAGQKIKNIFKH,64,csbd family protein, ,Derived by automated computational analysis using gene prediction method: Protein Homology.,OG0000073,Shell,group_2502,Shell,,Shell
GCF_020542785.1,K2Z90_RS36045,MIILGIILAIVGLVLSVPVLLYIGIALIIIGVVLEVMGMAGHAVAGRRHYY,51,duf6131 family protein, ,Derived by automated computational analysis using gene prediction method: Protein Homology.,OG0000000,Conserved,group_1238,Cloud,Cloud,Cloud
GCF_020542785.1,K2Z90_RS36175,MSIVTPLPRLCIDHGSNNVPRPRSTDDGADDAEDVAVDEHATGDHTGQLSMPTDP,55,hypothetical protein, ,Derived by automated computational analysis using gene prediction method: GeneMarkS-2+.,OG0001918,,group_1045,Cloud,,Probably not conserved
GCF_020542785.1,K2Z90_RS36605,MRIVIDRPRCEGHGLCEEIAPDLMHLDDEGELILDVEELSEGTPELADAGAAVRVCPVAALTLA,64,ferredoxin, ,Derived by automated computational analysis using gene prediction method: Protein Homology.,OG0000001,Conserved,group_398,Cloud,Cloud,Cloud
GCF_020542785.1,K2Z90_RS36680,MIRSGNGVWEVRCDRCDHGLRTGIGDRTAAARAAQINGWAFTELTLCPGCATTAYHDAHR,60,hypothetical protein, ,Derived by automated computational analysis using gene prediction method: Protein Homology.,OG0000903,Cloud,group_709,Cloud,,Cloud
GCF_020542785.1,K2Z90_RS36930,MHPVAKRQRLEVLIGILGFFTVMAFIAAVVEVVRGDPGVTPALVLLGCLVLSGLAIVARNRVR,63,hypothetical protein, ,Derived by automated computational analysis using gene prediction method: Protein Homology.,OG0000051,Conserved,group_2423,Shell,Shell,Shell
GCF_020542785.1,K2Z90_RS37475,MSTSSVTVTGMTCNHCASSVTEEISALPGVTSVDVDLATGKVVIDSTADLDPSAVAGAVEEAGYSVAG,68,heavy metal-associated domain-containing protein, ,Derived by automated computational analysis using gene prediction method: Protein Homology.,OG0000006,Conserved,group_2406,Shell,Cloud,Cloud
GCF_020542785.1,K2Z90_RS37530,MTTLGADLGERGIGLKVLEQEIDTATAECRAMCGMRGPGKGGTGTLSGNGDKVGSTRPCR,60,hypothetical protein, ,Derived by automated computational analysis using gene prediction method: GeneMarkS-2+.,OG0001919,,group_710,Cloud,,Probably not conserved
GCF_020542785.1,K2Z90_RS37920,MIDTCHGTLIVHTLYGAECTDESCVELSEARHALIIDCDEFGDCVCSAEFAEQLRHAS,58,hypothetical protein, ,Derived by automated computational analysis using gene prediction method: Protein Homology.,OG0000169,Shell,group_2231,Shell,,Shell
GCF_020542785.1,K2Z90_RS38090,MAKGKRTFQPNNRRRARVHGFRLRMRTRAGRAIVSARRRKGRESLTA,47,50s ribosomal protein l34, ,Derived by automated computational analysis using gene prediction method: Protein Homology.,OG0000052,Conserved,rpmH,Conserved,,Conserved
GCF_020542785.1,K2Z90_RS38125,MTGLDKDTKAVLKALKEAGFEIRKSKNGHPMVYKDGKLITIFSGSASDPRSFRNTLSYLKRAGFQWPPRR,70,hypothetical protein, ,Derived by automated computational analysis using gene prediction method: GeneMarkS-2+.,OG0000596,Cloud,,,,Probably not conserved
GCF_020542785.1,K2Z90_RS38170,MTEDTDTNSTAPEQQPKPRMPRPAIGSIAAAAGLLGSAIGGSFGPLSNVSQTAIHDAHYGD,61,hypothetical protein, ,Derived by automated computational analysis using gene prediction method: Protein Homology.,OG0000880,Cloud,,,,Probably not conserved
GCF_020542785.1,K2Z90_RS38245,MVDERSNAGRPRAAVGKDSQGAGGGGAERLILGGDVPATGASSVYASVSSENMLRIGIDLSRN,63,hypothetical protein, ,Derived by automated computational analysis using gene prediction method: GeneMarkS-2+.,OG0001920,,,,,Probably not conserved
GCF_020542785.1,K2Z90_RS38310,MGGVTYGISQTRFEATRELLARFAEGHTLGVAMSLTHDGARHHLFITPGVPITLVE,56,hypothetical protein, ,Derived by automated computational analysis using gene prediction method: Protein Homology.,OG0000130,Shell,group_923,Cloud,,Cloud
GCF_020542785.1,K2Z90_RS38350,MAALSDEQLDEIRRQLNQGMTPDAIADYLGRVADLDLMDIETVRTAAYAISRGETP,56,hypothetical protein, ,Derived by automated computational analysis using gene prediction method: Protein Homology.,OG0000256,Shell,group_971,Cloud,,Cloud
GCF_020542785.1,K2Z90_RS38415,MTSHTLVRSTSRPGWTVRCDLCEHTFAAAVAGRPEAVAFAETNGWIVGERTWCPMCAAAHTARRTA,66,hypothetical protein, ,Derived by automated computational analysis using gene prediction method: GeneMarkS-2+.,OG0000154,Shell,group_254,Cloud,,Cloud
GCF_020542785.1,K2Z90_RS38485,MPEVALMLGASSAAPTPAVAFCALTSPVDPCTIADATGGADFAARTGLAYVSGQEIIRDFYCELPAAI,68,hypothetical protein, ,Derived by automated computational analysis using gene prediction method: GeneMarkS-2+.,OG0001921,,group_101,Cloud,,Probably not conserved
GCF_020542785.1,K2Z90_RS38555,MIPASSISSRPPVRRSGGMSTAEIKARIEAMYADDRRPVHEAGPR,45,hypothetical protein, ,Derived by automated computational analysis using gene prediction method: Protein Homology.,OG0000002,Conserved,group_1638,Cloud,,Cloud
GCF_020542785.1,K2Z90_RS41830,MNVLLLLGLLITAFAAVLAMRPTSNPALETDRRVTGGVGDRG,42,hypothetical protein, ,Derived by automated computational analysis using gene prediction method: GeneMarkS-2+.,OG0001922,,group_1805,Cloud,,Probably not conserved
GCF_020542785.1,K2Z90_RS41980,MRVAAEYPAAEAPEAHRRMEAGGVRGRLVLIL,32,zinc-binding dehydrogenase, ,Derived by automated computational analysis using gene prediction method: Protein Homology.,OG0000922,Cloud,group_1944,Cloud,,Cloud
GCF_020542785.1,K2Z90_RS38685,MVVSGGLATTGARKYVEAEVAGFDPFVELLGQDEADEPIKAVQSGRPIRISARAFVMRFGRVQL,64,hypothetical protein, ,Derived by automated computational analysis using gene prediction method: GeneMarkS-2+.,OG0001923,,group_399,Cloud,,Probably not conserved
GCF_020542785.1,K2Z90_RS38755,MKVTLEIIMLLLHTVLAFLQLYFRALSSPGHGQPLSVVEDFADSHEAPRQAGNELAAQTNP,61,hypothetical protein, ,Derived by automated computational analysis using gene prediction method: GeneMarkS-2+.,OG0001924,,group_643,Cloud,,Probably not conserved
GCF_020542785.1,K2Z90_RS38950,MKIEVDRTKCTGLGICESLAPAFFEVDDSGELLLLKEDISSDELAEIEEAVAACPTEALRIAR,63,ferredoxin, ,Derived by automated computational analysis using gene prediction method: Protein Homology.,OG0000001,Conserved,group_476,Cloud,,Cloud
GCF_020542785.1,K2Z90_RS39060,MLQRRKRALSSGHLLPAAVSTRRLATFVDSLGIPKLWTPQVSVMAKDFDAHNSVSELPDGATAH,64,hypothetical protein, ,Derived by automated computational analysis using gene prediction method: GeneMarkS-2+.,OG0000492,Cloud,group_400,Cloud,,Cloud
GCF_020542785.1,K2Z90_RS41850,MYVFTLTQVTIYMAHAHSGMGVVESLLLLALAWFSWSAYAWLGNQAAAPTTGPRSTRCPPAVERSSG,67,low temperature requirement protein a, ,Derived by automated computational analysis using gene prediction method: Protein Homology.,OG0001925,,group_177,Cloud,,Probably not conserved
GCF_020542785.1,K2Z90_RS39150,MNPVYATLRELGVPARQHRFSHFIDGSHLDRGRLPWLRRGSPTLFEQLADTLPSIRQLS,59,hypothetical protein, ,Derived by automated computational analysis using gene prediction method: GeneMarkS-2+.,OG0001926,,group_784,Cloud,,Probably not conserved
GCF_020542785.1,K2Z90_RS39165,MDFVDLGDQERGGAGDTDVVGAVIVAVEGGDGHDGVVDDAAFEAGGNPHRVLGVRRQSG,59,hypothetical protein, ,Derived by automated computational analysis using gene prediction method: GeneMarkS-2+.,OG0001927,,group_785,Cloud,,Probably not conserved
GCF_020542785.1,K2Z90_RS39190,MGADDDGATAGVVVADPGAADVADVAAEPPFDPHAVNDNNAQAAPAANNILIRRIQADPARLLVARAG,68,hypothetical protein, ,Derived by automated computational analysis using gene prediction method: GeneMarkS-2+.,OG0000923,Cloud,group_102,Cloud,,Cloud
GCF_020542785.1,K2Z90_RS39230,MQVPPTAARAILDTEAEALNALLRAIGPDRDLVSSNRTRWVTTLGESAQTCSVNVPTCER,60,hypothetical protein, ,Derived by automated computational analysis using gene prediction method: Protein Homology.,OG0000621,Cloud,group_711,Cloud,,Cloud
GCF_020542785.1,K2Z90_RS41990,MLSIREEAGLPAEISALRVFDVIAWVDGKSRGLCEGSDLGR,41,hypothetical protein, ,Derived by automated computational analysis using gene prediction method: Protein Homology.,OG0000410,Cloud,group_1861,Cloud,,Cloud
GCF_020542785.1,K2Z90_RS39250,MTAKFELFKDAAGKFRFHLKAANGEIIAASQGYTSKAAAQTGIASIKDNAASAPTEDLT,59,yegp family protein, ,Derived by automated computational analysis using gene prediction method: Protein Homology.,OG0000183,Shell,group_2008,Cloud,,Cloud
GCF_020542785.1,K2Z90_RS41855,MDDGSVAAARQFALPLVCAFVPMAAMVAWFMIGMELFFTPD,41,hypothetical protein, ,Derived by automated computational analysis using gene prediction method: GeneMarkS-2+.,OG0000341,Cloud,,,,Probably not conserved
GCF_020542785.1,K2Z90_RS39445,MVLGRDALGTTITANGCYLRDPRDPGSCAVSAAATGTLTWQVRNRSHTPRPDPCAAALELAALTIELAP,69,hypothetical protein, ,Derived by automated computational analysis using gene prediction method: GeneMarkS-2+.,OG0001928,,,,,Probably not conserved
GCF_020542785.1,K2Z90_RS39460,MPLRTILQLVGLIALSALGTMLVAVGAFGSGGLCLAGAAWWFWRVYRTGD,50,hypothetical protein, ,Derived by automated computational analysis using gene prediction method: Protein Homology.,OG0000271,Cloud,,,,Probably not conserved
GCF_020542785.1,K2Z90_RS39480,MIHQDIREWVAQMMRLDLATASPAELAKLEEVAKLAEAQYVRQLMNLHEYRPLVG,55,hypothetical protein, ,Derived by automated computational analysis using gene prediction method: Protein Homology.,OG0000120,Shell,,,,Probably not conserved
GCF_020542785.1,K2Z90_RS39585,MLAGFVLAPVSAGLVDSTICSDTNHLELARDWYGQPSWEMQPADAGTYFGKVPAMPSRGPGPARRRRRRR,70,hypothetical protein, ,Derived by automated computational analysis using gene prediction method: GeneMarkS-2+.,OG0001929,,,,,Probably not conserved
GCF_020542785.1,K2Z90_RS39790,MTQPATTRTQDDTRSELLIQVCRKCGTVLAPLVATCSRCLSSQLEDIASTGAGK,54,zinc ribbon domain-containing protein, ,Derived by automated computational analysis using gene prediction method: Protein Homology.,OG0001930,,,,,Probably not conserved
GCF_020542785.1,K2Z90_RS39810,MPFSVVLQLTAVVALSALGTMLVAVGAFGSGGLCLAGAAWWFWRLYRTDD,50,hypothetical protein, ,Derived by automated computational analysis using gene prediction method: Protein Homology.,OG0000271,Cloud,,,,Probably not conserved
GCF_020542785.1,K2Z90_RS39835,MRAAAALDELTITPMITGEDLTVVAVLDTRTGRVAAINHDGPSRVHVAGLP,51,hypothetical protein, ,Derived by automated computational analysis using gene prediction method: GeneMarkS-2+.,OG0001931,,,,,Probably not conserved
GCF_020542785.1,K2Z90_RS39875,MPLRTILQLVGLIALSALGTMLVAVGAFGSGGLCLAGAAWWYWRVYQSGD,50,hypothetical protein, ,Derived by automated computational analysis using gene prediction method: Protein Homology.,OG0000271,Cloud,,,,Probably not conserved
GCF_020542785.1,K2Z90_RS39880,MATLVWFGSISILKGILVVGSLLITFLFLGSFVGAALMIRYINTCTATGCLRVHGPVRR,59,hypothetical protein, ,Derived by automated computational analysis using gene prediction method: GeneMarkS-2+.,OG0000242,Shell,,,,Probably not conserved
GCF_020542785.1,K2Z90_RS39890,MIHQDIREWVAQMMRLDLATASPAELAKLEEVAKLAEAQYVRQLMNLHEYRPLVG,55,hypothetical protein, ,Derived by automated computational analysis using gene prediction method: Protein Homology.,OG0000120,Shell,,,,Probably not conserved
GCF_020542785.1,K2Z90_RS39930,MPRDGVSKKQLSASGMWTSEALKADAPKAGALTSLLMIPYPLEQVADAQDRPQVPVGNVVVRVSRD,66,hypothetical protein, ,Derived by automated computational analysis using gene prediction method: GeneMarkS-2+.,OG0001932,,,,,Probably not conserved
GCF_020542785.1,K2Z90_RS40095,MAGLPLLEKAAPVSPSLPQDAGISGASPKRQVRLPLPPSNDLDEFTRRQHRKPSELMREAVEEYI,65,hypothetical protein, ,Derived by automated computational analysis using gene prediction method: GeneMarkS-2+.,OG0000916,Cloud,,,,Probably not conserved
GCF_020542785.1,K2Z90_RS40410,MPILILHAMIAGLSVLSRWLSAPLKKPAAALAQTQTVLRWVALFRSGEYQTPEP,54,hypothetical protein, ,Derived by automated computational analysis using gene prediction method: Protein Homology.,OG0000251,Shell,,,,Probably not conserved
GCF_020542785.1,K2Z90_RS40485,MTAKFELFKDAAGKFRFHLKAANGEIIAASQGYTSKAAAQTGIASIKDNAASAPTEDLT,59,yegp family protein, ,Derived by automated computational analysis using gene prediction method: Protein Homology.,OG0000183,Shell,group_2008,Cloud,,Cloud
GCF_020542785.1,K2Z90_RS40575,MSIDHHGQHPGDNELALDTTETAILDTFLRALTLHTAADAITPNESVMSAAARMRHDRRVREENHSRPR,69,hypothetical protein, ,Derived by automated computational analysis using gene prediction method: GeneMarkS-2+.,OG0000291,Cloud,,,,Probably not conserved
GCF_020542785.1,K2Z90_RS40580,MTLHAANPTTDDERDAWQLHQRGMSWAQVGREIGCTEAAARAFAAAYQQRTDAAADEAQISLF,63,hypothetical protein, ,Derived by automated computational analysis using gene prediction method: Protein Homology.,OG0000063,Soft core,,,,Probably not conserved
GCF_020542785.1,K2Z90_RS40615,MGIVNRAKNATQHAVGASREKIGRASGDVELERIGKSDQRRSKMKKAAEKFKRVFKH,57,csbd family protein, ,Derived by automated computational analysis using gene prediction method: GeneMarkS-2+.,OG0001933,,,,,Probably not conserved
GCF_020542785.1,K2Z90_RS41860,MSPMPEDADGPIHRWTLLDVRVDAVERFADCTNMCSLPET,40,hypothetical protein, ,Derived by automated computational analysis using gene prediction method: GeneMarkS-2+.,OG0000924,Cloud,,,,Probably not conserved
GCF_020542785.1,K2Z90_RS40930,MSFHPNDVSFWLKPVGFFDRNPALDVAPTPEACDHHHSHHEDSDD,45,hypothetical protein, ,Derived by automated computational analysis using gene prediction method: GeneMarkS-2+.,OG0000398,Cloud,,,,Probably not conserved
GCF_020542785.1,K2Z90_RS41125,MFNSVEFVVDRFTRRLARVSGEGGGSGEGAGPLAFCVAAAAGRVLTKPNQPRGGGNRGPGVV,62,hypothetical protein, ,Derived by automated computational analysis using gene prediction method: GeneMarkS-2+.,OG0000902,Cloud,,,,Probably not conserved
GCF_020542785.1,K2Z90_RS41870,MSDVVVEHWCEVVAKAAALGLIESDDSESLDLQDTNQEKNT,41,hypothetical protein, ,Derived by automated computational analysis using gene prediction method: GeneMarkS-2+.,OG0001934,,,,,Probably not conserved
GCF_020542785.1,K2Z90_RS41220,MLETLVITLLGAAVVAAAIGSVFPRRRRRTPMKWAADVLSARPFQRRDQYAGASRSGEQAPR,62,hypothetical protein, ,Derived by automated computational analysis using gene prediction method: GeneMarkS-2+.,OG0001935,,,,,Probably not conserved
GCF_020542785.1,K2Z90_RS41235,MRTYWSNAGLRVTFGQVLGMFPAEAVRWVRVREGQRAMPDELTTEAWQAR,50,hypothetical protein, ,Derived by automated computational analysis using gene prediction method: GeneMarkS-2+.,OG0000925,Cloud,,,,Probably not conserved
GCF_020542785.1,K2Z90_RS41280,MNENEAAVPRSTVEAALYQATKHTWSVSDADVEAIVAGESAGPLHRTAAGVDMAFPNPDALRGLL,65,hypothetical protein, ,Derived by automated computational analysis using gene prediction method: Protein Homology.,OG0000121,Shell,,,,Probably not conserved
GCF_020542785.1,K2Z90_RS41300,MVQSSPERVQPSCETDSFGGRPPKMTTNKIRQAHKMRENGMPLVDIAEILGVGRTTLYRHLK,62,helix-turn-helix domain-containing protein, ,Derived by automated computational analysis using gene prediction method: Protein Homology.,OG0000373,Cloud,,,,Probably not conserved
GCF_020542785.1,K2Z90_RS41305,MDDNIITALQTVTNEPWQASAEDYSRYLDYASNWASELGTSDDVIERRLFQIGE,54,hypothetical protein, ,Derived by automated computational analysis using gene prediction method: GeneMarkS-2+.,OG0001936,,,,,Probably not conserved
GCF_020542785.1,K2Z90_RS41340,MNDHERDAWDLEQAGLTWTQIAREIGCTEGAAEAFAAAYQHRTDAAAAENQIPLF,55,hypothetical protein, ,Derived by automated computational analysis using gene prediction method: Protein Homology.,OG0000063,Soft core,,,Cloud,Cloud
GCF_020542785.1,K2Z90_RS41565,MTTQPQRPLDPLLVIGEFGRDLAQRIREHRCELLCRHVLAGSLGIAEAVIDAVSGSRDHGLTVLM,65,hypothetical protein, ,Derived by automated computational analysis using gene prediction method: GeneMarkS-2+.,OG0001937,,,,,Probably not conserved
GCF_020809065.1,KTR60_RS00430,MAAEARIVDTVSVEDSRASDPRVASKTEQKDAPKAGAVDLTSADTVGLTSVKQAQRSVPRWAYSEVPLSR,70,hypothetical protein, ,Derived by automated computational analysis using gene prediction method: Protein Homology.,OG0000283,Shell,,,Shell,Shell
GCF_020809065.1,KTR60_RS00435,MGLLRGAAVAVAAGGTAEQVAKAEAILAEARRALFEMLAEKSADAQQAHTESTDTLPAE,59,hypothetical protein, ,Derived by automated computational analysis using gene prediction method: Protein Homology.,OG0000228,Shell,group_2177,Shell,Shell,Shell
GCF_020809065.1,KTR60_RS00505,MSNISFDSISNSAPTNALQGVGTNALVDNPFTFEPVAEATSAHALQGVGTNALVDNPFSFQS,62,streptamidine-related ripp repeat protein, ,Derived by automated computational analysis using gene prediction method: Protein Homology.,OG0000093,Soft core,group_2291,Soft core,Soft core,Soft core
GCF_020809065.1,KTR60_RS00700,MFNDVFNNVIHPMVTNFQQLGPQQFIPQQFIPQGVFQQAPQAAEHAVTIFGS,52,hypothetical protein, ,Derived by automated computational analysis using gene prediction method: Protein Homology.,OG0000075,Soft core,group_2178,Soft core,Soft core,Soft core
GCF_020809065.1,KTR60_RS01275,MEHDHILMIPGKTDYLYSSAGVRMPAWRVTLSLEQKKLLSVFESARDVVSDELDVMEQSDRHGNAA,66,hypothetical protein, ,Derived by automated computational analysis using gene prediction method: GeneMarkS-2+.,OG0000641,Cloud,group_255,Cloud,Cloud,Cloud
GCF_020809065.1,KTR60_RS01330,MPINETQIPPTVEAFPYKKGTIVIQRDPRAPLVADGSRSIRAAVGLLTERPEVRLPKGSRRL,62,hypothetical protein, ,Derived by automated computational analysis using gene prediction method: GeneMarkS-2+.,OG0000305,Cloud,group_523,Cloud,Cloud,Cloud
GCF_020809065.1,KTR60_RS01595,MGIADKAQNKAEDLGGKAKEAAGSATGDRDLENEGKGDQVKSAVKDAGEKVKDAASSIKDKLT,63,csbd family protein, ,Derived by automated computational analysis using gene prediction method: Protein Homology.,OG0000011,Conserved,group_2411,Conserved,Soft core,Soft core
GCF_020809065.1,KTR60_RS01610,MADLTLLTDDELRERRIALSRSLTTAADLIPTPPPSFFEKLKQDIDAAAAEWIARRS,57,hypothetical protein, ,Derived by automated computational analysis using gene prediction method: Protein Homology.,OG0000076,Soft core,group_2322,Soft core,Soft core,Soft core
GCF_020809065.1,KTR60_RS02340,MSEITSWEYTVTPLLVHNPKAILDNWGVDGWELVAVLPSASGEQHVAYMKRPKG,54,hypothetical protein, ,Derived by automated computational analysis using gene prediction method: Protein Homology.,OG0000012,Conserved,group_2273,Conserved,Soft core,Soft core
GCF_020809065.1,KTR60_RS02540,MISKTLRTVSARFALLVTEDDGMSTAEYAIGTIAAAAFGAVLYTVVTGDSIVSALTGIIDKALKTAV,67,duf4244 domain-containing protein, ,Derived by automated computational analysis using gene prediction method: Protein Homology.,OG0000094,Soft core,group_2136,Soft core,Soft core,Soft core
GCF_020809065.1,KTR60_RS02560,MAQGTVKWFNAEKGFGFIAPEDGSADVFVHYSEIQGNGFRTLEENQRVEFEVGQGTKGPQATGVRAV,67,cold-shock protein, ,Derived by automated computational analysis using gene prediction method: Protein Homology.,OG0000013,Conserved,group_128,Conserved,Soft core,Soft core
GCF_020809065.1,KTR60_RS02595,MADSLKARVKEKLLRQLAEDGRHPIQEAEGDDPRLVSINDDLEALEQAEEGDPIVEELAERYWVP,65,hypothetical protein, ,Derived by automated computational analysis using gene prediction method: Protein Homology.,OG0000014,Conserved,group_2342,Conserved,Soft core,Soft core
GCF_020809065.1,KTR60_RS02755,MGSADVMAWLAEGYLAGDPIRYPLYVGSMFLAMPFQLIGVILGHPF,46,hypothetical protein, ,Derived by automated computational analysis using gene prediction method: Protein Homology.,OG0000061,Soft core,group_1542,Soft core,Soft core,Soft core
GCF_020809065.1,KTR60_RS03220,MRIHIDEDKCVGGGQCVLAAPEVFDQRDEDGIVILLQDAPSSDLAAQVHEAALLCPALAIVVEE,64,ferredoxin, ,Derived by automated computational analysis using gene prediction method: Protein Homology.,OG0000001,Conserved,group_401,Cloud,Cloud,Cloud
GCF_020809065.1,KTR60_RS03285,MATTAAVQNPTRSRARTMSLSEYVAEHPAQRVFPPTSERAARMAMLIMFALMAVTLVVLVLDEAGIFG,68,hypothetical protein, ,Derived by automated computational analysis using gene prediction method: GeneMarkS-2+.,OG0000095,Soft core,group_53,Soft core,Soft core,Soft core
GCF_020809065.1,KTR60_RS03535,MALAYSPDTSIDSTRLAFLAAAVVLFAMLALYLVGFDQGAISRTGMYMHELMHDGRHLMGLPCH,64,cbtb domain-containing protein, ,Derived by automated computational analysis using gene prediction method: Protein Homology.,OG0000008,Conserved,group_2468,Conserved,Core,Conserved
GCF_020809065.1,KTR60_RS04060,MNAYICPICDYTYTESTGAAREGFPPGTPWSSIPDDWCCPDCGVREKVDFTLVTQS,56,rubredoxin, ,Derived by automated computational analysis using gene prediction method: Protein Homology.,OG0000096,Soft core,group_2166,Soft core,Soft core,Soft core
GCF_020809065.1,KTR60_RS04065,MSETATAYKLFRCLQCGFEYDEAIGWPDDGIEPGTRWDEIPEDWSCPDCGAAKVDFEMVEVDR,63,rubredoxin, ,Derived by automated computational analysis using gene prediction method: Protein Homology.,OG0000097,Soft core,group_421,Soft core,Soft core,Soft core
GCF_020809065.1,KTR60_RS04605,MKNPNLTPSRVLAVVLAAALVIFVIARRRDDGALSRGEWLSDTVGPDDLAG,51,hypothetical protein, ,Derived by automated computational analysis using gene prediction method: Protein Homology.,OG0000077,Soft core,group_2167,Soft core,Soft core,Soft core
GCF_020809065.1,KTR60_RS04695,MEVRVDLDRCEANGVCVGIAPDIFDLDDNEELVISSVRPPEDRWEDVRSAIAQCPRAALTEHP,63,ferredoxin, ,Derived by automated computational analysis using gene prediction method: Protein Homology.,OG0000005,Conserved,group_423,Soft core,Soft core,Soft core
GCF_020809065.1,KTR60_RS04760,MAENTTVETEIADEDLEPVADETARQAQRVVAAYAEDADECRMLLSMLGISPAAKLD,57,hypothetical protein, ,Derived by automated computational analysis using gene prediction method: Protein Homology.,OG0000015,Conserved,group_2168,Soft core,Soft core,Soft core
GCF_020809065.1,KTR60_RS05440,MTKFLVPGVASAVIGAVLGAGVIFGVTAAASDNTRPEIDRSGNADSSVLNQVEYGSR,57,duf2613 domain-containing protein, ,Derived by automated computational analysis using gene prediction method: Protein Homology.,OG0000016,Conserved,group_855,Soft core,Soft core,Soft core
GCF_020809065.1,KTR60_RS05575,MVGLIVLAALVLASVLVGFVFRRPIAEAKSAVLAFDDASSQPQRD,45,hypothetical protein, ,Derived by automated computational analysis using gene prediction method: GeneMarkS-2+.,OG0000098,Soft core,group_2198,Soft core,Soft core,Soft core
GCF_020809065.1,KTR60_RS05585,MAYTSSIAANATTGPLTDLAKVLGPIAGIVSGIAAVATIAALFGGNSAS,49,hypothetical protein, ,Derived by automated computational analysis using gene prediction method: GeneMarkS-2+.,OG0000265,Shell,group_1373,Cloud,Shell,Shell
GCF_020809065.1,KTR60_RS05640,MPERGQSRVDAGIIAVVAVITGVFVALTGHGLVAALATVVGLALGMAIVRYLIKGR,56,hypothetical protein, ,Derived by automated computational analysis using gene prediction method: Protein Homology.,OG0000078,Soft core,group_2220,Soft core,Soft core,Soft core
GCF_020809065.1,KTR60_RS05730,MMRIVTLIVLIWLIVGAVAAGQRGYYSSSPTNCAGVGTIALTVIAGPLNYFGVNPKVTDCTLPQPTE,67,hypothetical protein, ,Derived by automated computational analysis using gene prediction method: Protein Homology.,OG0000017,Conserved,group_129,Soft core,Soft core,Soft core
GCF_020809065.1,KTR60_RS05735,MIILGVILLIIGFVVNIPILWTIGVVLLVIGIILYALGAAGHAIGGRRHYY,51,duf6131 family protein, ,Derived by automated computational analysis using gene prediction method: Protein Homology.,OG0000000,Conserved,group_1229,Soft core,Soft core,Soft core
GCF_020809065.1,KTR60_RS05780,MTDKDDNDQSPKGGHPGPVDKGGDGGMATREQAPELVEETSGEKSDDE,48,hypothetical protein, ,Derived by automated computational analysis using gene prediction method: Protein Homology.,OG0000018,Core,group_2221,Soft core,Soft core,Soft core
GCF_020809065.1,KTR60_RS05875,MSIRRCSLASGRALRTARFGVATFRRGRKAIDRRPSGLVWIERALAAPAGSV,52,hypothetical protein, ,Derived by automated computational analysis using gene prediction method: GeneMarkS-2+.,OG0000142,Shell,group_2080,Shell,Shell,Shell
GCF_020809065.1,KTR60_RS05895,MIVLGIILALIGFFTGLSILTTVGIILVVVGAVLSILGATGRAVGGRKVWY,51,duf6131 family protein, ,Derived by automated computational analysis using gene prediction method: Protein Homology.,OG0000000,Conserved,group_1230,Soft core,Soft core,Soft core
GCF_020809065.1,KTR60_RS06190,MPAPIMAPAAALAEPVVWNEDPQRQGWWKRILAATPPENPTNEEFQP,47,hypothetical protein, ,Derived by automated computational analysis using gene prediction method: Protein Homology.,OG0000118,Soft core,group_2222,Soft core,Soft core,Soft core
GCF_020809065.1,KTR60_RS06280,MGALSPTHWAIVAVVLVVLFGSKKLPDAARGLGRSMRILKSEVGELQSDTDLALEQRD,58,sec-independent protein translocase subunit tata, ,Derived by automated computational analysis using gene prediction method: Protein Homology.,OG0000019,Conserved,tatA,Soft core,Soft core,Soft core
GCF_020809065.1,KTR60_RS06325,MAQGSVKWFNGEKGFGFIEQEGGGPDVFVHYSEIQGSGYKSLDEGQKVEFEIGQGQKGPQAQNVRAI,67,cold-shock protein, ,Derived by automated computational analysis using gene prediction method: Protein Homology.,OG0000069,Soft core,group_130,Soft core,Soft core,Soft core
GCF_020809065.1,KTR60_RS29175,MSADSRGTSTQTRREYQMFVLQQRLLFGSIVAGTALGVLAITYF,44,hypothetical protein, ,Derived by automated computational analysis using gene prediction method: GeneMarkS-2+.,OG0000122,Soft core,group_2138,Soft core,Soft core,Soft core
GCF_020809065.1,KTR60_RS06375,MTTIDIPPTQGESTTGIGITVASATLTTEEVKRRIAMMYGDPVTEEPVALAH,52,hypothetical protein, ,Derived by automated computational analysis using gene prediction method: Protein Homology.,OG0000002,Conserved,group_2274,Soft core,Soft core,Soft core
GCF_020809065.1,KTR60_RS06400,MSEQNSTDRTDQTDEPQTTGTDHGPGTGSDTAPKDVQTDPSGERTWADEGGASSTGPATDTD,62,pi-type proteinase, ,Derived by automated computational analysis using gene prediction method: Protein Homology.,OG0000020,Core,group_2297,Soft core,Soft core,Soft core
GCF_020809065.1,KTR60_RS06430,MGGSADALNRALERVDRDFASPIGVGVRRTLRGTMRQIAKPARTQYTRLRARFPGAKTYTEI,62,hypothetical protein, ,Derived by automated computational analysis using gene prediction method: GeneMarkS-2+.,OG0000115,Soft core,group_2190,Soft core,Soft core,Soft core
GCF_020809065.1,KTR60_RS06435,MTTSTVGLLAGLLLGVAAAAGGFTGFLIALVLGVIGYLVGGQRDGEFDLGVMLKGRGRG,59,hypothetical protein, ,Derived by automated computational analysis using gene prediction method: Protein Homology.,OG0000099,Soft core,group_732,Soft core,Soft core,Soft core
GCF_020809065.1,KTR60_RS29180,MDVAVALCVTVLLATVTSMAIAIVVTLIMCASVSVVSRMW,40,hypothetical protein, ,Derived by automated computational analysis using gene prediction method: GeneMarkS-2+.,OG0000187,Shell,group_2158,Soft core,Shell,Shell
GCF_020809065.1,KTR60_RS06460,MSDFIDKAKHRAEDLIGEAKEKFGNATGNDDLAAEGVADQGEAKVKKAGDTVSDKVSDIKDKFTS,65,csbd family protein, ,Derived by automated computational analysis using gene prediction method: Protein Homology.,OG0000074,Soft core,group_2191,Soft core,Soft core,Soft core
GCF_020809065.1,KTR60_RS06865,MSKEVSAGLAVGAMVLVAGLIWTGFPLDTYSIVAVILAMCGGFITWIYVRANEESTGDAATKERSQ,66,hypothetical protein, ,Derived by automated computational analysis using gene prediction method: Protein Homology.,OG0000144,Shell,group_2282,Shell,Shell,Shell
GCF_020809065.1,KTR60_RS29185,MGSLGNLLKANGMGWGILQLLPLVNMLKTLQGLDTASSNS,40,hypothetical protein, ,Derived by automated computational analysis using gene prediction method: GeneMarkS-2+.,OG0000080,Soft core,group_2512,Soft core,Soft core,Soft core
GCF_020809065.1,KTR60_RS29190,MGSFEDFSGVVKTFIPVLKDLFTALGGGSLTPGTGSAADK,40,hypothetical protein, ,Derived by automated computational analysis using gene prediction method: GeneMarkS-2+.,OG0000108,Soft core,group_2511,Soft core,Soft core,Soft core
GCF_020809065.1,KTR60_RS07190,MFGSLSTLGPLLTALGAFLKSVPTESLSGKGEGSSTGSLSGLSSGSAE,48,hypothetical protein, ,Derived by automated computational analysis using gene prediction method: Protein Homology.,OG0000081,Soft core,group_2510,Soft core,Soft core,Soft core
GCF_020809065.1,KTR60_RS29250,MKAVEGGFDTAWSRRHVDLCRTAGSFCTN,29,putative leader peptide, ,Derived by automated computational analysis using gene prediction method: Protein Homology.,OG0000132,Shell,group_1947,Shell,Shell,Shell
GCF_020809065.1,KTR60_RS29195,MGSLDTGSLSTESLEDLNLGKISELLKLGITAVSFITALNSLS,43,hypothetical protein, ,Derived by automated computational analysis using gene prediction method: GeneMarkS-2+.,OG0000067,Soft core,group_2503,Soft core,Soft core,Soft core
GCF_020809065.1,KTR60_RS07560,MDEGTWTRGRAWALSIALVALPCYRDTNEQITAWAKHAIAQVVDDIRTEP,50,aminoglycoside phosphotransferase, ,Derived by automated computational analysis using gene prediction method: Protein Homology.,OG0000155,Shell,group_2238,Shell,Shell,Shell
GCF_020809065.1,KTR60_RS07645,MTFESNTPRPFTRSNDKKMFAGVCGGIADYFGADVNLVRLLAVIAAICTGGTAALVYLAAWMLMPLG,67,pspc domain-containing protein, ,Derived by automated computational analysis using gene prediction method: Protein Homology.,OG0000021,Conserved,group_2380,Conserved,Soft core,Soft core
GCF_020809065.1,KTR60_RS08155,MGSSHDGKPAVAGTQFLTVAEVATLMRVSKMTVYRLVHSGELPAVRVGRSFRVHAKAVHDYLETSYFDAG,70,helix-turn-helix domain-containing protein, ,Derived by automated computational analysis using gene prediction method: Protein Homology.,OG0000071,Soft core,,,Soft core,Soft core
GCF_020809065.1,KTR60_RS08160,MGSVIKKRRKRMSKKKHRKLLRRTRVQRRKLGK,33,aurkaip1/cox24 domain-containing protein, ,Derived by automated computational analysis using gene prediction method: Protein Homology.,OG0000022,Conserved,group_1939,Conserved,Conserved,Conserved
GCF_020809065.1,KTR60_RS08215,MSSQEALRTESTHDAPLRQRGSRTEVILFAILGASVLVTLLMLMIPGIVSG,51,hypothetical protein, ,Derived by automated computational analysis using gene prediction method: Protein Homology.,OG0000100,Soft core,group_1231,Soft core,Soft core,Soft core
GCF_020809065.1,KTR60_RS08345,MLYLLALVGLVTLIVLMWKAFGPDPSTRTPVSGVRGPDDDPEFLWNVNQQTRRKRTEGPDVPPTDAST,68,hypothetical protein, ,Derived by automated computational analysis using gene prediction method: Protein Homology.,OG0000023,Conserved,group_2362,Soft core,Conserved,Soft core
GCF_020809065.1,KTR60_RS08350,MSAPTFNTAADALMTPGQVAALFHVDPKTVTRWAHAGRLGSLRTPGGHRRFRETEVMQLLRSLTTEADNN,70,bldc family transcriptional regulator, ,Derived by automated computational analysis using gene prediction method: Protein Homology.,OG0000068,Soft core,,,Soft core,Soft core
GCF_020809065.1,KTR60_RS08550,MASSTDVRPKITLACEVCKHRNYITKKNRRNDPDRLELKKFCPNCGTHQSHRESK,55,50s ribosomal protein l33, ,Derived by automated computational analysis using gene prediction method: Protein Homology.,OG0000024,Conserved,rpmG,Conserved,Soft core,Soft core
GCF_020809065.1,KTR60_RS08685,MAGKKLDRTNARTALEVVRESPTIAFITVAPAVVVFGVVWWLFGFWAAILLALVFGVAAVATQKLR,66,hypothetical protein, ,Derived by automated computational analysis using gene prediction method: Protein Homology.,OG0000025,Conserved,group_2209,Conserved,Soft core,Soft core
GCF_020809065.1,KTR60_RS08830,MNSTTVGLLVGLLLALAGIMGGFSGFVFAVLLGAAGMAIGAHRDGHLDLGAILRSRGRG,59,hypothetical protein, ,Derived by automated computational analysis using gene prediction method: Protein Homology.,OG0000026,Conserved,group_2303,Conserved,Soft core,Soft core
GCF_020809065.1,KTR60_RS08955,MRLSTRNQLTGTITEVNLGTVMATVKVKLDGGNQIVTSSITRDAALDLDLEPGQAATVFVKSTEVTIGVE,70,tobe domain-containing protein, ,Derived by automated computational analysis using gene prediction method: Protein Homology.,OG0000064,Soft core,,,Soft core,Soft core
GCF_020809065.1,KTR60_RS08960,MTEPVKGPASYFPSIEKKYGRPIGEWQELIRSSDLTKHMELVNWLKSEHGMGHGHANALVAHTLKEG,67,duf4287 domain-containing protein, ,Derived by automated computational analysis using gene prediction method: Protein Homology.,OG0000027,Conserved,group_2329,Soft core,Soft core,Soft core
GCF_020809065.1,KTR60_RS08975,MSDRDNKALENDLVEESLVEEVSIDGMCGVY,31,mycofactocin precursor mfta, ,"Mycofactocin is a small molecule electron carrier derived from the final two amino acids, Val-Tyr, of MftA, the mycofactocin precursor. It plays a role in redox homeostasis and the metabolism of alcohols and aldehydes in Actinobacteria, including Mycobacterium tuberculosis; Derived by automated computational analysis using gene prediction method: Protein Homology.",OG0000009,Conserved,group_2326,Conserved,Soft core,Soft core
GCF_020809065.1,KTR60_RS09320,MAKKALVNKANKKPKFAVRAYTRCQRCGRPHSVFRKFGLCRICVREMAHAGELPGVRKSSW,61,type z 30s ribosomal protein s14, ,Derived by automated computational analysis using gene prediction method: Protein Homology.,OG0000028,Conserved,group_2294,Conserved,Soft core,Soft core
GCF_020809065.1,KTR60_RS09345,MADLKVTQIKSIIGTKQNQKDSLRTLGLKGIRQTVVREDNAQNRGLINVVRHLVTVEEV,59,50s ribosomal protein l30, ,Derived by automated computational analysis using gene prediction method: Protein Homology.,OG0000029,Conserved,rpmD,Conserved,Soft core,Soft core
GCF_020809065.1,KTR60_RS09375,MKVQPSVKKICEKCKVIRRNGRVMVICENLRHKQRQG,37,50s ribosomal protein l36, ,Derived by automated computational analysis using gene prediction method: Protein Homology.,OG0000030,Conserved,rpmJ,Conserved,Soft core,Soft core
GCF_020809065.1,KTR60_RS29200,MTIFEWILAIPALALAVAFLFSGIISAGIDFDAEDGVMTH,40,hypothetical protein, ,Derived by automated computational analysis using gene prediction method: GeneMarkS-2+.,OG0000082,Soft core,group_2186,Soft core,Soft core,Soft core
GCF_020809065.1,KTR60_RS09970,MNLQLQVLLPRLMRGYQFLLAAPRRGERRIRVFPRHPRSVGVVLSSVDRPELPEVDLFS,59,hypothetical protein, ,Derived by automated computational analysis using gene prediction method: GeneMarkS-2+.,OG0001938,,group_786,Cloud,,Probably not conserved
GCF_020809065.1,KTR60_RS09980,MANIPENTQLHALPAYWREQIRKLRSENFELRKRLKQQSNQHIAELEARLDA,52,hypothetical protein, ,Derived by automated computational analysis using gene prediction method: GeneMarkS-2+.,OG0000549,Cloud,group_1209,Cloud,,Cloud
GCF_020809065.1,KTR60_RS09985,MDALTEAVVRAAEHRGPERVWNVGPEAVVSLSPGKGHPFDGLTITHWTEG,50,hypothetical protein, ,Derived by automated computational analysis using gene prediction method: GeneMarkS-2+.,OG0000550,Cloud,group_1342,Cloud,Cloud,Cloud
GCF_020809065.1,KTR60_RS10820,MSSYRCPVCEYVYDESKGAPREGFPAGTPWDAVPDDWCCPDCGVREKLDFEPMPATAGSES,61,rubredoxin, ,Derived by automated computational analysis using gene prediction method: Protein Homology.,OG0000053,Core,group_2279,Soft core,Soft core,Soft core
GCF_020809065.1,KTR60_RS10825,MNDYKLYQCAQCGFEYDEAVGWPEDGIEPGTRWDDIPEDWSCPDCGAAKSDFFMVEVERR,60,rubredoxin, ,Derived by automated computational analysis using gene prediction method: Protein Homology.,OG0000007,Conserved,group_2155,Soft core,Soft core,Soft core
GCF_020809065.1,KTR60_RS11505,MATDPAPRSERKKVLLRLDPAVHDALARWAADDLRSTNAQIEFLLRRALTEHGRMPKNAGKMHGPGRPPA,70,hypothetical protein, ,Derived by automated computational analysis using gene prediction method: Protein Homology.,OG0000114,Soft core,,,Soft core,Soft core
GCF_020809065.1,KTR60_RS11785,MSDLDSNTPSEPESQSEETKRKFREALERKNHQNAKSTDHRDGQSKVHNTHGPADHKREFRRKSG,65,duf5302 domain-containing protein, ,Derived by automated computational analysis using gene prediction method: Protein Homology.,OG0000031,Conserved,group_2470,Core,Soft core,Soft core
GCF_020809065.1,KTR60_RS11870,MAAVCDVCAKGPGFGKSVSHSHRRTNRRWNPNIQSVRTEVAPGNTRKVNVCTSCLKAGKVARG,63,50s ribosomal protein l28, ,Derived by automated computational analysis using gene prediction method: Protein Homology.,OG0000032,Conserved,rpmB,Conserved,Soft core,Soft core
GCF_020809065.1,KTR60_RS11910,MAVPKRKMSRSNTRSRRSQWKTTVPTLVTCPNRGCGEQTLPHIACPSCGTYKGRQVTAAV,60,50s ribosomal protein l32, ,Derived by automated computational analysis using gene prediction method: Protein Homology.,OG0000033,Conserved,group_2479,Conserved,Soft core,Soft core
GCF_020809065.1,KTR60_RS12105,MLKYLKKYRRATGNQFLSMGIGRFGARLKNLREEGWVIESVRLRDGLWEYRLVGHRDDPQ,60,hypothetical protein, ,Derived by automated computational analysis using gene prediction method: GeneMarkS-2+.,OG0000505,Cloud,group_712,Cloud,Cloud,Cloud
GCF_020809065.1,KTR60_RS12820,MQLLDSEVVRRCAVTAAAAAAVCRSNGPGVVDGDAVTGKSFFLQDGGWPGT,51,hypothetical protein, ,Derived by automated computational analysis using gene prediction method: GeneMarkS-2+.,OG0000147,Shell,group_2063,Shell,Shell,Shell
GCF_020809065.1,KTR60_RS12850,MKVPAFHSTVPSDLDVYHDNESCILAARIAVSHRAPGVDGRPWCTACASLD,51,hypothetical protein, ,Derived by automated computational analysis using gene prediction method: Protein Homology.,OG0000083,Soft core,group_2187,Soft core,Soft core,Soft core
GCF_020809065.1,KTR60_RS13170,MFWKIVLAVVLVWVALAVVGALIKGLFWVLVVGAVGFGIYFLVKAMSGSDDNSPASRF,58,hypothetical protein, ,Derived by automated computational analysis using gene prediction method: Protein Homology.,OG0000034,Conserved,group_2296,Soft core,Soft core,Soft core
GCF_020809065.1,KTR60_RS13195,MRLTEFHEMVREEFGQVRGDSMLIDHVLQSLDGMTAAEAVEAGWEPRAVWRALCVEFDVPPARR,64,duf3046 domain-containing protein, ,Derived by automated computational analysis using gene prediction method: Protein Homology.,OG0000035,Conserved,group_2481,Conserved,Soft core,Soft core
GCF_020809065.1,KTR60_RS13470,MPGTLTSPQLTAADRCDRCGAGARVRAVLPTGGELLFCGHHATEHADRLREMNAVVSESEPAI,63,hypothetical protein, ,Derived by automated computational analysis using gene prediction method: Protein Homology.,OG0000036,Conserved,group_2483,Conserved,Soft core,Soft core
GCF_020809065.1,KTR60_RS13840,MKIRFELMIGILLVVGGGCLWLFARDAEFFWFRGGPLGVILAIIGAFDIVNAVRTRETAIPERRND,66,hypothetical protein, ,Derived by automated computational analysis using gene prediction method: Protein Homology.,OG0000101,Soft core,group_2126,Soft core,Soft core,Soft core
GCF_020809065.1,KTR60_RS14315,MAGIDSKFDKAYAGKSVEELADAPVAALNGVSDSDAEHLKAAFNIKTVRDLGTNKFFLWAQATAKLAE,68,hypothetical protein, ,Derived by automated computational analysis using gene prediction method: Protein Homology.,OG0000070,Soft core,group_2484,Soft core,Soft core,Soft core
GCF_020809065.1,KTR60_RS14700,MDRTPTYENKGPDVQISSHDASPAFALGLMAFWPTRRSACFDQACC,46,hypothetical protein, ,Derived by automated computational analysis using gene prediction method: GeneMarkS-2+.,OG0000513,Cloud,group_2039,Cloud,Cloud,Cloud
GCF_020809065.1,KTR60_RS15100,MAQEQTQRAGGGEDDETTGGDGSAGQERREKLAAETDDLLDEIDDVLEENAEDFVRAYVQKGGQ,64,ubiquitin-like protein pup, ,Derived by automated computational analysis using gene prediction method: Protein Homology.,OG0000037,Conserved,group_340,Soft core,Soft core,Soft core
GCF_020809065.1,KTR60_RS15620,MAIDSTLLSILACPQDKGPLLLVGDELLYNPRLRRAYPIENGIPVLLIDEARDVADDEHEKLLARAEG,68,trm112 family protein, ,Derived by automated computational analysis using gene prediction method: Protein Homology.,OG0000038,Conserved,group_54,Soft core,Soft core,Soft core
GCF_020809065.1,KTR60_RS15715,MPKMKSHSGASKRFKVSGSGKLMRQKAGRRHLLEHKSSRVTRRLDGVAVVSPDDAPRIKRMLGI,64,50s ribosomal protein l35, ,Derived by automated computational analysis using gene prediction method: Protein Homology.,OG0000039,Conserved,group_2130,Soft core,Soft core,Soft core
GCF_020809065.1,KTR60_RS15730,MATANKTQPTPEDVDAFISRVDDRKRADAVELISLLSAATGEPAVMWGSSIIGFGARHY,59,hypothetical protein, ,Derived by automated computational analysis using gene prediction method: GeneMarkS-2+.,OG0001939,,,,,Probably not conserved
GCF_020809065.1,KTR60_RS15735,MYLSLNFDDYTDTLARLGKHKIGKGCLYVKRLSDVDMTALTELITDSVAAARNMID,56,duf1801 domain-containing protein, ,Derived by automated computational analysis using gene prediction method: GeneMarkS-2+.,OG0000849,Cloud,,,Cloud,Cloud
GCF_020809065.1,KTR60_RS16070,MHVEVDLDLCQGHAACELEAPEIFVVPKRGKVSLLDSDPPESLRGEAEMAVRYCPTGALRIVD,63,ferredoxin, ,Derived by automated computational analysis using gene prediction method: Protein Homology.,OG0000001,Conserved,group_2270,Soft core,Soft core,Soft core
GCF_020809065.1,KTR60_RS16250,MSVLFTYLLFIGAGIAVGGAYSMFKVNKLASGILLALAVLAAVAGALRL,49,hypothetical protein, ,Derived by automated computational analysis using gene prediction method: Protein Homology.,OG0000040,Conserved,group_2410,Soft core,Conserved,Soft core
GCF_020809065.1,KTR60_RS16480,MNESSSGLFSDLSASEPVVDAKSAEQLAAERETAAAERSNTDTAEQRQSQLFSG,54,hypothetical protein, ,Derived by automated computational analysis using gene prediction method: Protein Homology.,OG0000084,Soft core,group_2262,Soft core,Soft core,Soft core
GCF_020809065.1,KTR60_RS29205,MLGIALGLGSAAVGIGLGLLGAGAGILLSDKTVKTARRELTA,42,hypothetical protein, ,Derived by automated computational analysis using gene prediction method: GeneMarkS-2+.,OG0000102,Soft core,group_2160,Soft core,Soft core,Soft core
GCF_020809065.1,KTR60_RS16585,MHAEVGDRLHVQGRVVGQAEVTAEVLEVHGEDGGPPYLVRYDNGHEALVFPGSDGWIDHPGKGS,64,duf1918 domain-containing protein, ,Derived by automated computational analysis using gene prediction method: Protein Homology.,OG0000041,Conserved,group_2499,Soft core,Core,Soft core
GCF_020809065.1,KTR60_RS29210,MTTYRYLDADRNLLEEKDFETEQDAQEYRLSVLGAEHIEPAGE,43,hypothetical protein, ,Derived by automated computational analysis using gene prediction method: Protein Homology.,OG0000054,Core,group_2400,Soft core,Core,Core
GCF_020809065.1,KTR60_RS16815,MIRSHVTDSLDGLPAHTYNTHSNGVWRSATLVADRHTCGRPCPEEGVTSELHHSRSTPEEGRES,64,hypothetical protein, ,Derived by automated computational analysis using gene prediction method: Protein Homology.,OG0000246,Shell,group_360,Shell,Shell,Shell
GCF_020809065.1,KTR60_RS17260,MTDEDRLWYFDVSDGSVTQGKGASSLTRMGPYPDRDSAEHALKIAAERNKAADRADEDWNN,61,hypothetical protein, ,Derived by automated computational analysis using gene prediction method: Protein Homology.,OG0000042,Conserved,group_592,Soft core,Core,Soft core
GCF_020809065.1,KTR60_RS17460,MKLALTEFKNSKATIRIIMSDGAKLNGTVTDFTEDTLVLNSPNGVYYINPSHIVRLFEPSDRAAK,65,hypothetical protein, ,Derived by automated computational analysis using gene prediction method: GeneMarkS-2+.,OG0000085,Soft core,group_2248,Soft core,Soft core,Soft core
GCF_020809065.1,KTR60_RS17625,MTVAGVVSVVLIAVAAALVIYLLVALVDPERF,32,k(+)-transporting atpase subunit f, ,Derived by automated computational analysis using gene prediction method: Protein Homology.,OG0000055,Core,kdpF,Soft core,Soft core,Soft core
GCF_020809065.1,KTR60_RS29260,MSEATAPVIRHQLALIAVGMLDVADVACC,29,ms4533a family cys-rich leader peptide, ,Derived by automated computational analysis using gene prediction method: Protein Homology.,OG0000133,Shell,group_1948,Soft core,Shell,Shell
GCF_020809065.1,KTR60_RS17765,MDRIADWWDSFELWMAGLPFIPQVALVLIVVVPLCRLVAIGLDRVLAAVLALPLFGWLRRNSREVEES,68,hypothetical protein, ,Derived by automated computational analysis using gene prediction method: Protein Homology.,OG0000056,Core,group_2078,Soft core,Soft core,Soft core
GCF_020809065.1,KTR60_RS18170,MRPILANGIDEWLGYIASSSPGTPVVQVLASAARVALNSPAATPDAIALIRRLQRIVSGDPALRNAW,67,hypothetical protein, ,Derived by automated computational analysis using gene prediction method: GeneMarkS-2+.,OG0000234,Shell,group_157,Shell,Shell,Shell
GCF_020809065.1,KTR60_RS18280,MKKALPKTLKSLARTVGILALAIVVVSVVERFTGAHQPTTGPASLTGPDQSL,52,hypothetical protein, ,Derived by automated computational analysis using gene prediction method: Protein Homology.,OG0000111,Soft core,group_2264,Soft core,Soft core,Soft core
GCF_020809065.1,KTR60_RS18290,MSFLPFPIVIEGIETTGSAAIDGLGRLSVLLYDLLGGTGSATINAGS,47,hypothetical protein, ,Derived by automated computational analysis using gene prediction method: Protein Homology.,OG0000125,Shell,group_2228,Shell,Shell,Shell
GCF_020809065.1,KTR60_RS18300,MYGYLWGALPGPRPVKALLAIVLVVAVVLLLMEFVFPWVSEHMPYSDVTV,50,hypothetical protein, ,Derived by automated computational analysis using gene prediction method: Protein Homology.,OG0000214,Shell,group_1309,Shell,Shell,Shell
GCF_020809065.1,KTR60_RS18330,MIAAPTTGALAVVLNTVLQMFNAGSSFLYTDNSPIGGGGETPTTPAP,47,hypothetical protein, ,Derived by automated computational analysis using gene prediction method: Protein Homology.,OG0000086,Soft core,group_2210,Soft core,Soft core,Soft core
GCF_020809065.1,KTR60_RS18335,MPTIPLTGDPIVINIIVQLLSAGSSNALALGGVGSSGLGSTGLGSFDSASLGSAA,55,hypothetical protein, ,Derived by automated computational analysis using gene prediction method: Protein Homology.,OG0000087,Soft core,group_1002,Soft core,Soft core,Soft core
GCF_020809065.1,KTR60_RS29215,MYIHTCTYDTEDRNMGSINTLSAVIDIIKVVQPLIAKLNLS,41,hypothetical protein, ,Derived by automated computational analysis using gene prediction method: GeneMarkS-2+.,OG0000109,Soft core,group_2041,Soft core,Soft core,Soft core
GCF_020809065.1,KTR60_RS19160,MGTLKSGQDLAAKFSKKAVGGEDSLEKSLTSHIQVVTEMRDFFQQCVDRYGEVEGSNASALASVDTPR,68,hypothetical protein, ,Derived by automated computational analysis using gene prediction method: GeneMarkS-2+.,OG0000123,Soft core,group_2307,Soft core,Soft core,Soft core
GCF_020809065.1,KTR60_RS19230,MSTALLTIYVLIWPALVLVVLGVISKGFFKDWATARRNGEDLV,43,putative transporter small subunit, ,Derived by automated computational analysis using gene prediction method: Protein Homology.,OG0000088,Soft core,group_2364,Soft core,Soft core,Soft core
GCF_020809065.1,KTR60_RS19835,MAAMKPRTGDGPLEATKEGRGIVMRVPLEGGGRLVVELTPDEAAALGVELTNVTS,55,duf3117 domain-containing protein, ,Derived by automated computational analysis using gene prediction method: Protein Homology.,OG0000043,Conserved,group_1003,Soft core,Soft core,Soft core
GCF_020809065.1,KTR60_RS19940,MTEQDATFDPEAPESDALEQSTPVDPNAPEEPDLTDIPLDAPVADVVDQRVEVAVDDDYRPS,62,hypothetical protein, ,Derived by automated computational analysis using gene prediction method: Protein Homology.,OG0000057,Core,group_2211,Soft core,Soft core,Soft core
GCF_020809065.1,KTR60_RS19965,MYNWDLQNQIVAFVDSLRPMAGYYHDLYYGSLYAFADQQSHLLTLLGFPPVP,52,hypothetical protein, ,Derived by automated computational analysis using gene prediction method: Protein Homology.,OG0000058,Core,group_1175,Soft core,Soft core,Soft core
GCF_020809065.1,KTR60_RS19985,MGKVKASKVSQLKPKKKCCRKKTRCIKCPVVIMRMKKLENEGASKKELKAGLKKARAA,58,hypothetical protein, ,Derived by automated computational analysis using gene prediction method: Protein Homology.,OG0000044,Conserved,group_2365,Soft core,Soft core,Soft core
GCF_020809065.1,KTR60_RS29220,MGSMEGILGAVVQGLGSLFSADGLLKTFMGSVETISKDPTP,41,hypothetical protein, ,Derived by automated computational analysis using gene prediction method: GeneMarkS-2+.,OG0000103,Soft core,group_2051,Soft core,Soft core,Soft core
GCF_020809065.1,KTR60_RS20155,MTAKLTTAFRGTLWWVRSVMGDLDYQRYVEHTRRHHADSPVISEREFWRRRHAAADANPGARCC,64,ybdd/yjix family protein, ,Derived by automated computational analysis using gene prediction method: Protein Homology.,OG0000045,Conserved,group_2343,Soft core,Conserved,Soft core
GCF_020809065.1,KTR60_RS20410,MSTNSDRRPRLPVRIAYLAAGVLFVAAMLLLASVVNPDRDRDFSMNHVPAGTSTTAFAATSDLG,64,hypothetical protein, ,Derived by automated computational analysis using gene prediction method: Protein Homology.,OG0000104,Soft core,group_2149,Soft core,Soft core,Soft core
GCF_020809065.1,KTR60_RS20805,MAEGIVKWFNSEKGFGFIAPEDGSADVFVHYSEIQSGGFRTLEENQRVAFEIGQGNKGPQATGVTIV,67,cold-shock protein, ,Derived by automated computational analysis using gene prediction method: Protein Homology.,OG0000046,Conserved,group_132,Soft core,Soft core,Soft core
GCF_020809065.1,KTR60_RS20810,MTTAEYTVSGMTCGHCVGSVKEEIGNIAGVTAVDVELASGRVVVTSDAPVSAADVVAAVDEAGYAVVPS,69,heavy-metal-associated domain-containing protein, ,Derived by automated computational analysis using gene prediction method: Protein Homology.,OG0000006,Conserved,group_2139,Soft core,Soft core,Soft core
GCF_020809065.1,KTR60_RS20935,MKHTMSDDELRRAIREIQDRAHDARKRGDDVAAEELDRTVKGYQEQMMQRL,51,hypothetical protein, ,Derived by automated computational analysis using gene prediction method: Protein Homology.,OG0000059,Core,group_2336,Soft core,Soft core,Soft core
GCF_020809065.1,KTR60_RS21010,MSEQRDTPKKPSVDKKRLARIFGDVFPETTSDERGPEGSSRSSDDDWLRSQRPPHHGG,58,hypothetical protein, ,Derived by automated computational analysis using gene prediction method: Protein Homology.,OG0000089,Soft core,group_2328,Soft core,Soft core,Soft core
GCF_020809065.1,KTR60_RS21040,MAVPKRKMSRSNTRSRRAQWKATAPDLVEVTAFGQTHRVPRRLVKAVRLGVIDPSRI,57,50s ribosomal protein l32, ,Derived by automated computational analysis using gene prediction method: Protein Homology.,OG0000060,Soft core,group_2302,Soft core,Soft core,Soft core
GCF_020809065.1,KTR60_RS21060,MARNEIRPIVKLKSTAGTGYTYVTRKNRRNDPDRLVLKKYDPVLRKHVDFREEK,54,50s ribosomal protein l33, ,Derived by automated computational analysis using gene prediction method: Protein Homology.,OG0000047,Conserved,group_2199,Soft core,Soft core,Soft core
GCF_020809065.1,KTR60_RS21225,MHLTATTSTTTGAAGNSDPKDAESTLDMSGRPAALRARSAAATRPGGADVTA,52,hypothetical protein, ,Derived by automated computational analysis using gene prediction method: GeneMarkS-2+.,OG0000131,Shell,group_2058,Shell,Shell,Shell
GCF_020809065.1,KTR60_RS21445,MREPREYEQNPPRHEYSVTCKGQSIWPVLITM,32,winged helix-turn-helix transcriptional regulator, ,Derived by automated computational analysis using gene prediction method: Protein Homology.,OG0000510,Cloud,group_1942,Cloud,Cloud,Cloud
GCF_020809065.1,KTR60_RS21595,MGFLDNVKGLVEKGQELAAENSDKVHDAIDKVADIADDKTGNKYGDQIDKAAEAAKKAVPEKQ,63,antitoxin, ,Derived by automated computational analysis using gene prediction method: Protein Homology.,OG0000010,Conserved,group_425,Soft core,Soft core,Soft core
GCF_020809065.1,KTR60_RS22125,MANNSKQHYVDPGWPETADGDHAVTELSSTRAGGLSPFGEDTTFPVPVESLPYVHPHTVINR,62,hypothetical protein, ,Derived by automated computational analysis using gene prediction method: Protein Homology.,OG0000048,Conserved,group_501,Soft core,Soft core,Soft core
GCF_020809065.1,KTR60_RS29225,MADKAPGKNMKKPAQSIKERRAEKRAKTAESSEFIRKRKRS,41,hypothetical protein, ,Derived by automated computational analysis using gene prediction method: Protein Homology.,OG0000004,Core,group_2142,Soft core,Soft core,Soft core
GCF_020809065.1,KTR60_RS23070,MGRGRAKAKQTKVARELKYSVPTTDFDSLQRELAGGSTNSHRSSVRSDQTSDREGHAREDDYDDWRR,67,duf3073 domain-containing protein, ,Derived by automated computational analysis using gene prediction method: Protein Homology.,OG0000049,Conserved,group_133,Soft core,Soft core,Soft core
GCF_020809065.1,KTR60_RS23245,MRNNLQELRTAAGLSQQACADALGITRQTVISIEKGHFDPRLSLAFRIAEYFDKRVDDIFSS,62,helix-turn-helix transcriptional regulator, ,Derived by automated computational analysis using gene prediction method: Protein Homology.,OG0000105,Soft core,group_502,Soft core,Soft core,Soft core
GCF_020809065.1,KTR60_RS23370,MTSPMNTRKLTRARSGAMFGGVCAGIARYFGWKSSTVRLLFVLSCLLPGPQFLIYIVMWIFIPREQI,67,pspc domain-containing protein, ,Derived by automated computational analysis using gene prediction method: Protein Homology.,OG0000106,Soft core,group_134,Soft core,Soft core,Soft core
GCF_020809065.1,KTR60_RS24010,MTFFAALLILPILFGALIAGYSAFSEVDGSEALLPPAFWILIAAGGALGGYIGVKVGVVRGSALDYRL,68,hypothetical protein, ,Derived by automated computational analysis using gene prediction method: GeneMarkS-2+.,OG0000399,Cloud,group_73,Cloud,Cloud,Cloud
GCF_020809065.1,KTR60_RS24215,MSDWVKKVEAEAKGLLAEAEEELTVLEGVDTIDPLADDDPAPEDGTKPTSD,51,hypothetical protein, ,Derived by automated computational analysis using gene prediction method: Protein Homology.,OG0000090,Soft core,group_2192,Soft core,Soft core,Soft core
GCF_020809065.1,KTR60_RS24415,MAATTPVSGYVIVPHPSDVDAVGNREVEVDELPEQYSKPGTPPITGGPTVPS,52,hypothetical protein, ,Derived by automated computational analysis using gene prediction method: GeneMarkS-2+.,OG0000204,Shell,group_2298,Shell,Shell,Shell
GCF_020809065.1,KTR60_RS25245,MAQGIVKWFNGEKGFGFIAPDDGTPDVFVHYSEISGNGYKSLDENQRVEFEVGQGQKGPQATNVRAV,67,cold-shock protein, ,Derived by automated computational analysis using gene prediction method: Protein Homology.,OG0000003,Conserved,group_1991,Soft core,Soft core,Soft core
GCF_020809065.1,KTR60_RS25455,MIALWPPLYIAMSHQHGLVIGVPISVWYLILVSAAAIAAVTGLWVTECRQGAVD,54,hypothetical protein, ,Derived by automated computational analysis using gene prediction method: GeneMarkS-2+.,OG0000350,Cloud,group_2059,Cloud,Cloud,Cloud
GCF_020809065.1,KTR60_RS25495,MKKTDFAPISCIHRWEIESRHRTSEGTVTYLRCHCGSWQTLLAEWVSGGAGSAVAAPIKVRSR,63,hypothetical protein, ,Derived by automated computational analysis using gene prediction method: GeneMarkS-2+.,OG0000116,Soft core,group_2290,Soft core,Soft core,Soft core
GCF_020809065.1,KTR60_RS25535,MPTVIRTVHDLVRHARGPTHHHHHQSVHEARRMRAHHILVTHSLA,45,hypothetical protein, ,Derived by automated computational analysis using gene prediction method: GeneMarkS-2+.,OG0000112,Soft core,group_2176,Soft core,Soft core,Soft core
GCF_020809065.1,KTR60_RS25740,MVGTPVIVTIVSVCVGFVIFMLAASGARGKWDRRLVIALFIGAVVCLTVVPVSVALSAGV,60,hypothetical protein, ,Derived by automated computational analysis using gene prediction method: Protein Homology.,OG0000091,Soft core,group_2382,Soft core,Soft core,Soft core
GCF_020809065.1,KTR60_RS25845,MNETQPHNLERERWRTLPTPPSTELIEMVGDGPSSADFDPAAPVAQQG,48,hypothetical protein, ,Derived by automated computational analysis using gene prediction method: Protein Homology.,OG0000128,Shell,group_2355,Shell,Shell,Shell
GCF_020809065.1,KTR60_RS26330,MTEPDPGTVETDFPKTGAPAQRALIAAGYTHLAQLTSVSEKELGALHGMGPKALRILREALAERGLSFAD,70,hypothetical protein, ,Derived by automated computational analysis using gene prediction method: Protein Homology.,OG0000050,Conserved,,,Soft core,Soft core
GCF_020809065.1,KTR60_RS26415,MLGNVKCSHPSGYLHGEVLAVDAAMNLITAKVDDFENVREGVPGSTLVGGGYVPL,55,hypothetical protein, ,Derived by automated computational analysis using gene prediction method: GeneMarkS-2+.,OG0000198,Shell,group_2094,Shell,Shell,Shell
GCF_020809065.1,KTR60_RS29230,MGSSDTDLKALDSVITVAGALAAIFGGIAGVAGLATFLGTGGGS,44,hypothetical protein, ,Derived by automated computational analysis using gene prediction method: GeneMarkS-2+.,OG0000065,Soft core,group_2088,Shell,Shell,Shell
GCF_020809065.1,KTR60_RS29235,MNSSDLGSVSALLPMMLTAFKSIITMPFALSVDFGLDVPFNPFK,44,hypothetical protein, ,Derived by automated computational analysis using gene prediction method: GeneMarkS-2+.,OG0000186,Shell,group_2240,Shell,Shell,Shell
GCF_020809065.1,KTR60_RS27085,MNAPTRYQFLIDGEVSDRVKAAFPELSVASAAGGFTSLYGPVADHTAMRSIMARLDSLGLTVAEMRRLPD,70,hypothetical protein, ,Derived by automated computational analysis using gene prediction method: Protein Homology.,OG0000092,Soft core,,,Soft core,Soft core
GCF_020809065.1,KTR60_RS29240,MSVVLISLLVAAGLTVLATSDGAGLDFGSRQLNRQLKTRTHR,42,hypothetical protein, ,Derived by automated computational analysis using gene prediction method: GeneMarkS-2+.,OG0000107,Soft core,group_1760,Soft core,Soft core,Soft core
GCF_020809065.1,KTR60_RS27520,MKIVVLSFLVALTLMTVGIIAARKRSTRPAVTGAVTAASTVLAAAWTLFAVAFVLA,56,hypothetical protein, ,Derived by automated computational analysis using gene prediction method: Protein Homology.,OG0000110,Soft core,group_2239,Soft core,Soft core,Soft core
GCF_020809065.1,KTR60_RS28005,MTASAEPTPDDVVSAAKALHALTAIPDHSPRWSNTAEPTQWTATHTIEHISDALLFYSG,59,hypothetical protein, ,Derived by automated computational analysis using gene prediction method: GeneMarkS-2+.,OG0001940,,group_787,Cloud,,Probably not conserved
GCF_020809065.1,KTR60_RS28070,MDSRQLFALGALGTGMLSLALQLTPLCLGTEDAEQYVFVRAANATAVLTLALLSAAFVFWPPAG,64,hypothetical protein, ,Derived by automated computational analysis using gene prediction method: GeneMarkS-2+.,OG0000140,Shell,group_2266,Shell,Shell,Shell
GCF_020809065.1,KTR60_RS28405,MRIVLDRPRCEGHGLCESVAPKLMHLDDEGELVLDLEEFAEGSRELADAGAAVRVCPVAALKLA,64,ferredoxin, ,Derived by automated computational analysis using gene prediction method: Protein Homology.,OG0000001,Conserved,group_2341,Cloud,Cloud,Cloud
GCF_020809065.1,KTR60_RS28460,MSAAGLGALGRRGGKVLFLFAGSYPAACRPPPLVGSRDQLTTKADPLFIECRTRVLSAIQQSKVVAPV,68,hypothetical protein, ,Derived by automated computational analysis using gene prediction method: GeneMarkS-2+.,OG0000926,Cloud,group_103,Cloud,Cloud,Cloud
GCF_020809065.1,KTR60_RS28520,MNHRESFQAVKWGTPRRTRRHRQLIRGRIAGGGATVEVSSEVLAYY,46,hypothetical protein, ,Derived by automated computational analysis using gene prediction method: GeneMarkS-2+.,OG0000141,Shell,group_2265,Shell,Shell,Shell
GCF_020809065.1,KTR60_RS28615,MRRASRAQRMELIAGFISVFALMALIGAVVAIVKGDPGVMPSLVLLGCVVALGLAFRGYRNAVRAERRE,69,hypothetical protein, ,Derived by automated computational analysis using gene prediction method: Protein Homology.,OG0000051,Conserved,group_2375,Soft core,Shell,Shell
GCF_020809065.1,KTR60_RS29130,MPARHWVGLEHEIRHLASPERSSTPAHDEPFATFEISEDDPISAI,45,hypothetical protein, ,Derived by automated computational analysis using gene prediction method: GeneMarkS-2+.,OG0000405,Cloud,group_1620,Cloud,Cloud,Cloud
GCF_020809065.1,KTR60_RS29160,MAKGKRTFQPNNRRRARVHGFRLRMRTRAGRAIVSARRRKGRDSLTA,47,50s ribosomal protein l34, ,Derived by automated computational analysis using gene prediction method: Protein Homology.,OG0000052,Conserved,rpmH,Conserved,Cloud,Cloud
GCF_021165975.1,LRL17_RS00145,MMRIVTLIVLIWLIVGAVAAGQRGYYSSSPTNCAGVGTIALTVIAGPLNYFGVNPKVTDCTLPQPTE,67,hypothetical protein, ,Derived by automated computational analysis using gene prediction method: Protein Homology.,OG0000017,Conserved,group_129,Soft core,Soft core,Soft core
GCF_021165975.1,LRL17_RS00150,MIILGVILLIIGFVVNIPILWTIGVVLLVIGIILYALGAAGHAIGGRRHYY,51,duf6131 family protein, ,Derived by automated computational analysis using gene prediction method: Protein Homology.,OG0000000,Conserved,group_1229,Soft core,Soft core,Soft core
GCF_021165975.1,LRL17_RS00245,MTDKDDNDQSPKGGHPGPVDKGGDGGMATREQAPELVEETSDEKSDDE,48,hypothetical protein, ,Derived by automated computational analysis using gene prediction method: Protein Homology.,OG0000018,Core,group_2221,Soft core,Soft core,Soft core
GCF_021165975.1,LRL17_RS00330,MSIRRCSLASGRALRTARFGVATFRRGRKAIDRRPSGLVWIERALAAPAGSV,52,hypothetical protein, ,Derived by automated computational analysis using gene prediction method: GeneMarkS-2+.,OG0000142,Shell,group_2080,Shell,Shell,Shell
GCF_021165975.1,LRL17_RS00350,MIVLGIILALIGFFTGLSILTTVGIILVVVGAVLSILGATGRAVGGRKVWY,51,duf6131 family protein, ,Derived by automated computational analysis using gene prediction method: Protein Homology.,OG0000000,Conserved,group_1230,Soft core,Soft core,Soft core
GCF_021165975.1,LRL17_RS00645,MPAPIMAPAAALAEPVVWNEDPQRQGWWKRILAATPPENPTNEEFQP,47,hypothetical protein, ,Derived by automated computational analysis using gene prediction method: Protein Homology.,OG0000118,Soft core,group_2222,Soft core,Soft core,Soft core
GCF_021165975.1,LRL17_RS00710,MWWIVGGVLLVWVVCSIPIAILVGRGIARRDRAEFDGRNQQWADEVVRSIEKQSEQDNADRRKPPLIS,68,hypothetical protein, ,Derived by automated computational analysis using gene prediction method: Protein Homology.,OG0000079,Soft core,group_2275,Shell,Shell,Shell
GCF_021165975.1,LRL17_RS00740,MGALSPTHWAIVAVVLVVLFGSKKLPDAARGLGRSMRILKSEVVELQSDTDLALEQRD,58,sec-independent protein translocase subunit tata, ,Derived by automated computational analysis using gene prediction method: Protein Homology.,OG0000019,Conserved,tatA,Soft core,Soft core,Soft core
GCF_021165975.1,LRL17_RS00785,MAQGSVKWFNGEKGFGFIEQEGGGPDVFVHYSEIQGSGYKSLDEGQKVEFEIGQGQKGPQAQNVRAI,67,cold-shock protein, ,Derived by automated computational analysis using gene prediction method: Protein Homology.,OG0000069,Soft core,group_130,Soft core,Soft core,Soft core
GCF_021165975.1,LRL17_RS34515,MSADSRGTSTQTRREYQMFVLQQRLLFGSILAGTALGVLAINYF,44,hypothetical protein, ,Derived by automated computational analysis using gene prediction method: GeneMarkS-2+.,OG0000122,Soft core,group_2138,Soft core,Soft core,Soft core
GCF_021165975.1,LRL17_RS00835,MTTIDIPPTQGESTTGIGITVASATLTTEEVKRRIAMMYGDPVTEEPVALAH,52,hypothetical protein, ,Derived by automated computational analysis using gene prediction method: Protein Homology.,OG0000002,Conserved,group_2274,Soft core,Soft core,Soft core
GCF_021165975.1,LRL17_RS00860,MSEQNSTDRTDQTDEPQTTGTDHGPGTGSDTAPKDVQTDPSGERTWADEGGASSTGPGD,59,pi-type proteinase, ,Derived by automated computational analysis using gene prediction method: Protein Homology.,OG0000020,Core,group_2297,Soft core,Soft core,Soft core
GCF_021165975.1,LRL17_RS00890,MGGSADALNRALERVDRDFASPIGVGVRRTLRGTMRQIAKPARTQYTRLRARFPGAKTYTEI,62,hypothetical protein, ,Derived by automated computational analysis using gene prediction method: GeneMarkS-2+.,OG0000115,Soft core,group_2190,Soft core,Soft core,Soft core
GCF_021165975.1,LRL17_RS00895,MTTSTVGLLAGLLLGVAAAAGGFTGFLIALVLGVIGYLVGGQRDGEFDLGVMLKGRGRG,59,hypothetical protein, ,Derived by automated computational analysis using gene prediction method: Protein Homology.,OG0000099,Soft core,group_732,Soft core,Soft core,Soft core
GCF_021165975.1,LRL17_RS34520,MDVAVALCVTVLLATVTSMAIAIVVTLIMCASVSVVSRMW,40,hypothetical protein, ,Derived by automated computational analysis using gene prediction method: GeneMarkS-2+.,OG0000187,Shell,group_2158,Soft core,Shell,Shell
GCF_021165975.1,LRL17_RS00920,MSDFIDKAKHRAEDLIGEAKEKFGNATDNDDLAAEGVADQGEAKVKKAGDTVSDKVSDIKDKFTS,65,csbd family protein, ,Derived by automated computational analysis using gene prediction method: Protein Homology.,OG0000074,Soft core,group_2191,Soft core,Soft core,Soft core
GCF_021165975.1,LRL17_RS34525,MGSLGNLLKANGMGWGILQLLPLVNMLKTLQGLDTASSNS,40,hypothetical protein, ,Derived by automated computational analysis using gene prediction method: GeneMarkS-2+.,OG0000080,Soft core,group_2512,Soft core,Soft core,Soft core
GCF_021165975.1,LRL17_RS34530,MGSFEDFSGVVKTFIPVLKDLFTALGGGSLTPGTGSAADK,40,hypothetical protein, ,Derived by automated computational analysis using gene prediction method: GeneMarkS-2+.,OG0000108,Soft core,group_2511,Soft core,Soft core,Soft core
GCF_021165975.1,LRL17_RS01645,MFGSLSTLGPLLTALGAFLKSVPTESLSGKGEGSSTGSLSGLSSGSAE,48,hypothetical protein, ,Derived by automated computational analysis using gene prediction method: Protein Homology.,OG0000081,Soft core,group_2510,Soft core,Soft core,Soft core
GCF_021165975.1,LRL17_RS34700,MKAVEGGFDTAWSRRHVDLCRTAGSFCTN,29,putative leader peptide, ,Derived by automated computational analysis using gene prediction method: Protein Homology.,OG0000132,Shell,group_1947,Shell,Shell,Shell
GCF_021165975.1,LRL17_RS34535,MGSLDTGSLSTESLEDLNLGKISELLKLGITAVSFITALNSLS,43,hypothetical protein, ,Derived by automated computational analysis using gene prediction method: GeneMarkS-2+.,OG0000067,Soft core,group_2503,Soft core,Soft core,Soft core
GCF_021165975.1,LRL17_RS02015,MDEGTWTRGRAWALSIALVALPCYRDTNEQITAWAKHAIAQVVDDIRTEP,50,aminoglycoside phosphotransferase, ,Derived by automated computational analysis using gene prediction method: Protein Homology.,OG0000155,Shell,group_2238,Shell,Shell,Shell
GCF_021165975.1,LRL17_RS02100,MTFESNTPRPFTRSNDKKMFAGVCGGIADYFGADVNLVRLLAVIAAICTGGTAALVYLAAWMLMPLG,67,pspc domain-containing protein, ,Derived by automated computational analysis using gene prediction method: Protein Homology.,OG0000021,Conserved,group_2380,Conserved,Soft core,Soft core
GCF_021165975.1,LRL17_RS02605,MGSSHDGKPAVAGTQFLTVAEVATLMRVSKMTVYRLVHSGELPAVRVGRSFRVHAKAVHDYLETSYFDAG,70,helix-turn-helix domain-containing protein, ,Derived by automated computational analysis using gene prediction method: Protein Homology.,OG0000071,Soft core,,,Soft core,Soft core
GCF_021165975.1,LRL17_RS02610,MGSVIKKRRKRMSKKKHRKLLRRTRVQRRKLGK,33,aurkaip1/cox24 domain-containing protein, ,Derived by automated computational analysis using gene prediction method: Protein Homology.,OG0000022,Conserved,group_1939,Conserved,Conserved,Conserved
GCF_021165975.1,LRL17_RS02665,MSSQEALRTESTHDAPLRQRGSRTEVILFAILGASVLVTLLMLMIPGIVSG,51,hypothetical protein, ,Derived by automated computational analysis using gene prediction method: Protein Homology.,OG0000100,Soft core,group_1231,Soft core,Soft core,Soft core
GCF_021165975.1,LRL17_RS02795,MLYLLALVGLVTLVVLMWKAFGPDPSTRTPVSGVRGPDDDPEFLWNVNQQTRRKRTEGPDVPPTDAST,68,hypothetical protein, ,Derived by automated computational analysis using gene prediction method: Protein Homology.,OG0000023,Conserved,group_2362,Soft core,Conserved,Soft core
GCF_021165975.1,LRL17_RS02800,MSAPTFNTAADALMTPGQVAALFHVDPKTVTRWAHAGRLGSLRTPGGHRRFRETEVMQLLRSLTTEADNN,70,bldc family transcriptional regulator, ,Derived by automated computational analysis using gene prediction method: Protein Homology.,OG0000068,Soft core,,,Soft core,Soft core
GCF_021165975.1,LRL17_RS03005,MASSTDVRPKITLACEVCKHRNYITKKNRRNDPDRLELKKFCPNCGTHQSHRESK,55,50s ribosomal protein l33, ,Derived by automated computational analysis using gene prediction method: Protein Homology.,OG0000024,Conserved,rpmG,Conserved,Soft core,Soft core
GCF_021165975.1,LRL17_RS03140,MAGKKLDRTNARTALEVVRESPTIAFITVAPAVVVFGVVWWLFGFWAAILLALVFGVAAVATQKLR,66,hypothetical protein, ,Derived by automated computational analysis using gene prediction method: Protein Homology.,OG0000025,Conserved,group_2209,Conserved,Soft core,Soft core
GCF_021165975.1,LRL17_RS03300,MNSTTVGLLVGLLLALAGIMGGFSGFVFAVLLGAAGMAIGAHRDGHLDLGAILRSRGRG,59,hypothetical protein, ,Derived by automated computational analysis using gene prediction method: Protein Homology.,OG0000026,Conserved,group_2303,Conserved,Soft core,Soft core
GCF_021165975.1,LRL17_RS03425,MRLSTRNQLTGTITEVNLGTVMATVKVKLDGGNQIVTSSITRDAALDLDLEPGQAATVFVKSTEVTIGVE,70,tobe domain-containing protein, ,Derived by automated computational analysis using gene prediction method: Protein Homology.,OG0000064,Soft core,,,Soft core,Soft core
GCF_021165975.1,LRL17_RS03430,MTEPVKGPASYFPSIEKKYGRPIGEWQELIRSSDLTKHMELVNWLKSEHGMGHGHANALVAHTLKEG,67,duf4287 domain-containing protein, ,Derived by automated computational analysis using gene prediction method: Protein Homology.,OG0000027,Conserved,group_2329,Soft core,Soft core,Soft core
GCF_021165975.1,LRL17_RS03445,MSDRDNKALENDLVEESLVEEVSIDGMCGVY,31,mycofactocin precursor mfta, ,"Mycofactocin is a small molecule electron carrier derived from the final two amino acids, Val-Tyr, of MftA, the mycofactocin precursor. It plays a role in redox homeostasis and the metabolism of alcohols and aldehydes in Actinobacteria, including Mycobacterium tuberculosis; Derived by automated computational analysis using gene prediction method: Protein Homology.",OG0000009,Conserved,group_2326,Conserved,Soft core,Soft core
GCF_021165975.1,LRL17_RS34550,MLDNPAVGSAGSADAAVGIPASTTQAANDASVTRVNRFNSFLAC,44,hypothetical protein, ,Derived by automated computational analysis using gene prediction method: GeneMarkS-2+.,OG0001941,,group_1694,Cloud,,Probably not conserved
GCF_021165975.1,LRL17_RS03815,MAKKALVNKANKKPKFAVRAYTRCQRCGRPHSVFRKFGLCRICVREMAHAGELPGVRKSSW,61,type z 30s ribosomal protein s14, ,Derived by automated computational analysis using gene prediction method: Protein Homology.,OG0000028,Conserved,group_2294,Conserved,Soft core,Soft core
GCF_021165975.1,LRL17_RS03840,MADLKVTQIKSIIGTKQNQKDSLRTLGLKGIRQTVVREDNAQNRGLINVVRHLVTVEEV,59,50s ribosomal protein l30, ,Derived by automated computational analysis using gene prediction method: Protein Homology.,OG0000029,Conserved,rpmD,Conserved,Soft core,Soft core
GCF_021165975.1,LRL17_RS03870,MKVQPSVKKICEKCKVIRRNGRVMVICENLRHKQRQG,37,50s ribosomal protein l36, ,Derived by automated computational analysis using gene prediction method: Protein Homology.,OG0000030,Conserved,rpmJ,Conserved,Soft core,Soft core
GCF_021165975.1,LRL17_RS03915,MKRYLNRRTGALALFTVTTVALLSDNFTPTRAAIWGVAWAAVATLIITSEVRHARADH,58,hypothetical protein, ,Derived by automated computational analysis using gene prediction method: GeneMarkS-2+.,OG0000896,Cloud,group_840,Cloud,,Cloud
GCF_021165975.1,LRL17_RS03920,MIRYLSRGEIAERLGLSLETVKSYDRRGYLPPADAQTGRNFGWLPETIDAWAESRPGRGTRTDLTK,66,merr family dna-binding transcriptional regulator, ,Derived by automated computational analysis using gene prediction method: Protein Homology.,OG0000237,Shell,group_246,Cloud,,Cloud
GCF_021165975.1,LRL17_RS03925,MSDLKHVDQRTGQEPEDRSSDVLADRQAALHIAAAEAVRWSGLLDRLAK,49,hypothetical protein, ,Derived by automated computational analysis using gene prediction method: GeneMarkS-2+.,OG0000560,Cloud,group_1398,Cloud,,Cloud
GCF_021165975.1,LRL17_RS34555,MTALAVAAVILGATCLLAWAGWRWATGHALIIHRDQLERRNY,42,hypothetical protein, ,Derived by automated computational analysis using gene prediction method: GeneMarkS-2+.,OG0000626,Cloud,group_1806,Cloud,,Cloud
GCF_021165975.1,LRL17_RS04020,MELDIYEVDVNGRTTTLQLTAEDAKARGLTPKTKAAPAPANKARTRSRNKAV,52,hypothetical protein, ,Derived by automated computational analysis using gene prediction method: Protein Homology.,OG0000604,Cloud,group_1210,Cloud,,Cloud
GCF_021165975.1,LRL17_RS04040,MHYKHLHAKPRVVVNLLSGTSISGVIVSTRGPLVTVKSAFIHEDGREAMSADGEIAIDKANIDFIQAL,68,hypothetical protein, ,Derived by automated computational analysis using gene prediction method: Protein Homology.,OG0000841,Cloud,group_104,Cloud,,Cloud
GCF_021165975.1,LRL17_RS04070,MEFPYEGDLLAVFEGVALPRVIQESLDYISPILGIPNIQVQIDEILDDAWWSRRMMQR,58,hypothetical protein, ,Derived by automated computational analysis using gene prediction method: GeneMarkS-2+.,OG0000927,Cloud,group_846,Cloud,,Cloud
GCF_021165975.1,LRL17_RS34560,MTEEELRAAIRARAAQAVGPDIDAGWVELINNVIRNKAPETN,42,hypothetical protein, ,Derived by automated computational analysis using gene prediction method: GeneMarkS-2+.,OG0000383,Cloud,group_1807,Cloud,,Cloud
GCF_021165975.1,LRL17_RS34565,MNTHTIAAANPHQRLLIAAALVNGYPTPNQLLCQHREPTAA,41,hypothetical protein, ,Derived by automated computational analysis using gene prediction method: GeneMarkS-2+.,OG0001942,,group_1862,Cloud,,Probably not conserved
GCF_021165975.1,LRL17_RS04085,MTDLSPLGRAHLRKNALIYGDEVLVDILDALEAALTERDDLRETLINRALTESAIESAPPTPQLLS,66,hypothetical protein, ,Derived by automated computational analysis using gene prediction method: GeneMarkS-2+.,OG0000483,Cloud,group_256,Cloud,,Cloud
GCF_021165975.1,LRL17_RS04120,MTTTELILASLIVIQSGTWIAIDFRRFCKNFDHWADRPAAPANNFEDFS,49,hypothetical protein, ,Derived by automated computational analysis using gene prediction method: GeneMarkS-2+.,OG0000815,Cloud,group_1399,Cloud,,Cloud
GCF_021165975.1,LRL17_RS34570,MTIFEWILAIPALALAVAFLFSGIISAGIDFDAEDGVMTH,40,hypothetical protein, ,Derived by automated computational analysis using gene prediction method: GeneMarkS-2+.,OG0000082,Soft core,group_2186,Soft core,Cloud,Cloud
GCF_021165975.1,LRL17_RS05425,MSSYRCPVCEYVYDESKGAPREGFPAGTPWDAVPDDWCCPDCSVREKLDFEPMPATAGSES,61,rubredoxin, ,Derived by automated computational analysis using gene prediction method: Protein Homology.,OG0000053,Core,group_2279,Soft core,Cloud,Cloud
GCF_021165975.1,LRL17_RS05430,MNDYKLYQCAQCGFEYDEAVGWPEDGIEPGTRWDDIPEDWSCPDCGAAKSDFFMVEVERR,60,rubredoxin, ,Derived by automated computational analysis using gene prediction method: Protein Homology.,OG0000007,Conserved,group_2155,Soft core,Cloud,Cloud
GCF_021165975.1,LRL17_RS05900,MEKLSAFAQAYGHSILELAIAWLCAQESVPSVIIGAMNPEQVRSNVAAAEWKLDDDVLAALPSRP,65,aldo/keto reductase, ,Derived by automated computational analysis using gene prediction method: Protein Homology.,OG0001943,,group_319,Cloud,,Probably not conserved
GCF_021165975.1,LRL17_RS06065,MTDANPKSWFDRAISGCLSILVAAIALYFAVALIEAIWPYLVSAFAVASVVVVAIQIIRARRENRW,66,hypothetical protein, ,Derived by automated computational analysis using gene prediction method: Protein Homology.,OG0000482,Cloud,group_2373,Cloud,Cloud,Cloud
GCF_021165975.1,LRL17_RS06220,MKNALLRLRARVEERVDLSSDGSSGLTPEAILVLGSIIAALGVIWWAA,48,hypothetical protein, ,Derived by automated computational analysis using gene prediction method: GeneMarkS-2+.,OG0000382,Cloud,group_1429,Cloud,Cloud,Cloud
GCF_021165975.1,LRL17_RS34575,MTEEEMREAIRARAAQAVGRDIDDGWVELINNVIRNKAPETN,42,hypothetical protein, ,Derived by automated computational analysis using gene prediction method: GeneMarkS-2+.,OG0000383,Cloud,group_2229,Cloud,Cloud,Cloud
GCF_021165975.1,LRL17_RS06265,MPTCARNAQTYGDEAMVDVRDALQAALNERDELRDLLVDRLFATARADESATEPEI,56,hypothetical protein, ,Derived by automated computational analysis using gene prediction method: GeneMarkS-2+.,OG0000483,Cloud,group_2310,Cloud,Cloud,Cloud
GCF_021165975.1,LRL17_RS06275,MAKFNEYLNHLGSQGWELISYQEVLMTGNFTGNVKGRNYMAIFKRRTS,48,duf4177 domain-containing protein, ,Derived by automated computational analysis using gene prediction method: Protein Homology.,OG0000755,Cloud,group_1430,Cloud,Cloud,Cloud
GCF_021165975.1,LRL17_RS06290,MIDRAWTSRTGLVDQPALCHVEEAGGGVAARAATTASAGAAATCGDYVRRRRFEEG,56,hypothetical protein, ,Derived by automated computational analysis using gene prediction method: GeneMarkS-2+.,OG0000756,Cloud,group_929,Cloud,Cloud,Cloud
GCF_021165975.1,LRL17_RS06310,MPSVVGSTVATEGVADEGVFDDLLIGGPWVCPADDVPYISVPCTARVPGTRSTASKCAFPPAAA,64,hypothetical protein, ,Derived by automated computational analysis using gene prediction method: GeneMarkS-2+.,OG0001944,,group_402,Cloud,,Probably not conserved
GCF_021165975.1,LRL17_RS06485,MATDPAPRSERKKILLRLDPAVHDALARWAADDLRSTNAQIEFLLRRALTEHGRMPKNAGKMHGPGRPPA,70,hypothetical protein, ,Derived by automated computational analysis using gene prediction method: Protein Homology.,OG0000114,Soft core,,,Shell,Shell
GCF_021165975.1,LRL17_RS06765,MSDLDSNTPSEPESQSEETKRKFREALERKNHQNAKSTDHRDGQSKVHNTHGPADHKREFRRKSG,65,duf5302 domain-containing protein, ,Derived by automated computational analysis using gene prediction method: Protein Homology.,OG0000031,Conserved,group_2470,Core,Soft core,Soft core
GCF_021165975.1,LRL17_RS06850,MAAVCDVCAKGPGFGKSVSHSHRRTNRRWNPNIQSVRTEVAPGNTRKVNVCTSCLKAGKVARG,63,50s ribosomal protein l28, ,Derived by automated computational analysis using gene prediction method: Protein Homology.,OG0000032,Conserved,rpmB,Conserved,Soft core,Soft core
GCF_021165975.1,LRL17_RS06890,MAVPKRKMSRSNTRSRRSQWKTTVPTLVTCPNRGCGEQTLPHIACPSCGTYKGRQVTAAV,60,50s ribosomal protein l32, ,Derived by automated computational analysis using gene prediction method: Protein Homology.,OG0000033,Conserved,group_2479,Conserved,Soft core,Soft core
GCF_021165975.1,LRL17_RS07800,MKVPAFHSTVPSDLDVYHDNESCILAARIAVSHRAPGVDGRPWCTACASLD,51,hypothetical protein, ,Derived by automated computational analysis using gene prediction method: Protein Homology.,OG0000083,Soft core,group_2187,Soft core,Soft core,Soft core
GCF_021165975.1,LRL17_RS08120,MFWKIVLAVVLVWVALAVVGALIKGLFWVLVVGAVGFGIYFLVKAMSGSDDNSPASRF,58,hypothetical protein, ,Derived by automated computational analysis using gene prediction method: Protein Homology.,OG0000034,Conserved,group_2296,Soft core,Soft core,Soft core
GCF_021165975.1,LRL17_RS08145,MRLTEFHEMVREEFGQVRGDSMLIDHVLQSLDGMTAAEAVEAGWEPREVWRALCVEFDVPPARR,64,duf3046 domain-containing protein, ,Derived by automated computational analysis using gene prediction method: Protein Homology.,OG0000035,Conserved,group_2481,Conserved,Soft core,Soft core
GCF_021165975.1,LRL17_RS08420,MPGTLTSPQLTAADRCDRCGAGARVRAVLPTGGELLFCGHHATEHADRLREMNAAVSESEPAI,63,hypothetical protein, ,Derived by automated computational analysis using gene prediction method: Protein Homology.,OG0000036,Conserved,group_2483,Conserved,Soft core,Soft core
GCF_021165975.1,LRL17_RS08790,MKIRFELMIGILLVVGGGCLWLFARDAEFFWFRGGPLGVILAIIGAFDIVNAVRTRETAIPERRND,66,hypothetical protein, ,Derived by automated computational analysis using gene prediction method: Protein Homology.,OG0000101,Soft core,group_2126,Soft core,Soft core,Soft core
GCF_021165975.1,LRL17_RS09150,MGADAWLWSLVSASVLTATLGTALELRRRGPVAHNSPIAHGPSMCLAACGSIAFAWLT,58,hypothetical protein, ,Derived by automated computational analysis using gene prediction method: GeneMarkS-2+.,OG0001945,,group_847,Cloud,,Probably not conserved
GCF_021165975.1,LRL17_RS09280,MAGIDSKFDKAYAGKSVEELADAPVAALNGVSDSDAEHLKAAFNIKTVRDLGTNKFFLWAQATAKLAE,68,hypothetical protein, ,Derived by automated computational analysis using gene prediction method: Protein Homology.,OG0000070,Soft core,group_2484,Soft core,Soft core,Soft core
GCF_021165975.1,LRL17_RS10070,MAQEQTQRAGGGEDDETTGGDGSAGQERREKLAAETDDLLDEIDDVLEENAEDFVRAYVQKGGQ,64,ubiquitin-like protein pup, ,Derived by automated computational analysis using gene prediction method: Protein Homology.,OG0000037,Conserved,group_340,Soft core,Soft core,Soft core
GCF_021165975.1,LRL17_RS10420,MLALTAAASTAVPSWKVKPFCNVISNVRLSGPEKPHSLAIPGRNFWVAGSASISGAYINCK,61,hypothetical protein, ,Derived by automated computational analysis using gene prediction method: GeneMarkS-2+.,OG0001946,,group_2601,Cloud,,Probably not conserved
GCF_021165975.1,LRL17_RS34590,MYELFGTALVNVYGPAPTGLLAKSAPAAASAVGETTIPNLPLSQPGKPEVGELNEIVT,58,hypothetical protein, ,Derived by automated computational analysis using gene prediction method: GeneMarkS-2+.,OG0001947,,group_2600,Cloud,,Probably not conserved
GCF_021165975.1,LRL17_RS10645,MAIDSTLLSILACPQDKGPLLLVGDELLYNPRLRRAYPIENGIPVLLIDEARDVADDEHEKLLARAEG,68,trm112 family protein, ,Derived by automated computational analysis using gene prediction method: Protein Homology.,OG0000038,Conserved,group_54,Soft core,Soft core,Soft core
GCF_021165975.1,LRL17_RS10740,MPKMKSHSGASKRFKVSGSGKLMRQKAGRRHLLEHKSSRVTRRLDGVAVVSPDDAPRIKRMLGI,64,50s ribosomal protein l35, ,Derived by automated computational analysis using gene prediction method: Protein Homology.,OG0000039,Conserved,group_2130,Soft core,Soft core,Soft core
GCF_021165975.1,LRL17_RS11095,MHVEVDLDLCQGHAACELEAPEIFVVPKRGKVSLLDSDPPESLRGEAEMAVRYCPTGALRIVD,63,ferredoxin, ,Derived by automated computational analysis using gene prediction method: Protein Homology.,OG0000001,Conserved,group_2270,Soft core,Soft core,Soft core
GCF_021165975.1,LRL17_RS11310,MSVLFTYLLFIGAGIAVGGAYSMFKVNKLASGILLALAVLAAVAGALRL,49,hypothetical protein, ,Derived by automated computational analysis using gene prediction method: Protein Homology.,OG0000040,Conserved,group_2410,Soft core,Conserved,Soft core
GCF_021165975.1,LRL17_RS11480,MSHPPQPCADCNGHLEDWSADFTASEGVHHVAVIHDDTCPWYRAYLRTHGNRAERRANRKARP,63,hypothetical protein, ,Derived by automated computational analysis using gene prediction method: GeneMarkS-2+.,OG0001948,,group_477,Cloud,,Probably not conserved
GCF_021165975.1,LRL17_RS11495,MATTPTKLISAAHAAEILAVHPITIGRWVKSGKLTGYRISERTLRIDLAEIQALLVPVHQVEG,63,helix-turn-helix domain-containing protein, ,Derived by automated computational analysis using gene prediction method: Protein Homology.,OG0000200,Shell,group_478,Cloud,Cloud,Cloud
GCF_021165975.1,LRL17_RS11600,MNESSSGLFSDLSASEPVVDAKSAEQLAAERETAAAERSNTDTAEQRQSRLFSG,54,hypothetical protein, ,Derived by automated computational analysis using gene prediction method: Protein Homology.,OG0000084,Soft core,group_2262,Soft core,Soft core,Soft core
GCF_021165975.1,LRL17_RS34600,MLGIALGLGSAAVGIGLGLLGAGAGILLSDKTVKTARRELTA,42,hypothetical protein, ,Derived by automated computational analysis using gene prediction method: GeneMarkS-2+.,OG0000102,Soft core,group_2160,Soft core,Soft core,Soft core
GCF_021165975.1,LRL17_RS11705,MHAEVGDRLHVQGRVVGQAEVTAEVLEVHGEDGGPPYLVRYDNGHEALVFPGSDGWIDHPGKGS,64,duf1918 domain-containing protein, ,Derived by automated computational analysis using gene prediction method: Protein Homology.,OG0000041,Conserved,group_2499,Soft core,Core,Soft core
GCF_021165975.1,LRL17_RS34605,MTTYRYLDADRNLLEEKDFETEQDAQEYRLSVLGAEHIEPAGE,43,hypothetical protein, ,Derived by automated computational analysis using gene prediction method: Protein Homology.,OG0000054,Core,group_2400,Soft core,Core,Core
GCF_021165975.1,LRL17_RS12380,MTDEDRLWYFDVSDGSVTQGKGASSLTRMGPYPDRDSAEHALKIAAERNKAADRADEDWNN,61,hypothetical protein, ,Derived by automated computational analysis using gene prediction method: Protein Homology.,OG0000042,Conserved,group_592,Soft core,Core,Soft core
GCF_021165975.1,LRL17_RS12610,MKLALTEFKNSKATIRIIMSDGAKLNGTVTDFTEDTLVLNSPNGVYYINPSHIVRLFEPSDRAAK,65,hypothetical protein, ,Derived by automated computational analysis using gene prediction method: GeneMarkS-2+.,OG0000085,Soft core,group_2248,Soft core,Soft core,Soft core
GCF_021165975.1,LRL17_RS12775,MTVAGVVSVVLIAVAAALVIYLLVALVDPERF,32,k(+)-transporting atpase subunit f, ,Derived by automated computational analysis using gene prediction method: Protein Homology.,OG0000055,Core,kdpF,Soft core,Soft core,Soft core
GCF_021165975.1,LRL17_RS34730,MSEATAPVIRHQLALIAVGMLDVADVACC,29,ms4533a family cys-rich leader peptide, ,Derived by automated computational analysis using gene prediction method: Protein Homology.,OG0000133,Shell,group_1948,Soft core,Shell,Shell
GCF_021165975.1,LRL17_RS12915,MDRIADWWDSFELWMAGLPFIPQVALVLIVVVPLCRLVAIGLDRALAAVLALPLFGWLRRNSREVEES,68,hypothetical protein, ,Derived by automated computational analysis using gene prediction method: Protein Homology.,OG0000056,Core,group_2078,Soft core,Soft core,Soft core
GCF_021165975.1,LRL17_RS13315,MRPILANGIDEWLGYIASSSPGTPVVQVLASAARVALNSPAATPDAIALIRRLQRIVPGDPALRNAW,67,hypothetical protein, ,Derived by automated computational analysis using gene prediction method: GeneMarkS-2+.,OG0000234,Shell,group_157,Shell,Shell,Shell
GCF_021165975.1,LRL17_RS13425,MTRAEGLGILAVVLMAIALVIGIGNGRSGVELGIYVALLVLFIGLNGRLAWKRRHGAA,58,hypothetical protein, ,Derived by automated computational analysis using gene prediction method: GeneMarkS-2+.,OG0000413,Cloud,group_2469,Cloud,Cloud,Cloud
GCF_021165975.1,LRL17_RS13445,MVPRLLRSDNTSTTIAAANQVAGGTSSGIFAFAAGDFLTINVTGVGTTPGKGLTAELKGLC,61,hypothetical protein, ,Derived by automated computational analysis using gene prediction method: GeneMarkS-2+.,OG0000850,Cloud,group_618,Cloud,Cloud,Cloud
GCF_021165975.1,LRL17_RS13455,MSFLPFPIVIEGIETTGSAAIDGLGRLSVLLYDLLGGTGSATIDAGS,47,hypothetical protein, ,Derived by automated computational analysis using gene prediction method: Protein Homology.,OG0000125,Shell,group_2228,Shell,Shell,Shell
GCF_021165975.1,LRL17_RS13490,MIAAPTTGALAVVLNTVLQMFNAGSSFLYTDNSPIGGGGETPTTPAP,47,hypothetical protein, ,Derived by automated computational analysis using gene prediction method: Protein Homology.,OG0000086,Soft core,group_2210,Soft core,Soft core,Soft core
GCF_021165975.1,LRL17_RS13495,MPTIPLTGDPIVINIIVQLLSAGSSNALALGGVGSSGLGSTGLGSFDSASLGSAA,55,hypothetical protein, ,Derived by automated computational analysis using gene prediction method: Protein Homology.,OG0000087,Soft core,group_1002,Soft core,Soft core,Soft core
GCF_021165975.1,LRL17_RS34610,MYIQTCTYDTEDRNMGSINTLSAVIDIIKVVQPLIAKLNLS,41,hypothetical protein, ,Derived by automated computational analysis using gene prediction method: GeneMarkS-2+.,OG0000109,Soft core,group_2041,Soft core,Soft core,Soft core
GCF_021165975.1,LRL17_RS14405,MSTALLTIYVLIWPALVLVVLGVISKGFFKDWATARRNGEDLV,43,putative transporter small subunit, ,Derived by automated computational analysis using gene prediction method: Protein Homology.,OG0000088,Soft core,group_2364,Soft core,Soft core,Soft core
GCF_021165975.1,LRL17_RS15035,MAAMKPRTGDGPLEATKEGRGIVMRVPLEGGGRLVVELTPDEAAALGVELTNVTS,55,duf3117 domain-containing protein, ,Derived by automated computational analysis using gene prediction method: Protein Homology.,OG0000043,Conserved,group_1003,Soft core,Soft core,Soft core
GCF_021165975.1,LRL17_RS15140,MTEQDATFDPEAPESDALEQSTPVDPNAPEEPDLTDIPLDAPVADVVDQRVEVVVDDDYRPS,62,hypothetical protein, ,Derived by automated computational analysis using gene prediction method: Protein Homology.,OG0000057,Core,group_2211,Soft core,Soft core,Soft core
GCF_021165975.1,LRL17_RS15165,MYNWDLQNQIVAFVDSLRPMAGYYHDLYYGSLYAFADQQSHLLTLLGFPPVP,52,hypothetical protein, ,Derived by automated computational analysis using gene prediction method: Protein Homology.,OG0000058,Core,group_1175,Soft core,Soft core,Soft core
GCF_021165975.1,LRL17_RS15185,MGKVKASKVSQLKPKKKCCRKKTRCIKCPVVIMRMKKLENEGASKKELKAGLKKARAA,58,hypothetical protein, ,Derived by automated computational analysis using gene prediction method: Protein Homology.,OG0000044,Conserved,group_2365,Soft core,Soft core,Soft core
GCF_021165975.1,LRL17_RS34615,MGSMEGILGAVVQGLGSLFSADGLLKTFMGSVETISKDPTP,41,hypothetical protein, ,Derived by automated computational analysis using gene prediction method: GeneMarkS-2+.,OG0000103,Soft core,group_2051,Soft core,Soft core,Soft core
GCF_021165975.1,LRL17_RS15355,MTAKLTTAFRGTLWWVRSVMGDLDYQRYVEHTRRHHADSPVISEREFWRRRHAAADANPGARCC,64,ybdd/yjix family protein, ,Derived by automated computational analysis using gene prediction method: Protein Homology.,OG0000045,Conserved,group_2343,Soft core,Conserved,Soft core
GCF_021165975.1,LRL17_RS15605,MSTNSDQRPRLPVRIAYLAAGVLFVAAMLLLASVVNPDRDRDFSMNHVPAGTSTTAFAATSDLG,64,hypothetical protein, ,Derived by automated computational analysis using gene prediction method: Protein Homology.,OG0000104,Soft core,group_2149,Soft core,Soft core,Soft core
GCF_021165975.1,LRL17_RS16010,MAEGIVKWFNSEKGFGFIAPEDGSADVFVHYSEIQSGGFRTLEENQRVAFEIGQGNKGPQATGVTIV,67,cold-shock protein, ,Derived by automated computational analysis using gene prediction method: Protein Homology.,OG0000046,Conserved,group_132,Soft core,Soft core,Soft core
GCF_021165975.1,LRL17_RS16015,MTTAEYTVSGMTCGHCVGSVKEEIGNIAGVTAVDVELASGRVVVTSDAPVSAADVVAAVDEAGYAVVPS,69,heavy-metal-associated domain-containing protein, ,Derived by automated computational analysis using gene prediction method: Protein Homology.,OG0000006,Conserved,group_2139,Soft core,Soft core,Soft core
GCF_021165975.1,LRL17_RS16140,MKHTMSDDELRRAIREIQDRAHDARKRGDDVAAEELDRTVKGYQEQMMQRL,51,hypothetical protein, ,Derived by automated computational analysis using gene prediction method: Protein Homology.,OG0000059,Core,group_2336,Soft core,Soft core,Soft core
GCF_021165975.1,LRL17_RS16215,MSEQPDTPKKPSVDKKRLARIFGDVFPETTSDERGPEGSSRSSDDDWLRSQRPPHHGG,58,hypothetical protein, ,Derived by automated computational analysis using gene prediction method: Protein Homology.,OG0000089,Soft core,group_2328,Soft core,Soft core,Soft core
GCF_021165975.1,LRL17_RS16245,MAVPKRKMSRSNTRSRRAQWKATAPDLVEVTAFGQTHRVPRRLVKAVRLGVIDPSRI,57,50s ribosomal protein l32, ,Derived by automated computational analysis using gene prediction method: Protein Homology.,OG0000060,Soft core,group_2302,Soft core,Soft core,Soft core
GCF_021165975.1,LRL17_RS16265,MARNEIRPIVKLKSTAGTGYTYVTRKNRRNDPDRLVLKKYDPVLRKHVDFREEK,54,50s ribosomal protein l33, ,Derived by automated computational analysis using gene prediction method: Protein Homology.,OG0000047,Conserved,group_2199,Soft core,Soft core,Soft core
GCF_021165975.1,LRL17_RS16430,MHLTATTSTTTGAAGNSDPKDAESTLDMSGRPAALRARSAAATRPGGADVTA,52,hypothetical protein, ,Derived by automated computational analysis using gene prediction method: GeneMarkS-2+.,OG0000131,Shell,group_2058,Shell,Shell,Shell
GCF_021165975.1,LRL17_RS16895,MGFLDNVKGLVEKGQELAAENSDKVHDAIDKVADIADDKTGNKYGDQIDKAAEAAKKAVPEKQ,63,antitoxin, ,Derived by automated computational analysis using gene prediction method: Protein Homology.,OG0000010,Conserved,group_425,Soft core,Soft core,Soft core
GCF_021165975.1,LRL17_RS17450,MANNSKQHYVDPGWPETADGDHAVTELSSTRAGGLSPFGEDTTFPVPVESLPYVHPHTVINR,62,hypothetical protein, ,Derived by automated computational analysis using gene prediction method: Protein Homology.,OG0000048,Conserved,group_501,Soft core,Soft core,Soft core
GCF_021165975.1,LRL17_RS34620,MADKAPGKNMKKPAQSIKERRAEKRAKTVESSEFIRKRKRS,41,hypothetical protein, ,Derived by automated computational analysis using gene prediction method: Protein Homology.,OG0000004,Core,group_2142,Soft core,Soft core,Soft core
GCF_021165975.1,LRL17_RS18385,MGRGRAKAKQTKVARELKYSVPTTDFDSLQRELAGGSTNSHRSSVRSDQTSDREGHAREDDYDDWRR,67,duf3073 domain-containing protein, ,Derived by automated computational analysis using gene prediction method: Protein Homology.,OG0000049,Conserved,group_133,Soft core,Soft core,Soft core
GCF_021165975.1,LRL17_RS18565,MRNNLQELRTAAGLSQQACADALGITRQTVISIEKGHFDPRLSLAFRIAEYFDKRVDDIFSS,62,helix-turn-helix transcriptional regulator, ,Derived by automated computational analysis using gene prediction method: Protein Homology.,OG0000105,Soft core,group_502,Soft core,Soft core,Soft core
GCF_021165975.1,LRL17_RS18690,MTSPMNTRKLTRARSGAMFGGVCAGIARYFGWKSSTVRLLFVLSCLLPGPQFLIYIVMWIFIPREQI,67,pspc domain-containing protein, ,Derived by automated computational analysis using gene prediction method: Protein Homology.,OG0000106,Soft core,group_134,Soft core,Soft core,Soft core
GCF_021165975.1,LRL17_RS18710,MAEGERPPGVLDDSTYQSPDGLRKFGRTKSEVWFRNKKAYNASRIDDAAVEAANG,55,hypothetical protein, ,Derived by automated computational analysis using gene prediction method: GeneMarkS-2+.,OG0000185,Shell,group_2143,Shell,Shell,Shell
GCF_021165975.1,LRL17_RS19500,MTVLCRAGKLQAGVLVADDDQGWASPFRSIAPTKMALLARALQDGLIAIDEL,52,hypothetical protein, ,Derived by automated computational analysis using gene prediction method: Protein Homology.,OG0000156,Shell,group_2040,Shell,Shell,Shell
GCF_021165975.1,LRL17_RS19555,MSDWVKKVEAEAKGLLAEAEEELTVLEGVDTIDPLADDDPAPEDGTKPTSD,51,hypothetical protein, ,Derived by automated computational analysis using gene prediction method: Protein Homology.,OG0000090,Soft core,group_2192,Soft core,Soft core,Soft core
GCF_021165975.1,LRL17_RS19755,MAATTPVSGYVIVPHPSDVDAVGNREVEVDELPEQYSKPGTPPITGGPTVPS,52,hypothetical protein, ,Derived by automated computational analysis using gene prediction method: GeneMarkS-2+.,OG0000204,Shell,group_2298,Shell,Shell,Shell
GCF_021165975.1,LRL17_RS20350,MSDADADADGDGDGDGEYRIRDTNRPVESRGDFRRACTSICLQLQLLT,48,hypothetical protein, ,Derived by automated computational analysis using gene prediction method: GeneMarkS-2+.,OG0000349,Cloud,group_2314,Cloud,Cloud,Cloud
GCF_021165975.1,LRL17_RS20355,MNPSVMKQRIPNGEVPTVEEFVTAPPALRALPIPRIEAVDGRVQIN,46,hypothetical protein, ,Derived by automated computational analysis using gene prediction method: GeneMarkS-2+.,OG0000260,Shell,group_2250,Shell,Shell,Shell
GCF_021165975.1,LRL17_RS20625,MAQGIVKWFNGEKGFGFIAPDDGTPDVFVHYSEISGNGYKSLDENQRVEFEVGQGQKGPQATNVRAV,67,cold-shock protein, ,Derived by automated computational analysis using gene prediction method: Protein Homology.,OG0000003,Conserved,group_1991,Soft core,Soft core,Soft core
GCF_021165975.1,LRL17_RS20800,MGSINAFNEWVNQATYAGDPFATAIAIVQFFAVSLVNLFTGGPIL,45,hypothetical protein, ,Derived by automated computational analysis using gene prediction method: GeneMarkS-2+.,OG0000137,Shell,group_2383,Shell,Shell,Shell
GCF_021165975.1,LRL17_RS20825,MKKTDFAPISCIHRWEIESRHRTSEGTVTYLRCHCGSWQTLLAEWVSGGAGSAVAAPIKVRSR,63,hypothetical protein, ,Derived by automated computational analysis using gene prediction method: GeneMarkS-2+.,OG0000116,Soft core,group_2290,Soft core,Soft core,Soft core
GCF_021165975.1,LRL17_RS20865,MPTVIRTVHDLVRHARGPTHHHHHQSVHEARRMRAHHILVTHSLA,45,hypothetical protein, ,Derived by automated computational analysis using gene prediction method: GeneMarkS-2+.,OG0000112,Soft core,group_2176,Soft core,Soft core,Soft core
GCF_021165975.1,LRL17_RS21070,MVGTPVIVTIVSVCVGFVIFMLAASGARGKWDRRLVIALFVGAVVCLTVVPVSVALSAGV,60,hypothetical protein, ,Derived by automated computational analysis using gene prediction method: Protein Homology.,OG0000091,Soft core,group_2382,Soft core,Soft core,Soft core
GCF_021165975.1,LRL17_RS21175,MNETQPHNLERERWRTLPTPPSTELIEMVGDGPSSADFDPAAPVAQQG,48,hypothetical protein, ,Derived by automated computational analysis using gene prediction method: Protein Homology.,OG0000128,Shell,group_2355,Shell,Shell,Shell
GCF_021165975.1,LRL17_RS21670,MTEPDPGTVETDFPKTGAPAQRALIAAGYTHLAQLTSVSEKELGALHGMGPKALRILREALAERGLSFAD,70,hypothetical protein, ,Derived by automated computational analysis using gene prediction method: Protein Homology.,OG0000050,Conserved,,,Soft core,Soft core
GCF_021165975.1,LRL17_RS21755,MLGNVKCSHPRGYLHGEVLAVDAAMNLITAKVDDFENVREGVPGSSLVGGGYVPL,55,hypothetical protein, ,Derived by automated computational analysis using gene prediction method: GeneMarkS-2+.,OG0000198,Shell,group_2094,Shell,Shell,Shell
GCF_021165975.1,LRL17_RS34625,MGSSDTDLKALDSVITVAGALAAIFGGIAGVAGLATFLGTGGGS,44,hypothetical protein, ,Derived by automated computational analysis using gene prediction method: GeneMarkS-2+.,OG0000065,Soft core,group_2088,Shell,Shell,Shell
GCF_021165975.1,LRL17_RS22435,MNAPTRYQFLIDGEVSDRVKAAFPELSVASAAGGFTSLYGPVADHTAMRSIMARLDSLGLTVAEMRRLPD,70,hypothetical protein, ,Derived by automated computational analysis using gene prediction method: Protein Homology.,OG0000092,Soft core,,,Soft core,Soft core
GCF_021165975.1,LRL17_RS34630,MSVVLISLLVAAGLTVLATSDGAGLDFGSRQLNRQLKTRTHR,42,hypothetical protein, ,Derived by automated computational analysis using gene prediction method: GeneMarkS-2+.,OG0000107,Soft core,group_1760,Soft core,Soft core,Soft core
GCF_021165975.1,LRL17_RS22850,MKIVVLSFLVALTLMTVGIIAARNRSTRPAVTGAVTAASTVLAAAWTLFAVAFVLA,56,hypothetical protein, ,Derived by automated computational analysis using gene prediction method: Protein Homology.,OG0000110,Soft core,group_2239,Soft core,Soft core,Soft core
GCF_021165975.1,LRL17_RS23385,MDARQLFALGAHDTGMLSLALQLTPLCLGAEDAEQYVFVRAANATAVLSLALLSAAFVFWPPAG,64,hypothetical protein, ,Derived by automated computational analysis using gene prediction method: GeneMarkS-2+.,OG0000140,Shell,group_2266,Shell,Shell,Shell
GCF_021165975.1,LRL17_RS23745,MNHRESFQAVKWGTPRRTRRHRQLIRGRIAGGGATVEVSSEVLAYY,46,hypothetical protein, ,Derived by automated computational analysis using gene prediction method: GeneMarkS-2+.,OG0000141,Shell,group_2265,Shell,Shell,Shell
GCF_021165975.1,LRL17_RS23850,MRRASRAQRMELIAGFISVFALMALIGAVVAIVKGDPGVMPSLVLLGCVVALGLAFRGYRNAVRAERRE,69,hypothetical protein, ,Derived by automated computational analysis using gene prediction method: Protein Homology.,OG0000051,Conserved,group_2375,Soft core,Soft core,Soft core
GCF_021165975.1,LRL17_RS24405,MAKGKRTFQPNNRRRARVHGFRLRMRTRAGRAIVSARRRKGRDSLTA,47,50s ribosomal protein l34, ,Derived by automated computational analysis using gene prediction method: Protein Homology.,OG0000052,Conserved,rpmH,Conserved,Shell,Shell
GCF_021165975.1,LRL17_RS34635,MSIASNAKSPMTEAQIDRAIAAATAGHRMAGMEPSAADIAIGRR,44,hypothetical protein, ,Derived by automated computational analysis using gene prediction method: GeneMarkS-2+.,OG0000325,Cloud,group_2062,Cloud,Cloud,Cloud
GCF_021165975.1,LRL17_RS24665,MTAARKTTSRDIEESVKFAAAGIRLAGGTFTPADEAAARGVASGTRTPEEEVAAFRRELGY,61,hypothetical protein, ,Derived by automated computational analysis using gene prediction method: GeneMarkS-2+.,OG0000211,Shell,group_600,Cloud,Cloud,Cloud
GCF_021165975.1,LRL17_RS24680,MSTTIEDTGTNPSTVEMDARTSVALVKRMDCMSFPSMMNMSFPSVMKAAGPGAPPILFACWQRRIASV,68,hypothetical protein, ,Derived by automated computational analysis using gene prediction method: GeneMarkS-2+.,OG0000507,Cloud,group_2061,Cloud,Cloud,Cloud
GCF_021165975.1,LRL17_RS25040,MSNISFDSVSNSAPANALQGVGTNALVDNPFTFEPVAEATSAHALQGVGTNALVDNPFSFQS,62,streptamidine-related ripp repeat protein, ,Derived by automated computational analysis using gene prediction method: Protein Homology.,OG0000093,Soft core,group_2291,Soft core,Soft core,Soft core
GCF_021165975.1,LRL17_RS25235,MFNDVFNNVIHPMVTNFQQLGPQQFIPQQFIPQGVFQQAPQAAEQAVTIFGS,52,hypothetical protein, ,Derived by automated computational analysis using gene prediction method: Protein Homology.,OG0000075,Soft core,group_2178,Soft core,Soft core,Soft core
GCF_021165975.1,LRL17_RS26010,MGIADKAQNKAEDLGGKAKEAAGSATGDRDLENEGKGDQVKSAVKDAGEKVKDAASSIKDKLT,63,csbd family protein, ,Derived by automated computational analysis using gene prediction method: Protein Homology.,OG0000011,Conserved,group_2411,Conserved,Soft core,Soft core
GCF_021165975.1,LRL17_RS26025,MADLTLLTDDELRERRIALSRSLTTAADLIPTPPPSFFEKLKQDIDAAAAEWIARRY,57,hypothetical protein, ,Derived by automated computational analysis using gene prediction method: Protein Homology.,OG0000076,Soft core,group_2322,Soft core,Soft core,Soft core
GCF_021165975.1,LRL17_RS26815,MSEITSWEYTVTPLLVHNPKAILDNWGVDGWELVAVLPSASGEQHVAYMKRPKG,54,hypothetical protein, ,Derived by automated computational analysis using gene prediction method: Protein Homology.,OG0000012,Conserved,group_2273,Conserved,Soft core,Soft core
GCF_021165975.1,LRL17_RS27015,MISKTLRTVSARFALLVTEDDGMSTAEYAIGTIAAAAFGAVLYTVVTGDSIVSALTGVIDKALKTAV,67,duf4244 domain-containing protein, ,Derived by automated computational analysis using gene prediction method: Protein Homology.,OG0000094,Soft core,group_2136,Soft core,Soft core,Soft core
GCF_021165975.1,LRL17_RS27035,MAQGTVKWFNAEKGFGFIAPEDGSADVFVHYSEIQGNGFRTLEENQRVEFEVGQGTKGPQATGVRAV,67,cold-shock protein, ,Derived by automated computational analysis using gene prediction method: Protein Homology.,OG0000013,Conserved,group_128,Conserved,Soft core,Soft core
GCF_021165975.1,LRL17_RS27070,MADSLKARVKEKLLRQLAEDGRHPIQEAEGDDPRLVSINDDLEALEHAEEGDPIVEELAERYWVP,65,hypothetical protein, ,Derived by automated computational analysis using gene prediction method: Protein Homology.,OG0000014,Conserved,group_2342,Conserved,Soft core,Soft core
GCF_021165975.1,LRL17_RS27230,MGSADVMAWLAEGYLAGDPIRYPLYVGSMFLAMPFQLIGVILGHPF,46,hypothetical protein, ,Derived by automated computational analysis using gene prediction method: Protein Homology.,OG0000061,Soft core,group_1542,Soft core,Soft core,Soft core
GCF_021165975.1,LRL17_RS34645,MRPIRPDTSVLVQAASTVEGDSDAIGGRVSGVTGEQAQPP,40,hypothetical protein, ,Derived by automated computational analysis using gene prediction method: GeneMarkS-2+.,OG0000754,Cloud,group_1880,Cloud,Cloud,Cloud
GCF_021165975.1,LRL17_RS27725,MTSAVEYPGVVTTSNCAEGGSHSLSAGIFVTVAVYRIAGRPEMVKFVGPL,50,hypothetical protein, ,Derived by automated computational analysis using gene prediction method: Protein Homology.,OG0000239,Shell,group_2037,Shell,Shell,Shell
GCF_021165975.1,LRL17_RS27830,MALAYSPDTSIDSTRLAFLAAAVVLFAMLALYLVGFDQGAISRTGMYMHELMHDGRHLMGLPCH,64,cbtb domain-containing protein, ,Derived by automated computational analysis using gene prediction method: Protein Homology.,OG0000008,Conserved,group_2468,Conserved,Core,Conserved
GCF_021165975.1,LRL17_RS28350,MNAYICPICDYTYTESTGAAREGFPPGTPWSSIPDDWCCPDCGVREKVDFTLVTQS,56,rubredoxin, ,Derived by automated computational analysis using gene prediction method: Protein Homology.,OG0000096,Soft core,group_2166,Soft core,Soft core,Soft core
GCF_021165975.1,LRL17_RS28355,MSETATAYKLFRCLQCGFEYDEAIGWPDDGIEPGTRWDEIPEDWSCPDCGAAKVDFEMVEVDR,63,rubredoxin, ,Derived by automated computational analysis using gene prediction method: Protein Homology.,OG0000097,Soft core,group_421,Soft core,Soft core,Soft core
GCF_021165975.1,LRL17_RS28900,MKNPNLTPSRVLAVVLAAALVIFVIARRRDDGALSRGEWLSDTVGPDDLAG,51,hypothetical protein, ,Derived by automated computational analysis using gene prediction method: Protein Homology.,OG0000077,Soft core,group_2167,Soft core,Soft core,Soft core
GCF_021165975.1,LRL17_RS28990,MEVRVDLDRCEANGVCVGIAPDIFDLDDNEELVISSVRPPEDRWEDVRSAIAQCPRAALTEHP,63,ferredoxin, ,Derived by automated computational analysis using gene prediction method: Protein Homology.,OG0000005,Conserved,group_423,Soft core,Soft core,Soft core
GCF_021165975.1,LRL17_RS29055,MAENTTVETEIADEDLEPVADETARQAQRVVAAYAEDADECRMLLSMLGISPAAKLD,57,hypothetical protein, ,Derived by automated computational analysis using gene prediction method: Protein Homology.,OG0000015,Conserved,group_2168,Soft core,Soft core,Soft core
GCF_021165975.1,LRL17_RS29740,MTKFLVPGVASAVIGAVLGAGVIFGVTAAASDNTRPEIDRSGNADSSVLNQVEYGSR,57,duf2613 domain-containing protein, ,Derived by automated computational analysis using gene prediction method: Protein Homology.,OG0000016,Conserved,group_855,Soft core,Soft core,Soft core
GCF_021165975.1,LRL17_RS29875,MVGLIVLAALVLASVLVGFVFRRPIAEAKSAVLAFDDASSQPQRD,45,hypothetical protein, ,Derived by automated computational analysis using gene prediction method: GeneMarkS-2+.,OG0000098,Soft core,group_2198,Soft core,Soft core,Soft core
GCF_021165975.1,LRL17_RS29885,MAFTTGSSKTDLATLGDFQKIIAGLGGVLVGIGAVAGLLGAIGGAGSSQPKA,52,hypothetical protein, ,Derived by automated computational analysis using gene prediction method: GeneMarkS-2+.,OG0000247,Shell,group_1186,Shell,Shell,Shell
GCF_021165975.1,LRL17_RS29945,MPERGQSRVDAGIIAVVAVITGVFVALTGHGLVAALATVVGLALGMAIVRHLIKGR,56,hypothetical protein, ,Derived by automated computational analysis using gene prediction method: Protein Homology.,OG0000078,Soft core,group_2220,Soft core,Soft core,Soft core
GCF_021165975.1,LRL17_RS30010,MTTARKVVDEHAGARSIEESVQFATAGVRLAGGTVTEENEAATRRVLTGEKTAEQELSALRRTLGY,66,hypothetical protein, ,Derived by automated computational analysis using gene prediction method: Protein Homology.,OG0000211,Shell,,,,Probably not conserved
GCF_021165975.1,LRL17_RS30045,MSENFTPRERSAVEAAAYQATKHTQKITDADLVAVVECLTGISVAQTPRIDIAFPAAGDPDELFH,65,hypothetical protein, ,Derived by automated computational analysis using gene prediction method: Protein Homology.,OG0000121,Shell,,,,Probably not conserved
GCF_021165975.1,LRL17_RS30230,MAVRRYRAAGRGHVVVEDYADTVIDSSNLGRDWAPVLRWAIALDDGRLVFAAEGGLELA,59,hypothetical protein, ,Derived by automated computational analysis using gene prediction method: Protein Homology.,OG0000236,Shell,,,,Probably not conserved
GCF_021165975.1,LRL17_RS30355,MSAAQWALWLVMIVAVVATVGGAAVTGWERFRGYTPCSRSDRAQWCALAGAGVLSVTAGVSAASGVSPW,69,hypothetical protein, ,Derived by automated computational analysis using gene prediction method: Protein Homology.,OG0000478,Cloud,,,,Probably not conserved
GCF_021165975.1,LRL17_RS31065,MDTNNSRPANSGHAITIAGSTLVAIASGSPIAAVILAVAVAVVLAILAVSLCLFLGDRP,59,hypothetical protein, ,Derived by automated computational analysis using gene prediction method: GeneMarkS-2+.,OG0000806,Cloud,,,,Probably not conserved
GCF_021165975.1,LRL17_RS31180,MEVKYDWNDLCRGHQMCVLGLPQIFEVGDDDEGRALVTSCVTEELKEKLLDVARSCPESAIVVEG,65,ferredoxin, ,Derived by automated computational analysis using gene prediction method: Protein Homology.,OG0000001,Conserved,,,,Probably not conserved
GCF_021165975.1,LRL17_RS34650,MGSTIDYCGDPEIPEPATTGGLGLRAGAATGELLGEVGGQ,40,hypothetical protein, ,Derived by automated computational analysis using gene prediction method: GeneMarkS-2+.,OG0001949,,,,,Probably not conserved
GCF_021165975.1,LRL17_RS31330,MRTRDRGYATRTVRVLPTFFTSTCTIIVHAVRLDEPATVQLQVPQAFRDRPASNNDAVSGQFERNP,66,hypothetical protein, ,Derived by automated computational analysis using gene prediction method: GeneMarkS-2+.,OG0001950,,,,,Probably not conserved
GCF_021165975.1,LRL17_RS31490,MVDGPAADHGDPHVSPSLCFVVFVRLKNLAQNHFRNVSATCVGDLLKPAQCARAVAMI,58,hypothetical protein, ,Derived by automated computational analysis using gene prediction method: GeneMarkS-2+.,OG0001951,,,,,Probably not conserved
GCF_021165975.1,LRL17_RS31775,MTHNTRIKPSTKDRLRRGVDKLRYETGDREISEASMTEAALDEYLKARGL,50,hypothetical protein, ,Derived by automated computational analysis using gene prediction method: Protein Homology.,OG0000212,Shell,group_2308,Shell,,Shell
GCF_021165975.1,LRL17_RS31890,MTTAMATARDGDGITCPALGPLCGPVVARAAAMVFWSVLPINTRK,45,hypothetical protein, ,Derived by automated computational analysis using gene prediction method: GeneMarkS-2+.,OG0000555,Cloud,group_2106,Cloud,Cloud,Cloud
GCF_021165975.1,LRL17_RS31940,MATYRVINPAGDVTATRDIESADDAHAWFVDARADNSELGWRMEVQHDGEWSFFDDTEGASS,62,hypothetical protein, ,Derived by automated computational analysis using gene prediction method: Protein Homology.,OG0000066,Soft core,group_2490,Shell,Cloud,Cloud
GCF_021165975.1,LRL17_RS31955,MDLYRVTMPDGSTLDEYFGSDNEAIQEATKANHGVSEGVKVERYAGDGTLYPTKLPNGGYRGTVRKHHAG,70,hypothetical protein, ,Derived by automated computational analysis using gene prediction method: Protein Homology.,OG0000113,Soft core,,,Cloud,Cloud
GCF_021165975.1,LRL17_RS34660,MSNSNAVTKGKFGMNTPGAVGAMGGGVNLGDQLCQPGMSQ,40,hypothetical protein, ,Derived by automated computational analysis using gene prediction method: GeneMarkS-2+.,OG0001952,,group_1902,Cloud,,Probably not conserved
GCF_021165975.1,LRL17_RS32220,MSGTVKGQWRSQVIDARSIEDRPADAEDRSVTGHMEGDLVIGSKNSQVATW,51,hypothetical protein, ,Derived by automated computational analysis using gene prediction method: GeneMarkS-2+.,OG0000613,Cloud,group_1278,Cloud,,Cloud
GCF_021165975.1,LRL17_RS32335,MTTKFTISLPDEDAHLLDEYVRDHGLRGRSAGIRAALRLLSTSGLERDYAAAFAEGDVDEVWDAVTADTE,70,ribbon-helix-helix domain-containing protein, ,Derived by automated computational analysis using gene prediction method: Protein Homology.,OG0000213,Shell,,,Cloud,Cloud
GCF_021165975.1,LRL17_RS34760,MQQYALRQAGAICIFTDCESGSKTQRPQLAERLSYLRGNGGVVLVV,46,hypothetical protein, ,Derived by automated computational analysis using gene prediction method: Protein Homology.,OG0001953,,group_1589,Cloud,,Probably not conserved
GCF_021165975.1,LRL17_RS32505,MHFTFLYDGAAQRTAEYPTLEEAVRSIELGQVDRTLWSIQYTDREGGIRVYRFPADRGVGGE,62,hypothetical protein, ,Derived by automated computational analysis using gene prediction method: Protein Homology.,OG0000387,Cloud,group_525,Cloud,Cloud,Cloud
GCF_021165975.1,LRL17_RS32520,MDVIVWAESEERERWWRQVMGLALAIERFEAEEPIARGLSATSRMRVSVRSIHGVTAA,58,hypothetical protein, ,Derived by automated computational analysis using gene prediction method: Protein Homology.,OG0000129,Shell,group_2349,Cloud,Cloud,Cloud
GCF_021165975.1,LRL17_RS32530,MLRTSDVRVGRPADAQYSSTSTAMYTDDLQAGDPRNPAVHEGDVLRARLRLMPCGT,56,hypothetical protein, ,Derived by automated computational analysis using gene prediction method: GeneMarkS-2+.,OG0001954,,group_972,Cloud,,Probably not conserved
GCF_021165975.1,LRL17_RS32705,MASKPLKPGTPAPRSGQVEIVGPRGGRTGDERTTVRGKPLPPTPKPGQGYILVDPTKNGAGRK,63,hypothetical protein, ,Derived by automated computational analysis using gene prediction method: Protein Homology.,OG0000887,Cloud,group_466,Cloud,,Cloud
GCF_021165975.1,LRL17_RS32770,MLGFDAAASSGETVGTGRSTSVTTGWRRPPRSAFAQVSGSFAQWAHQAIDAKPM,54,hypothetical protein, ,Derived by automated computational analysis using gene prediction method: GeneMarkS-2+.,OG0000307,Cloud,group_2256,Cloud,Cloud,Cloud
GCF_021165975.1,LRL17_RS32885,MNGYDFEQGKDHDAATIHYAGLTCGCGDYSCPRMHDDAAQCVNAE,45,hypothetical protein, ,Derived by automated computational analysis using gene prediction method: Protein Homology.,OG0000216,Shell,group_2501,Shell,,Shell
GCF_021165975.1,LRL17_RS32890,MSTETDTLAPALVAVVEATAALDAAMFDRRREGFIDVTALVDAFAAARAAARDAGHTEEDIDAAATPTN,69,hypothetical protein, ,Derived by automated computational analysis using gene prediction method: Protein Homology.,OG0000226,Shell,group_2451,Shell,,Shell
GCF_021165975.1,LRL17_RS32975,MGSEDLLTPKQVSELFRVTPKTVARWADEGKIGFTSTIGGHRRYHRTEIRMLLHSLHTPGPKTDPTAS,68,bldc family transcriptional regulator, ,Derived by automated computational analysis using gene prediction method: Protein Homology.,OG0000068,Soft core,group_2014,Cloud,Cloud,Cloud
GCF_021165975.1,LRL17_RS33005,MIVLGIILALIGYFTAISILTTVGIILVVVGAILTLLGTMGRAVGGRKVWY,51,duf6131 family protein, ,Derived by automated computational analysis using gene prediction method: Protein Homology.,OG0000000,Conserved,group_1248,Cloud,Cloud,Cloud
GCF_021165975.1,LRL17_RS33010,MSTVPVVGTELGRDCLQCRCPLFITVLEFYAGSPPELTDRRESFVDCRSGCRGVIEQPVGIDISR,65,hypothetical protein, ,Derived by automated computational analysis using gene prediction method: GeneMarkS-2+.,OG0000248,Shell,group_2223,Cloud,Cloud,Cloud
GCF_021165975.1,LRL17_RS33020,MNVSLCENADSVGVLGEDVGEVAVGFVESVGEVRATQEGCCGGVEVPRNAQEQAEGRERGRRGRLR,66,hypothetical protein, ,Derived by automated computational analysis using gene prediction method: GeneMarkS-2+.,OG0001955,,,,,Probably not conserved
GCF_021165975.1,LRL17_RS34670,MTSIPHAAHDATSDVDRGEQTIPVDDDALENEPITIDNNVV,41,hypothetical protein, ,Derived by automated computational analysis using gene prediction method: GeneMarkS-2+.,OG0000199,Shell,group_1843,Cloud,Cloud,Cloud
GCF_021165975.1,LRL17_RS33180,MSETAEPDETQGWSPAPDEGQAGTVMTKDGQWAYRYKDGAELIMMKMPERPAST,54,hypothetical protein, ,Derived by automated computational analysis using gene prediction method: Protein Homology.,OG0000119,Shell,group_2399,Cloud,Cloud,Cloud
GCF_021165975.1,LRL17_RS33195,MAVASATVLGVTVGVLLAEVVAGVVVGAGTAVVFRFVLRSIITRK,45,hypothetical protein, ,Derived by automated computational analysis using gene prediction method: GeneMarkS-2+.,OG0000124,Shell,group_2500,Shell,Cloud,Shell
GCF_021165975.1,LRL17_RS33230,MNAVSGDLLRYAQQVLTGTGHAPDQVASVVAGTGEDAAARALRAGWECAANPVVGACEQTEDGS,64,hypothetical protein, ,Derived by automated computational analysis using gene prediction method: Protein Homology.,OG0000134,Shell,"group_2356, group_2278", Cloud,Cloud,Cloud
GCF_021165975.1,LRL17_RS33245,MTRFVLSESESGVDAGVALGVLPARAAAYLLASGWSADMEGGGVTVGAALERCAES,56,hypothetical protein, ,Derived by automated computational analysis using gene prediction method: GeneMarkS-2+.,OG0000503,Cloud,group_945,Cloud,,Cloud
GCF_021165975.1,LRL17_RS33355,MRSTAGRVLRIVVGIALITLAFSVGGAVGILAGVIGAVFVLTGVVNVCLLGPLFSVELRGRPKAS,65,duf2892 domain-containing protein, ,Derived by automated computational analysis using gene prediction method: Protein Homology.,OG0000508,Cloud,group_300,Cloud,,Cloud
GCF_021165975.1,LRL17_RS34755,MAEIFIRQLIDDLDGKPIDPGLGHEVTFSYQGADYRIDLRPTCRQD,46,histone-like nucleoid-structuring protein lsr2, ,Derived by automated computational analysis using gene prediction method: Protein Homology.,OG0001956,,,,,Probably not conserved
GCF_021165975.1,LRL17_RS30550,MSDDEHDAWQLHHHGASWEDIGTDMGCSPTAAQTLAAAYEKRTDSAAAQTQNTLF,55,hypothetical protein, ,Derived by automated computational analysis using gene prediction method: Protein Homology.,OG0000063,Soft core,group_2550,Cloud,Cloud,Cloud
GCF_021165975.1,LRL17_RS30595,MTENKSASNPEFIPRPQHTSTADRPGNGDLQHSIDSLTSERPVAVQQAQELPQQGLPVSKQWGEIPD,67,hypothetical protein, ,Derived by automated computational analysis using gene prediction method: GeneMarkS-2+.,OG0000757,Cloud,group_2548,Cloud,,Cloud
GCF_021165975.1,LRL17_RS30745,MNVDADLHRRFKEYAVRNETAMQDLLIKHIHQLLEDEQK,39,hypothetical protein, ,Derived by automated computational analysis using gene prediction method: Protein Homology.,OG0000928,Cloud,group_2639,Cloud,,Cloud
GCF_021165975.1,LRL17_RS34775,MMKRRKAGGDSGMEALRVLKRRLSDVVYAALRTDLAASVETAAA,44,hypothetical protein, ,Derived by automated computational analysis using gene prediction method: GeneMarkS-2+.,OG0000897,Cloud,,,,Probably not conserved
GCF_021165975.1,LRL17_RS34030,MKLMGAAKALVDKGKEAASKNADKIENAIDKTAASAEARTGGKLTSQIQKAALAAKRAIPPKK,63,antitoxin, ,Derived by automated computational analysis using gene prediction method: Protein Homology.,OG0000218,Shell,group_2424,Shell,Cloud,Shell
GCF_021165975.1,LRL17_RS34135,MRAADATIAYARRCGTGTEELPTVFADFLGDAHHLADALGVDSVMPHAMGRGIFAAELYGTE,62,hypothetical protein, ,Derived by automated computational analysis using gene prediction method: Protein Homology.,OG0000269,Shell,group_2323,Cloud,,Cloud
GCF_021165975.1,LRL17_RS34150,MNAVSGDLLRYAQQVLTGTGHAPDQVASVVAGTGEDAAARALRAGWECAANPVVGACEQTEDGS,64,hypothetical protein, ,Derived by automated computational analysis using gene prediction method: Protein Homology.,OG0000134,Shell,"group_2356, group_2278", Cloud,,Shell
GCF_021165975.1,LRL17_RS34165,MQVGDHVRIHTTGTSVFSIIEIDEAAGKAIVESVTDAPGKYPWPTDLTNLVAARNPQD,58,hypothetical protein, ,Derived by automated computational analysis using gene prediction method: Protein Homology.,OG0000072,Soft core,group_2154,Cloud,,Cloud
GCF_021165975.1,LRL17_RS34345,MLHSAGLLPAGLADEDPAQALRTLTSTGCGRAPETHLNGGITWLP,45,hypothetical protein, ,Derived by automated computational analysis using gene prediction method: GeneMarkS-2+.,OG0001957,,,,,Probably not conserved
GCF_021165975.1,LRL17_RS34395,MTHNIFRKTAALTFGLVTAAAVVSACGTDGTADPAPTSTQQPILTGPEGTLKSPEQQATEAATAKINEF,69,hypothetical protein, ,Derived by automated computational analysis using gene prediction method: GeneMarkS-2+.,OG0001958,,,,,Probably not conserved
GCF_021165975.1,LRL17_RS34690,MNVAAARLKGLLYLIALLALTAGIPFALYTFAGNPSPASPA,41,hypothetical protein, ,Derived by automated computational analysis using gene prediction method: GeneMarkS-2+.,OG0001959,,,,,Probably not conserved
GCF_021165975.1,LRL17_RS34425,MTLINRNRHNDSGSILRLWIMSAAVCLIAILVLIQLGPTVQRYLATIV,48,hypothetical protein, ,Derived by automated computational analysis using gene prediction method: GeneMarkS-2+.,OG0000300,Cloud,,,Cloud,Cloud
GCF_021497645.1,D4768_RS00440,MGLLRGAAVAVAAGGTAEQVAKAEAILAEARRALFEMLAEKPADVQPADKEPADAEATVAESADTLPAE,69,hypothetical protein, ,Derived by automated computational analysis using gene prediction method: Protein Homology.,OG0000228,Shell,group_2177,Shell,Shell,Shell
GCF_021497645.1,D4768_RS00515,MSNISFDSVSNSAPANALQGVGTNALVDNPFTFEPVAEATSAHALQGVGTNALVDNPFSFQS,62,streptamidine-related ripp repeat protein, ,Derived by automated computational analysis using gene prediction method: Protein Homology.,OG0000093,Soft core,group_2291,Soft core,Soft core,Soft core
GCF_021497645.1,D4768_RS00710,MFNDVFNNVIHPMVTNFQQLGPQQFIPQQFIPQGVFQQAPQAAEQAVTIFGS,52,hypothetical protein, ,Derived by automated computational analysis using gene prediction method: Protein Homology.,OG0000075,Soft core,group_2178,Soft core,Soft core,Soft core
GCF_021497645.1,D4768_RS01330,MKNPDMIALAVLGATAVPAVLFMVFSESAFVFGASIAAIVFIAARVVQILFQRWRRQQRRAA,62,hypothetical protein, ,Derived by automated computational analysis using gene prediction method: GeneMarkS-2+.,OG0001960,,group_565,Cloud,,Probably not conserved
GCF_021497645.1,D4768_RS01630,MGIADKAQNKAEDLGGKAKEAAGSATGDRDLENEGKGDQVKSAVKDAGEKVKDAASSIKDKLT,63,csbd family protein, ,Derived by automated computational analysis using gene prediction method: Protein Homology.,OG0000011,Conserved,group_2411,Conserved,Soft core,Soft core
GCF_021497645.1,D4768_RS01660,MKIIVDRGRCTGIGICESVSEDYFEVADDGSLILHKELVDDDDKNLVREAVRSCPAKALTLDET,64,ferredoxin, ,Derived by automated computational analysis using gene prediction method: Protein Homology.,OG0000001,Conserved,group_2284,Cloud,Cloud,Cloud
GCF_021497645.1,D4768_RS01695,MPDLTLLTDEELLERRIALGRSLTTAADLVPTPTPSFFEKLQQDIDAAAAEWITRRS,57,hypothetical protein, ,Derived by automated computational analysis using gene prediction method: Protein Homology.,OG0000076,Soft core,group_2322,Soft core,Soft core,Soft core
GCF_021497645.1,D4768_RS02410,MSEITSWEYTVTPLLVHNPKAILDNWGVDGWELVAVLPSASGEQHVAYMKRPKG,54,hypothetical protein, ,Derived by automated computational analysis using gene prediction method: Protein Homology.,OG0000012,Conserved,group_2273,Conserved,Soft core,Soft core
GCF_021497645.1,D4768_RS02610,MISKTLRTVSARFALLITEDDGMSTAEYAIGTIAAAAFGAVLYTVVTGDSIVSALTGIIDKALKTAV,67,duf4244 domain-containing protein, ,Derived by automated computational analysis using gene prediction method: Protein Homology.,OG0000094,Soft core,group_2136,Soft core,Soft core,Soft core
GCF_021497645.1,D4768_RS02630,MAQGTVKWFNAEKGFGFIAPEDGSADVFVHYSEIQGNGFRTLEENQRVEFEVGQGTKGPQATGVRAV,67,cold-shock protein, ,Derived by automated computational analysis using gene prediction method: Protein Homology.,OG0000013,Conserved,group_128,Conserved,Soft core,Soft core
GCF_021497645.1,D4768_RS02665,MADSLKARVKEKLLRQLAEDGRHPIQEAEGDDPRLVSINDDLEALEQAEEGDPIVEELAERYWVP,65,hypothetical protein, ,Derived by automated computational analysis using gene prediction method: Protein Homology.,OG0000014,Conserved,group_2342,Conserved,Soft core,Soft core
GCF_021497645.1,D4768_RS02830,MGSADVMAWLAEGYLAGDPIRYPLYVGSMFLAMPFQLIGVILGHPF,46,hypothetical protein, ,Derived by automated computational analysis using gene prediction method: Protein Homology.,OG0000061,Soft core,group_1542,Soft core,Soft core,Soft core
GCF_021497645.1,D4768_RS03160,MATTAAVQNPTRSRARTMSLSEYVAEHPAQRVFPPTSERAARMAMLIMFALMAVTLVVLVLDEAGIFG,68,hypothetical protein, ,Derived by automated computational analysis using gene prediction method: GeneMarkS-2+.,OG0000095,Soft core,group_53,Soft core,Soft core,Soft core
GCF_021497645.1,D4768_RS03415,MALAYSPDTSIDSTRLAFLAAAVVLFAMLALYLVGFDQGAISRTGMYMHELMHDGRHLMGLPCH,64,cbtb domain-containing protein, ,Derived by automated computational analysis using gene prediction method: Protein Homology.,OG0000008,Conserved,group_2468,Conserved,Core,Conserved
GCF_021497645.1,D4768_RS03795,MGTADSGARRLRIAARAPLGAACRIIDLEEEKLAETRRANTDLRQAHTRRLAN,53,hypothetical protein, ,Derived by automated computational analysis using gene prediction method: GeneMarkS-2+.,OG0000894,Cloud,group_1158,Cloud,,Cloud
GCF_021497645.1,D4768_RS03860,MNAYICPICDYTYTESAGAAREGFPPGTPWSSIPDDWCCPDCGVREKVDFTLVAQS,56,rubredoxin, ,Derived by automated computational analysis using gene prediction method: Protein Homology.,OG0000096,Soft core,group_2166,Soft core,Soft core,Soft core
GCF_021497645.1,D4768_RS03865,MSETATAYKLFRCLQCGFEYDEAIGWPDDGIEPGTRWDEIPEDWSCPDCGAAKVDFEMVEVDR,63,rubredoxin, ,Derived by automated computational analysis using gene prediction method: Protein Homology.,OG0000097,Soft core,group_421,Soft core,Soft core,Soft core
GCF_021497645.1,D4768_RS04420,MKNPNLTPSRVLAVVLAAALVIFVIARRRDDGALSRGEWLSDSVGPDDLAG,51,hypothetical protein, ,Derived by automated computational analysis using gene prediction method: Protein Homology.,OG0000077,Soft core,group_2167,Soft core,Soft core,Soft core
GCF_021497645.1,D4768_RS04510,MEVRVDLDRCEANGVCVGIAPDIFDLDDNEELVISSARPPEDRWEDVRSAIAQCPRAALTEHP,63,ferredoxin, ,Derived by automated computational analysis using gene prediction method: Protein Homology.,OG0000005,Conserved,group_423,Soft core,Soft core,Soft core
GCF_021497645.1,D4768_RS04575,MMAENTTVETEIADEDLEPVADETARQAQRVVAAYAEDADECRMLLSMLGISPAAKLD,58,hypothetical protein, ,Derived by automated computational analysis using gene prediction method: GeneMarkS-2+.,OG0000015,Conserved,group_2168,Soft core,Soft core,Soft core
GCF_021497645.1,D4768_RS05265,MTKFLVPGVASAVIGAVLGAGVIFGVTAAASDNTRPEIDRSGNADSSVLNQVEYGSR,57,duf2613 domain-containing protein, ,Derived by automated computational analysis using gene prediction method: Protein Homology.,OG0000016,Conserved,group_855,Soft core,Soft core,Soft core
GCF_021497645.1,D4768_RS05410,MVGLIVLTALVLASVLVGFVFGRPIAEDKSAVLAFDDDTSQPQRD,45,hypothetical protein, ,Derived by automated computational analysis using gene prediction method: GeneMarkS-2+.,OG0000098,Soft core,group_2198,Soft core,Soft core,Soft core
GCF_021497645.1,D4768_RS05420,MAYTSSIAANATTGPLTDLAKVLGPIAGIVSGIAAVATIAALFGGNSAS,49,hypothetical protein, ,Derived by automated computational analysis using gene prediction method: GeneMarkS-2+.,OG0000265,Shell,group_1373,Cloud,Shell,Shell
GCF_021497645.1,D4768_RS05575,MMRIVTLIVLIWLIVGAVAAGQRGYYSSSPTNCAGVGTIALTVIAGPLNYFGVNPKVTDCTLPQPTE,67,hypothetical protein, ,Derived by automated computational analysis using gene prediction method: Protein Homology.,OG0000017,Conserved,group_129,Soft core,Soft core,Soft core
GCF_021497645.1,D4768_RS05580,MIILGVILLIIGFVVNIPILWTIGVVLLVIGIILYALGAAGHAVGGRRHYY,51,duf6131 family protein, ,Derived by automated computational analysis using gene prediction method: Protein Homology.,OG0000000,Conserved,group_1229,Soft core,Soft core,Soft core
GCF_021497645.1,D4768_RS05630,MTDKDDNDQSPKGGHPGPVDKGGDGGMATREQAPELVEDSSDKKSDQE,48,hypothetical protein, ,Derived by automated computational analysis using gene prediction method: Protein Homology.,OG0000018,Core,group_2221,Soft core,Soft core,Soft core
GCF_021497645.1,D4768_RS05705,MSIRRCSLASGRALRTARFGVATFRRGRKAIDRRPSGLVWIERALAVPAGSV,52,hypothetical protein, ,Derived by automated computational analysis using gene prediction method: GeneMarkS-2+.,OG0000142,Shell,group_2080,Shell,Shell,Shell
GCF_021497645.1,D4768_RS05725,MIVLGIILALIGFFTGLSILTTVGIILVVVGAVLSILGATGRAVGGRKVWY,51,duf6131 family protein, ,Derived by automated computational analysis using gene prediction method: Protein Homology.,OG0000000,Conserved,group_1230,Soft core,Soft core,Soft core
GCF_021497645.1,D4768_RS05925,MSATTVAPEPTLAEPVLWNEDPQRQKWWKRILATSPPENPHNEEFQP,47,hypothetical protein, ,Derived by automated computational analysis using gene prediction method: Protein Homology.,OG0000118,Soft core,group_2222,Soft core,Soft core,Soft core
GCF_021497645.1,D4768_RS30710,MENLRQVGLGSAVGVQNPRIVFGNHSVIAPAMGWHCPQNR,40,hypothetical protein, ,Derived by automated computational analysis using gene prediction method: GeneMarkS-2+.,OG0000343,Cloud,group_2215,Shell,Cloud,Cloud
GCF_021497645.1,D4768_RS06045,MCSIPIAILVGRGIARRDRAEFDGRNQQWADEVVRSIEKQSDQDNADRRKPPLIS,55,hypothetical protein, ,Derived by automated computational analysis using gene prediction method: Protein Homology.,OG0000079,Soft core,group_2275,Shell,Shell,Shell
GCF_021497645.1,D4768_RS06075,MGALSPTHWAIVAVVLVVLFGSKKLPDAARGLGRSMRILKTEVGELHSDTDLALEKRD,58,sec-independent protein translocase subunit tata, ,Derived by automated computational analysis using gene prediction method: Protein Homology.,OG0000019,Conserved,tatA,Soft core,Soft core,Soft core
GCF_021497645.1,D4768_RS06120,MAQGSVKWFNGEKGFGFIEQEGGGPDVFVHYSEIQGSGYKSLDEGQKVEFEIGQGQKGPQAQNVRAI,67,cold-shock protein, ,Derived by automated computational analysis using gene prediction method: Protein Homology.,OG0000069,Soft core,group_130,Soft core,Soft core,Soft core
GCF_021497645.1,D4768_RS30715,MSADSRGTSAQTRREYQMFVLQQRLLFGSIVAGTALGVLAINYF,44,hypothetical protein, ,Derived by automated computational analysis using gene prediction method: GeneMarkS-2+.,OG0000122,Soft core,group_2138,Soft core,Soft core,Soft core
GCF_021497645.1,D4768_RS06170,MTTIDIPPTQGESNTGIGFTVASATLTTEEVKRRIAMMYGDPVTEEPVALAH,52,hypothetical protein, ,Derived by automated computational analysis using gene prediction method: Protein Homology.,OG0000002,Conserved,group_2274,Soft core,Soft core,Soft core
GCF_021497645.1,D4768_RS06195,MTEQNSTDHADQTDEPQTTDTDHGPGTGSDAAHKDVQTDPSGERTWADEGGATTTGPATDTD,62,pi-type proteinase, ,Derived by automated computational analysis using gene prediction method: Protein Homology.,OG0000020,Core,group_2297,Soft core,Soft core,Soft core
GCF_021497645.1,D4768_RS06225,MGGSADALNRALARVDRDFASPIGVVVRTTLRGTMRQISKPVRAQYTRVRARFPGAKTYTEI,62,hypothetical protein, ,Derived by automated computational analysis using gene prediction method: GeneMarkS-2+.,OG0000115,Soft core,group_2190,Soft core,Soft core,Soft core
GCF_021497645.1,D4768_RS06230,MTTSTVGLLAGLLLGVAAAAGGFTGFLIALVLGVIGYLVGGQRDGEFDLGVMLKGRGRG,59,hypothetical protein, ,Derived by automated computational analysis using gene prediction method: Protein Homology.,OG0000099,Soft core,group_732,Soft core,Soft core,Soft core
GCF_021497645.1,D4768_RS30720,MDVAVALCVTVLLSTVTSVTIAIFVTLIMCASVSVVSRMW,40,hypothetical protein, ,Derived by automated computational analysis using gene prediction method: GeneMarkS-2+.,OG0000187,Shell,group_2158,Soft core,Shell,Shell
GCF_021497645.1,D4768_RS06255,MSDFIDKAKHRAEDLIGEAKEKFGNATGNDDLAAEGVADQGEAKVKKAGDTVSDKVSDIKDKFTS,65,csbd family protein, ,Derived by automated computational analysis using gene prediction method: Protein Homology.,OG0000074,Soft core,group_2191,Soft core,Soft core,Soft core
GCF_021497645.1,D4768_RS30725,MGSLGNLLKANGMGWGILQLLPLVNMLKTIQGLDTASSNS,40,hypothetical protein, ,Derived by automated computational analysis using gene prediction method: GeneMarkS-2+.,OG0000080,Soft core,group_2512,Soft core,Soft core,Soft core
GCF_021497645.1,D4768_RS30730,MGSFEDFSGVVKTFIPVLKDLFTALGGGSLTPGTGSAADK,40,hypothetical protein, ,Derived by automated computational analysis using gene prediction method: GeneMarkS-2+.,OG0000108,Soft core,group_2511,Soft core,Soft core,Soft core
GCF_021497645.1,D4768_RS06955,MFGSLSTLGPLLTALGAFLKSVPTESLSGEGEGSSTGSLSGLSSGSAE,48,hypothetical protein, ,Derived by automated computational analysis using gene prediction method: Protein Homology.,OG0000081,Soft core,group_2510,Soft core,Soft core,Soft core
GCF_021497645.1,D4768_RS30835,MKAVEGGFDTAWSRRHVDLCRTAGSFCTN,29,putative leader peptide, ,Derived by automated computational analysis using gene prediction method: Protein Homology.,OG0000132,Shell,group_1947,Shell,Shell,Shell
GCF_021497645.1,D4768_RS30735,MGSLDTGSLSTESLEDLNLGKISELLKLGITAVSFITALNSLS,43,hypothetical protein, ,Derived by automated computational analysis using gene prediction method: GeneMarkS-2+.,OG0000067,Soft core,group_2503,Soft core,Soft core,Soft core
GCF_021497645.1,D4768_RS07400,MGFNMIVMFLQTTAALFTDLLGNVWSGSLMPGIDGVTGSLVSAIDLS,47,hypothetical protein, ,Derived by automated computational analysis using gene prediction method: Protein Homology.,OG0000184,Shell,group_2237,Shell,Shell,Shell
GCF_021497645.1,D4768_RS07405,MDTASLIGALASVDVGSLVDPLFYLVKVVDGIFVSITGSLNMGGALGEAAAGSVQSVLGSVAGL,64,hypothetical protein, ,Derived by automated computational analysis using gene prediction method: GeneMarkS-2+.,OG0000206,Shell,group_358,Shell,Shell,Shell
GCF_021497645.1,D4768_RS07420,MGSLMDILGGPNGDGAPMQALLTMLLGLDNVGANLFGSLADTAGGIFGSLDTLSFTPPVVP,61,hypothetical protein, ,Derived by automated computational analysis using gene prediction method: GeneMarkS-2+.,OG0000188,Shell,group_2425,Shell,Shell,Shell
GCF_021497645.1,D4768_RS07425,MLEGSVMDAAGSVGAIIGQGLGSVSGLAVKGLEALAALSGGELKAAK,47,hypothetical protein, ,Derived by automated computational analysis using gene prediction method: Protein Homology.,OG0000138,Shell,group_2381,Shell,Shell,Shell
GCF_021497645.1,D4768_RS07430,MTFESNTPRPFTRSNDKKMFAGVCGGIADYFGADVNLVRLLAVIAAICTGGTAALVYLAAWMLMPLG,67,pspc domain-containing protein, ,Derived by automated computational analysis using gene prediction method: Protein Homology.,OG0000021,Conserved,group_2380,Conserved,Soft core,Soft core
GCF_021497645.1,D4768_RS07935,MGSSHDGKPAVAGTQFLTVAEVATLMRVSKMTVYRLVHSGELPAVRVGRSFRVHAKAVHDYLETSYFDAG,70,helix-turn-helix domain-containing protein, ,Derived by automated computational analysis using gene prediction method: Protein Homology.,OG0000071,Soft core,,,Soft core,Soft core
GCF_021497645.1,D4768_RS07940,MGSVIKKRRKRMSKKKHRKLLRRTRVQRRKLGK,33,aurkaip1/cox24 domain-containing protein, ,Derived by automated computational analysis using gene prediction method: Protein Homology.,OG0000022,Conserved,group_1939,Conserved,Conserved,Conserved
GCF_021497645.1,D4768_RS07995,MSSQEALRTESTHDAPLRQRGSRTEVILFAILGASVLVTLLMLMIPGIVSG,51,hypothetical protein, ,Derived by automated computational analysis using gene prediction method: Protein Homology.,OG0000100,Soft core,group_1231,Soft core,Soft core,Soft core
GCF_021497645.1,D4768_RS08125,MLYLLALVGLVTLIVLMWKAFGPDPSTRTPVSGVRGPDDDPEFLWNVNQQTRRKRTEGPDVPPTDTST,68,hypothetical protein, ,Derived by automated computational analysis using gene prediction method: Protein Homology.,OG0000023,Conserved,group_2362,Soft core,Conserved,Soft core
GCF_021497645.1,D4768_RS08130,MSAPTFNTAADALMTPGQVAALFHVDPKTVTRWAHAGRLGSLRTPGGHRRFRETEVMQLLRSLTTEADNN,70,bldc family transcriptional regulator, ,Derived by automated computational analysis using gene prediction method: Protein Homology.,OG0000068,Soft core,,,Soft core,Soft core
GCF_021497645.1,D4768_RS08335,MASSTDVRPKITLACEVCKHRNYITKKNRRNDPDRLELKKFCPNCGTHQSHRESK,55,50s ribosomal protein l33, ,Derived by automated computational analysis using gene prediction method: Protein Homology.,OG0000024,Conserved,rpmG,Conserved,Soft core,Soft core
GCF_021497645.1,D4768_RS08470,MAGKKLDRTNARTALEVVRESPTIAFITVAPAVVVFGVVWWLFGFWAAILLALVFGVAAVATQKLR,66,hypothetical protein, ,Derived by automated computational analysis using gene prediction method: Protein Homology.,OG0000025,Conserved,group_2209,Conserved,Soft core,Soft core
GCF_021497645.1,D4768_RS08615,MNSTTVGLLVGLLLALAGIMGGFSGFVFAVLLGAAGMAIGAHRDGHLDLGAILRSRGRG,59,hypothetical protein, ,Derived by automated computational analysis using gene prediction method: Protein Homology.,OG0000026,Conserved,group_2303,Conserved,Soft core,Soft core
GCF_021497645.1,D4768_RS08740,MRLSTRNQLTGTITEVNLGTVMATVKVKLDGGNQIVTSSITRDAALDLDLEPGQAATVFVKSTEVTIGVE,70,tobe domain-containing protein, ,Derived by automated computational analysis using gene prediction method: Protein Homology.,OG0000064,Soft core,,,Soft core,Soft core
GCF_021497645.1,D4768_RS08745,MTEPVKGPASYFPSIEKKYGRPIGEWQELIRSSDLTKHMELVNWLKSEHGMGHGHANALVAHTLKEG,67,duf4287 domain-containing protein, ,Derived by automated computational analysis using gene prediction method: Protein Homology.,OG0000027,Conserved,group_2329,Soft core,Soft core,Soft core
GCF_021497645.1,D4768_RS08760,MSDRDNKALENDLVEESLVEEVSIDGMCGVY,31,mycofactocin precursor mfta, ,"Mycofactocin is a small molecule electron carrier derived from the final two amino acids, Val-Tyr, of MftA, the mycofactocin precursor. It plays a role in redox homeostasis and the metabolism of alcohols and aldehydes in Actinobacteria, including Mycobacterium tuberculosis; Derived by automated computational analysis using gene prediction method: Protein Homology.",OG0000009,Conserved,group_2326,Conserved,Soft core,Soft core
GCF_021497645.1,D4768_RS09125,MAKKALVNKANKKPKFAVRAYTRCQRCGRPHSVFRKFGLCRICVREMAHAGELPGVRKSSW,61,type z 30s ribosomal protein s14, ,Derived by automated computational analysis using gene prediction method: Protein Homology.,OG0000028,Conserved,group_2294,Conserved,Soft core,Soft core
GCF_021497645.1,D4768_RS09150,MADLKVTQIKSIIGTKQNQKDSLRTLGLKGIRQTVVREDNAQNRGLINVVRHLVTVEEV,59,50s ribosomal protein l30, ,Derived by automated computational analysis using gene prediction method: Protein Homology.,OG0000029,Conserved,rpmD,Conserved,Soft core,Soft core
GCF_021497645.1,D4768_RS09180,MKVQPSVKKICEKCKVIRRNGRVMVICENLRHKQRQG,37,50s ribosomal protein l36, ,Derived by automated computational analysis using gene prediction method: Protein Homology.,OG0000030,Conserved,rpmJ,Conserved,Soft core,Soft core
GCF_021497645.1,D4768_RS30740,MIALSIAAVIVGTAGVILWAAWRWARGYDSITRSDHYERRNY,42,hypothetical protein, ,Derived by automated computational analysis using gene prediction method: GeneMarkS-2+.,OG0000626,Cloud,group_1788,Cloud,,Cloud
GCF_021497645.1,D4768_RS09725,MSDREVLVRHIGGETVYGTTTFATEDKTGVLLIYSDASQKQVIAAYNPQGWIAAEVVDKAVNDDDASPD,69,hypothetical protein, ,Derived by automated computational analysis using gene prediction method: GeneMarkS-2+.,OG0001961,,group_35,Cloud,,Probably not conserved
GCF_021497645.1,D4768_RS09785,MKSQLARAIIEHAADANALDVQVDGEWGVGARDELADPYVGDLILRALAAVYSDHRDYDPSWAL,64,duf6221 family protein, ,Derived by automated computational analysis using gene prediction method: Protein Homology.,OG0001962,,group_403,Cloud,,Probably not conserved
GCF_021497645.1,D4768_RS09795,MIVHKSTTGLYRSYWGVYFQRRAVTFSDVMSGRRNVAIFGPERFIADGKLEIGKLRGGGRTS,62,hypothetical protein, ,Derived by automated computational analysis using gene prediction method: GeneMarkS-2+.,OG0001963,,group_566,Cloud,,Probably not conserved
GCF_021497645.1,D4768_RS09845,MSNNQTRASYLAAQLAVINTEKRLIFEAFGESLTPGSNYTPEQAAELNRLDFEAKSIEAELKTLEQS,67,hypothetical protein, ,Derived by automated computational analysis using gene prediction method: GeneMarkS-2+.,OG0001964,,group_178,Cloud,,Probably not conserved
GCF_021497645.1,D4768_RS09875,MSDLRAMAEILDAHALDLAEADDYEGAKLVIETAMAFEARHRQTLDVGWPKS,52,hypothetical protein, ,Derived by automated computational analysis using gene prediction method: GeneMarkS-2+.,OG0000530,Cloud,group_1211,Cloud,,Cloud
GCF_021497645.1,D4768_RS09885,MTRDEALEVIKEISETDKSLSREITRTATKDSFDAKAVYDRQTYRYESFERLLDVAMWAVAASSA,65,hypothetical protein, ,Derived by automated computational analysis using gene prediction method: GeneMarkS-2+.,OG0000793,Cloud,group_320,Cloud,,Cloud
GCF_021497645.1,D4768_RS30750,MTIFEWILAIPALALAVAFLFSGIITAGIDFDTEDGVMTH,40,hypothetical protein, ,Derived by automated computational analysis using gene prediction method: GeneMarkS-2+.,OG0000082,Soft core,group_2186,Soft core,Shell,Soft core
GCF_021497645.1,D4768_RS10760,MSSYRCPVCEYVYDESKGAPREGFPAGTPWDAVPDDWCCPDCGVREKLDFETMPAPAGSES,61,rubredoxin, ,Derived by automated computational analysis using gene prediction method: Protein Homology.,OG0000053,Core,group_2279,Soft core,Shell,Shell
GCF_021497645.1,D4768_RS10765,MNDYKLYQCAQCGFEYDEAVGWPDDGIEPGTRWDDIPDDWSCPDCGAAKSDFFMVEVERR,60,rubredoxin, ,Derived by automated computational analysis using gene prediction method: Protein Homology.,OG0000007,Conserved,group_2155,Soft core,Soft core,Soft core
GCF_021497645.1,D4768_RS11455,MATDPAPRSERKKILLRLDPAVHDALARWAADDLRSTNAQIEFLLRRALTEHGRMPKNAGKMHGPGRPPA,70,hypothetical protein, ,Derived by automated computational analysis using gene prediction method: Protein Homology.,OG0000114,Soft core,,,Soft core,Soft core
GCF_021497645.1,D4768_RS11730,MSDLDSNTPSESESQSEETKRKFREALERKNHQNAKSTDHRDGQSKVHNTHGPADHKREFRRKSG,65,duf5302 domain-containing protein, ,Derived by automated computational analysis using gene prediction method: Protein Homology.,OG0000031,Conserved,group_2470,Core,Soft core,Soft core
GCF_021497645.1,D4768_RS11815,MAAVCDVCAKGPGFGKSVSHSHRRTNRRWNPNIQSVRTEVAPGNTRKVNVCTSCLKAGKVARG,63,50s ribosomal protein l28, ,Derived by automated computational analysis using gene prediction method: Protein Homology.,OG0000032,Conserved,rpmB,Conserved,Soft core,Soft core
GCF_021497645.1,D4768_RS11855,MAVPKRKMSRSNTRSRRSQWKTTVPTLVTCPNRGCGEQTLPHIACPSCGTYKGRQVTAAV,60,50s ribosomal protein l32, ,Derived by automated computational analysis using gene prediction method: Protein Homology.,OG0000033,Conserved,group_2479,Conserved,Soft core,Soft core
GCF_021497645.1,D4768_RS12895,MKVPAFHSTVPSDLDVYHDNESCILAARIAVAHRAPGVDGRPWCTACASLD,51,hypothetical protein, ,Derived by automated computational analysis using gene prediction method: Protein Homology.,OG0000083,Soft core,group_2187,Soft core,Soft core,Soft core
GCF_021497645.1,D4768_RS13210,MFWKIVLAVVLVWVALAVVGALIKGLFWVLVVGAVGFGIYFLVKAMSGSDDNSHASRF,58,hypothetical protein, ,Derived by automated computational analysis using gene prediction method: Protein Homology.,OG0000034,Conserved,group_2296,Soft core,Soft core,Soft core
GCF_021497645.1,D4768_RS13235,MRLTEFHEMVREEFGQVRGDSMLIDHVLQSLDGMTAAEAVEAGWEPREVWRALCVEFDVPPARR,64,duf3046 domain-containing protein, ,Derived by automated computational analysis using gene prediction method: Protein Homology.,OG0000035,Conserved,group_2481,Conserved,Soft core,Soft core
GCF_021497645.1,D4768_RS13510,MPGTLTSPQLTAADRCDRCGAGARVRAVLPTGGELLFCGHHATEHADRLREMNAVVSESEPAI,63,hypothetical protein, ,Derived by automated computational analysis using gene prediction method: Protein Homology.,OG0000036,Conserved,group_2483,Conserved,Soft core,Soft core
GCF_021497645.1,D4768_RS13895,MKIRFELMIGILLVVGGGCLWLFARDAEFFWFRGGPLGVILAIIGAFDIVNAVRTRETAIPERRND,66,hypothetical protein, ,Derived by automated computational analysis using gene prediction method: Protein Homology.,OG0000101,Soft core,group_2126,Soft core,Soft core,Soft core
GCF_021497645.1,D4768_RS14385,MAGIDSKFDKAYAGKSVEELADAPVAALNGVSDSDAEHLKAAFNIKTVRDLGTNKFFLWAQATAKLAE,68,hypothetical protein, ,Derived by automated computational analysis using gene prediction method: Protein Homology.,OG0000070,Soft core,group_2484,Soft core,Soft core,Soft core
GCF_021497645.1,D4768_RS30755,MKNLEPWEFAGMLTHLRAYLTNARRFLRGWSYREVDGSSEDR,42,hypothetical protein, ,Derived by automated computational analysis using gene prediction method: GeneMarkS-2+.,OG0000258,Shell,group_2129,Shell,Cloud,Shell
GCF_021497645.1,D4768_RS14995,MVRIGAFLLRSDAALGLTGRHAVSKVLADNGFSFTYPRFDSALDDLLGN,49,duf1731 domain-containing protein, ,Derived by automated computational analysis using gene prediction method: Protein Homology.,OG0001965,,group_1400,Cloud,,Probably not conserved
GCF_021497645.1,D4768_RS15170,MAQEQTQRAGGGEDDETTGGDGSAGQERREKLAAETDDLLDEIDDVLEENAEDFVRAYVQKGGQ,64,ubiquitin-like protein pup, ,Derived by automated computational analysis using gene prediction method: Protein Homology.,OG0000037,Conserved,group_340,Soft core,Soft core,Soft core
GCF_021497645.1,D4768_RS15520,MRSMLDGGRQEESLDAESSIRSVVDDWRADDDNRCVRREKDLAASILVKVSAA,53,hypothetical protein, ,Derived by automated computational analysis using gene prediction method: GeneMarkS-2+.,OG0001966,,group_1159,Cloud,,Probably not conserved
GCF_021497645.1,D4768_RS30760,MGIRSIARQLGLARETVRRFYDANNVEELLGRRERAGQLC,40,hypothetical protein, ,Derived by automated computational analysis using gene prediction method: GeneMarkS-2+.,OG0000929,Cloud,group_1903,Cloud,,Cloud
GCF_021497645.1,D4768_RS15580,MKLPSESGGGLGGIVEVAARDGVVECLGFAGDVEALLDHAVGFRWTATGKSGDGVLGFELDPCGSVPCMC,70,hypothetical protein, ,Derived by automated computational analysis using gene prediction method: GeneMarkS-2+.,OG0001967,,,,,Probably not conserved
GCF_021497645.1,D4768_RS15595,MSQFPRMTVLGPVDTASTPHFDAAGIKYEIDEEYVAVVNAADAEITSPQDFPRDPLPNL,59,hypothetical protein, ,Derived by automated computational analysis using gene prediction method: Protein Homology.,OG0000298,Cloud,group_2131,Cloud,Cloud,Cloud
GCF_021497645.1,D4768_RS15730,MAIDSTLLSILACPQDKGPLLLVGDELLYNPRLRRAYPIENGIPVLLIDEARDVADDEHEKLLARAEG,68,trm112 family protein, ,Derived by automated computational analysis using gene prediction method: Protein Homology.,OG0000038,Conserved,group_54,Soft core,Soft core,Soft core
GCF_021497645.1,D4768_RS15825,MPKMKSHSGASKRFKVSGSGKLMRQKAGRRHLLEHKSSRVTRRLDGVAVVSPDDAPRIKRMLGI,64,50s ribosomal protein l35, ,Derived by automated computational analysis using gene prediction method: Protein Homology.,OG0000039,Conserved,group_2130,Soft core,Soft core,Soft core
GCF_021497645.1,D4768_RS16170,MHVEVDLDLCQGHAACELEAPEIFVVPKRGKVSLLDPDPPESLRGEAEMAVRYCPTGALRIVD,63,ferredoxin, ,Derived by automated computational analysis using gene prediction method: Protein Homology.,OG0000001,Conserved,group_2270,Soft core,Soft core,Soft core
GCF_021497645.1,D4768_RS16300,MSEKTDSPPTTVRVHNLDQTVTSVAVMGDSGGGEIAAGTAFLARDLECSSRRRPGWGLGLAGVRLGVG,68,alpha/beta hydrolase, ,Derived by automated computational analysis using gene prediction method: GeneMarkS-2+.,OG0001968,,group_105,Cloud,,Probably not conserved
GCF_021497645.1,D4768_RS16420,MSVLFTYLLFIGAGIAVGGAYSMFKVNKLASGILLALAVLAAVAGALRL,49,hypothetical protein, ,Derived by automated computational analysis using gene prediction method: Protein Homology.,OG0000040,Conserved,group_2410,Soft core,Soft core,Soft core
GCF_021497645.1,D4768_RS16650,MNESSSGLFSDLSAAESVVDAKSAEQLAAERETAAAERSNTDTAEQRQSQLFSG,54,hypothetical protein, ,Derived by automated computational analysis using gene prediction method: Protein Homology.,OG0000084,Soft core,group_2262,Soft core,Soft core,Soft core
GCF_021497645.1,D4768_RS30765,MLGIALGLGSAAVGIGLGLLGAGAGILLSDKTVKTARRELTA,42,hypothetical protein, ,Derived by automated computational analysis using gene prediction method: GeneMarkS-2+.,OG0000102,Soft core,group_2160,Soft core,Soft core,Soft core
GCF_021497645.1,D4768_RS16690,MSASSARAALEDHAGHRDRRYRQQRQSDLDRRADGRDALAGQSEMTVGRQYQRPGS,56,hypothetical protein, ,Derived by automated computational analysis using gene prediction method: GeneMarkS-2+.,OG0001969,,group_973,Cloud,,Probably not conserved
GCF_021497645.1,D4768_RS16765,MRAEVGDRLHVQGRVVGQSEVTAEVLEVHGEDGGPPYLVRYDNGHEALVFPGSDGWIDHPGKGS,64,duf1918 domain-containing protein, ,Derived by automated computational analysis using gene prediction method: Protein Homology.,OG0000041,Conserved,group_2499,Soft core,Core,Soft core
GCF_021497645.1,D4768_RS30770,MSTYRYLDADRNLLEEKDFETEQDAQEYRLSVLGAEHIEPADG,43,hypothetical protein, ,Derived by automated computational analysis using gene prediction method: Protein Homology.,OG0000054,Core,group_2400,Soft core,Core,Core
GCF_021497645.1,D4768_RS16915,MSTFERRPVSAGAAFGPIAGRYKAGAMRTGSGIAAVCLFWTQRRSQAE,48,hypothetical protein, ,Derived by automated computational analysis using gene prediction method: GeneMarkS-2+.,OG0000536,Cloud,group_2352,Cloud,Cloud,Cloud
GCF_021497645.1,D4768_RS17310,MKNERAYLTTKQVGAETGIPESTLRYYRHCGIGPASFRMGRRVVYRRTSVESWIADQESASTRGGVGAA,69,helix-turn-helix domain-containing protein, ,Derived by automated computational analysis using gene prediction method: Protein Homology.,OG0000331,Cloud,group_36,Cloud,Cloud,Cloud
GCF_021497645.1,D4768_RS17505,MTDEDRLWYFDVSDGSVTQGKGASSLTRMGPYPDRDSAEHALKIAAERNKAADRADEDWNN,61,hypothetical protein, ,Derived by automated computational analysis using gene prediction method: Protein Homology.,OG0000042,Conserved,group_592,Soft core,Soft core,Soft core
GCF_021497645.1,D4768_RS17720,MKLALTEFKNSKATIRIIMSDGAKLNGTVTDFTEDTLVLNSPNGVYYINPSHIIRLFEPSDRAAK,65,hypothetical protein, ,Derived by automated computational analysis using gene prediction method: GeneMarkS-2+.,OG0000085,Soft core,group_2248,Soft core,Soft core,Soft core
GCF_021497645.1,D4768_RS17885,MTVAGVVSVVLIAVAAALVIYLLVALVDPERF,32,k(+)-transporting atpase subunit f, ,Derived by automated computational analysis using gene prediction method: Protein Homology.,OG0000055,Core,kdpF,Soft core,Soft core,Soft core
GCF_021497645.1,D4768_RS30850,MSEATAPVIRHQLALIAVGMLDVADVACC,29,ms4533a family cys-rich leader peptide, ,Derived by automated computational analysis using gene prediction method: Protein Homology.,OG0000133,Shell,group_1948,Soft core,Shell,Shell
GCF_021497645.1,D4768_RS18025,MERIADWWDSFELWMAGLPFIPQVALVLIVVVPLCRLVAIGLDRALAAVLALPLFGWLRRNSREVEES,68,hypothetical protein, ,Derived by automated computational analysis using gene prediction method: Protein Homology.,OG0000056,Core,group_2078,Soft core,Soft core,Soft core
GCF_021497645.1,D4768_RS18465,MKKALPKTLKSLARTVGILALAIVVVSVVERFTGAHQPTTGPASLTGPDQSL,52,hypothetical protein, ,Derived by automated computational analysis using gene prediction method: Protein Homology.,OG0000111,Soft core,group_2264,Soft core,Soft core,Soft core
GCF_021497645.1,D4768_RS18475,MSILPFPIVIKDIQTTGSAAIDGLGRLSVLLYDLLGGTGSATISAGN,47,hypothetical protein, ,Derived by automated computational analysis using gene prediction method: Protein Homology.,OG0000125,Shell,group_2228,Shell,Shell,Shell
GCF_021497645.1,D4768_RS18485,MYGYLWGALPGPRPVKALLAIVLVVAVVLLLMEVVFPWVSEHMPYSDVTV,50,hypothetical protein, ,Derived by automated computational analysis using gene prediction method: Protein Homology.,OG0000214,Shell,group_1309,Shell,Shell,Shell
GCF_021497645.1,D4768_RS18515,MIAAPTTGALAVVLNTVLQMFNAGSSFLYTDNSPIGGGGETPTTPAP,47,hypothetical protein, ,Derived by automated computational analysis using gene prediction method: Protein Homology.,OG0000086,Soft core,group_2210,Soft core,Soft core,Soft core
GCF_021497645.1,D4768_RS18520,MPTIPLTGDPIVINIIVQLLSAGSSNALALGGVGSSGLGSTGLGSFDSASLGSAA,55,hypothetical protein, ,Derived by automated computational analysis using gene prediction method: Protein Homology.,OG0000087,Soft core,group_1002,Soft core,Soft core,Soft core
GCF_021497645.1,D4768_RS19300,MTRRIIRVERVYEPTSECNAVRLLVDRLWPRGVKRENLQYASRRHRMLDPLFY,53,duf488 family protein, ,Derived by automated computational analysis using gene prediction method: Protein Homology.,OG0000312,Cloud,group_2363,Cloud,Cloud,Cloud
GCF_021497645.1,D4768_RS19470,MSTALLTIYVLIWPALVLVVLGVISKGFFKDWATARRDGEDLV,43,putative transporter small subunit, ,Derived by automated computational analysis using gene prediction method: Protein Homology.,OG0000088,Soft core,group_2364,Soft core,Soft core,Soft core
GCF_021497645.1,D4768_RS19920,MSVLPVFRASRVSGVGDHPLWRSHLGDFDGAATEWQRQDWLPRIARQV,48,hypothetical protein, ,Derived by automated computational analysis using gene prediction method: GeneMarkS-2+.,OG0001970,,group_1456,Cloud,,Probably not conserved
GCF_021497645.1,D4768_RS20100,MAAMKPRTGDGPLEATKEGRGIVMRVPLEGGGRLVVELTPDEAAALGVELTNVTS,55,duf3117 domain-containing protein, ,Derived by automated computational analysis using gene prediction method: Protein Homology.,OG0000043,Conserved,group_1003,Soft core,Soft core,Soft core
GCF_021497645.1,D4768_RS20225,MYNWDLQNQIVAFVDSLRPMAGYYHDMYYGSLYAFADQQSHLLTLLGFPPVP,52,hypothetical protein, ,Derived by automated computational analysis using gene prediction method: Protein Homology.,OG0000058,Core,group_1175,Soft core,Soft core,Soft core
GCF_021497645.1,D4768_RS20245,MGKVKASKVSQLKPKKKCCRKKTRCIKCPVVIMRMKKLENEGASKKELKAGLKKARAA,58,hypothetical protein, ,Derived by automated computational analysis using gene prediction method: Protein Homology.,OG0000044,Conserved,group_2365,Soft core,Soft core,Soft core
GCF_021497645.1,D4768_RS30780,MGSMEGILGAVVQGLGSLFSADGLLKTFMGSVETISKDPTP,41,hypothetical protein, ,Derived by automated computational analysis using gene prediction method: GeneMarkS-2+.,OG0000103,Soft core,group_2051,Soft core,Soft core,Soft core
GCF_021497645.1,D4768_RS20415,MTMTAKLTTAFRGTLWWVRSVMGDLDYQRYVEHTRRHHADSPVISEREFWRRRHAAADANPGARCC,66,ybdd/yjix family protein, ,Derived by automated computational analysis using gene prediction method: Protein Homology.,OG0000045,Conserved,group_2343,Soft core,Soft core,Soft core
GCF_021497645.1,D4768_RS20665,MSTNSDRRPRLPVRIAYLAAGVLFVAAMLLLASVVNPDRDRDFSMNHVPAGTSTTAVVATFDLG,64,hypothetical protein, ,Derived by automated computational analysis using gene prediction method: Protein Homology.,OG0000104,Soft core,group_2149,Soft core,Soft core,Soft core
GCF_021497645.1,D4768_RS20670,MTEFVLSKGSPMFDFFGAISGFFGLLFGTGSSSGSSGGSSDAPVAPPT,48,hypothetical protein, ,Derived by automated computational analysis using gene prediction method: Protein Homology.,OG0000268,Shell,,,Shell,Shell
GCF_021497645.1,D4768_RS21095,MAEGIVKWFNSEKGFGFIAPEDGSADVFVHYSEIQSGGFRTLEENQRVAFEIGQGNKGPQATGVTIV,67,cold-shock protein, ,Derived by automated computational analysis using gene prediction method: Protein Homology.,OG0000046,Conserved,group_132,Soft core,Soft core,Soft core
GCF_021497645.1,D4768_RS21100,MTTAEYTVSGMTCGHCVGSVKEEIGNIAGVTAVDVELASGRVVVTSDAPVSAADVVAAVDEAGYTVVPS,69,heavy-metal-associated domain-containing protein, ,Derived by automated computational analysis using gene prediction method: Protein Homology.,OG0000006,Conserved,group_2139,Soft core,Soft core,Soft core
GCF_021497645.1,D4768_RS21220,MKHTMSDDELRRAIREIQDRAHDARKRGDDVAAEELDRTVRGYQEQMMQRL,51,hypothetical protein, ,Derived by automated computational analysis using gene prediction method: Protein Homology.,OG0000059,Core,group_2336,Soft core,Soft core,Soft core
GCF_021497645.1,D4768_RS21225,MSQRTLSFRRAEMRSYDCAIRTFQYLANLPNIKPFTRFGDISYALAWFSATISIEKLQFKRGLRD,65,hypothetical protein, ,Derived by automated computational analysis using gene prediction method: GeneMarkS-2+.,OG0001971,,group_321,Cloud,,Probably not conserved
GCF_021497645.1,D4768_RS21260,MLKLLRQGGARMRRQGLSPDDITETLRRYAAGQSLATIGRHFNVSAETVRTTLRKHGVTPRDPHGRER,68,helix-turn-helix domain-containing protein, ,Derived by automated computational analysis using gene prediction method: Protein Homology.,OG0001972,,group_106,Cloud,,Probably not conserved
GCF_021497645.1,D4768_RS21285,MDSFGYDGITIPREARRTKNLQAAVVKGLHDGKSFASVDRAAILGLMKIVGQLEAEAARPR,61,hypothetical protein, ,Derived by automated computational analysis using gene prediction method: GeneMarkS-2+.,OG0001973,,group_644,Cloud,,Probably not conserved
GCF_021497645.1,D4768_RS21330,MKNAPLRLRALVEERVDLSSDRSTGLTPEAILILGSIIAALGVIWWAA,48,hypothetical protein, ,Derived by automated computational analysis using gene prediction method: GeneMarkS-2+.,OG0000382,Cloud,group_1457,Cloud,,Cloud
GCF_021497645.1,D4768_RS21340,MTKKRRRSSDTTVIVIAAASAGGLVAASGLGPVMTAATIVFFAGGLAVARFWIRGD,56,hypothetical protein, ,Derived by automated computational analysis using gene prediction method: GeneMarkS-2+.,OG0000078,Soft core,group_974,Cloud,,Cloud
GCF_021497645.1,D4768_RS21350,MTPAEEERQIAQVKAHLAAAFPAAAPNRVETAVAEAYHRFDPAHVRDFVPLLVERRAKQSLASQISA,67,hypothetical protein, ,Derived by automated computational analysis using gene prediction method: Protein Homology.,OG0000062,Soft core,group_179,Cloud,,Cloud
GCF_021497645.1,D4768_RS21395,MTVERHQSVIDTDYHQFMIEAGPLRELIHGQDPDFPLAMFAGDLLRV,47,hypothetical protein, ,Derived by automated computational analysis using gene prediction method: GeneMarkS-2+.,OG0001974,,group_1522,Cloud,,Probably not conserved
GCF_021497645.1,D4768_RS21450,MSNETTGPVERAIGMCFRVLLAVIALYLSVALIQSIWPWLLLMAGIASIGGIIAVVVIRATRNRW,65,hypothetical protein, ,Derived by automated computational analysis using gene prediction method: Protein Homology.,OG0000482,Cloud,group_322,Cloud,,Cloud
GCF_021497645.1,D4768_RS21565,MAVPKRKMSRSNTRSRRAQWKATAPDLVEVTAFGQTHRVPRRLVKAVRLGVIDPSRI,57,50s ribosomal protein l32, ,Derived by automated computational analysis using gene prediction method: Protein Homology.,OG0000060,Soft core,group_2302,Soft core,Cloud,Cloud
GCF_021497645.1,D4768_RS21585,MARNEIRPIVKLKSTAGTGYTYVTRKNRRNDPDRLVLKKYDPVLRKHVDFREEK,54,50s ribosomal protein l33, ,Derived by automated computational analysis using gene prediction method: Protein Homology.,OG0000047,Conserved,group_2199,Soft core,Cloud,Cloud
GCF_021497645.1,D4768_RS30790,MHTALIHILITGDYLGYAATGFEEDSPIVISLLALHALLF,40,hypothetical protein, ,Derived by automated computational analysis using gene prediction method: GeneMarkS-2+.,OG0000537,Cloud,group_2181,Cloud,Cloud,Cloud
GCF_021497645.1,D4768_RS22160,MKSDFIDQLGSEMGGISRAEVIECLDQLREAGLVIEMGEKWSIGAWLVPQGAAVMFR,57,hypothetical protein, ,Derived by automated computational analysis using gene prediction method: GeneMarkS-2+.,OG0000697,Cloud,group_857,Cloud,Cloud,Cloud
GCF_021497645.1,D4768_RS22165,MSWSNAPKTPALNLISLADAAAELSVSTRTIRRYIAEGKLEGFRVGSRLIRVTRRSLDPLVTPMGVAA,68,helix-turn-helix domain-containing protein, ,Derived by automated computational analysis using gene prediction method: Protein Homology.,OG0000200,Shell,group_2170,Cloud,Cloud,Cloud
GCF_021497645.1,D4768_RS22300,MGFLDNVKGLVEKGQELAAENSDKVHDAIDKVADIADDKTGNKYGDQIDKAAEAAKKAVPEKQ,63,antitoxin, ,Derived by automated computational analysis using gene prediction method: Protein Homology.,OG0000010,Conserved,group_425,Soft core,Soft core,Soft core
GCF_021497645.1,D4768_RS22430,MYEVVQRLGAAGHEPVGAENPYWEENAGMTFEDPDGWRLVLMPRPVL,47,hypothetical protein, ,Derived by automated computational analysis using gene prediction method: GeneMarkS-2+.,OG0001975,,group_1523,Cloud,,Probably not conserved
GCF_021497645.1,D4768_RS22585,MNDPQGNHVVVDGYADDRGGTGSAVGVLGLIEGTRKFAINIFGRRSRRW,49,hypothetical protein, ,Derived by automated computational analysis using gene prediction method: GeneMarkS-2+.,OG0001976,,group_1401,Cloud,,Probably not conserved
GCF_021497645.1,D4768_RS22840,MANNSKQHYVDPGWPETADGDHAVTELSSTRAGGLSPFGEDTTFPVPVESLPYVHPHTVINR,62,hypothetical protein, ,Derived by automated computational analysis using gene prediction method: Protein Homology.,OG0000048,Conserved,group_501,Soft core,Soft core,Soft core
GCF_021497645.1,D4768_RS30795,MADKAPGKNMKKPAQSIKERRAEKRAKTAESSEFIRKRKRS,41,hypothetical protein, ,Derived by automated computational analysis using gene prediction method: Protein Homology.,OG0000004,Core,group_2142,Soft core,Soft core,Soft core
GCF_021497645.1,D4768_RS23780,MGRGRAKAKQTKVARELKYSVPTTDFDSLQRELAGGSTNSHRSSVRSDQTSDREGHAREDDYDDWRR,67,duf3073 domain-containing protein, ,Derived by automated computational analysis using gene prediction method: Protein Homology.,OG0000049,Conserved,group_133,Soft core,Soft core,Soft core
GCF_021497645.1,D4768_RS23960,MRNNLQELRTAAGLSQQACADALGITRQTVISIEKGHFDPRLSLAFRIAEYFDKRVDDIFSS,62,helix-turn-helix transcriptional regulator, ,Derived by automated computational analysis using gene prediction method: Protein Homology.,OG0000105,Soft core,group_502,Soft core,Soft core,Soft core
GCF_021497645.1,D4768_RS24100,MTSPMKTRKLTRARSGAMFGGVCAGIARYFGWKSSTVRLLFVLSCLLPGPQFLIYIVMWIFIPREQI,67,pspc domain-containing protein, ,Derived by automated computational analysis using gene prediction method: Protein Homology.,OG0000106,Soft core,group_134,Soft core,Soft core,Soft core
GCF_021497645.1,D4768_RS25015,MSDWEKKFEAEAKGLLAEAEEELTVLEGVDTIDPFAEEDPSAGDDDTKPTSD,52,hypothetical protein, ,Derived by automated computational analysis using gene prediction method: Protein Homology.,OG0000090,Soft core,group_2192,Soft core,Soft core,Soft core
GCF_021497645.1,D4768_RS25395,MVVDTQNRPHPTPPSEILTAGSAFATSGGATGESAQFLAAVVGTRVG,47,hypothetical protein, ,Derived by automated computational analysis using gene prediction method: GeneMarkS-2+.,OG0000899,Cloud,group_1524,Cloud,,Cloud
GCF_021497645.1,D4768_RS26010,MAQGIVKWFNGEKGFGFIAPDDGTPDVFVHYSEISGNGYKSLDENQRVEFEVGQGQKGPQATNVRAV,67,cold-shock protein, ,Derived by automated computational analysis using gene prediction method: Protein Homology.,OG0000003,Conserved,group_1991,Soft core,Soft core,Soft core
GCF_021497645.1,D4768_RS26140,MNRFLTVHQKSLVGRLVLTVNHYVEVTVQIWNLLMLKLSAIGGSPKFRKIADSPIWAGSNDRKL,64,hypothetical protein, ,Derived by automated computational analysis using gene prediction method: GeneMarkS-2+.,OG0001977,,group_404,Cloud,,Probably not conserved
GCF_021497645.1,D4768_RS26145,MGSISAFNEWVNQATYAGDPFATAIAIVQFFAVSLVNLFTGGPIL,45,hypothetical protein, ,Derived by automated computational analysis using gene prediction method: GeneMarkS-2+.,OG0000137,Shell,group_2383,Shell,Shell,Shell
GCF_021497645.1,D4768_RS26155,MSEIERLPYRLLTGPDDAEFCRRVSAALADGYVLHGSPAATFDGEHVIVAQAIVLPPTEARSRA,64,duf1737 domain-containing protein, ,Derived by automated computational analysis using gene prediction method: Protein Homology.,OG0001978,,group_405,Cloud,,Probably not conserved
GCF_021497645.1,D4768_RS26175,MKKTELAPIGCIHRWEIESRHRTSEGMVTYLRCHCGSWQTLLTEWMSGGAASAVAAPIVRSR,62,hypothetical protein, ,Derived by automated computational analysis using gene prediction method: GeneMarkS-2+.,OG0000116,Soft core,group_2290,Soft core,Soft core,Soft core
GCF_021497645.1,D4768_RS26215,MPTVIRTVHDLVRHARGPTHHHHHQSVHEARRMRAHHILVTHSLA,45,hypothetical protein, ,Derived by automated computational analysis using gene prediction method: GeneMarkS-2+.,OG0000112,Soft core,group_2176,Soft core,Soft core,Soft core
GCF_021497645.1,D4768_RS26420,MVGTPVIVTIVSVCVGFVIFMLAASGARGKWDRRLVIALFVAAVVCLTVVPVSVALSAGV,60,hypothetical protein, ,Derived by automated computational analysis using gene prediction method: Protein Homology.,OG0000091,Soft core,group_2382,Soft core,Soft core,Soft core
GCF_021497645.1,D4768_RS26465,MVHSWTEAELITIGGAEESQISSHGRDGTARPYITIGPCREPTVRSLGLRMPLTQN,56,hypothetical protein, ,Derived by automated computational analysis using gene prediction method: GeneMarkS-2+.,OG0001979,,group_975,Cloud,,Probably not conserved
GCF_021497645.1,D4768_RS26535,MNEIEPHRLERERRRTLPTPPSTELVEMVGDGPSSADFDPAAPVAQQG,48,hypothetical protein, ,Derived by automated computational analysis using gene prediction method: Protein Homology.,OG0000128,Shell,group_2355,Shell,Shell,Shell
GCF_021497645.1,D4768_RS27155,MTEPDPDTDFPKTGAPAQRALIGAGYTRLAQLTSVSEKELGALHGMGPKALRILREALAERGLSFAD,67,dna-binding protein, ,Derived by automated computational analysis using gene prediction method: Protein Homology.,OG0000050,Conserved,group_180,Cloud,Soft core,Cloud
GCF_021497645.1,D4768_RS27275,MAHPFEGDVSRPKGRVLRPGMSPPAVSGELDTAGGHSLAVVDAEGSVSSAACLSPSVDKGAW,62,hypothetical protein, ,Derived by automated computational analysis using gene prediction method: GeneMarkS-2+.,OG0001980,,group_567,Cloud,,Probably not conserved
GCF_021497645.1,D4768_RS27280,MARLAALRDRRQRLNGPVAYLFYGPTQYGYRRSTTTDAVGADWCRLKATGCRVPVVGDSIPGGYR,65,hypothetical protein, ,Derived by automated computational analysis using gene prediction method: GeneMarkS-2+.,OG0001981,,group_323,Cloud,,Probably not conserved
GCF_021497645.1,D4768_RS27840,MNAPTRYQFLIDGEVSDRVKAAFPDLSVASAAGGFTSLYGPVADHTAMRSIMARLDSLGLTVAELRRLPD,70,hypothetical protein, ,Derived by automated computational analysis using gene prediction method: Protein Homology.,OG0000092,Soft core,,,Shell,Shell
GCF_021497645.1,D4768_RS27850,MQHTVVVITDIHAPPAVIFDLELDMDEHSASLRKTDEVAVTSTHRSWHPFHRVSTLC,57,hypothetical protein, ,Derived by automated computational analysis using gene prediction method: GeneMarkS-2+.,OG0001982,,group_899,Cloud,,Probably not conserved
GCF_021497645.1,D4768_RS30805,MSVVLISLLVAAGLTVLATSDGAGLDFGSRQLNRQLKTRTHR,42,hypothetical protein, ,Derived by automated computational analysis using gene prediction method: GeneMarkS-2+.,OG0000107,Soft core,group_1760,Soft core,Shell,Soft core
GCF_021497645.1,D4768_RS28880,MGSIVLTLVLVLSFLVLALLLRYANAGQSARLGAPNVRPVPGGGRLGARPRVLR,54,hypothetical protein, ,Derived by automated computational analysis using gene prediction method: GeneMarkS-2+.,OG0000930,Cloud,group_1100,Cloud,,Cloud
GCF_021497645.1,D4768_RS29215,MRIVLDRPRCEGHGLCESVAPKLMHLDDEGELVLDLEELAEGSRELADAGAAVRVCPVAALKLA,64,ferredoxin, ,Derived by automated computational analysis using gene prediction method: Protein Homology.,OG0000001,Conserved,group_2341,Cloud,Cloud,Cloud
GCF_021497645.1,D4768_RS29220,MNGTDARRRILVVGNGIAGQSACDSLRTAGFDGSLTIVGDEPWTAYSRPALS,52,hypothetical protein, ,Derived by automated computational analysis using gene prediction method: GeneMarkS-2+.,OG0001983,,group_1212,Cloud,,Probably not conserved
GCF_021497645.1,D4768_RS29280,MSAAGLGALGRRGGKVLFLFAGSYPAACRPPPLVGSRDQLTTKADPLFIECRTRVLSAIQQSKVVAPV,68,hypothetical protein, ,Derived by automated computational analysis using gene prediction method: GeneMarkS-2+.,OG0000926,Cloud,group_103,Cloud,Cloud,Cloud
GCF_021497645.1,D4768_RS30810,MRETPRTDQVRGVFHVRVTRMGAGEDPLVIVRRTLVPRFGEL,42,hypothetical protein, ,Derived by automated computational analysis using gene prediction method: GeneMarkS-2+.,OG0001984,,group_1808,Cloud,,Probably not conserved
GCF_021497645.1,D4768_RS29340,MNHRESFQAVKWGAPERTRRHRQLIRGRIAGGGATVEVSSEVLACY,46,hypothetical protein, ,Derived by automated computational analysis using gene prediction method: GeneMarkS-2+.,OG0000141,Shell,group_2265,Shell,Cloud,Shell
GCF_021497645.1,D4768_RS29495,MRRASRAQRMELIAGFISVFALMALIGAVVAIVKGDPGVMPSLVLLGCVVALGLAFRGYRNAVRAERRE,69,hypothetical protein, ,Derived by automated computational analysis using gene prediction method: Protein Homology.,OG0000051,Conserved,group_2375,Soft core,Cloud,Cloud
GCF_021497645.1,D4768_RS29875,MATRCQVDTVHPGAFERSVDMSQQRIVAVIDIRNTIRALDLTLSDHYCHLSRKR,54,hypothetical protein, ,Derived by automated computational analysis using gene prediction method: GeneMarkS-2+.,OG0000855,Cloud,group_2230,Cloud,,Cloud
GCF_021497645.1,D4768_RS30025,MAKGKRTFQPNNRRRARVHGFRLRMRTRAGRAIVSARRRKGRDSLTA,47,50s ribosomal protein l34, ,Derived by automated computational analysis using gene prediction method: Protein Homology.,OG0000052,Conserved,rpmH,Conserved,Cloud,Cloud
GCF_021497645.1,D4768_RS30815,MSVFDHSQTDPIEGHPQPEEITQLLTGVDPADISDICDRVEE,42,hypothetical protein, ,Derived by automated computational analysis using gene prediction method: GeneMarkS-2+.,OG0001985,,,,,Probably not conserved
GCF_021497645.1,D4768_RS30150,MVTTALKMALWRRDHGGRRVGSGLIHHSDAGRQGGFNLSSQHSAVKPSVSALQALPLGFATHVFCAGGC,69,hypothetical protein, ,Derived by automated computational analysis using gene prediction method: GeneMarkS-2+.,OG0001986,,,,,Probably not conserved
GCF_021497645.1,D4768_RS30265,MSESAELDEAQRWSPTPDVGQAGTVALEDGQWAYRYKDGADLIIMKMPERDAPK,54,hypothetical protein, ,Derived by automated computational analysis using gene prediction method: Protein Homology.,OG0000119,Shell,group_2640,Cloud,Cloud,Cloud
GCF_021497645.1,D4768_RS30290,MTKRTELLKEIRAFAKDAGLEIDETEGGNHTKVVVGGRRTVVARHSEIPELTAKAIRKQLGMTEVRKGKK,70,hypothetical protein, ,Derived by automated computational analysis using gene prediction method: Protein Homology.,OG0000484,Cloud,,,,Probably not conserved
GCF_021497645.1,D4768_RS30820,MNESDKRDHANTKPGVIRHSVLGVIALAVAALDFTPSVPNT,41,hypothetical protein, ,Derived by automated computational analysis using gene prediction method: GeneMarkS-2+.,OG0000215,Shell,group_2553,Cloud,,Cloud
GCF_021497645.1,D4768_RS30335,MTIEKDTSKPGWKAHSVVALISVAVGIVFLTGGATISIIAGTSLLGLGIYHFVVALRLRRELNTPTDEKG,70,hypothetical protein, ,Derived by automated computational analysis using gene prediction method: GeneMarkS-2+.,OG0000287,Shell,,,,Probably not conserved
GCF_021497645.1,D4768_RS30340,MSDDEHDAWQLHHHGASWEDIGTDMGCSPTTAQTLAAAYEKRTDSAAAQTQNTLF,55,hypothetical protein, ,Derived by automated computational analysis using gene prediction method: Protein Homology.,OG0000063,Soft core,group_2550,Cloud,Cloud,Cloud
GCF_021497645.1,D4768_RS30355,MGAKGRGGGRPSFQWYGADKAARAARSRALREAVRGGWNQHAVDLALLASDEPTLF,56,hypothetical protein, ,Derived by automated computational analysis using gene prediction method: GeneMarkS-2+.,OG0001987,,group_2551,Cloud,,Probably not conserved
GCF_021497645.1,D4768_RS30425,MREPLSVDPSRRRELERFNRFVVKGPGPSCWIWIGAIADDGYGRN,45,hypothetical protein, ,Derived by automated computational analysis using gene prediction method: GeneMarkS-2+.,OG0001988,,group_2552,Cloud,,Probably not conserved
GCF_021497645.1,D4768_RS30635,MSDSSGRTKRIQVNVDADLHRRFKEYAVRNETAMQDLLIKHIHQLLEDEQK,51,plasmid partition protein parg, ,Derived by automated computational analysis using gene prediction method: Protein Homology.,OG0000928,Cloud,group_2639,Cloud,,Cloud
GCF_022655485.1,MOO23_RS00370,MSTSDTAGHTEFPASMGKVSRRELASHGYTRFDQLTTVTAKELSKIDGVGPKAIRILEEELAERGLGFAN,70,hypothetical protein, ,Derived by automated computational analysis using gene prediction method: Protein Homology.,OG0000050,Conserved,,,Cloud,Cloud
GCF_022655485.1,MOO23_RS00485,MAQEQTKRTGGGDEDDTPGGDGAAGQERREKLAEDTDDLLDEIDDVLEENAEDFVRAYVQKGGQ,64,ubiquitin-like protein pup, ,Derived by automated computational analysis using gene prediction method: Protein Homology.,OG0000037,Conserved,group_343,Shell,Cloud,Cloud
GCF_022655485.1,MOO23_RS00610,MMIDERRETLRRKYLSLGTGELAAAAVFAAVSVVAVMPRVEIRQDSAALWSALIPLLVLLVQAGI,65,hypothetical protein, ,Derived by automated computational analysis using gene prediction method: GeneMarkS-2+.,OG0001989,,group_324,Cloud,,Probably not conserved
GCF_022655485.1,MOO23_RS00620,MSWAYVEADPCIRSPRTLRYYDEIGLLRPADVGADIAEHQGVSVQTVTTRIRARSQLVKLLAPVS,65,hypothetical protein, ,Derived by automated computational analysis using gene prediction method: GeneMarkS-2+.,OG0000738,Cloud,group_325,Cloud,,Cloud
GCF_022655485.1,MOO23_RS00655,MAQGTVKWFNGEKGFGFISPDDGGADLFVQFSEIQCSGYKSLQENQRVEFEVGRGQKGRQAQNVRPA,67,cold-shock protein, ,Derived by automated computational analysis using gene prediction method: Protein Homology.,OG0000340,Cloud,group_151,Cloud,Cloud,Cloud
GCF_022655485.1,MOO23_RS00675,MITDDPDTITAAQVHRHLDEITEVDHAIQRHRHRDLADRPDRAPARDRRSDTR,53,hypothetical protein, ,Derived by automated computational analysis using gene prediction method: GeneMarkS-2+.,OG0000393,Cloud,group_1127,Cloud,Cloud,Cloud
GCF_022655485.1,MOO23_RS00700,MSVTDRLLLPRYAVSGDPMFGTVEVTIGELAELLERQVPPRDQGAATH,48,hypothetical protein, ,Derived by automated computational analysis using gene prediction method: Protein Homology.,OG0000136,Shell,group_2077,Cloud,Cloud,Cloud
GCF_022655485.1,MOO23_RS00705,MAQGIVKWFNGEKGFGFIAPDDGTPDVFVHFSEIAGSGFRSLDENQRVEFEVGQGQKGPQATNVRSV,67,cold-shock protein, ,Derived by automated computational analysis using gene prediction method: Protein Homology.,OG0000003,Conserved,group_2028,Cloud,Cloud,Cloud
GCF_022655485.1,MOO23_RS00750,MSRRLGHADVQTTLNTYAHVTEDAELRAVADWAKFTAGWRAVGTGVIGPC,50,hypothetical protein, ,Derived by automated computational analysis using gene prediction method: GeneMarkS-2+.,OG0001990,,group_1343,Cloud,,Probably not conserved
GCF_022655485.1,MOO23_RS00965,MDNPFIPGLCHVGPSARRALIARATGDDKAYAAERQRQTAEYEKTGPPSLGSVIAPGHVHHSTPRAAGAV,70,hypothetical protein, ,Derived by automated computational analysis using gene prediction method: Protein Homology.,OG0000516,Cloud,,,Cloud,Cloud
GCF_022655485.1,MOO23_RS01275,MPARRWMLAASLLAALCGVLLLLAPGAGIVGIVPVIAWYAVVVGVVLIVGAVRIRS,56,duf308 domain-containing protein, ,Derived by automated computational analysis using gene prediction method: Protein Homology.,OG0000515,Cloud,group_2067,Cloud,Cloud,Cloud
GCF_022655485.1,MOO23_RS01330,MSTRIAAALSAIAITLSLGALTAPTASAAQAVPAATPTAGSVTICFGVPLGSASLNWCF,59,hypothetical protein, ,Derived by automated computational analysis using gene prediction method: Protein Homology.,OG0000233,Shell,group_782,Cloud,Cloud,Cloud
GCF_022655485.1,MOO23_RS01420,MAGAAPGSVRDGHHPAVATRQIIAALVSAGRVRRAWLRIAGMQVPLPPKLQGRIGSKTGL,60,hypothetical protein, ,Derived by automated computational analysis using gene prediction method: GeneMarkS-2+.,OG0000931,Cloud,group_713,Cloud,Cloud,Cloud
GCF_022655485.1,MOO23_RS01425,MAGVSPGSPAAEAGLRRGDIMVELDGKPIVTTTAVQRLMVEDPIDRQIEITVWRNGALVDVFARPRELAA,70,pdz domain-containing protein, ,Derived by automated computational analysis using gene prediction method: Protein Homology.,OG0000525,Cloud,,,Cloud,Cloud
GCF_022655485.1,MOO23_RS01490,MTDQLHADLTERLGRAVARAAMDGDPLFGTVEITIAELAELLESRTPPGE,50,hypothetical protein, ,Derived by automated computational analysis using gene prediction method: Protein Homology.,OG0000136,Shell,group_2495,Shell,Cloud,Shell
GCF_022655485.1,MOO23_RS01545,MRHSSGPAGVITADFGMDNVALLRKLVAYLEIAAPALPRPDLVDRTSLVARRRLWLGT,58,hypothetical protein, ,Derived by automated computational analysis using gene prediction method: Protein Homology.,OG0000196,Shell,group_2104,Cloud,Cloud,Cloud
GCF_022655485.1,MOO23_RS41080,MNLSRQPIAIAPDATVLLASTDLTDTRSLPPDTTLWLRTNK,41,hypothetical protein, ,Derived by automated computational analysis using gene prediction method: GeneMarkS-2+.,OG0000825,Cloud,group_2119,Cloud,,Cloud
GCF_022655485.1,MOO23_RS01555,MSIESGSPVSAATVFDFQASGWGSHGWMPWAVNPKGGWSPLQGSGTRHPSRKLMVCPDRSQVGS,64,hypothetical protein, ,Derived by automated computational analysis using gene prediction method: GeneMarkS-2+.,OG0000779,Cloud,group_364,Cloud,,Cloud
GCF_022655485.1,MOO23_RS01560,MISSRLRDTGTPEPADLDGVFRRLKSNEFDLVAIGRLHLADPALARTLRRGGPIPTFDRERHEGQLY,67,hypothetical protein, ,Derived by automated computational analysis using gene prediction method: GeneMarkS-2+.,OG0000778,Cloud,group_150,Cloud,,Cloud
GCF_022655485.1,MOO23_RS01710,MEYDLRRCNLASPVADVRGPAGRTRAIAAAIRTGLARGDDPDNIEELIRCAEAAGLPLTLW,61,hypothetical protein, ,Derived by automated computational analysis using gene prediction method: GeneMarkS-2+.,OG0000338,Cloud,group_2299,Cloud,Cloud,Cloud
GCF_022655485.1,MOO23_RS41085,MFWRYPSGLVVMVTVVALFLVELVARPALLTHGTPQESTT,40,hypothetical protein, ,Derived by automated computational analysis using gene prediction method: GeneMarkS-2+.,OG0000392,Cloud,group_2195,Cloud,Cloud,Cloud
GCF_022655485.1,MOO23_RS01730,MSTRIAAALSAVAITLSLGALTAPTASAAPAVPAATPAAGSVTICFGVPLGSASLNWCF,59,hypothetical protein, ,Derived by automated computational analysis using gene prediction method: Protein Homology.,OG0000233,Shell,group_2315,Cloud,Cloud,Cloud
GCF_022655485.1,MOO23_RS01740,MGSLVGEQLWQTLSDSGLASVCVRGPQCRWADLLLLGDGSVGELTWLARDADEIAEQYRDRR,62,hypothetical protein, ,Derived by automated computational analysis using gene prediction method: Protein Homology.,OG0000143,Shell,group_2488,Shell,Cloud,Shell
GCF_022655485.1,MOO23_RS01760,MATTSIAPTTPTGRQTPRHSGTMSTAEIKSRIEAMFADDRRPTRPAVTN,49,hypothetical protein, ,Derived by automated computational analysis using gene prediction method: Protein Homology.,OG0000002,Conserved,group_2516,Shell,Cloud,Cloud
GCF_022655485.1,MOO23_RS01830,MAQGIVKWFNGEKGFGFIAPDDGTPDVFVHYSEISGSGFKSLDENQRVEFEVGQGQKGPQATNVRSV,67,cold-shock protein, ,Derived by automated computational analysis using gene prediction method: Protein Homology.,OG0000003,Conserved,"group_1996, group_1997",Shell,Cloud,Cloud
GCF_022655485.1,MOO23_RS01840,MTIDHDKTELPLFSAQRTLTHRTQEPVTDAPRTDDSPTQTSAEIHRSLFSDE,52,hypothetical protein, ,Derived by automated computational analysis using gene prediction method: Protein Homology.,OG0000222,Shell,group_2253,Shell,Cloud,Shell
GCF_022655485.1,MOO23_RS01895,MTQRLYLMPQPTIAAINGGCADSSLSMAAAADFRIASDSIVFNTDFPTAGFPGDLAGI,58,enoyl-coa hydratase-related protein, ,Derived by automated computational analysis using gene prediction method: Protein Homology.,OG0000337,Cloud,group_2214,Cloud,Cloud,Cloud
GCF_022655485.1,MOO23_RS41090,MARSKHRLVHEHLAMLDNADDPATTTTWLEHVTDDEHLTG,40,hypothetical protein, ,Derived by automated computational analysis using gene prediction method: GeneMarkS-2+.,OG0001991,,group_1904,Cloud,,Probably not conserved
GCF_022655485.1,MOO23_RS01995,MNDDQRRALEHVRDTCVMLHSFLTTHPSDRPPERVRSATFEQLTGDLLDAVTAAQNAGVPEQRIFDSM,68,hypothetical protein, ,Derived by automated computational analysis using gene prediction method: Protein Homology.,OG0000135,Shell,group_2185,Shell,Cloud,Shell
GCF_022655485.1,MOO23_RS02005,MNRTELPQTLRRSSKEVQAAFATAHEMAVRRYGEGEEAQRAAYGELKQSYELVTDHWVPKQD,62,chab family protein, ,Derived by automated computational analysis using gene prediction method: Protein Homology.,OG0000159,Shell,group_518,Shell,Cloud,Shell
GCF_022655485.1,MOO23_RS02430,MLDRLYAALLAAAGLSFGDYIALEDAVSDPDDPPRTVTDPTLTAHPLL,48,hypothetical protein, ,Derived by automated computational analysis using gene prediction method: GeneMarkS-2+.,OG0000353,Cloud,group_2439,Cloud,Cloud,Cloud
GCF_022655485.1,MOO23_RS02710,MGSSEVFTDLVAWGAEGFLNGNPVQSAVGTVLFLGLGLWDLVTGAPIVI,49,hypothetical protein, ,Derived by automated computational analysis using gene prediction method: Protein Homology.,OG0000061,Soft core,group_2418,Shell,Cloud,Cloud
GCF_022655485.1,MOO23_RS02815,MRTAFCNTLFHVFDHRICCGRIPEWTAHVGQPWDTYDVAPWNLYNAIWRIQHWIRSGVDADR,62,hypothetical protein, ,Derived by automated computational analysis using gene prediction method: Protein Homology.,OG0000219,Shell,group_2337,Shell,Shell,Shell
GCF_022655485.1,MOO23_RS02850,MSTNTYPTIETIRIGQSGHECRYCGHAVAKDGPGYRHTTTGQYRCDPASRALNEARLSNSMVRS,64,hypothetical protein, ,Derived by automated computational analysis using gene prediction method: Protein Homology.,OG0000148,Shell,group_2334,Shell,Shell,Shell
GCF_022655485.1,MOO23_RS02895,MTFHDPALMESVVLWVAWTNLSNGTSGVASVTKDKPGFAHTGTGVVTASAMGNLVEYVGARGIFNVP,67,hypothetical protein, ,Derived by automated computational analysis using gene prediction method: GeneMarkS-2+.,OG0000274,Shell,group_2317,Shell,Cloud,Shell
GCF_022655485.1,MOO23_RS03125,MNMGKKIRHKVETAEGATKKAVGRATGNAHLEAEGSKEQAKGNTKQMGDKFKDAGKKIKNAFKH,64,csbd family protein, ,Derived by automated computational analysis using gene prediction method: Protein Homology.,OG0000073,Shell,group_2267,Shell,Shell,Shell
GCF_022655485.1,MOO23_RS03135,MSEMVPADDTRRIALVDLLDRVLGGGVVITGEITLSLADVDMVRISLRTLIASVSALVPDPAGPDPADD,69,gas vesicle protein, ,Derived by automated computational analysis using gene prediction method: Protein Homology.,OG0000145,Shell,group_2318,Shell,Shell,Shell
GCF_022655485.1,MOO23_RS03220,MEHHAGTATLRGGYAEYESAGERHVETPRIADRLSLSVESYMRNLVGKWEVRSR,54,hypothetical protein, ,Derived by automated computational analysis using gene prediction method: GeneMarkS-2+.,OG0000390,Cloud,group_2035,Cloud,Cloud,Cloud
GCF_022655485.1,MOO23_RS03255,METGTDETKTCSFCRGPIGYEIKDAHAGFASLPPGKRYRVFHCMNRCPRSAPDGLECGHRHEYL,64,hypothetical protein, ,Derived by automated computational analysis using gene prediction method: Protein Homology.,OG0000203,Shell,group_350,Shell,Cloud,Shell
GCF_022655485.1,MOO23_RS03270,MNSVEEARQMLLVMARLITRFPPVSQDAVGLTGGAGGGAFRAGSD,45,hypothetical protein, ,Derived by automated computational analysis using gene prediction method: GeneMarkS-2+.,OG0000932,Cloud,group_1639,Cloud,Cloud,Cloud
GCF_022655485.1,MOO23_RS03295,MTADRPIVVGTDGSPSSLQAVSWLAGYLQGSTSQNLLHHALGPGHDLPPAG,51,universal stress protein, ,Derived by automated computational analysis using gene prediction method: GeneMarkS-2+.,OG0000354,Cloud,group_2030,Cloud,Cloud,Cloud
GCF_022655485.1,MOO23_RS03355,MNQVEGNAAVDGDRRRHRATCVAADEAVDADDDVAPVDHGDITFPEDAASSSPRG,55,hypothetical protein, ,Derived by automated computational analysis using gene prediction method: GeneMarkS-2+.,OG0000933,Cloud,group_1046,Cloud,,Cloud
GCF_022655485.1,MOO23_RS03395,MRWAAIEAIQLHPGTATIVDDKNVAKVAAARKLLTLANYGLRDGQNRALARQQAAA,56,hypothetical protein, ,Derived by automated computational analysis using gene prediction method: GeneMarkS-2+.,OG0000526,Cloud,group_976,Cloud,Cloud,Cloud
GCF_022655485.1,MOO23_RS41110,MLAAHDKSVRVLPRGHQLTGQLALLLTMVTYTFGGLYLLSGG,42,hypothetical protein, ,Derived by automated computational analysis using gene prediction method: GeneMarkS-2+.,OG0000642,Cloud,group_1809,Cloud,,Cloud
GCF_022655485.1,MOO23_RS03480,MVDRRHIVVGVDGSSAATQAARWAAVGAAHPAFPSTWFT,39,universal stress protein, ,Derived by automated computational analysis using gene prediction method: GeneMarkS-2+.,OG0000643,Cloud,group_2031,Cloud,Cloud,Cloud
GCF_022655485.1,MOO23_RS03580,MAGGPWAPARSVTSAIFVLPSKNFLEGLDAVPLVGDDELTNDLGEPMMVYISLFRTVGDLVE,62,hypothetical protein, ,Derived by automated computational analysis using gene prediction method: GeneMarkS-2+.,OG0000934,Cloud,group_568,Cloud,Cloud,Cloud
GCF_022655485.1,MOO23_RS41115,MADKSAVKSSKQSARALRERRAEKRAKAQESTKIIRKRKG,40,hypothetical protein, ,Derived by automated computational analysis using gene prediction method: Protein Homology.,OG0000004,Core,group_2338,Shell,Cloud,Cloud
GCF_022655485.1,MOO23_RS03680,MHSDTTTRELLHDHTKVTRRFALADVALTTFVCLVCATGIGIITGSVLAAATGGLIVVLATALMVAAV,68,hypothetical protein, ,Derived by automated computational analysis using gene prediction method: Protein Homology.,OG0000158,Shell,group_2345,Shell,Shell,Shell
GCF_022655485.1,MOO23_RS41120,MNPAFDLRYQEGRGPGGPMSWDVFSAARGAGHFILVPLAGG,41,hypothetical protein, ,Derived by automated computational analysis using gene prediction method: GeneMarkS-2+.,OG0001992,,group_1863,Cloud,,Probably not conserved
GCF_022655485.1,MOO23_RS03930,MNTFTTPTSARNRGFAPSRGSMSTMEIKNRIEAMFREDDERQSKAIRAE,49,hypothetical protein, ,Derived by automated computational analysis using gene prediction method: GeneMarkS-2+.,OG0000190,Shell,group_2397,Shell,Shell,Shell
GCF_022655485.1,MOO23_RS03970,MTKDTHGETDEPKGGRPGPADHGKDGGMATRENAPELADDSADAETETD,49,hypothetical protein, ,Derived by automated computational analysis using gene prediction method: Protein Homology.,OG0000018,Core,group_2420,Shell,Shell,Shell
GCF_022655485.1,MOO23_RS04005,MRTGTVRWFNAEQGFGFLAPADGSDDIFVHASEIAGDGHRILEEGQRVSFTVCRTETGNQARDVRVA,67,cold shock domain-containing protein, ,Derived by automated computational analysis using gene prediction method: Protein Homology.,OG0000157,Shell,group_2429,Shell,Shell,Shell
GCF_022655485.1,MOO23_RS04285,MPKTIIPVIGALWLVLAAIGAWSTIAFAIAAPAAVLLGTYLLASAVTGSNGH,52,hypothetical protein, ,Derived by automated computational analysis using gene prediction method: Protein Homology.,OG0000205,Shell,group_2416,Cloud,Cloud,Cloud
GCF_022655485.1,MOO23_RS04560,MSDGNTGAAGGGAIYALGIFGAWVWFWQQADAFWEYVLAIIQGLFWPAWMVYDVFKVLAG,60,hypothetical protein, ,Derived by automated computational analysis using gene prediction method: Protein Homology.,OG0000202,Shell,group_2473,Shell,Shell,Shell
GCF_022655485.1,MOO23_RS04590,MSIVKKLRHKAETAEGATKKTVGKALGNERMEAEGSAEQAKGNAKQTGDKFKQKIRHPFKH,61,csbd family protein, ,Derived by automated computational analysis using gene prediction method: Protein Homology.,OG0000073,Shell,group_645,Cloud,Cloud,Cloud
GCF_022655485.1,MOO23_RS04595,MIILGIILAIIGAVAGIPVLLYVGIALIVIGVVLEIMGMTGHAVAGRRHYY,51,duf6131 family protein, ,Derived by automated computational analysis using gene prediction method: Protein Homology.,OG0000000,Conserved,group_2027,Cloud,Cloud,Cloud
GCF_022655485.1,MOO23_RS04745,MDLTAIGVGFGYVVVVLTILVVVVGVSALFVFSIKSDFIPPESPGTPTGRKRIGRAE,57,hypothetical protein, ,Derived by automated computational analysis using gene prediction method: Protein Homology.,OG0000195,Shell,group_868,Shell,Shell,Shell
GCF_022655485.1,MOO23_RS04895,MSGHPAVVSAVQDTVARDGTSRSASRLLSEEKPVHRELKAELASPLGTEDGSPS,54,hypothetical protein, ,Derived by automated computational analysis using gene prediction method: Protein Homology.,OG0000276,Shell,group_2204,Shell,Cloud,Shell
GCF_022655485.1,MOO23_RS05695,MIVAVEGPSAAGKTTWCRAVPGQFVAEYIPAGQEPDGSDPEEQAACWPQVNASGGDGR,58,hypothetical protein, ,Derived by automated computational analysis using gene prediction method: GeneMarkS-2+.,OG0000524,Cloud,group_843,Cloud,Cloud,Cloud
GCF_022655485.1,MOO23_RS05710,MTQRLLTVPIVFKSDALPYTAPFHLGGQIGVHLSWTPTLGRWWRILAE,48,hypothetical protein, ,Derived by automated computational analysis using gene prediction method: GeneMarkS-2+.,OG0000336,Cloud,group_2519,Cloud,Cloud,Cloud
GCF_022655485.1,MOO23_RS05815,MPKTIIPIVAALWLVLAALAAWSTIAFAFAVASLATVVLGCYLLSSAVTGPRHR,54,hypothetical protein, ,Derived by automated computational analysis using gene prediction method: Protein Homology.,OG0000523,Cloud,group_2509,Cloud,Cloud,Cloud
GCF_022655485.1,MOO23_RS05840,MRYVPATDIVAQRDTASPRQLCSLAPLPAEAIARLHSDGQRDNLLHRT,48,ribose-phosphate pyrophosphokinase, ,Derived by automated computational analysis using gene prediction method: Protein Homology.,OG0000935,Cloud,group_1458,Cloud,Cloud,Cloud
GCF_022655485.1,MOO23_RS05900,MQRVRYSAVVHRAGSREKRLGQEMPAEYSLIEAVWWMSDEAIRSDRSQRQSGGEWGRIHHAADR,64,hypothetical protein, ,Derived by automated computational analysis using gene prediction method: GeneMarkS-2+.,OG0000403,Cloud,group_2506,Cloud,Cloud,Cloud
GCF_022655485.1,MOO23_RS41150,MDSFIHLAGDSWNFWSPFPPAVTFWLIDVMGQLSRAGIILGGS,43,hypothetical protein, ,Derived by automated computational analysis using gene prediction method: Protein Homology.,OG0000266,Cloud,group_2107,Cloud,Cloud,Cloud
GCF_022655485.1,MOO23_RS06235,MQRRAQLTRTTILARAAEQFDRHGYTHAALHEITGVSHATKGGLYFHFRSKRTSPGRRLTSV,62,tetr family transcriptional regulator, ,Derived by automated computational analysis using gene prediction method: Protein Homology.,OG0000409,Cloud,group_564,Cloud,Cloud,Cloud
GCF_022655485.1,MOO23_RS06310,MHTDLVRRTAEVDRTAATALAPYPLWCVFATVLSASIWHRNRSR,44,tryptophan-rich sensory protein, ,Derived by automated computational analysis using gene prediction method: Protein Homology.,OG0000401,Cloud,group_1691,Cloud,Cloud,Cloud
GCF_022655485.1,MOO23_RS06410,MTLSRASSPLGLPSDAAIGRAFLDELLAPLRELRDGLRLDEHDPSTAPIVRCSR,54,hypothetical protein, ,Derived by automated computational analysis using gene prediction method: GeneMarkS-2+.,OG0000303,Cloud,group_2482,Cloud,Cloud,Cloud
GCF_022655485.1,MOO23_RS06495,MLASIAAQCADRDMIRYLLDGGPYVVSTLRGLRDDQLHGLWRPEWTPVPSAFLDALSATKGPTLI,65,hypothetical protein, ,Derived by automated computational analysis using gene prediction method: GeneMarkS-2+.,OG0000335,Cloud,group_2243,Cloud,Cloud,Cloud
GCF_022655485.1,MOO23_RS07125,MPGTLTSPPLTAADRCDRCGAGARVRAVLPTGGELLFCGHHANEHADRLREMNATIVSEAEAAI,64,hypothetical protein, ,Derived by automated computational analysis using gene prediction method: Protein Homology.,OG0000036,Conserved,group_2483,Conserved,Shell,Shell
GCF_022655485.1,MOO23_RS07410,MRLTEFHQLVREEFGQMRGDALLVDHVLLSLGGKTAAEAIEDGREPREVWRELCVEFDVPPQRR,64,duf3046 domain-containing protein, ,Derived by automated computational analysis using gene prediction method: Protein Homology.,OG0000035,Conserved,group_2481,Conserved,Shell,Shell
GCF_022655485.1,MOO23_RS07435,MFWKIVLAVAAIWIALAVVGALVKGLFWILVVSAVVFGVYLLIKAMSGSGEKSDITRS,58,hypothetical protein, ,Derived by automated computational analysis using gene prediction method: Protein Homology.,OG0000034,Conserved,group_808,Shell,Soft core,Shell
GCF_022655485.1,MOO23_RS07620,MRLLRGLLDVVLGILTAILGTVLGIVAAVVWLVGGVLCVTVILLPLGLPVVRLARRLFTLARKLMHLP,68,hypothetical protein, ,Derived by automated computational analysis using gene prediction method: Protein Homology.,OG0000152,Shell,group_2196,Shell,Shell,Shell
GCF_022655485.1,MOO23_RS07625,MRSREAPPLDALIDCIAVARKAGVDELATLDDATALAEAHEVWQLLSLAEYLALVG,56,hypothetical protein, ,Derived by automated computational analysis using gene prediction method: GeneMarkS-2+.,OG0000120,Shell,group_967,Cloud,Cloud,Cloud
GCF_022655485.1,MOO23_RS07640,MPVADSEDRRDCERIVEEVYRGAELAAHPLLRDDARVVLRAKVDSLDPAVGRVVDQLIKLTVVIDQA,67,hypothetical protein, ,Derived by automated computational analysis using gene prediction method: GeneMarkS-2+.,OG0001993,,group_181,Cloud,,Probably not conserved
GCF_022655485.1,MOO23_RS07805,MRGTLDARRQRAEAAECSALDEQYRCASRERLAIARKLHDVLAHSL,46,hypothetical protein, ,Derived by automated computational analysis using gene prediction method: Protein Homology.,OG0000345,Cloud,group_2188,Cloud,Cloud,Cloud
GCF_022655485.1,MOO23_RS08325,MAVPKRRMSRSNTRSRRSQWKTTVPTLVTCPNRGCGEKTLPHVACPSCGTYKGRQVTAAV,60,50s ribosomal protein l32, ,Derived by automated computational analysis using gene prediction method: Protein Homology.,OG0000033,Conserved,group_2479,Conserved,Soft core,Soft core
GCF_022655485.1,MOO23_RS08365,MAAVCDVCAKGPGFGKSVSHSHRRTNRRWNPNIQTVRAEVAPGNTRKVNVCTSCLKAGKVARG,63,50s ribosomal protein l28, ,Derived by automated computational analysis using gene prediction method: Protein Homology.,OG0000032,Conserved,rpmB,Conserved,Soft core,Soft core
GCF_022655485.1,MOO23_RS08455,MTDASNEDTKKKFREALERKNHQAGLSTDHKDGHSKAHEAHGPADHKREFRRKTG,55,duf5302 domain-containing protein, ,Derived by automated computational analysis using gene prediction method: Protein Homology.,OG0000031,Conserved,group_2470,Core,Soft core,Soft core
GCF_022655485.1,MOO23_RS08840,MTFTVTHRSFDQLAEFAVTDFGDDDSYSIHESGALVIVRAARELIYAPGSWFLVEREDGQEDGSPGNYM,69,hypothetical protein, ,Derived by automated computational analysis using gene prediction method: GeneMarkS-2+.,OG0000151,Shell,group_2,Shell,Shell,Shell
GCF_022655485.1,MOO23_RS41185,MLVIGILLTLSLASVAWLCVSTAHGGRSGLAGPPRSHLHSD,41,hypothetical protein, ,Derived by automated computational analysis using gene prediction method: GeneMarkS-2+.,OG0000182,Shell,group_2124,Shell,Shell,Shell
GCF_022655485.1,MOO23_RS09555,MFKLIRAVALALLAVGAYVVVSEHEPATVELPSPSFAPATAKLTTV,46,hypothetical protein, ,Derived by automated computational analysis using gene prediction method: GeneMarkS-2+.,OG0000220,Shell,group_2379,Shell,Shell,Shell
GCF_022655485.1,MOO23_RS09670,MAESVPFEFDAFDLAGHTTLEDVTYLPAPEPRTDEMPLSQTVVDFAGE,48,hypothetical protein, ,Derived by automated computational analysis using gene prediction method: Protein Homology.,OG0000389,Cloud,group_2114,Cloud,Cloud,Cloud
GCF_022655485.1,MOO23_RS10070,MRADLEMFRERIDERKARDEEAAANRSGRGRTESAAAPPAAAQPRTLDDDEFYRPRSWLV,60,hypothetical protein, ,Derived by automated computational analysis using gene prediction method: Protein Homology.,OG0000263,Shell,group_2245,Shell,Shell,Shell
GCF_022655485.1,MOO23_RS10190,MKVQPSVKKICEKCKVIRRNGRVMVICENLRHKQRQG,37,50s ribosomal protein l36, ,Derived by automated computational analysis using gene prediction method: Protein Homology.,OG0000030,Conserved,rpmJ,Conserved,Soft core,Soft core
GCF_022655485.1,MOO23_RS10225,MAELKVTQIKSTIGTKQNQKNSLRTLGLKGIRQTVVREDNAQNRGLINVVRHLVTVEEV,59,50s ribosomal protein l30, ,Derived by automated computational analysis using gene prediction method: Protein Homology.,OG0000029,Conserved,rpmD,Conserved,Shell,Shell
GCF_022655485.1,MOO23_RS10250,MAKKALVNKANKKPKFAVRAYTRCQRCGRPHSVFRKFGLCRICVREMAHAGELPGVHKSSW,61,type z 30s ribosomal protein s14, ,Derived by automated computational analysis using gene prediction method: Protein Homology.,OG0000028,Conserved,group_2294,Conserved,Shell,Shell
GCF_022655485.1,MOO23_RS10625,MSDRDNNVLENDLVEESLVEEVSIDGMCGVY,31,mycofactocin precursor mfta, ,"Mycofactocin is a small molecule electron carrier derived from the final two amino acids, Val-Tyr, of MftA, the mycofactocin precursor. It plays a role in redox homeostasis and the metabolism of alcohols and aldehydes in Actinobacteria, including Mycobacterium tuberculosis; Derived by automated computational analysis using gene prediction method: Protein Homology.",OG0000009,Conserved,group_2326,Conserved,Shell,Shell
GCF_022655485.1,MOO23_RS10850,MRATGMLTCLASISGLPNATVPLRTDDGVPVGLCLVGPHGRDRDVLAVVASLGDTGLID,59,hypothetical protein, ,Derived by automated computational analysis using gene prediction method: GeneMarkS-2+.,OG0001994,,group_788,Cloud,,Probably not conserved
GCF_022655485.1,MOO23_RS11130,MAAMKPRTGDGPLEATKEGRGIVMRVPLEGGGRLVVELTPEEAAALGEELKGVTS,55,duf3117 domain-containing protein, ,Derived by automated computational analysis using gene prediction method: Protein Homology.,OG0000043,Conserved,group_1006,Shell,Shell,Shell
GCF_022655485.1,MOO23_RS11325,MPILLLHAVIAGFSVVSGWLSAPLKRPVAALAHSYAVMRWSALIAVEDAAEHR,53,hypothetical protein, ,Derived by automated computational analysis using gene prediction method: Protein Homology.,OG0000251,Shell,group_1124,Cloud,Cloud,Cloud
GCF_022655485.1,MOO23_RS11370,MTSFDAADSPEVPEADRLEQELAVDDDSSDEVEEVSSLEVNEADVAEQSRAVPVDEDYPRE,61,hypothetical protein, ,Derived by automated computational analysis using gene prediction method: Protein Homology.,OG0000057,Core,group_2212,Shell,Shell,Shell
GCF_022655485.1,MOO23_RS11410,MYNWDVQNAIVAFVETLRPSWPAQHDLYYSVLYGFADMQSHLLTLLGYPPVA,52,hypothetical protein, ,Derived by automated computational analysis using gene prediction method: Protein Homology.,OG0000058,Core,group_1177,Shell,Soft core,Shell
GCF_022655485.1,MOO23_RS11430,MKASKVSGLKPKKKCCRSKTRCIKCPVVIMRMKKLENEGASKKELKKGLKKARAA,55,hypothetical protein, ,Derived by automated computational analysis using gene prediction method: GeneMarkS-2+.,OG0000044,Conserved,group_2219,Shell,Core,Shell
GCF_022655485.1,MOO23_RS11580,MDLAFLSEFFSAFSDLAGALDFFSGSADALGGGADAATAAAATIG,45,hypothetical protein, ,Derived by automated computational analysis using gene prediction method: Protein Homology.,OG0000181,Shell,group_2197,Shell,Shell,Shell
GCF_022655485.1,MOO23_RS11635,MAEPVKGPASYFPSIEEKYGRPISEWQTLIRSSELTKHMELVSWLKSEHGLGHGHANALVAYTLKEDAAG,70,duf4287 domain-containing protein, ,Derived by automated computational analysis using gene prediction method: Protein Homology.,OG0000027,Conserved,,,Shell,Shell
GCF_022655485.1,MOO23_RS11710,MRAVRTAWWWTGSLMGDHDYSRYVEHLRRNHPDAEVPTEREYWKARYADADANPGARCC,59,ybdd/yjix family protein, ,Derived by automated computational analysis using gene prediction method: Protein Homology.,OG0000045,Conserved,group_2289,Shell,Core,Shell
GCF_022655485.1,MOO23_RS11850,MSEDRRISRLLPVRRVLAAAGIAGLVAGGGMAAAADPATPDSAVAAPLVSAGFGAPDAVSSGS,63,hypothetical protein, ,Derived by automated computational analysis using gene prediction method: Protein Homology.,OG0000180,Shell,group_2175,Shell,Shell,Shell
GCF_022655485.1,MOO23_RS12275,MFALRDLEPGAGWGLLDSDGRPKAPWFVMRRMSLPIAVLLAEDGLDGLRIDAVNDSDNTVVGE,63,hypothetical protein, ,Derived by automated computational analysis using gene prediction method: GeneMarkS-2+.,OG0000767,Cloud,group_442,Cloud,Cloud,Cloud
GCF_022655485.1,MOO23_RS12625,MAEGIVKWFNSEKGFGFIAPEDGSADVFVHYSEIQSGGFRTLEENQRVSFEIGQGNKGPQATGVTLI,67,cold-shock protein, ,Derived by automated computational analysis using gene prediction method: Protein Homology.,OG0000046,Conserved,group_2233,Shell,Soft core,Shell
GCF_022655485.1,MOO23_RS12780,MSDAELRKAIRVLRERADDARHRGNDDDANGIERTIRTYQEEMTQRL,47,hypothetical protein, ,Derived by automated computational analysis using gene prediction method: Protein Homology.,OG0000059,Core,group_1481,Shell,Soft core,Shell
GCF_022655485.1,MOO23_RS12905,MAVPKRRMSRSNTRSRRSQWKAQAPDLVEVTVGGATHRVPRRLVKAVKLGLVDPAGK,57,50s ribosomal protein l32, ,Derived by automated computational analysis using gene prediction method: Protein Homology.,OG0000060,Soft core,group_2234,Shell,Shell,Shell
GCF_022655485.1,MOO23_RS12925,MAARNEIRPIVKLKSTAGTGYTYVTRKNRRNDPDRLVMKKYDPVVRKHVDFREEK,55,50s ribosomal protein l33, ,Derived by automated computational analysis using gene prediction method: Protein Homology.,OG0000047,Conserved,group_2305,Shell,Shell,Shell
GCF_022655485.1,MOO23_RS13220,MTTLITLACMLLLAAAVAHYGPKEGGTGVFRLEQFRIGAPLGGIFTDQPTSPEDPDWPGSDDQRAGGGSS,70,hypothetical protein, ,Derived by automated computational analysis using gene prediction method: Protein Homology.,OG0000194,Shell,,,Shell,Shell
GCF_022655485.1,MOO23_RS13390,MASEGAAGVGWELGVMGLYLHASIAFGTPEGAATAAGVRTTAFYTGADTGAG,52,hypothetical protein, ,Derived by automated computational analysis using gene prediction method: GeneMarkS-2+.,OG0000302,Cloud,group_2213,Cloud,Cloud,Cloud
GCF_022655485.1,MOO23_RS13510,MIMHVTETPTPTVSRTMWTTEEIKARLEEMNIPRSRTRRGPRWGNRDR,48,hypothetical protein, ,Derived by automated computational analysis using gene prediction method: Protein Homology.,OG0000179,Shell,group_2404,Shell,Shell,Shell
GCF_022655485.1,MOO23_RS13805,MVAAGLSNRRIADRLFVSVRTVKGSSTVRP,30,luxr c-terminal-related transcriptional regulator, ,Derived by automated computational analysis using gene prediction method: Protein Homology.,OG0000301,Cloud,group_2413,Cloud,Cloud,Cloud
GCF_022655485.1,MOO23_RS13820,MVISWRYHLPRARYIFSQCFDGEILMRPVPRDYDFSVAHWEYIYLYQTVGFVKAFFQGRC,60,hypothetical protein, ,Derived by automated computational analysis using gene prediction method: GeneMarkS-2+.,OG0001995,,group_714,Cloud,,Probably not conserved
GCF_022655485.1,MOO23_RS41200,MSTALEESRRHAIELTNEKIQAVKDFFTNIFRLDTTHRTEA,41,hypothetical protein, ,Derived by automated computational analysis using gene prediction method: GeneMarkS-2+.,OG0000178,Shell,group_2433,Shell,Shell,Shell
GCF_022655485.1,MOO23_RS41485,MASQAAGLPGPIDGPTLTSADDALADALTVTRTMGMSGKL,40,hypothetical protein, ,Derived by automated computational analysis using gene prediction method: GeneMarkS-2+.,OG0001996,,group_1905,Cloud,,Probably not conserved
GCF_022655485.1,MOO23_RS14200,MSVGNRGYARVSSADQNPDHQVDALRRAGVEAENVHVDHLVLVRRRWRGG,50,recombinase family protein, ,Derived by automated computational analysis using gene prediction method: Protein Homology.,OG0000400,Cloud,group_2113,Cloud,Cloud,Cloud
GCF_022655485.1,MOO23_RS14510,MATRFAFGAATAATVPTAIVTGSALIAAAAGLLVLLAVAVAVASILI,47,hypothetical protein, ,Derived by automated computational analysis using gene prediction method: GeneMarkS-2+.,OG0001997,,group_2369,Cloud,,Probably not conserved
GCF_022655485.1,MOO23_RS14535,MVVIHAHDHTAESSFGLGILYQQELQIGDEQAEHLNGQWQAALKAARPLWR,51,hypothetical protein, ,Derived by automated computational analysis using gene prediction method: Protein Homology.,OG0000388,Cloud,group_1244,Cloud,Cloud,Cloud
GCF_022655485.1,MOO23_RS14960,MGKFLVPGVVSAVVGVALGTLATLGITAAAQDNTRPEIDRSGNADSSLLNQVEYGSR,57,duf2613 domain-containing protein, ,Derived by automated computational analysis using gene prediction method: Protein Homology.,OG0000016,Conserved,group_860,Shell,Shell,Shell
GCF_022655485.1,MOO23_RS15240,MPVRLRISPGMLHGYWSTGVVPRANELADQPCEELAELHAPEQADIPLP,49,hypothetical protein, ,Derived by automated computational analysis using gene prediction method: GeneMarkS-2+.,OG0000571,Cloud,group_2201,Cloud,Cloud,Cloud
GCF_022655485.1,MOO23_RS15250,MRIGRLVTLIVIIWLIIGAVAVWQRGYFKDTTADCASAGTIAVTVIAGPLNYAGVNPKIDCEVPQPSQ,68,hypothetical protein, ,Derived by automated computational analysis using gene prediction method: Protein Homology.,OG0000017,Conserved,group_2272,Shell,Shell,Shell
GCF_022655485.1,MOO23_RS15255,MIVLGIILLVIGLVAGISILTTIGIILLVIGLVLLLLGTTGRAVGGRKYWY,51,duf6131 family protein, ,Derived by automated computational analysis using gene prediction method: Protein Homology.,OG0000193,Shell,group_2133,Shell,Shell,Shell
GCF_022655485.1,MOO23_RS15325,MKANSDRHDQHLPEHQRIADLVDDMEDRLVAEREAKGIAGNASERKQAEQLEPDDQAPE,59,hypothetical protein, ,Derived by automated computational analysis using gene prediction method: Protein Homology.,OG0000177,Shell,group_2271,Shell,Shell,Shell
GCF_022655485.1,MOO23_RS15665,MARGDHPQRTPFYGVVLIVVALAAAMIVNRTAPVWVQVPVYVLAVLAAMAGFVMTFRDLS,60,hypothetical protein, ,Derived by automated computational analysis using gene prediction method: Protein Homology.,OG0000209,Shell,group_2174,Shell,Shell,Shell
GCF_022655485.1,MOO23_RS15745,MSFVDTLKGLLGKGREAASQNADKVHGAIDKAADVADSKTGGKYSDKIDKAADAAKKAVPPKE,63,antitoxin, ,Derived by automated computational analysis using gene prediction method: Protein Homology.,OG0000010,Conserved,group_2241,Shell,Shell,Shell
GCF_022655485.1,MOO23_RS41205,MLGIMLGLGGAAIGLGIGVMALGVGLLLSDATIKHDVGELPD,42,hypothetical protein, ,Derived by automated computational analysis using gene prediction method: GeneMarkS-2+.,OG0000176,Shell,group_1761,Shell,Shell,Shell
GCF_022655485.1,MOO23_RS16130,MANNSKKQYVDPGWPETADGDSAVTELSSSRAGGLSPFGEDTEFPLPADSLPYAHPHTVINR,62,hypothetical protein, ,Derived by automated computational analysis using gene prediction method: Protein Homology.,OG0000048,Conserved,group_2147,Shell,Shell,Shell
GCF_022655485.1,MOO23_RS16340,MTYPQPGGLDWDQLADVVAPLARSPRLVGVSVADFRPDPDPTGDQATRVLDLLGRTLP,58,hypothetical protein, ,Derived by automated computational analysis using gene prediction method: Protein Homology.,OG0000763,Cloud,group_819,Cloud,Cloud,Cloud
GCF_022655485.1,MOO23_RS16435,MTPKDASGPKTTTTDSGAPGADKDVMSDPAEDDKSSGADWSGEGGATPEGPATDTDTDTDTED,63,hypothetical protein, ,Derived by automated computational analysis using gene prediction method: Protein Homology.,OG0000020,Core,group_2276,Shell,Shell,Shell
GCF_022655485.1,MOO23_RS16710,MGRGRAKAKQTKVARELKYSVPTTDFDSLQRELSGGSSNSHRDEVFADQRADREGHSREDDDDWRR,66,duf3073 domain-containing protein, ,Derived by automated computational analysis using gene prediction method: Protein Homology.,OG0000049,Conserved,group_209,Shell,Shell,Shell
GCF_022655485.1,MOO23_RS16830,MSSRIATTLAAIAMTLSLGALAAPAAVAAPLAPAPSPAVGSIAVCLNLPLGSASISFCI,59,hypothetical protein, ,Derived by automated computational analysis using gene prediction method: Protein Homology.,OG0000175,Shell,group_2150,Shell,Shell,Shell
GCF_022655485.1,MOO23_RS41495,MTDTTKTIRPFRIDIAQEQLDDLADRLSRTRFGTPLPGDD,40,hypothetical protein, ,Derived by automated computational analysis using gene prediction method: GeneMarkS-2+.,OG0000639,Cloud,group_1899,Cloud,Cloud,Cloud
GCF_022655485.1,MOO23_RS17285,MTTHNPQNAPHDGEVLVLGARSGGAIAGGLIATLALSALTLLSSLPT,47,hypothetical protein, ,Derived by automated computational analysis using gene prediction method: Protein Homology.,OG0000146,Shell,group_2277,Shell,Shell,Shell
GCF_022655485.1,MOO23_RS17290,MPASSTSHASATTTASRGGATMSTEEIKARIEAMFADEAADTSPALVE,48,hypothetical protein, ,Derived by automated computational analysis using gene prediction method: Protein Homology.,OG0000002,Conserved,group_2311,Shell,Shell,Shell
GCF_022655485.1,MOO23_RS17325,MQVNSCRSVVLDAVEALPALERETLALVYYRGMSCDEVADTMQISVATVRDRLHEGARRLLAGVGDL,67,sigma factor-like helix-turn-helix dna-binding protein, ,Derived by automated computational analysis using gene prediction method: Protein Homology.,OG0000174,Shell,group_2332,Shell,Shell,Shell
GCF_022655485.1,MOO23_RS17390,MAAKTTAENDIADEDLEPLADETARQAQRVVAAYAEDADECRMLLSMLGIGPTSKLD,57,hypothetical protein, ,Derived by automated computational analysis using gene prediction method: Protein Homology.,OG0000015,Conserved,group_859,Shell,Shell,Shell
GCF_022655485.1,MOO23_RS17465,MEVRVDFDRCEANGVCVGIAPDIFELDDDDQLHISSAVPPADREEDVRTAIAQCPRAALTEHP,63,ferredoxin, ,Derived by automated computational analysis using gene prediction method: Protein Homology.,OG0000005,Conserved,group_2144,Shell,Shell,Shell
GCF_022655485.1,MOO23_RS17750,MAQGVVKWFNSEKGFGFIAPDDGSADVFVHYSEISGSGYKSLEENQRVEFEVGQGQKGPQAQNVRAV,67,cold-shock protein, ,Derived by automated computational analysis using gene prediction method: Protein Homology.,OG0000003,Conserved,group_141,Shell,Shell,Shell
GCF_022655485.1,MOO23_RS18520,MIPNTLTAPSFHSPPPGEASVRDRDGGTARLRLWGSLTEAGRAGLES,47,hypothetical protein, ,Derived by automated computational analysis using gene prediction method: Protein Homology.,OG0000225,Shell,group_2145,Shell,Shell,Shell
GCF_022655485.1,MOO23_RS18725,MMGGGGAGRGGGEDKEHKTPDYLITLDNGNELIGKLPLVSPPVIGA,46,hypothetical protein, ,Derived by automated computational analysis using gene prediction method: GeneMarkS-2+.,OG0000321,Cloud,group_1590,Cloud,,Cloud
GCF_022655485.1,MOO23_RS18915,MPEKPHQFGRIHRTKLPVRLPHLERQRVDLLVGQLKKPDARVENYPTGSHRLPCP,55,hypothetical protein, ,Derived by automated computational analysis using gene prediction method: GeneMarkS-2+.,OG0000520,Cloud,group_1042,Cloud,Cloud,Cloud
GCF_022655485.1,MOO23_RS18935,MALAYAPGSSVDTTRLAVISFAIVLFAMLALYLVGFDQGAISRSGMYMHELMHDGRHLLGLPCH,64,cbtb domain-containing protein, ,Derived by automated computational analysis using gene prediction method: Protein Homology.,OG0000008,Conserved,group_2468,Conserved,Soft core,Soft core
GCF_022655485.1,MOO23_RS18960,MVYVSSPSKSVESLGIVLIAVGVVLLALLTLYLVGFDQGAISRSGMYLHELMHDGRHLLGVPCH,64,cbtb domain-containing protein, ,Derived by automated computational analysis using gene prediction method: Protein Homology.,OG0000173,Shell,group_2252,Shell,Shell,Shell
GCF_022655485.1,MOO23_RS19320,MSDSLKDRVREKLLRQLAEDGGHPVQEAEGDDPRLVSIDADLAALEQASDGDVVIEELAAKYWVP,65,hypothetical protein, ,Derived by automated computational analysis using gene prediction method: Protein Homology.,OG0000014,Conserved,group_2342,Conserved,Soft core,Soft core
GCF_022655485.1,MOO23_RS41220,MAMQVFSLIAILGALIVLIPTALRVFGKSDNVKAPDETEE,40,hypothetical protein, ,Derived by automated computational analysis using gene prediction method: Protein Homology.,OG0000172,Shell,group_2042,Shell,Shell,Shell
GCF_022655485.1,MOO23_RS19355,MAQGTVKWFNAEKGFGFIAPEDGSADVFVHYSEIQGSGFRTLEENQRVEFEVGQGTKGPQATGVRAV,67,cold-shock protein, ,Derived by automated computational analysis using gene prediction method: Protein Homology.,OG0000013,Conserved,group_128,Conserved,Shell,Shell
GCF_022655485.1,MOO23_RS19520,MSELTSWEYATVPLLTHATKQILDQWGTDGWELVTVLPGPTGEQHVAYLKRPKG,54,duf4177 domain-containing protein, ,Derived by automated computational analysis using gene prediction method: Protein Homology.,OG0000012,Conserved,group_2273,Conserved,Shell,Shell
GCF_022655485.1,MOO23_RS19915,MAKYRVIDPRGTVVETKEIPSADDAHAWFVDVRADNSELGWRMEVDEDGTWAFFDDTEGATEK,63,hypothetical protein, ,Derived by automated computational analysis using gene prediction method: Protein Homology.,OG0000066,Soft core,group_2173,Shell,Shell,Shell
GCF_022655485.1,MOO23_RS20275,MLRGANVMRIVWLPGSDLLEGECHCGARHVAEEPATLWEWLLAHPEGHHPEPPVPATPPPAAPESAPVPV,70,hypothetical protein, ,Derived by automated computational analysis using gene prediction method: Protein Homology.,OG0001998,,,,,Probably not conserved
GCF_022655485.1,MOO23_RS20320,MGIADKASNKAEDLKGQAKEATGKATGDPDLRDEGKADQASSAVKDAGEKVKDAAKNVKDKLT,63,csbd family protein, ,Derived by automated computational analysis using gene prediction method: Protein Homology.,OG0000011,Conserved,group_2411,Conserved,Shell,Shell
GCF_022655485.1,MOO23_RS20490,MKMPTPSEEDKQFFRSLIPDTPGVEVKPMREYLALPDRWRGTPDRATPWVERALAEIGALPPKQPKPRKR,70,hypothetical protein, ,Derived by automated computational analysis using gene prediction method: Protein Homology.,OG0001999,,,,,Probably not conserved
GCF_022655485.1,MOO23_RS20840,MFVCICKAVTEDEVHEHCAAGADSADAIGERCGAGWGCGTCVDRLKEILERSAADSVAA,59,(2fe-2s)-binding protein, ,Derived by automated computational analysis using gene prediction method: Protein Homology.,OG0000150,Shell,group_2172,Shell,Shell,Shell
GCF_022655485.1,MOO23_RS21140,MSLYLQPRQSGTAPTPYERKLAGAIEEVFGTGVHHLEGLVKGLNALGIHSPGGDAWTTDTFTDEIRRMGA,70,recombinase-like helix-turn-helix domain-containing protein, ,Derived by automated computational analysis using gene prediction method: Protein Homology.,OG0000171,Shell,,,Shell,Shell
GCF_022655485.1,MOO23_RS21535,MSDRDASIFESERELDEESVRKAQRTVAHHSIDAEDCRMLLAALGIPLVRDLDNESVSGAAGAESL,66,hypothetical protein, ,Derived by automated computational analysis using gene prediction method: Protein Homology.,OG0000170,Shell,group_2353,Shell,Shell,Shell
GCF_022655485.1,MOO23_RS21545,MLLDLVRPAEAEQPLPAVVWIHGGGWRLQDQTACPDLVQHFAEHGYVMVSIDYRLVPETRHLGPAQR,67,alpha/beta hydrolase fold domain-containing protein, ,Derived by automated computational analysis using gene prediction method: Protein Homology.,OG0000486,Cloud,group_148,Cloud,Cloud,Cloud
GCF_022655485.1,MOO23_RS22240,MTTSGRMGPADQSVNTAPLDDLHTRPENTQWILYSVLAAAFVGLHRRR,48,hypothetical protein, ,Derived by automated computational analysis using gene prediction method: Protein Homology.,OG0000569,Cloud,group_2394,Cloud,Cloud,Cloud
GCF_022655485.1,MOO23_RS22635,MAKGKRTFQPNNRRRARVHGFRLRMRTRAGRAIVSARRRKGRESLTA,47,50s ribosomal protein l34, ,Derived by automated computational analysis using gene prediction method: Protein Homology.,OG0000052,Conserved,rpmH,Conserved,Shell,Shell
GCF_022655485.1,MOO23_RS22805,MIDTCHGTLIVHTLYGAECTDESCVELSEARHALIIDCDEFGDCVCSAEFAEQLRHAS,58,hypothetical protein, ,Derived by automated computational analysis using gene prediction method: Protein Homology.,OG0000169,Shell,group_2231,Shell,Shell,Shell
GCF_022655485.1,MOO23_RS23245,MNTHGAARALSTRGRASIRIVDGVTEEYLASARKTMDAESAAQELVERTGG,51,hypothetical protein, ,Derived by automated computational analysis using gene prediction method: GeneMarkS-2+.,OG0000936,Cloud,group_1279,Cloud,Cloud,Cloud
GCF_022655485.1,MOO23_RS23315,MSTSSVTVTGMTCNHCVSSVTEEISALPGVTSVNVDLATGKVVIDSTTDLDPSAVAGAVEEAGYSVAG,68,heavy metal-associated domain-containing protein, ,Derived by automated computational analysis using gene prediction method: Protein Homology.,OG0000006,Conserved,group_2406,Shell,Cloud,Cloud
GCF_022655485.1,MOO23_RS23385,MRQIVELILDGTRRMLKAQDIGLDVTTAAEDYLAAEGTNPSSVPGRLVDRRRERRR,56,hypothetical protein, ,Derived by automated computational analysis using gene prediction method: Protein Homology.,OG0002000,,group_977,Cloud,,Probably not conserved
GCF_022655485.1,MOO23_RS23410,MGIAKGDVAFCEFLNSAITDYYSDGSAEEAWADSLGRYTKQQPVMPELQPCT,52,hypothetical protein, ,Derived by automated computational analysis using gene prediction method: GeneMarkS-2+.,OG0002001,,group_1213,Cloud,,Probably not conserved
GCF_022655485.1,MOO23_RS23840,MHPVAKRQRLEVLIGILGFFTVMAFIAAVVEVVRGDPGVTPALVLLGCLVLSGLAVVARNRVR,63,hypothetical protein, ,Derived by automated computational analysis using gene prediction method: Protein Homology.,OG0000051,Conserved,group_2423,Shell,Cloud,Cloud
GCF_022655485.1,MOO23_RS23980,MNSTTEEQHISVVRQRLAARFPTIDSGVINQAIDTAHHQFDGRPVRDFVPLLVERAALRSLTDDT,65,hypothetical protein, ,Derived by automated computational analysis using gene prediction method: Protein Homology.,OG0000062,Soft core,group_316,Cloud,Cloud,Cloud
GCF_022655485.1,MOO23_RS24255,MSDPLDEELRFQIQRAQPEHPVADHPHYLGTRVRQLLRELTTVPA,45,hypothetical protein, ,Derived by automated computational analysis using gene prediction method: Protein Homology.,OG0000519,Cloud,group_1636,Cloud,Cloud,Cloud
GCF_022655485.1,MOO23_RS24345,MYDNSASTGPRIVAQFTDGHLVGEATWPAWTPAELTSHTSRGEQP,45,hypothetical protein, ,Derived by automated computational analysis using gene prediction method: GeneMarkS-2+.,OG0000909,Cloud,group_1635,Cloud,Cloud,Cloud
GCF_022655485.1,MOO23_RS24430,MSIGKKLRHKAETTEGVAKKTVGKALGNERMEAEGRAQETKGKLKQSGDQIKQAGQKIKNIFKH,64,csbd family protein, ,Derived by automated computational analysis using gene prediction method: Protein Homology.,OG0000073,Shell,group_2502,Shell,Cloud,Shell
GCF_022655485.1,MOO23_RS24470,MTDVPVECPARVNTTEWIKAHLERMGHADPAGDTRHEPDLRTHQPE,46,hypothetical protein, ,Derived by automated computational analysis using gene prediction method: GeneMarkS-2+.,OG0000201,Shell,group_2053,Cloud,Cloud,Cloud
GCF_022655485.1,MOO23_RS24550,MTRDEELLHIDHVIDRQDVRYPDLPRESIEQVVHSAHEHFANRKVRDFVPLLVERLAREKLQALVPT,67,hypothetical protein, ,Derived by automated computational analysis using gene prediction method: Protein Homology.,OG0000062,Soft core,group_2108,Cloud,Cloud,Cloud
GCF_022655485.1,MOO23_RS24750,MLLPVRRRRRGVVPAWTPHPADKPSAVGILAVATSVSGAGSRIVETVIDEIHRFDERHRRNIS,63,hypothetical protein, ,Derived by automated computational analysis using gene prediction method: GeneMarkS-2+.,OG0000908,Cloud,group_475,Cloud,Cloud,Cloud
GCF_022655485.1,MOO23_RS24830,MSADDTEKLMLDRLYAAVLAVAGLGYGGYILLDELTGGSDTPGEEDHHLRREPSEQVSTA,60,hypothetical protein, ,Derived by automated computational analysis using gene prediction method: Protein Homology.,OG0000168,Shell,group_2489,Shell,Cloud,Shell
GCF_022655485.1,MOO23_RS25030,MKDGNADYAVSATFDGIDEFRAYLTHPDHVRFADEFVSAMAETYSSVQVEFSS,53,dabb family protein, ,Derived by automated computational analysis using gene prediction method: Protein Homology.,OG0000937,Cloud,,,Cloud,Cloud
GCF_022655485.1,MOO23_RS25035,MPLLHVTQTPGQSAEAKRELLKKLTAAYVDATGAKPASVWVTIEEVSKDDWAIGGETLTERASKPA,66,4-oxalocrotonate tautomerase family protein, ,Derived by automated computational analysis using gene prediction method: Protein Homology.,OG0000224,Shell,group_213,Shell,Cloud,Shell
GCF_022655485.1,MOO23_RS25040,MRGRLEVAVGGRFQQHMLLRETNLPEPVDSQKSRRRPPLPQRLGVVAQCGGAVEATT,57,hypothetical protein, ,Derived by automated computational analysis using gene prediction method: GeneMarkS-2+.,OG0000294,Cloud,group_2151,Shell,Cloud,Cloud
GCF_022655485.1,MOO23_RS25070,MATYHTLRKVEQFFRLAKSELKARPVFHRTRESIEAYPTIVLAAPAIARPRRAANAAKHY,60,hypothetical protein, ,Derived by automated computational analysis using gene prediction method: GeneMarkS-2+.,OG0000411,Cloud,group_2116,Cloud,,Cloud
GCF_022655485.1,MOO23_RS25075,MTRGRIDADQTRLELELELEPESQVCAGGDAVVRSHSSEVLWADLAGTY,49,hypothetical protein, ,Derived by automated computational analysis using gene prediction method: GeneMarkS-2+.,OG0000396,Cloud,group_2372,Cloud,Cloud,Cloud
GCF_022655485.1,MOO23_RS41260,MGTTRQQCQHSPPPLLQRMVDAGRLSKKTGQGFYSYT,37,3-hydroxyacyl-coa dehydrogenase family protein, ,Derived by automated computational analysis using gene prediction method: Protein Homology.,OG0000878,Cloud,group_1931,Cloud,,Cloud
GCF_022655485.1,MOO23_RS25495,MAVVKANLGACQGYANCVVAADDYFDIDDDGVVELLSVEVPESERGRVDSAARSCPVSALWIED,64,ferredoxin, ,Derived by automated computational analysis using gene prediction method: Protein Homology.,OG0000001,Conserved,"group_2005, group_2004", Cloud,Cloud,Cloud
GCF_022655485.1,MOO23_RS25575,MELFRTHGTALVTSYHAHCHWSQRSPEHEVPVTWEILLPPSVHVLEPAEPPVAVPLEPEYP,61,hypothetical protein, ,Derived by automated computational analysis using gene prediction method: GeneMarkS-2+.,OG0000579,Cloud,group_637,Cloud,,Cloud
GCF_022655485.1,MOO23_RS25580,MRAAHIFPHQLDGVIGDLKTDVCVDEVVFTVVCNTIGKQHVEVLLQV,47,hypothetical protein, ,Derived by automated computational analysis using gene prediction method: GeneMarkS-2+.,OG0000638,Cloud,group_2466,Cloud,,Cloud
GCF_022655485.1,MOO23_RS25925,MDISATSLKGVDEPLERAIVGVWETREDWSAWHHDEAFRATRDELVGLEAGQMDSTWFEVVQNTATEED,69,hypothetical protein, ,Derived by automated computational analysis using gene prediction method: GeneMarkS-2+.,OG0002002,,group_37,Cloud,,Probably not conserved
GCF_022655485.1,MOO23_RS41285,MYSPSMAWASKPSTAGPDTMSADHPLMAAALGSYPEPARAKNG,43,hypothetical protein, ,Derived by automated computational analysis using gene prediction method: GeneMarkS-2+.,OG0002003,,group_1745,Cloud,,Probably not conserved
GCF_022655485.1,MOO23_RS26420,MESTSQPSPRECPDCHALTADLEAHKLWHSRLVHDIATAVDKDISRRAHT,50,hypothetical protein, ,Derived by automated computational analysis using gene prediction method: Protein Homology.,OG0000227,Shell,group_1293,Shell,Cloud,Shell
GCF_022655485.1,MOO23_RS26530,MLAGAREAWAGTIVFLFQPGEETAAGAKAMVEDGLWDRAPKPEIIFG,47,m20/m25/m40 family metallo-hydrolase, ,Derived by automated computational analysis using gene prediction method: Protein Homology.,OG0002004,,group_1525,Cloud,,Probably not conserved
GCF_022655485.1,MOO23_RS27065,MGTFGGGDEHILPEFGVYPAVFYRRLQPLLTHHPTVNDSVRRRLDELCTLKLAPTHPAKRRSYSRVRTAG,70,hypothetical protein, ,Derived by automated computational analysis using gene prediction method: GeneMarkS-2+.,OG0000196,Shell,,,,Probably not conserved
GCF_022655485.1,MOO23_RS27605,MKLRIDGGLCTGHGRCYSIAPDVYTPDDDGFSDNRDVEREVLPEHQESARAGAQSCPEGAIMLSED,66,ferredoxin, ,Derived by automated computational analysis using gene prediction method: Protein Homology.,OG0000245,Shell,group_257,Cloud,,Cloud
GCF_022655485.1,MOO23_RS27610,MYNDEVPDRRGVHTIGALDDMSGDLMTENNPCGNHLLGGCADMDVGLADARGGNA,55,hypothetical protein, ,Derived by automated computational analysis using gene prediction method: GeneMarkS-2+.,OG0002005,,group_1047,Cloud,,Probably not conserved
GCF_022655485.1,MOO23_RS28030,MTALMAREHAALTSFLLGLATYLDETHLLTLEGRDSGAIGRFGAQAAPH,49,hypothetical protein, ,Derived by automated computational analysis using gene prediction method: GeneMarkS-2+.,OG0000518,Cloud,group_1394,Cloud,Cloud,Cloud
GCF_022655485.1,MOO23_RS28115,MSTDFKLYRCVQCGFEYDEAEGWPEDGIEPGTRWDDIAEDWSCPDCGAAKADFDMVEVSRA,61,rubredoxin, ,Derived by automated computational analysis using gene prediction method: Protein Homology.,OG0000007,Conserved,group_2335,Shell,Cloud,Cloud
GCF_022655485.1,MOO23_RS28120,MAAYQCPVCDYVYDEASGAPREGFPAGTAWADVPDDWCCPDCGVREKIDFDPRVA,55,rubredoxin, ,Derived by automated computational analysis using gene prediction method: Protein Homology.,OG0000053,Core,group_2321,Shell,Shell,Shell
GCF_022655485.1,MOO23_RS28645,MTTQVLREAGLITQVDRGNSRMAQLRRSDIDFRFPGLLDAVATAPA,46,hypothetical protein, ,Derived by automated computational analysis using gene prediction method: Protein Homology.,OG0000938,Cloud,group_2052,Cloud,Cloud,Cloud
GCF_022655485.1,MOO23_RS28715,MNPVNDPDIVFLADHSVLLAIPAFVPAFLVAGLVIYLAVRDRKAEAAENAESAKHGPSEKDEEN,64,hypothetical protein, ,Derived by automated computational analysis using gene prediction method: Protein Homology.,OG0000167,Shell,group_2396,Shell,Shell,Shell
GCF_022655485.1,MOO23_RS41305,MPVDLGMMVGEDAAVDVEAEPDRWLRFDCTGPRGRLAGHVGLR,43,hypothetical protein, ,Derived by automated computational analysis using gene prediction method: GeneMarkS-2+.,OG0000404,Cloud,group_1728,Cloud,Cloud,Cloud
GCF_022655485.1,MOO23_RS29250,MATIEEFEQTVTDKVIAGLHDKFADYERRGVGLAELGDPDRFVERILAAVPAPHPWYEQFGAAWSSAPA,69,hypothetical protein, ,Derived by automated computational analysis using gene prediction method: Protein Homology.,OG0000166,Shell,group_2132,Shell,Shell,Shell
GCF_022655485.1,MOO23_RS41545,MLTEGFVSAWGRLHVDLCRLSTSICHS,27,putative leader peptide, ,Derived by automated computational analysis using gene prediction method: Protein Homology.,OG0000132,Shell,group_1953,Cloud,Cloud,Cloud
GCF_022655485.1,MOO23_RS29915,MNLDNAVGLVLVVLLAVFLIAALLFPERF,29,k(+)-transporting atpase subunit f, ,Derived by automated computational analysis using gene prediction method: Protein Homology.,OG0000395,Cloud,group_1949,Cloud,Cloud,Cloud
GCF_022655485.1,MOO23_RS29925,MCEVDETMRQRRVELEGSDQVTGGIPGSGFGPRHPDPWDLIVGLIAQLRRQSFAQIVVRVSGRWSR,66,hypothetical protein, ,Derived by automated computational analysis using gene prediction method: GeneMarkS-2+.,OG0000781,Cloud,group_223,Cloud,Cloud,Cloud
GCF_022655485.1,MOO23_RS30245,MTFESNTPRQFTRSDNQKMLAGVCGGIAEYFSVDVNLVRLLTVVATLVTGGTAALVYLAAWMLMPAGH,68,pspc domain-containing protein, ,Derived by automated computational analysis using gene prediction method: Protein Homology.,OG0000021,Conserved,group_2380,Conserved,Soft core,Soft core
GCF_022655485.1,MOO23_RS30395,MIVLGLILLLIGWLTGLTWLWTIGIILLVIGAILWILGATGRAVGGRRRWY,51,duf6131 family protein, ,Derived by automated computational analysis using gene prediction method: Protein Homology.,OG0000000,Conserved,group_2247,Shell,Shell,Shell
GCF_022655485.1,MOO23_RS30670,MGSVIKKRRKRMSKKKHRKLLRRTRVQRRKLGK,33,aurkaip1/cox24 domain-containing protein, ,Derived by automated computational analysis using gene prediction method: Protein Homology.,OG0000022,Conserved,group_1939,Conserved,Conserved,Conserved
GCF_022655485.1,MOO23_RS30815,MIYLLALIGLVTVAVLLWKAFGPNTRPVLSNRVQGPDDDPDFLWKVDRETRRKKSDEPDAGPADPAG,67,hypothetical protein, ,Derived by automated computational analysis using gene prediction method: Protein Homology.,OG0000023,Conserved,group_2246,Shell,Conserved,Shell
GCF_022655485.1,MOO23_RS30890,MGALSPSHWAIIAVVLVVLFGSKKLPDAARGLGRSMRILKTEVGELQADAPELEK,55,sec-independent protein translocase subunit tata, ,Derived by automated computational analysis using gene prediction method: Protein Homology.,OG0000019,Conserved,group_2146,Shell,Shell,Shell
GCF_022655485.1,MOO23_RS31040,MASSTDVRPKITLACEVCKHRNYITKKNRRNDPDRLEIKKFCPNCGTHQSHRESK,55,50s ribosomal protein l33, ,Derived by automated computational analysis using gene prediction method: Protein Homology.,OG0000024,Conserved,rpmG,Conserved,Conserved,Conserved
GCF_022655485.1,MOO23_RS31175,MSEKKIDRVKTESALEVLRESPTIALITVAPALVVFGVVWWLFGFWSALVLVLILGVVAVVGRKLF,66,hypothetical protein, ,Derived by automated computational analysis using gene prediction method: Protein Homology.,OG0000025,Conserved,group_2209,Conserved,Soft core,Soft core
GCF_022655485.1,MOO23_RS31370,MNSTITGLIVGLLLAIAGILGGFSGFVFAVLLGALGMAVGAHRDGHLDLGAILRSRGRG,59,hypothetical protein, ,Derived by automated computational analysis using gene prediction method: Protein Homology.,OG0000026,Conserved,group_2303,Conserved,Shell,Shell
GCF_022655485.1,MOO23_RS31410,MGSGPVKAIMWSLLFVGLVGAGVGISELHVPWTVASLIVASVSGLVLLRIRADAHPELHSDRRMAAG,67,hypothetical protein, ,Derived by automated computational analysis using gene prediction method: Protein Homology.,OG0000165,Shell,group_2193,Shell,Shell,Shell
GCF_022655485.1,MOO23_RS41310,MNTGSIALHHAVGYRTVGVRQRLAQIDGVWHDSVLLERRRDT,42,hypothetical protein, ,Derived by automated computational analysis using gene prediction method: GeneMarkS-2+.,OG0000394,Cloud,group_2390,Cloud,Cloud,Cloud
GCF_022655485.1,MOO23_RS41315,MFEIIREVHSEVRHRRGPRHHHHLLTRAERRSRILKHFHM,40,hypothetical protein, ,Derived by automated computational analysis using gene prediction method: GeneMarkS-2+.,OG0000288,Shell,group_2087,Shell,Shell,Shell
GCF_022655485.1,MOO23_RS32505,MTSLTDLQALERDLRDLALVLARASTDTGGRSDLDAAIERYGFTRADLESDPTGPA,56,hypothetical protein, ,Derived by automated computational analysis using gene prediction method: Protein Homology.,OG0000597,Cloud,group_2391,Cloud,Cloud,Cloud
GCF_022655485.1,MOO23_RS32590,MTDERPGKNQTPPDKTTRPTPKEATPDVSKTDLAAVVDALTATNEKNFDF,50,hypothetical protein, ,Derived by automated computational analysis using gene prediction method: Protein Homology.,OG0000164,Shell,group_2447,Shell,Shell,Shell
GCF_022655485.1,MOO23_RS41340,MADKSPRNSMSKKSGKSLKEKRADKKMKTNGQSDPEIVSHVKKR,44,hypothetical protein, ,Derived by automated computational analysis using gene prediction method: Protein Homology.,OG0000004,Core,group_2437,Shell,Shell,Shell
GCF_022655485.1,MOO23_RS32870,MTTHRDEAPPITDPDDDLGGDPVCWLDRVCPDCGLFLTDHTASTCPRCGSARDR,54,hypothetical protein, ,Derived by automated computational analysis using gene prediction method: Protein Homology.,OG0000163,Shell,group_2435,Shell,Shell,Shell
GCF_022655485.1,MOO23_RS33790,MVGKFERRKDTVQELTESAATHVGHIATIIAGAVRDVTREIGDWVSDGIEMREAAKKAREDEGEDKPVD,69,hypothetical protein, ,Derived by automated computational analysis using gene prediction method: Protein Homology.,OG0000149,Shell,group_2446,Shell,Shell,Shell
GCF_022655485.1,MOO23_RS34180,MRALPAAHAPRLQPSRTGAASSFPAGRQGECGIMPAPKTYRSTRHA,46,hypothetical protein, ,Derived by automated computational analysis using gene prediction method: GeneMarkS-2+.,OG0000208,Shell,group_2409,Shell,Shell,Shell
GCF_022655485.1,MOO23_RS34205,MIPTLLYYGVPTAVVTVTLWVGFLGWRFYVKEVLRGDRGDTTAGEPDHG,49,hypothetical protein, ,Derived by automated computational analysis using gene prediction method: Protein Homology.,OG0000223,Shell,group_2268,Shell,Shell,Shell
GCF_022655485.1,MOO23_RS34220,MNDHHVQLFSELHTTAGSQAGGEDAGEALRPVDPEHRTATEVHRALFSDQ,50,hypothetical protein, ,Derived by automated computational analysis using gene prediction method: GeneMarkS-2+.,OG0000162,Shell,group_2285,Shell,Shell,Shell
GCF_022655485.1,MOO23_RS34370,MSESERTDLDVDDELDAGQVWRAQRVVAAQSLDAEDCRMLLSMLGIAGNPDAPEVD,56,hypothetical protein, ,Derived by automated computational analysis using gene prediction method: Protein Homology.,OG0000161,Shell,group_2171,Shell,Shell,Shell
GCF_022655485.1,MOO23_RS34450,MDRMASWWDGFELWIAGLPFVPQVALVLLVMVPVCRGLAWLLDRGLAAVFVLLRRDVSKVEEP,63,hypothetical protein, ,Derived by automated computational analysis using gene prediction method: Protein Homology.,OG0000056,Core,group_427,Shell,Shell,Shell
GCF_022655485.1,MOO23_RS34635,MTGAGILAVALVAIAAALVVYLLIALIDPERF,32,potassium-transporting atpase subunit f, ,Derived by automated computational analysis using gene prediction method: Protein Homology.,OG0000055,Core,group_2327,Shell,Shell,Shell
GCF_022655485.1,MOO23_RS34850,MPESPLATADEAAEFLRSTTQRLAQDRYLGTGPRFVKHGRRVLYRWDDLRAYVDANTFQRTDDRPVSA,68,helix-turn-helix domain-containing protein, ,Derived by automated computational analysis using gene prediction method: Protein Homology.,OG0000311,Cloud,group_107,Cloud,Cloud,Cloud
GCF_022655485.1,MOO23_RS34880,MPRIEGSYDNGNGKKHVSLNADVVWNKKSRTPILRIKVPTRRRGR,45,hypothetical protein, ,Derived by automated computational analysis using gene prediction method: GeneMarkS-2+.,OG0002006,,group_1640,Cloud,,Probably not conserved
GCF_022655485.1,MOO23_RS34895,MPLTTDATPPISSPECSPWPAPTATDLAMLVETTGRPVADLFAVELERLAEAAS,54,hypothetical protein, ,Derived by automated computational analysis using gene prediction method: GeneMarkS-2+.,OG0002007,,group_1101,Cloud,,Probably not conserved
GCF_022655485.1,MOO23_RS34910,MPRYKVTLRNGTSSDRTFESDFQAVNETHRPTESGAGIVKIDRYEEDGEVTGVWSAPATSRTSRT,65,hypothetical protein, ,Derived by automated computational analysis using gene prediction method: Protein Homology.,OG0000113,Soft core,group_2295,Shell,Shell,Shell
GCF_022655485.1,MOO23_RS34915,MCSDLTKLGDDELLARLDEHRALLGESIANDYGCETVRGVTSRIRAFEAELDRRGSAVSRDAT,63,hypothetical protein, ,Derived by automated computational analysis using gene prediction method: Protein Homology.,OG0000192,Shell,group_2325,Shell,Shell,Shell
GCF_022655485.1,MOO23_RS35000,MTDEDHLWYYNVEDGTVTQGKAASSMSRMGPYPDRASAEKALQIAAERNKAADRADEEWNN,61,hypothetical protein, ,Derived by automated computational analysis using gene prediction method: Protein Homology.,OG0000042,Conserved,group_2293,Shell,Soft core,Shell
GCF_022655485.1,MOO23_RS35560,MATYRYLDKDRNVLEEQDFGTVQDAEEHRLSVLGAEIIEEVEDSGTPES,49,hypothetical protein, ,Derived by automated computational analysis using gene prediction method: Protein Homology.,OG0000054,Core,group_2183,Shell,Soft core,Shell
GCF_022655485.1,MOO23_RS35565,MHVAVGDRLHVQGRVVGVHETTAEVVEVHGENGAPPYLVRYDDGHEALVFPGSDAWVEHPKS,62,duf1918 domain-containing protein, ,Derived by automated computational analysis using gene prediction method: Protein Homology.,OG0000041,Conserved,group_504,Shell,Soft core,Shell
GCF_022655485.1,MOO23_RS35735,MSVVLVYVLFIAAGIAVGGAYSMWKFNKLASGVLLALAVLAAVAGVLRLM,50,hypothetical protein, ,Derived by automated computational analysis using gene prediction method: Protein Homology.,OG0000040,Conserved,group_1297,Shell,Soft core,Shell
GCF_022655485.1,MOO23_RS35780,MPLIQISQTPGLTAEQKRATIEAVTKAYADATGKDPAKVWVTITEVPRDSWGVGGTPLG,59,2-hydroxymuconate tautomerase family protein, ,Derived by automated computational analysis using gene prediction method: Protein Homology.,OG0000160,Shell,group_2162,Shell,Shell,Shell
GCF_022655485.1,MOO23_RS36065,MPKSKTHSGTAKRFKVSGSGKILRQKAGRRHLLEHKASKVTRRLDGVAVVSKADTPRIKRLLDI,64,50s ribosomal protein l35, ,Derived by automated computational analysis using gene prediction method: Protein Homology.,OG0000039,Conserved,rpmI,Shell,Soft core,Shell
GCF_022655485.1,MOO23_RS36140,MVIDPTLLGILACPQDKGPLLLVGDELLYNPRLRRAYPIENGIPVLLIDEARDVGADEHETLLARAAGEA,70,trm112 family protein, ,Derived by automated computational analysis using gene prediction method: Protein Homology.,OG0000038,Conserved,,,Shell,Shell
GCF_022655485.1,MOO23_RS36475,MARVAYPTSPVVLVDEELALTAPARAYGDWLEALGLPDLAEKARTLLPETAGGRAATDTAPDSGPGA,67,hypothetical protein, ,Derived by automated computational analysis using gene prediction method: GeneMarkS-2+.,OG0002008,,,,,Probably not conserved
GCF_022655485.1,MOO23_RS36480,MLPAAAFAAALATVTLDDVPMVLLVTITLTLVGIFVYAIYAPALATQSRAYPVTRWRHRFRVTGLTNC,68,hypothetical protein, ,Derived by automated computational analysis using gene prediction method: GeneMarkS-2+.,OG0002009,,,,,Probably not conserved
GCF_022655485.1,MOO23_RS41345,MGDPTQYLVTPAGRQDSDLVIVCVSGAHIYPRIPETKGTVLV,42,hypothetical protein, ,Derived by automated computational analysis using gene prediction method: GeneMarkS-2+.,OG0002010,,,,,Probably not conserved
GCF_022655485.1,MOO23_RS36625,MTVSRVWEIEMTARSPISHRGELIGLVAADAFEVVEPGAVLLGDRLPPLCDGVVHRQQSITA,62,hypothetical protein, ,Derived by automated computational analysis using gene prediction method: GeneMarkS-2+.,OG0002011,,,,,Probably not conserved
GCF_022655485.1,MOO23_RS41580,MMNMSGENELSVTDRWLAAVPQLPALTDPAAQVAERLVLLLH,42,hypothetical protein, ,Derived by automated computational analysis using gene prediction method: GeneMarkS-2+.,OG0002012,,,,,Probably not conserved
GCF_022655485.1,MOO23_RS36635,MPPRTRPLPRAPVGSAARRSISENTIREAHWAQFYVFLIGVGMHTLLLTAFISMQ,55,hypothetical protein, ,Derived by automated computational analysis using gene prediction method: GeneMarkS-2+.,OG0002013,,,,,Probably not conserved
GCF_022655485.1,MOO23_RS36740,MNEDYLREMLRFAVRWEPYGGGSAEEIFVAFGLDEAEYFTRVDLDV,46,hypothetical protein, ,Derived by automated computational analysis using gene prediction method: GeneMarkS-2+.,OG0000196,Shell,,,,Probably not conserved
GCF_022655485.1,MOO23_RS37050,MFRASANPPSIGVLEAAQVVVSAVGATVLCVSACHPAGLPGNFVLFPSTFFGVKVGRAGR,60,hypothetical protein, ,Derived by automated computational analysis using gene prediction method: GeneMarkS-2+.,OG0002014,,,,,Probably not conserved
GCF_022655485.1,MOO23_RS37150,MTSPGRFPFPCRLDRAVIIAADAALVAARPLPEMRFSDAELIALLERYSHVRARVLRY,58,hypothetical protein, ,Derived by automated computational analysis using gene prediction method: GeneMarkS-2+.,OG0000072,Soft core,,,,Probably not conserved
GCF_022655485.1,MOO23_RS37280,MGLFTDDKGRPELVVHPDIKLGRATFRPVDDEPEPEETPKQRARHELKLRLGAELRAKEETGDPNPEKG,69,hypothetical protein, ,Derived by automated computational analysis using gene prediction method: Protein Homology.,OG0000273,Cloud,,,,Probably not conserved
GCF_022655485.1,MOO23_RS37510,MKVVVDRAKCTALGNCEAIAPTYFEVGDEGDLLLLREDVPEDERELVEKAVAACPTAALILEQD,64,ferredoxin, ,Derived by automated computational analysis using gene prediction method: Protein Homology.,OG0000001,Conserved,group_349,Cloud,,Cloud
GCF_022655485.1,MOO23_RS37595,MHQTTTVDYSIVVEGELYLELDDGAEVHLPTGATIVQNGARHAWRNRSDQPATLAYVILDVDK,63,cupin domain-containing protein, ,Derived by automated computational analysis using gene prediction method: Protein Homology.,OG0000879,Cloud,group_479,Cloud,,Cloud
GCF_022655485.1,MOO23_RS37715,MTDETRVALKNYEYLLREYGWENVELVWHTDSVVYGSDGCSDIDMLVRPGFTPATECLARTDD,63,hypothetical protein, ,Derived by automated computational analysis using gene prediction method: Protein Homology.,OG0000270,Cloud,group_480,Cloud,,Cloud
GCF_022655485.1,MOO23_RS37835,MTVQVIQSSGHNGWAVRCDLCEHRFEAAVAGQTAAVAFARINGWVVGETIRCPMCATARIG,61,hypothetical protein, ,Derived by automated computational analysis using gene prediction method: GeneMarkS-2+.,OG0000154,Shell,group_646,Cloud,,Cloud
GCF_022655485.1,MOO23_RS37885,MATLLGHSSAEVTREVYLEPFKALEVEQLIGLMDADDRHALEKLVDVLALGEPRVLTGATS,61,hypothetical protein, ,Derived by automated computational analysis using gene prediction method: GeneMarkS-2+.,OG0000939,Cloud,group_1980,Cloud,,Cloud
GCF_022655485.1,MOO23_RS38010,MGAGEADAVFCGEATARRQLRVWRWGPVDELHTGMTLWLGWSREARETVAAAGLW,55,hypothetical protein, ,Derived by automated computational analysis using gene prediction method: GeneMarkS-2+.,OG0002015,,group_1048,Cloud,,Probably not conserved
GCF_022655485.1,MOO23_RS38050,MPHDLHALARAAVRLVRRKTGRPYSLMQFTQEAFAAQLRVIAETYNDGRAIQPDAEPLEPGKAV,64,hypothetical protein, ,Derived by automated computational analysis using gene prediction method: GeneMarkS-2+.,OG0002016,,group_406,Cloud,,Probably not conserved
GCF_022655485.1,MOO23_RS38125,MAQGIVKWFNGEKGFGFIAPDDGTPDVFVHYSEISGSGFKSLDENQRVEFEVGQGQKGPQATNVRSV,67,cold-shock protein, ,Derived by automated computational analysis using gene prediction method: Protein Homology.,OG0000003,Conserved,"group_1996, group_1997",Shell,,Shell
GCF_022655485.1,MOO23_RS41590,MSYHFITYEKRDRVAVVTLNRPESMNALHLEAHRELAGGVGRFPRRS,47,hypothetical protein, ,Derived by automated computational analysis using gene prediction method: GeneMarkS-2+.,OG0002017,,group_1526,Cloud,,Probably not conserved
GCF_022655485.1,MOO23_RS41595,MWVAILTGAGDRAFCAGNDLKVTAERTAQGGDVQGEARPPVRAHYP,46,hypothetical protein, ,Derived by automated computational analysis using gene prediction method: Protein Homology.,OG0002018,,group_1591,Cloud,,Probably not conserved
GCF_022655485.1,MOO23_RS38280,MRTEDTVTDYYAPGKTDLDELAEDSADELKAPKEPVEIVRRRRRGCGYRGALRAGRRRLVR,61,hypothetical protein, ,Derived by automated computational analysis using gene prediction method: GeneMarkS-2+.,OG0002019,,group_647,Cloud,,Probably not conserved
GCF_022655485.1,MOO23_RS38420,MGERNVADVERELAMLAYVRDRLRVSEGTDLRIPTTAVDRVLDELNSLERAPRKRN,56,hypothetical protein, ,Derived by automated computational analysis using gene prediction method: Protein Homology.,OG0000117,Shell,group_951,Cloud,,Cloud
GCF_022655485.1,MOO23_RS38660,MPSLIFNGVTYGISQTRFEATRELLARFAEGHTLGVAMSLTHDGARHHLFITPGVPITLVE,61,hypothetical protein, ,Derived by automated computational analysis using gene prediction method: Protein Homology.,OG0000130,Shell,"group_2022, group_2463",Cloud,,Cloud
GCF_022655485.1,MOO23_RS38700,MPSLIFNGVTYGISQTRFEATRELLARFAEGHTLGVAMSLTHDGARHHLFITPGVPITLVE,61,hypothetical protein, ,Derived by automated computational analysis using gene prediction method: Protein Homology.,OG0000130,Shell,"group_2022, group_2463",Cloud,,Cloud
GCF_022655485.1,MOO23_RS38735,MAALSDEQLDEIRRQLDQGMTPDAIADYLGRVADLDLMDIETVRTAAYALSRGETP,56,hypothetical protein, ,Derived by automated computational analysis using gene prediction method: Protein Homology.,OG0000256,Shell,group_2367,Cloud,,Cloud
GCF_022655485.1,MOO23_RS38870,MTTDFSVGDHVRWNSEAGYVEGVIIKKHTQDVEYKGHIRRCSDEDPQYEIESDKTGHIAMHKQDALHKL,69,duf2945 domain-containing protein, ,Derived by automated computational analysis using gene prediction method: Protein Homology.,OG0002020,,group_38,Cloud,,Probably not conserved
GCF_022655485.1,MOO23_RS38960,MASNATYVSNPERALESTPSCTACPHSPDSHDALGIRFCAATSDRNLGRKCICAGKQATGQHYSRY,66,rgcvc family protein, ,Derived by automated computational analysis using gene prediction method: Protein Homology.,OG0000210,Shell,group_258,Cloud,,Cloud
GCF_022655485.1,MOO23_RS39015,MNFALRWFPHGGGPAEEIVAAFGVETGEFFRCLHAQLHPTPPTPLRPEIVEKMKAVARLRLWVAG,65,hypothetical protein, ,Derived by automated computational analysis using gene prediction method: Protein Homology.,OG0000196,Shell,group_326,Cloud,,Cloud
GCF_022655485.1,MOO23_RS41385,MADKSAVKSSKQSARALKERRAEKREKALGSTQLVRKRKS,40,hypothetical protein, ,Derived by automated computational analysis using gene prediction method: Protein Homology.,OG0000004,Core,group_1906,Cloud,,Cloud
GCF_022655485.1,MOO23_RS41390,MNLNVALLLLVLAGGIGGTAAIQAALGRSADRGRRAVFHVKG,42,hypothetical protein, ,Derived by automated computational analysis using gene prediction method: Protein Homology.,OG0000127,Shell,group_1810,Cloud,,Cloud
GCF_022655485.1,MOO23_RS39065,MRFKDEHPELFRQLHSTRNTGVDLESITNSSHEMLWWRCPVGHECRWGVIAGHRKWLWMGTAPPRRM,67,zinc-ribbon domain-containing protein, ,Derived by automated computational analysis using gene prediction method: Protein Homology.,OG0002021,,group_182,Cloud,,Probably not conserved
GCF_022655485.1,MOO23_RS39075,MDDMVSSESTDLLPVREQQRRMTRQRIVVAARQVFEEHGYGQASIGDIAKNAFENS,56,tetr family transcriptional regulator, ,Derived by automated computational analysis using gene prediction method: GeneMarkS-2+.,OG0000409,Cloud,group_978,Cloud,,Cloud
GCF_022655485.1,MOO23_RS39095,MGSSAVEQLWQTLSENGLALVCVRGPQCEWADLITAGDDTPGELTWLARETSGIAEQYSLDNVHRTATR,69,hypothetical protein, ,Derived by automated computational analysis using gene prediction method: Protein Homology.,OG0000143,Shell,group_39,Cloud,,Cloud
GCF_022655485.1,MOO23_RS39130,MATIFSAVFVAAVPAAAPFTGVSFSTTFSTAVFFAAVFVGPAVFAGDFFAAAFFAGAAFA,60,hypothetical protein, ,Derived by automated computational analysis using gene prediction method: GeneMarkS-2+.,OG0002022,,group_715,Cloud,,Probably not conserved
GCF_022655485.1,MOO23_RS39160,MLGRIGLGAAVPCFATVAEAFLAARAPQRRAGRRDPLFPIPGRSGSSNGSLAALAVGASRPEGLSAAG,68,hypothetical protein, ,Derived by automated computational analysis using gene prediction method: GeneMarkS-2+.,OG0002023,,group_108,Cloud,,Probably not conserved
GCF_022655485.1,MOO23_RS39165,MVAFALRWCVHGGGPAEVIRADFGMDTTAFFRTLVGYLDVAAPAPLRPVVVERMTTVARRRL,62,duf3263 domain-containing protein, ,Derived by automated computational analysis using gene prediction method: Protein Homology.,OG0000196,Shell,group_569,Cloud,,Cloud
GCF_022655485.1,MOO23_RS39230,MATEQHGREPAPEGPSSAPAGKQASLVDHYQDAPSADAADAVPEDTTSEPPIFLVTTADRID,62,hypothetical protein, ,Derived by automated computational analysis using gene prediction method: Protein Homology.,OG0000787,Cloud,group_570,Cloud,,Cloud
GCF_022655485.1,MOO23_RS39235,MAQGIVKWFNGEKGFGFIAPDDGTPDVFVHFSEISGSGFRSLDENQRVEFEVGQGQKGPQATNVRSV,67,cold-shock protein, ,Derived by automated computational analysis using gene prediction method: Protein Homology.,OG0000003,Conserved,group_1981,Cloud,,Cloud
GCF_022655485.1,MOO23_RS39280,MGADDDGATAGVVVADPDAADVADVAAEPPFDPHAVNDNNAQAAPAANNVLIQRIQTDPARLLVARAG,68,hypothetical protein, ,Derived by automated computational analysis using gene prediction method: Protein Homology.,OG0000923,Cloud,group_109,Cloud,,Cloud
GCF_022655485.1,MOO23_RS39350,MTLRLPTTLATDSDAAAVAARTKYYGRPYLGDKASVGSHFDSRSSKGDREGKADRFTRG,59,hypothetical protein, ,Derived by automated computational analysis using gene prediction method: GeneMarkS-2+.,OG0000240,Shell,group_789,Cloud,,Cloud
GCF_022655485.1,MOO23_RS39355,MHRRLLSIRKEAGLPEEISALRVFDVIAWMDGKNRGLGDWVNPLTGEDDTSRG,53,duf6308 family protein, ,Derived by automated computational analysis using gene prediction method: Protein Homology.,OG0000410,Cloud,group_1160,Cloud,,Cloud
GCF_022655485.1,MOO23_RS41395,MRGVDRVRIGTEFLCIVDTAASSAFVRASGIVVAVAHPAADGHP,44,hypothetical protein, ,Derived by automated computational analysis using gene prediction method: GeneMarkS-2+.,OG0002024,,group_1695,Cloud,,Probably not conserved
GCF_022655485.1,MOO23_RS39525,MTREIESLRTELTVHDGDTSPVVGMFRRYLDLLERDGLMLADRDRFEIRRLLQRAQGRADVQPRCS,66,hypothetical protein, ,Derived by automated computational analysis using gene prediction method: GeneMarkS-2+.,OG0002025,,group_259,Cloud,,Probably not conserved
GCF_022655485.1,MOO23_RS39630,MAVVKANLGACQGYANCVVAADDYFDIDDDGVVELLSVEVPESERGRVDSAARSCPVSALWIED,64,ferredoxin, ,Derived by automated computational analysis using gene prediction method: Protein Homology.,OG0000001,Conserved,"group_2005, group_2004", Cloud,,Conserved
GCF_022655485.1,MOO23_RS39660,MTADRPIVVGTDGSPSSLQAVSWLAGSLQGSTSQNLLHHALGPGHDLPPAG,51,universal stress protein, ,Derived by automated computational analysis using gene prediction method: GeneMarkS-2+.,OG0000354,Cloud,group_2089,Cloud,,Cloud
GCF_022655485.1,MOO23_RS39765,MNQVEGNAAVDGDRRRHRATCVAADEPSMPTTMWRLSTTVTSPFPKMQPRHHRADE,56,hypothetical protein, ,Derived by automated computational analysis using gene prediction method: GeneMarkS-2+.,OG0000933,Cloud,group_979,Cloud,,Cloud
GCF_022655485.1,MOO23_RS39805,MRWAAIEAIQLHPGTAKIVDDKNVAKVAAARKLLTLADYRLRDGQKRALARQQAAA,56,hypothetical protein, ,Derived by automated computational analysis using gene prediction method: GeneMarkS-2+.,OG0000526,Cloud,group_2392,Cloud,,Cloud
GCF_022655485.1,MOO23_RS39810,MGNVHRYSAHRLCSWAGLTPRHHESDTTVRRGHIPKQGSKGAVGGHRSDSAAPGHGEDRRR,61,transposase, ,Derived by automated computational analysis using gene prediction method: Protein Homology.,OG0002026,,,,,Probably not conserved
GCF_022655485.1,MOO23_RS39900,MVDRRHIVVGVDGSSAATQAARWAAVGAAHPAFPSTWFT,39,universal stress protein, ,Derived by automated computational analysis using gene prediction method: GeneMarkS-2+.,OG0000643,Cloud,group_2031,Cloud,,Cloud
GCF_022655485.1,MOO23_RS39955,MATLLGHSSAEVTREVYLEPFKALEVEQLIGLMDADDRHALEKLVDVLALGEPRVLTGATS,61,hypothetical protein, ,Derived by automated computational analysis using gene prediction method: GeneMarkS-2+.,OG0000939,Cloud,group_1980,Cloud,,Cloud
GCF_022655485.1,MOO23_RS40030,MYWHDVRASTWQGTAFGVVRAVNTWAHHKQSVKGAPRAGRNQEGAISGRFDKLDASVVSTLEKVLAS,67,hypothetical protein, ,Derived by automated computational analysis using gene prediction method: GeneMarkS-2+.,OG0002027,,,,,Probably not conserved
GCF_022655485.1,MOO23_RS40790,MTSEIARIQFGKTADVCELYRAGVLPPVEAFRAADPGSCDVDHAPTSLPPTGGDRR,56,hypothetical protein, ,Derived by automated computational analysis using gene prediction method: Protein Homology.,OG0000420,Cloud,group_2529,Cloud,,Cloud
GCF_022655485.1,MOO23_RS40850,MVFEELERRRMAAGVNMSQFLADLLAAATGHTQLVQETNQEVLKLSA,47,hypothetical protein, ,Derived by automated computational analysis using gene prediction method: GeneMarkS-2+.,OG0000139,Shell,group_2528,Cloud,,Cloud
GCF_022655485.1,MOO23_RS41005,MTIHANGIHTDDERDAWNLHEAGLSWTQVGREIGCTESTARAFASAYQQRTDAAANENQGALF,63,hypothetical protein, ,Derived by automated computational analysis using gene prediction method: Protein Homology.,OG0000063,Soft core,group_2532,Cloud,,Cloud
GCF_022655485.1,MOO23_RS41010,MTTDIHRTHQTIPPGGAPVSLNHAETDVLETFIRALALQTITEADHDREETQRDTRR,57,hypothetical protein, ,Derived by automated computational analysis using gene prediction method: Protein Homology.,OG0000291,Cloud,group_2531,Cloud,,Cloud
GCF_022655485.1,MOO23_RS41015,MKVTYGKSILIFRGALDPRTIRKFGKTMFMIFLLVGILLGGQQHTLLPVLHEIAGSSFGLTV,62,hypothetical protein, ,Derived by automated computational analysis using gene prediction method: GeneMarkS-2+.,OG0002028,,,,,Probably not conserved
GCF_022655485.1,MOO23_RS40050,MNDDEAPRGLTEAQARAEYDRLAPIMAIEGRTMDEPTKELLVQLLQENITLDDALELILLRRGQTEQ,67,hypothetical protein, ,Derived by automated computational analysis using gene prediction method: Protein Homology.,OG0000347,Cloud,,,,Probably not conserved
GCF_022655485.1,MOO23_RS40160,MESLSRGGGAVMEAPQLAAPDIRIDQYGHIEFEADETAELMVWEGA,46,hypothetical protein, ,Derived by automated computational analysis using gene prediction method: GeneMarkS-2+.,OG0002029,,,,,Probably not conserved
GCF_022655485.1,MOO23_RS40165,MSKEPTNLNGKPLKKKSPLRKQIEEARKVTQRKVVGGGLPGHGKRK,46,hypothetical protein, ,Derived by automated computational analysis using gene prediction method: GeneMarkS-2+.,OG0002030,,,,,Probably not conserved
GCF_022655485.1,MOO23_RS40280,MEDSLVALTAGLGESCCVDGERAFDRVEILVDRFLQVVALGEVGEGRCAL,50,hypothetical protein, ,Derived by automated computational analysis using gene prediction method: GeneMarkS-2+.,OG0002031,,,,,Probably not conserved
GCF_022655485.1,MOO23_RS41405,MDDLEEHVAAEHEAHAAPGNAAERAHTTSSDTDDQIFHYLLL,42,hypothetical protein, ,Derived by automated computational analysis using gene prediction method: GeneMarkS-2+.,OG0002032,,,,,Probably not conserved
GCF_022655485.1,MOO23_RS40515,MTLDQQIAELREQLNALSRRVIAVTEAAGEQDKPDVVDALSDVTRYLNDAAAILWDDQWYRS,62,hypothetical protein, ,Derived by automated computational analysis using gene prediction method: Protein Homology.,OG0000541,Cloud,,,,Probably not conserved
GCF_022655485.1,MOO23_RS40550,MFVDDYEKDAYTLHTQGRSWIEVGRELGCTAAAAESFANAYRRHTDAAAAEHQTALF,57,hypothetical protein, ,Derived by automated computational analysis using gene prediction method: Protein Homology.,OG0000063,Soft core,,,,Probably not conserved
GCF_022985635.2,MPY17_RS00385,MTTSGRMGPDDQSVNTAPVDDLHKRPENTHWILYSVLAAAFVGLHRRR,48,hypothetical protein, ,Derived by automated computational analysis using gene prediction method: Protein Homology.,OG0000569,Cloud,group_2394,Cloud,Cloud,Cloud
GCF_022985635.2,MPY17_RS00750,MGRPLRIATSDLARAAETAWILADVLGAGVRADARLREISFGEAEGRTVWAHLTPHP,57,histidine phosphatase family protein, ,Derived by automated computational analysis using gene prediction method: Protein Homology.,OG0002033,,group_900,Cloud,,Probably not conserved
GCF_022985635.2,MPY17_RS00890,MDSFIHLAGDSWNFWSPFPPAATFWLIDVMGQLSRAGIILGGS,43,hypothetical protein, ,Derived by automated computational analysis using gene prediction method: Protein Homology.,OG0000266,Cloud,group_2107,Cloud,Cloud,Cloud
GCF_022985635.2,MPY17_RS01275,MSDRDASIFESERELDEESVRKAQRTVAHHSIDAEDCRMLLAALGIPLVRDHDNETVSGTAGAESL,66,hypothetical protein, ,Derived by automated computational analysis using gene prediction method: Protein Homology.,OG0000170,Shell,group_2353,Shell,Shell,Shell
GCF_022985635.2,MPY17_RS01455,MNSHTAALDTLDLVHGLWTSPHSWNGAWLTRSSICSTNLSNAER,44,hypothetical protein, ,Derived by automated computational analysis using gene prediction method: GeneMarkS-2+.,OG0000332,Cloud,group_2286,Cloud,Cloud,Cloud
GCF_022985635.2,MPY17_RS01840,MSLYLQPRQSGTAPTPYERKLAGAIEEVFGTGVHHLEGLVKGLNALGIHSPGGDAWTTDTFTDEIRRMGA,70,hypothetical protein, ,Derived by automated computational analysis using gene prediction method: Protein Homology.,OG0000171,Shell,,,Shell,Shell
GCF_022985635.2,MPY17_RS02130,MFVCICKAVTEDEVHEHCAAGADSADAIGERCGAGWGCGTCVDRLKEILERSAADSVAA,59,(2fe-2s)-binding protein, ,Derived by automated computational analysis using gene prediction method: Protein Homology.,OG0000150,Shell,group_2172,Shell,Shell,Shell
GCF_022985635.2,MPY17_RS02645,MGIADKASNKAEDLKGQAKEATGKATGDPDLRDEGKADQASSAVKDAGEKVKDAAKNVKDKLT,63,csbd family protein, ,Derived by automated computational analysis using gene prediction method: Protein Homology.,OG0000011,Conserved,group_2411,Conserved,Shell,Shell
GCF_022985635.2,MPY17_RS03050,MAKYRVIDPRGTVVETKEIPSADDAHAWFVDVRADNSELGWRMEVDEDGTWAFFDDTEGATEK,63,hypothetical protein, ,Derived by automated computational analysis using gene prediction method: Protein Homology.,OG0000066,Soft core,group_2173,Shell,Shell,Shell
GCF_022985635.2,MPY17_RS03135,MFRFLAGGELKQDGAGSALSLDAFLRRNGIELDPTEPLYLALARIHAP,48,hypothetical protein, ,Derived by automated computational analysis using gene prediction method: GeneMarkS-2+.,OG0000762,Cloud,group_2287,Cloud,Cloud,Cloud
GCF_022985635.2,MPY17_RS03440,MSELTSWEYATVPLLTHATKQILDQWGTDGWELVTVLPGPTGEQHVAYLKRPKG,54,duf4177 domain-containing protein, ,Derived by automated computational analysis using gene prediction method: Protein Homology.,OG0000012,Conserved,group_2273,Conserved,Shell,Shell
GCF_022985635.2,MPY17_RS03605,MAQGTVKWFNAEKGFGFIAPEDGSADVFVHYSEIQGSGFRTLEENQRVEFEVGQGTKGPQATGVRAV,67,cold-shock protein, ,Derived by automated computational analysis using gene prediction method: Protein Homology.,OG0000013,Conserved,group_128,Conserved,Shell,Shell
GCF_022985635.2,MPY17_RS03640,MAMQVFSLIAILGALIVLIPTALRVFGKSDNVKAPDETEE,40,hypothetical protein, ,Derived by automated computational analysis using gene prediction method: Protein Homology.,OG0000172,Shell,group_2042,Shell,Shell,Shell
GCF_022985635.2,MPY17_RS03645,MSDSLKDRVREKLLRQLAEDGGHPVQEAEGDDPRLVSIDADLAALEQASDGDVVIEELAAKYWVP,65,hypothetical protein, ,Derived by automated computational analysis using gene prediction method: Protein Homology.,OG0000014,Conserved,group_2342,Conserved,Soft core,Soft core
GCF_022985635.2,MPY17_RS04010,MVYVSSPSKSVESLGIVLIAVGVVLLALLTLYLVGFDQGAISRSGMYLHELMHDGRHLLGVPCH,64,cbtb domain-containing protein, ,Derived by automated computational analysis using gene prediction method: Protein Homology.,OG0000173,Shell,group_2252,Shell,Shell,Shell
GCF_022985635.2,MPY17_RS04035,MALAYAPGSSVDTTRLAVISFAIVLFAMLALYLVGFDQGAISRSGMYMHELMHDGRHLLGLPCH,64,cbtb domain-containing protein, ,Derived by automated computational analysis using gene prediction method: Protein Homology.,OG0000008,Conserved,group_2468,Conserved,Soft core,Soft core
GCF_022985635.2,MPY17_RS04430,MTPNTLTAPSFHSPPPGEASVRDRAGGTARLRLWGFLTEAGRAGLES,47,hypothetical protein, ,Derived by automated computational analysis using gene prediction method: Protein Homology.,OG0000225,Shell,group_2145,Shell,Shell,Shell
GCF_022985635.2,MPY17_RS04945,MAQGVVKWFNSEKGFGFIAPDDGSADVFVHYSEISGSGYKSLEENQRVEFEVGQGQKGPQAQNVRAV,67,cold-shock protein, ,Derived by automated computational analysis using gene prediction method: Protein Homology.,OG0000003,Conserved,group_141,Shell,Shell,Shell
GCF_022985635.2,MPY17_RS05225,MEVRVDFDRCEANGVCVGIAPDIFELDDDDQLHISSAVPPADREEDVRTAIAQCPRAALTEHP,63,ferredoxin, ,Derived by automated computational analysis using gene prediction method: Protein Homology.,OG0000005,Conserved,group_2144,Shell,Shell,Shell
GCF_022985635.2,MPY17_RS05300,MAAKTTAENDIADEDLEPLADETARQAQRVVAAYAEDADECRMLLSMLGIGPTSKLD,57,hypothetical protein, ,Derived by automated computational analysis using gene prediction method: Protein Homology.,OG0000015,Conserved,group_859,Shell,Shell,Shell
GCF_022985635.2,MPY17_RS05360,MQVNSCRSVVLDAVESLPALERETLALVYYRGMSCDEVAEAMQISVATVRDRLHEGARRLLAGVGDL,67,sigma factor-like helix-turn-helix dna-binding protein, ,Derived by automated computational analysis using gene prediction method: Protein Homology.,OG0000174,Shell,group_2332,Shell,Shell,Shell
GCF_022985635.2,MPY17_RS05400,MPASSTSHASATTTASRGGATMSTEEIKARIEAMFADEAADTSPALVE,48,hypothetical protein, ,Derived by automated computational analysis using gene prediction method: Protein Homology.,OG0000002,Conserved,group_2311,Shell,Shell,Shell
GCF_022985635.2,MPY17_RS05405,MTTHNPQNAPHDGEVLVLGARSGGAIAGGLITTLALSALTLLSSLPT,47,hypothetical protein, ,Derived by automated computational analysis using gene prediction method: Protein Homology.,OG0000146,Shell,group_2277,Shell,Shell,Shell
GCF_022985635.2,MPY17_RS05750,METTSSAASYQPATVKKPWYRQLYFWVLIAIVLGILVGWLWPDTGEAMEPIGTPP,55,hypothetical protein, ,Derived by automated computational analysis using gene prediction method: GeneMarkS-2+.,OG0002034,,group_1049,Cloud,,Probably not conserved
GCF_022985635.2,MPY17_RS05805,MSSRIATTLAAIAMTLSLGALAAPAAVAAPLAPAPTPAVGSIAVCLNLPLGSASISFCI,59,hypothetical protein, ,Derived by automated computational analysis using gene prediction method: Protein Homology.,OG0000175,Shell,group_2150,Shell,Shell,Shell
GCF_022985635.2,MPY17_RS05925,MGRGRAKAKQTKVARELKYSVPTTDFDSLQRELSGGSSNSHRDEVFADQRADREGHSREDDDDWRR,66,duf3073 domain-containing protein, ,Derived by automated computational analysis using gene prediction method: Protein Homology.,OG0000049,Conserved,group_209,Shell,Shell,Shell
GCF_022985635.2,MPY17_RS06200,MTPKDASGPKTTTTDSGAPGADKDVMSDPAEDDKSSGADWSGEGGATPEGPATDTDTED,59,hypothetical protein, ,Derived by automated computational analysis using gene prediction method: Protein Homology.,OG0000020,Core,group_2276,Shell,Shell,Shell
GCF_022985635.2,MPY17_RS06480,MANNSKKQYVDPGWPETADGDHAVTELSSTRAGGLSPFGEDTEFPLPAESLPYAHPHTVINR,62,hypothetical protein, ,Derived by automated computational analysis using gene prediction method: Protein Homology.,OG0000048,Conserved,group_2147,Shell,Shell,Shell
GCF_022985635.2,MPY17_RS06525,MHGQLTGYFGAGGGVGGVLRELGEEPVAVAGARQIGFGRRVLPQTGRGRSPRQKRRIPQGGGAERIG,67,hypothetical protein, ,Derived by automated computational analysis using gene prediction method: Protein Homology.,OG0000333,Cloud,group_2242,Cloud,Cloud,Cloud
GCF_022985635.2,MPY17_RS06785,MLGIMLGLGGAAIGLGIGVMALGVGLLLSDATIKHDVGELPD,42,hypothetical protein, ,Derived by automated computational analysis using gene prediction method: GeneMarkS-2+.,OG0000176,Shell,group_1761,Shell,Shell,Shell
GCF_022985635.2,MPY17_RS06840,MSFVDTLKGLLGKGREAASQNADKVHGAIDKAADVADSKTGGKYSDKIDKAADAAKKAVPPKE,63,antitoxin, ,Derived by automated computational analysis using gene prediction method: Protein Homology.,OG0000010,Conserved,group_2241,Shell,Shell,Shell
GCF_022985635.2,MPY17_RS06920,MARGDHPQRTPFYGVVLIVVALAAAMIVNRTAPVWVQVPVYVLAVLAAMAGFVMTFRDLS,60,hypothetical protein, ,Derived by automated computational analysis using gene prediction method: Protein Homology.,OG0000209,Shell,group_2174,Shell,Shell,Shell
GCF_022985635.2,MPY17_RS07250,MKANSDRHDQHLPEHQRIADLVDDMEDRLVAEREAKGIAGNASERKQAEQLEPDDQAPE,59,hypothetical protein, ,Derived by automated computational analysis using gene prediction method: Protein Homology.,OG0000177,Shell,group_2271,Shell,Shell,Shell
GCF_022985635.2,MPY17_RS07280,MKSFVAVAEELNYGRAAEVLPSPDAVPDKQ,30,lysr family transcriptional regulator, ,Derived by automated computational analysis using gene prediction method: GeneMarkS-2+.,OG0000570,Cloud,group_2194,Cloud,Cloud,Cloud
GCF_022985635.2,MPY17_RS07300,MIVLGIILLVIGLVAGISILTTIGIILLVIGLVLLLLGTTGRAVGGRKYWY,51,duf6131 family protein, ,Derived by automated computational analysis using gene prediction method: Protein Homology.,OG0000193,Shell,group_2133,Shell,Shell,Shell
GCF_022985635.2,MPY17_RS07305,MRIGRLVTLIVIIWLLIGAVAVWQRGYFKDTTADCASAGTIAVTVIAGPLNYAGVNPKIDCEVPQPSQ,68,hypothetical protein, ,Derived by automated computational analysis using gene prediction method: Protein Homology.,OG0000017,Conserved,group_2272,Shell,Shell,Shell
GCF_022985635.2,MPY17_RS07435,MIPGGIGVVDGALIVAFVAGGLGTDEATAAVMLYRLISFALIGAIGWAVLFAARYARGTTAPRRPGG,67,hypothetical protein, ,Derived by automated computational analysis using gene prediction method: Protein Homology.,OG0002035,,group_183,Cloud,,Probably not conserved
GCF_022985635.2,MPY17_RS07595,MGKFLVPGVVSAVVGVALGTVATLGITAAAQDNTRPEIDRSGNADSSLLNQVEYGSR,57,duf2613 domain-containing protein, ,Derived by automated computational analysis using gene prediction method: Protein Homology.,OG0000016,Conserved,group_860,Shell,Shell,Shell
GCF_022985635.2,MPY17_RS07830,MWEGGILGLAVTVTVGLVGGLLSRAFKIHAGVLFMGYYVAVLSVPAILAL,50,hypothetical protein, ,Derived by automated computational analysis using gene prediction method: GeneMarkS-2+.,OG0000501,Cloud,group_2202,Cloud,Cloud,Cloud
GCF_022985635.2,MPY17_RS07845,MRGSLVEVLRECAAHAGVRIVTGRRLVVAEPTGHGIRGRSLVGYPVGP,48,hypothetical protein, ,Derived by automated computational analysis using gene prediction method: GeneMarkS-2+.,OG0000764,Cloud,group_2357,Cloud,Cloud,Cloud
GCF_022985635.2,MPY17_RS08050,MFSPSPLRPARLDDSPALPSYMAPRFAFGAATAATVPTAMVTGSALIAAAAGLLVLLAVAVAVASILI,68,hypothetical protein, ,Derived by automated computational analysis using gene prediction method: GeneMarkS-2+.,OG0002036,,group_2369,Cloud,Cloud,Cloud
GCF_022985635.2,MPY17_RS08090,MSPLVRATFQKSVIPTGPKGGGRHGGIPLSVGPTSTLIRRHEGIEMRLPNTDLLLWHTPF,60,hypothetical protein, ,Derived by automated computational analysis using gene prediction method: GeneMarkS-2+.,OG0002037,,group_716,Cloud,,Probably not conserved
GCF_022985635.2,MPY17_RS08160,MQDRDGGRRVLARAKTVMLSMVVVWADGGYAGKLVAWVDTQCRIALDTVRKPKGQRGFGVLPHR,64,hypothetical protein, ,Derived by automated computational analysis using gene prediction method: GeneMarkS-2+.,OG0002038,,group_407,Cloud,,Probably not conserved
GCF_022985635.2,MPY17_RS08205,MLSVALFWAYGIGVIVGVGAVTAGITAYRTGRRTPHRMPVDVAAGITGIVNGLLFLAVVLTHT,63,hypothetical protein, ,Derived by automated computational analysis using gene prediction method: GeneMarkS-2+.,OG0000521,Cloud,group_2395,Cloud,Cloud,Cloud
GCF_022985635.2,MPY17_RS08445,MTVGNRGYARVSSADQNPDHQVDAPRRAGVEAETVHVDHLVLVRRRWRGG,50,hypothetical protein, ,Derived by automated computational analysis using gene prediction method: GeneMarkS-2+.,OG0000400,Cloud,group_2113,Cloud,Cloud,Cloud
GCF_022985635.2,MPY17_RS08470,MTANITIIGSLWFDVSDGQDMAAMASAGTLDLTAFDHMAFPLEKANDALEQAALRTGGFANVVVTPGI,68,hypothetical protein, ,Derived by automated computational analysis using gene prediction method: GeneMarkS-2+.,OG0002039,,group_110,Cloud,,Probably not conserved
GCF_022985635.2,MPY17_RS08690,MSTALEESRRHAIELTNEKIQAVKDFFTNIFRLDTTHRTEA,41,hypothetical protein, ,Derived by automated computational analysis using gene prediction method: GeneMarkS-2+.,OG0000178,Shell,group_2433,Shell,Shell,Shell
GCF_022985635.2,MPY17_RS08855,MWWIAWVALAWIALSVPLAILIGKAIRQKDLHELPAKDDATSKNDPPDRTVA,52,hypothetical protein, ,Derived by automated computational analysis using gene prediction method: Protein Homology.,OG0000079,Soft core,group_2417,Shell,Shell,Shell
GCF_022985635.2,MPY17_RS08935,MHALLGQRDADHVDVLDVVGVHRDTDPDHARHDTSSTAPTTSR,43,hypothetical protein, ,Derived by automated computational analysis using gene prediction method: GeneMarkS-2+.,OG0002040,,group_1746,Cloud,,Probably not conserved
GCF_022985635.2,MPY17_RS09295,MHVTETPTPTVSRTMWTTEEIKARLEEMNIPRSRTRRGPRWGNRDR,46,hypothetical protein, ,Derived by automated computational analysis using gene prediction method: Protein Homology.,OG0000179,Shell,group_2404,Shell,Shell,Shell
GCF_022985635.2,MPY17_RS09420,MDPKASEAWSTTDEGKEFITASSKKWRNASIAFGTPEGAATAAGVRTTAFYTGADTGAG,59,hypothetical protein, ,Derived by automated computational analysis using gene prediction method: GeneMarkS-2+.,OG0000302,Cloud,group_2074,Cloud,Cloud,Cloud
GCF_022985635.2,MPY17_RS09590,MTTLITLACMLLLAAAVAHYGPKEGGTGVFRLEQFRIGAPLGGIFTDQPSSPEDPDWPGSGDQRAGGGSS,70,hypothetical protein, ,Derived by automated computational analysis using gene prediction method: Protein Homology.,OG0000194,Shell,,,Shell,Shell
GCF_022985635.2,MPY17_RS09885,MAARNEIRPIVKLKSTAGTGYTYVTRKNRRNDPDRLVMKKYDPVVRKHVDFREEK,55,50s ribosomal protein l33, ,Derived by automated computational analysis using gene prediction method: Protein Homology.,OG0000047,Conserved,group_2305,Shell,Shell,Shell
GCF_022985635.2,MPY17_RS09905,MAVPKRRTSRSNTRSRRSQWKAQAPDLVEVTVGGATHRVPRRLVKAVKLGLVDPAGK,57,50s ribosomal protein l32, ,Derived by automated computational analysis using gene prediction method: Protein Homology.,OG0000060,Soft core,group_2234,Shell,Shell,Shell
GCF_022985635.2,MPY17_RS10030,MSDAELRKAIRVLRERADDARHRGNDDDANGIERTIRTYQEEMTQRL,47,hypothetical protein, ,Derived by automated computational analysis using gene prediction method: Protein Homology.,OG0000059,Core,group_1481,Shell,Soft core,Shell
GCF_022985635.2,MPY17_RS10190,MAEGIVKWFNSEKGFGFIAPEDGSADVFVHYSEIQSGGFRTLEENQRVSFEIGQGNKGPQATGVTLI,67,cold-shock protein, ,Derived by automated computational analysis using gene prediction method: Protein Homology.,OG0000046,Conserved,group_2233,Shell,Soft core,Shell
GCF_022985635.2,MPY17_RS10965,MSEDRRISRLLPVRRVLAAAGIAGLVAGGGMAAAADPATPDSAVAAPLVSAGFGAPDAVSSGS,63,hypothetical protein, ,Derived by automated computational analysis using gene prediction method: Protein Homology.,OG0000180,Shell,group_2175,Shell,Shell,Shell
GCF_022985635.2,MPY17_RS11105,MRAVRTAWWWTGSLMGDHDYSRYVEHLRRNHPDAEVPTEREYWKARYADADANPGARCC,59,ybdd/yjix family protein, ,Derived by automated computational analysis using gene prediction method: Protein Homology.,OG0000045,Conserved,group_2289,Shell,Core,Shell
GCF_022985635.2,MPY17_RS11185,MAEPVKGPASYFPSIEEKYGRPISEWQTLIRSSELTKHMELVSWLKSEHGLGHGHANALVAYTLKEDAAD,70,duf4287 domain-containing protein, ,Derived by automated computational analysis using gene prediction method: Protein Homology.,OG0000027,Conserved,,,Shell,Shell
GCF_022985635.2,MPY17_RS11240,MDLAFLSEFFSAFSDLAGALDFFSGSADALGGGADAATAAAATIG,45,hypothetical protein, ,Derived by automated computational analysis using gene prediction method: Protein Homology.,OG0000181,Shell,group_2197,Shell,Shell,Shell
GCF_022985635.2,MPY17_RS11390,MKASKVSGLKPKKKCCRSKTRCIKCPVVIMRMKKLENEGASKKELKKGLKKARAA,55,hypothetical protein, ,Derived by automated computational analysis using gene prediction method: GeneMarkS-2+.,OG0000044,Conserved,group_2219,Shell,Core,Shell
GCF_022985635.2,MPY17_RS11410,MYNWDVQNAIVAFVDTLRPSWPAQHDLYYSVLYGFADMQSHLLTLLGYPPVG,52,hypothetical protein, ,Derived by automated computational analysis using gene prediction method: Protein Homology.,OG0000058,Core,group_1177,Shell,Soft core,Shell
GCF_022985635.2,MPY17_RS11450,MTSFDAADSPEVPEADRLEQELAVDDDSSDEVEEVSSLEVNEADVAEQSRAVPVDEDYPRE,61,hypothetical protein, ,Derived by automated computational analysis using gene prediction method: Protein Homology.,OG0000057,Core,group_2212,Shell,Soft core,Shell
GCF_022985635.2,MPY17_RS11605,MAAMKPRTGDGPLEATKEGRGIVMRVPLEGGGRLVVELTPEEAAALGEELKGVTS,55,duf3117 domain-containing protein, ,Derived by automated computational analysis using gene prediction method: Protein Homology.,OG0000043,Conserved,group_1006,Shell,Shell,Shell
GCF_022985635.2,MPY17_RS12105,MSDRDNNVLENELVEESLVEEVSIDGMCGVY,31,mycofactocin precursor mfta, ,"Mycofactocin is a small molecule electron carrier derived from the final two amino acids, Val-Tyr, of MftA, the mycofactocin precursor. It plays a role in redox homeostasis and the metabolism of alcohols and aldehydes in Actinobacteria, including Mycobacterium tuberculosis; Derived by automated computational analysis using gene prediction method: Protein Homology.",OG0000009,Conserved,group_2326,Conserved,Shell,Shell
GCF_022985635.2,MPY17_RS12475,MAKKALVNKANKKPKFAVRAYTRCQRCGRPHSVFRKFGLCRICVREMAHAGELPGVHKSSW,61,type z 30s ribosomal protein s14, ,Derived by automated computational analysis using gene prediction method: Protein Homology.,OG0000028,Conserved,group_2294,Conserved,Shell,Shell
GCF_022985635.2,MPY17_RS12500,MAELKVTQIKSTIGTKQNQRNSLRTLGLKGIRQTVVREDNAQNRGLINVVRHLVTVEEV,59,50s ribosomal protein l30, ,Derived by automated computational analysis using gene prediction method: Protein Homology.,OG0000029,Conserved,rpmD,Conserved,Shell,Shell
GCF_022985635.2,MPY17_RS12535,MKVQPSVKKICEKCKVIRRNGRVMVICENLRHKQRQG,37,50s ribosomal protein l36, ,Derived by automated computational analysis using gene prediction method: Protein Homology.,OG0000030,Conserved,rpmJ,Conserved,Soft core,Soft core
GCF_022985635.2,MPY17_RS12655,MRADLEMFRERIDERKARDEEAAANRSGRGRTESAAAPPAAAQPRTLDDDEFYRPRSWLV,60,hypothetical protein, ,Derived by automated computational analysis using gene prediction method: Protein Homology.,OG0000263,Shell,group_2245,Shell,Shell,Shell
GCF_022985635.2,MPY17_RS13055,MAESVPFEFDAFDLAGHTTLEDVTYLPPPEPRTDEMPLSQTVVDFAGE,48,hypothetical protein, ,Derived by automated computational analysis using gene prediction method: Protein Homology.,OG0000389,Cloud,group_2114,Cloud,Cloud,Cloud
GCF_022985635.2,MPY17_RS13665,MLVIGILLTLSLASVAWLCVSTAHGGRSGLAGPPRSHLHSD,41,hypothetical protein, ,Derived by automated computational analysis using gene prediction method: GeneMarkS-2+.,OG0000182,Shell,group_2124,Shell,Shell,Shell
GCF_022985635.2,MPY17_RS13790,MPTTTRPDAVRMPAAIADSLTAEQIYTNRFTDPAIGISSP,40,hypothetical protein, ,Derived by automated computational analysis using gene prediction method: GeneMarkS-2+.,OG0000768,Cloud,group_2125,Cloud,Cloud,Cloud
GCF_022985635.2,MPY17_RS14115,MTFTVTHRSFDQLAEFAVTDFGDDDSYSIHESGALVIVRAARELIYAPGSWFLVEREDGQEDGSPGNYM,69,hypothetical protein, ,Derived by automated computational analysis using gene prediction method: Protein Homology.,OG0000151,Shell,group_2,Shell,Shell,Shell
GCF_022985635.2,MPY17_RS14500,MTDASNEDTKKKFREALERKNHQAGLSTDHKDGHSKAHEAHGPADHKREFRRKTG,55,duf5302 domain-containing protein, ,Derived by automated computational analysis using gene prediction method: Protein Homology.,OG0000031,Conserved,group_2470,Core,Soft core,Soft core
GCF_022985635.2,MPY17_RS14590,MAAVCDVCAKGPGFGKSVSHSHRRTNRRWNPNIQTVRAEVAPGNTRKVNVCTSCLKAGKVARG,63,50s ribosomal protein l28, ,Derived by automated computational analysis using gene prediction method: Protein Homology.,OG0000032,Conserved,rpmB,Conserved,Soft core,Soft core
GCF_022985635.2,MPY17_RS14630,MAVPKRRMSRSNTRSRRSQWKTTVPTLVTCPNRGCGEKTLPHVACPSCGTYKGRQVTAAV,60,50s ribosomal protein l32, ,Derived by automated computational analysis using gene prediction method: Protein Homology.,OG0000033,Conserved,group_2479,Conserved,Soft core,Soft core
GCF_022985635.2,MPY17_RS15130,MRGTLDARRQRAGAAECSALDEQCRCASRERLAIARKLHDVLAHSLY,47,histidine kinase, ,Derived by automated computational analysis using gene prediction method: Protein Homology.,OG0000345,Cloud,group_2188,Cloud,Cloud,Cloud
GCF_022985635.2,MPY17_RS15255,MHTPVPALSSKLMVDPFGEGSTNLRGAAVRRIVFGDKLICPFVTRLRPTAFAPGRPQSKRRP,62,hypothetical protein, ,Derived by automated computational analysis using gene prediction method: GeneMarkS-2+.,OG0000334,Cloud,group_2101,Cloud,Cloud,Cloud
GCF_022985635.2,MPY17_RS15285,MRLLRGLLDVVLGILTAILGTVLGIVAAVVWLVGGVLCVTVILLPLGLPVVRLARRLFTLARKLMHLP,68,hypothetical protein, ,Derived by automated computational analysis using gene prediction method: Protein Homology.,OG0000152,Shell,group_2196,Shell,Shell,Shell
GCF_022985635.2,MPY17_RS15390,MDVDVELDALSYSNQRRHVLSVEGAKTDETPQRRIGKTVDALRHG,45,ydei/ompd-associated family protein, ,Derived by automated computational analysis using gene prediction method: Protein Homology.,OG0002041,,group_1641,Cloud,,Probably not conserved
GCF_022985635.2,MPY17_RS15500,MFWKIVLAVAAIWIALAVVGALVKGLFWILVVSAVVFGVYLLIKAMSGSGEKSDITRS,58,hypothetical protein, ,Derived by automated computational analysis using gene prediction method: Protein Homology.,OG0000034,Conserved,group_808,Shell,Soft core,Shell
GCF_022985635.2,MPY17_RS15525,MRLTEFHQLVREEFGQMRGDALLVDHVLLSLGGKTAAEAIEDGREPREVWRELCVEFDVPPQRR,64,duf3046 domain-containing protein, ,Derived by automated computational analysis using gene prediction method: Protein Homology.,OG0000035,Conserved,group_2481,Conserved,Shell,Shell
GCF_022985635.2,MPY17_RS15805,MPGTLTSPPLTAADRCDRCGAGARVRAVLPTGGELLFCGHHANEHADRLREMNATIVSEAEAAI,64,hypothetical protein, ,Derived by automated computational analysis using gene prediction method: Protein Homology.,OG0000036,Conserved,group_2483,Conserved,Shell,Shell
GCF_022985635.2,MPY17_RS16345,MYESYRGADAHAILDALDKEYHLDTPWFTPARWLEGHGVDF,41,hypothetical protein, ,Derived by automated computational analysis using gene prediction method: GeneMarkS-2+.,OG0000278,Shell,group_2313,Shell,Cloud,Shell
GCF_022985635.2,MPY17_RS16450,MLASIAAQCADRDMIRYLLDGGPYVVSTLRGLRDDQLHGLWRPEWTPVPSAFLDALSATKGPTLI,65,hypothetical protein, ,Derived by automated computational analysis using gene prediction method: GeneMarkS-2+.,OG0000335,Cloud,group_2243,Cloud,Cloud,Cloud
GCF_022985635.2,MPY17_RS16455,MDEITAQLEDATAITVLLGQRSAETTAAACTWAGEWVHRIEGRGRHR,47,hypothetical protein, ,Derived by automated computational analysis using gene prediction method: GeneMarkS-2+.,OG0002042,,group_1527,Cloud,,Probably not conserved
GCF_022985635.2,MPY17_RS16460,MAEFDPPTTQRPPRPAITTELAAGGFEDARETGRGGFGIVYRCLNHPWTAPSR,53,hypothetical protein, ,Derived by automated computational analysis using gene prediction method: GeneMarkS-2+.,OG0000823,Cloud,,,Cloud,Cloud
GCF_022985635.2,MPY17_RS16470,MHVTEHEGDPSRRPLTYDEIQALFDAADARVEQIRAHHRNGATAAMGTPLFSNRCTRSGFAAAKPGDWSP,70,bifunctional nuclease family protein, ,Derived by automated computational analysis using gene prediction method: GeneMarkS-2+.,OG0002043,,,,,Probably not conserved
GCF_022985635.2,MPY17_RS16480,MITRADYPANGGTAYFSITLPSTQQVITSTTPVRGSVPVTLEQIEYLATTPELDLS,56,hypothetical protein, ,Derived by automated computational analysis using gene prediction method: GeneMarkS-2+.,OG0000622,Cloud,group_980,Cloud,,Cloud
GCF_022985635.2,MPY17_RS16550,MTLSRASSPLGLPSDAAIGRAFLDELLAPLRECRDGLRLDEHDLSAAPIVRCSR,54,hypothetical protein, ,Derived by automated computational analysis using gene prediction method: GeneMarkS-2+.,OG0000303,Cloud,group_2482,Cloud,Cloud,Cloud
GCF_022985635.2,MPY17_RS16675,MSDSWKELREPVLEVVSAGPRTTELRVNAALDQLPIVQAAARTLTRRRGFALKEIAEVTHAIDEVGAARC,70,hypothetical protein, ,Derived by automated computational analysis using gene prediction method: GeneMarkS-2+.,OG0002044,,,,,Probably not conserved
GCF_022985635.2,MPY17_RS16845,MVAATPDRNGERKATSEALGVHLPQLPNALDGAVQRHLTVP,41,hypothetical protein, ,Derived by automated computational analysis using gene prediction method: GeneMarkS-2+.,OG0000574,Cloud,group_2462,Cloud,Cloud,Cloud
GCF_022985635.2,MPY17_RS16870,MPNTTEPPRPSDLRHADEHAARSCAGFCPAPAATTGDPALVTLRATIIAGVSGEGSAT,58,hypothetical protein, ,Derived by automated computational analysis using gene prediction method: GeneMarkS-2+.,OG0002045,,,,,Probably not conserved
GCF_022985635.2,MPY17_RS16970,MPTLVRETIVDGTFPLGSRLSEPEICSAVGVSRNTLRESFHLSICR,46,gntr family transcriptional regulator, ,Derived by automated computational analysis using gene prediction method: Protein Homology.,OG0002046,,group_1592,Cloud,,Probably not conserved
GCF_022985635.2,MPY17_RS17030,MPKTIIPTVAALWLVLAALAAWSTIAFAIAALAAVASGCYLLANAVTGARHR,52,hypothetical protein, ,Derived by automated computational analysis using gene prediction method: Protein Homology.,OG0000205,Shell,group_2509,Cloud,,Cloud
GCF_022985635.2,MPY17_RS17135,MYASTLVGVAAMSCPCSVIRTVAMIGWVAVSMTLTAVVGVLWAT,44,hypothetical protein, ,Derived by automated computational analysis using gene prediction method: GeneMarkS-2+.,OG0000770,Cloud,group_2518,Cloud,Cloud,Cloud
GCF_022985635.2,MPY17_RS17150,MTQRLLTVPIVFKSDALPYIAPFQLGGQIEVHLSWTPTLGRWWRNLAE,48,hypothetical protein, ,Derived by automated computational analysis using gene prediction method: GeneMarkS-2+.,OG0000336,Cloud,group_2519,Cloud,Cloud,Cloud
GCF_022985635.2,MPY17_RS17165,MRPGKTTWCRAVPGQFVAEYIPTGQEPDGSDPEEQATYWAQVNAQRWRRALTLEDAGGVAVCDSDPLKLD,70,hypothetical protein, ,Derived by automated computational analysis using gene prediction method: GeneMarkS-2+.,OG0000524,Cloud,,,Cloud,Cloud
GCF_022985635.2,MPY17_RS18115,MDLTAIGVGFGYVVVVLTILVVVVGVSALFVFSIKSDFIPPESPGAPTGRKRIGRAE,57,adenylate cyclase, ,Derived by automated computational analysis using gene prediction method: Protein Homology.,OG0000195,Shell,group_868,Shell,Cloud,Shell
GCF_022985635.2,MPY17_RS18260,MIILGIILAIIGAVAGIPVLLYVGIALIVIGVVLEIMGMTGHAVAGRRHYY,51,duf6131 family protein, ,Derived by automated computational analysis using gene prediction method: Protein Homology.,OG0000000,Conserved,group_2027,Cloud,Cloud,Cloud
GCF_022985635.2,MPY17_RS18265,MSIVKKLRHKAETAEGATKKTVGKALGNERMEAEGSAEQAKGNAKQTGDKFKQKIRHPFKH,61,csbd family protein, ,Derived by automated computational analysis using gene prediction method: Protein Homology.,OG0000073,Shell,group_645,Cloud,Cloud,Cloud
GCF_022985635.2,MPY17_RS18290,MSDGNTGAAGGGAIYALGIFGAWVWFWQQADAFWEYVLAIIQGLFWPAWMVYDVFKVLAG,60,hypothetical protein, ,Derived by automated computational analysis using gene prediction method: Protein Homology.,OG0000202,Shell,group_2473,Shell,Shell,Shell
GCF_022985635.2,MPY17_RS18565,MPKTIIPVIGALWLVLAAIGAWSTIAFAIAAPAAVLLGTYLLASAVTGSNGH,52,hypothetical protein, ,Derived by automated computational analysis using gene prediction method: Protein Homology.,OG0000205,Shell,group_2416,Cloud,Cloud,Cloud
GCF_022985635.2,MPY17_RS18830,MRTGTVRWFNAEQGFGFLAPADGSDDIFVHVSEIAGDGHRILEEGQRVSFTVCRTETGNQARDVRVA,67,cold shock domain-containing protein, ,Derived by automated computational analysis using gene prediction method: Protein Homology.,OG0000157,Shell,group_2429,Shell,Shell,Shell
GCF_022985635.2,MPY17_RS18865,MTKDTHGETDEPKGGRPGPADHGKDGGMATRENAPELADDSADAETETD,49,hypothetical protein, ,Derived by automated computational analysis using gene prediction method: Protein Homology.,OG0000018,Core,group_2420,Shell,Shell,Shell
GCF_022985635.2,MPY17_RS18905,MNTFTTPTSARNRGFAPSRGSMSTMEIKNRIEAMFREDDERESRAIRAE,49,hypothetical protein, ,Derived by automated computational analysis using gene prediction method: GeneMarkS-2+.,OG0000190,Shell,group_2397,Shell,Shell,Shell
GCF_022985635.2,MPY17_RS19155,MHSDTTTRELLHDHTKVTRRFALADVALTTFVCLVCATGICIITGSVLAAATGGLIVVLATALMVAAV,68,hypothetical protein, ,Derived by automated computational analysis using gene prediction method: Protein Homology.,OG0000158,Shell,group_2345,Shell,Shell,Shell
GCF_022985635.2,MPY17_RS19230,MADKSAVKSSKQSARALRERRAEKRAKAQESTKIIRKRKG,40,hypothetical protein, ,Derived by automated computational analysis using gene prediction method: Protein Homology.,OG0000004,Core,group_2338,Shell,Shell,Shell
GCF_022985635.2,MPY17_RS19275,METGTDETKTCSFCRGPIGYEIKDAHAGFASLPPGKRYRVFHCMNRCPRSAPDGLECGHRHEYL,64,hypothetical protein, ,Derived by automated computational analysis using gene prediction method: Protein Homology.,OG0000203,Shell,group_350,Shell,Shell,Shell
GCF_022985635.2,MPY17_RS19310,MEHHAGTATLRGGYAEYESAGERHVETPRIADRPSLSVESYMRNLVGKWEVRSR,54,hypothetical protein, ,Derived by automated computational analysis using gene prediction method: GeneMarkS-2+.,OG0000390,Cloud,group_2035,Cloud,Cloud,Cloud
GCF_022985635.2,MPY17_RS19400,MSEMVPADDTRRIALVDLLDRVLGGGVVITGEITLSLADVDMVRISLRTLIASVSALVPDPAGPDPADD,69,gas vesicle protein, ,Derived by automated computational analysis using gene prediction method: Protein Homology.,OG0000145,Shell,group_2318,Shell,Shell,Shell
GCF_022985635.2,MPY17_RS19410,MNMGKKIRHKVETAEGATKKAVGRATGNAHLEAEGSKEQAKGNTKQMGDKFKDAGKKIKNAFNH,64,csbd family protein, ,Derived by automated computational analysis using gene prediction method: Protein Homology.,OG0000073,Shell,group_2267,Shell,Shell,Shell
GCF_022985635.2,MPY17_RS19490,MSAVESAAWCTACPHSTDSHDALGIRFCAVTSARSLDRKCICAGEQVSGQHYSRY,55,rgcvc family protein, ,Derived by automated computational analysis using gene prediction method: Protein Homology.,OG0000210,Shell,group_2316,Cloud,Cloud,Cloud
GCF_022985635.2,MPY17_RS19495,MPSASWESVLCGHAVHHAADSTADTGLGDSDTSKFDTSVGFDAMAALQFSALGLRAGVGAEDDMA,65,hypothetical protein, ,Derived by automated computational analysis using gene prediction method: Protein Homology.,OG0000346,Cloud,group_2333,Cloud,Cloud,Cloud
GCF_022985635.2,MPY17_RS19645,MSTNTYPTIETIRIGQSGHECRYCGHAVAKDGPGYRHTTTGQYRCDPASRALNEARLSNSMVRS,64,hypothetical protein, ,Derived by automated computational analysis using gene prediction method: Protein Homology.,OG0000148,Shell,group_2334,Shell,Shell,Shell
GCF_022985635.2,MPY17_RS19680,MRTAFCNTLFHVFDHRICCGRIPEWTAHVGQPWDTYDVAPWNLYNAIWRIQHWIRSGVDADR,62,hypothetical protein, ,Derived by automated computational analysis using gene prediction method: Protein Homology.,OG0000219,Shell,group_2337,Shell,Shell,Shell
GCF_022985635.2,MPY17_RS19725,MVYDRAVADQPRLLAAVRAATTLALDNQRLQGELEAQFAEVRRARAQTVEYPGSPTRRC,59,hypothetical protein, ,Derived by automated computational analysis using gene prediction method: GeneMarkS-2+.,OG0000488,Cloud,group_2093,Cloud,Cloud,Cloud
GCF_022985635.2,MPY17_RS19785,MGSSEIFTDLVAWGAEGFLNGNPVQSPVGTVLFLGLGLWDLVTGAPIVI,49,hypothetical protein, ,Derived by automated computational analysis using gene prediction method: Protein Homology.,OG0000061,Soft core,group_2418,Shell,Shell,Shell
GCF_022985635.2,MPY17_RS20095,MPAAQTEHRRDTHDNGVNAADEKTMLKFAQTWQPCGGADEQILSEFVVTDAF,52,hypothetical protein, ,Derived by automated computational analysis using gene prediction method: GeneMarkS-2+.,OG0000774,Cloud,group_2122,Cloud,Cloud,Cloud
GCF_022985635.2,MPY17_RS20230,MRSTGYPLGASLSFLSTLNLGGALGALGGAALADWYGIKPVTAALGESGRFSS,53,hypothetical protein, ,Derived by automated computational analysis using gene prediction method: GeneMarkS-2+.,OG0002047,,group_1161,Cloud,,Probably not conserved
GCF_022985635.2,MPY17_RS20315,MNRTELPQTLRRSSKEVQAAFATAHEMAVRRYGEGEEAQRAAYGELKQSYELVTDHWVPKQD,62,chab family protein, ,Derived by automated computational analysis using gene prediction method: Protein Homology.,OG0000159,Shell,group_518,Shell,Cloud,Shell
GCF_022985635.2,MPY17_RS20325,MNNDQRRALEHVRDTCAMLDSFLTTHPSDRPPERVRSATFEQLTDDLLDAVTAAQNAGVPEQRIFDSM,68,hypothetical protein, ,Derived by automated computational analysis using gene prediction method: Protein Homology.,OG0000135,Shell,group_2185,Shell,Cloud,Shell
GCF_022985635.2,MPY17_RS20445,MTQQLYLMPQPTIAAINGGCADSGLSMAAAADFRIASDSIVFNTDSPTAGFPGDLAGI,58,enoyl-coa hydratase-related protein, ,Derived by automated computational analysis using gene prediction method: Protein Homology.,OG0000337,Cloud,group_2214,Cloud,Cloud,Cloud
GCF_022985635.2,MPY17_RS20455,MQRRRPYHPILGGAGLVLAGAHSAPERVPPGSMAQLVAGASSAGDTLRPQVIAVT,55,hypothetical protein, ,Derived by automated computational analysis using gene prediction method: GeneMarkS-2+.,OG0000576,Cloud,group_2306,Cloud,Cloud,Cloud
GCF_022985635.2,MPY17_RS20495,MTIDHDKTELPLFSAQRTLTHRTQEPVTDAPRTDDPPTQTSAEIHRSLFSDE,52,hypothetical protein, ,Derived by automated computational analysis using gene prediction method: Protein Homology.,OG0000222,Shell,group_2253,Shell,Cloud,Shell
GCF_022985635.2,MPY17_RS20505,MAQGIVKWFNGEKGFGFIAPDDGTPDVFVHYSEISGSGFKSLDENQRVEFEVGQGQKGPQATNVRSV,67,cold-shock protein, ,Derived by automated computational analysis using gene prediction method: Protein Homology.,OG0000003,Conserved,group_1996,Shell,Cloud,Cloud
GCF_022985635.2,MPY17_RS20580,MATTSIAPTTPTGRQTPRHSGTMSTAEIKSRIEAMFADDRRPTRPAVTN,49,hypothetical protein, ,Derived by automated computational analysis using gene prediction method: Protein Homology.,OG0000002,Conserved,group_2516,Shell,Cloud,Cloud
GCF_022985635.2,MPY17_RS20585,MQLVEITMLLGSRERLETTVVDFDRAVQLIRETVGALLDIVYP,43,hypothetical protein, ,Derived by automated computational analysis using gene prediction method: GeneMarkS-2+.,OG0002048,,group_1747,Cloud,,Probably not conserved
GCF_022985635.2,MPY17_RS20595,MYSKRAVQALTEPDSWDDRLDAEFDQCWTSADFAERQLARAENRVPKFVGK,51,hypothetical protein, ,Derived by automated computational analysis using gene prediction method: GeneMarkS-2+.,OG0000391,Cloud,group_2066,Cloud,Cloud,Cloud
GCF_022985635.2,MPY17_RS20605,MSTRIAAALSAVAITLSLGALTAPTASAAPAVPAATPAAGSVTICFGIPLGSASLNWCF,59,hypothetical protein, ,Derived by automated computational analysis using gene prediction method: Protein Homology.,OG0000233,Shell,group_2315,Cloud,Cloud,Cloud
GCF_022985635.2,MPY17_RS20615,MFWRYPSELVVMVTVVALFLVKLLARPALLTHGTPQESTT,40,hypothetical protein, ,Derived by automated computational analysis using gene prediction method: GeneMarkS-2+.,OG0000392,Cloud,group_2195,Cloud,Cloud,Cloud
GCF_022985635.2,MPY17_RS20630,MEYDLRRCNLASPLADVRVPAGRTRAIAAAIRTGLAHGDDPDNIEELIRCAEAAGLPLTLW,61,hypothetical protein, ,Derived by automated computational analysis using gene prediction method: GeneMarkS-2+.,OG0000338,Cloud,group_2299,Cloud,Cloud,Cloud
GCF_022985635.2,MPY17_RS20665,MRRAVPAAADAFPVRPATSNPLAHPGLQRRLAAAAEALGYILV,43,hypothetical protein, ,Derived by automated computational analysis using gene prediction method: GeneMarkS-2+.,OG0002049,,group_1748,Cloud,,Probably not conserved
GCF_022985635.2,MPY17_RS20985,MLREQCPNCGFHFPYMTEQESSFGVFKDLAPAPAEAKKGSEPADKVPAPA,50,hypothetical protein, ,Derived by automated computational analysis using gene prediction method: GeneMarkS-2+.,OG0002050,,group_1344,Cloud,,Probably not conserved
GCF_022985635.2,MPY17_RS21090,MAAPNGATIATLTIPNNASGFSDALAWIAEHAPGPASWSDSKKPAATESAWLAR,54,hypothetical protein, ,Derived by automated computational analysis using gene prediction method: GeneMarkS-2+.,OG0000577,Cloud,group_2346,Cloud,,Cloud
GCF_022985635.2,MPY17_RS21100,MRHSSGPAGVITADFEMDNVAFLRKLFAYLEIAAPAPLRPDLVDRTSLVARRRLWLVT,58,hypothetical protein, ,Derived by automated computational analysis using gene prediction method: Protein Homology.,OG0000196,Shell,group_2104,Cloud,,Cloud
GCF_022985635.2,MPY17_RS21160,MTDQLHADLTERLGRAVARAAMDGGPLFGTVEITIAELAELLESRTPPGE,50,hypothetical protein, ,Derived by automated computational analysis using gene prediction method: Protein Homology.,OG0000136,Shell,group_2495,Shell,Cloud,Shell
GCF_022985635.2,MPY17_RS21325,MEGKKKIAAPVRGGDAESLAADVFEEGGCLFLLEDAVDLEEIGGDVVRD,49,hypothetical protein, ,Derived by automated computational analysis using gene prediction method: GeneMarkS-2+.,OG0000578,Cloud,group_2072,Cloud,Cloud,Cloud
GCF_022985635.2,MPY17_RS21405,MENVAIAGTTTRQFPLLISASAMIERAARETNLQLGHLDEKRAGAVIDAGKKIRQA,56,hypothetical protein, ,Derived by automated computational analysis using gene prediction method: GeneMarkS-2+.,OG0000339,Cloud,group_2095,Cloud,Cloud,Cloud
GCF_022985635.2,MPY17_RS21555,MLTYEIIAHALRRLSAGNLPAGAITEQQYRLMDAETVAFLTLCASSAGVTWITPVGQVARPRWRA,65,hypothetical protein, ,Derived by automated computational analysis using gene prediction method: GeneMarkS-2+.,OG0002051,,group_327,Cloud,,Probably not conserved
GCF_022985635.2,MPY17_RS21610,MNLDNAVGLVLVVLLAVFLIAALLFPERF,29,k(+)-transporting atpase subunit f, ,Derived by automated computational analysis using gene prediction method: GeneMarkS-2+.,OG0000395,Cloud,group_1949,Cloud,Cloud,Cloud
GCF_022985635.2,MPY17_RS21620,MGNLLITFVLLGSFLGAALMIRYLNTRSARPAPGTSQRRREATSVERQQRSIRL,54,hypothetical protein, ,Derived by automated computational analysis using gene prediction method: GeneMarkS-2+.,OG0000242,Shell,group_2249,Cloud,Cloud,Cloud
GCF_022985635.2,MPY17_RS21640,MAGAFETGLKITTLIDLAQRPRSAIRGSKFLWALALALVNSGGILPLIYLLRGRAG,56,duf5652 family protein, ,Derived by automated computational analysis using gene prediction method: Protein Homology.,OG0002052,,group_981,Cloud,,Probably not conserved
GCF_022985635.2,MPY17_RS21655,MSNGVTVLEAGLWERPKDIYAAAVRAKTGGDPDVPATQTVSVSMDSLLIPYSAQ,54,hypothetical protein, ,Derived by automated computational analysis using gene prediction method: GeneMarkS-2+.,OG0002053,,group_1102,Cloud,,Probably not conserved
GCF_022985635.2,MPY17_RS21685,MSGAGGWFPFSAPGLWAISGGSGAGLVTGMQLLLVLPVPAVFIALTLIAWQRLTLTP,57,hypothetical protein, ,Derived by automated computational analysis using gene prediction method: GeneMarkS-2+.,OG0002054,,group_901,Cloud,,Probably not conserved
GCF_022985635.2,MPY17_RS21865,MAQEQTKRTGGGDEDDTPGGDGAAGQERREKLAEDTDDLLDEIDDVLEENAEDFVRAYVQKGGQ,64,ubiquitin-like protein pup, ,Derived by automated computational analysis using gene prediction method: Protein Homology.,OG0000037,Conserved,group_343,Shell,Shell,Shell
GCF_022985635.2,MPY17_RS21980,MSTSDTAGHTEFPASMGKVSRRELASHGYTRFDQLTTVTAKELSKIHGVGPKAIRILEEELAERGLGFAN,70,hypothetical protein, ,Derived by automated computational analysis using gene prediction method: Protein Homology.,OG0000050,Conserved,,,Shell,Shell
GCF_022985635.2,MPY17_RS22375,MVIDPTLLGILACPQDKGPLLLVGDELLYNPRLRRAYPIENGIPVLLIDEARDVGADEHETLLARAAGEA,70,trm112 family protein, ,Derived by automated computational analysis using gene prediction method: Protein Homology.,OG0000038,Conserved,,,Soft core,Soft core
GCF_022985635.2,MPY17_RS22450,MPKSKTHSGTAKRFKVSGSGKILRQKAGRRHLLEHKATKVTRRLDGVAVVSKADTPRIKRLLDI,64,50s ribosomal protein l35, ,Derived by automated computational analysis using gene prediction method: Protein Homology.,OG0000039,Conserved,rpmI,Shell,Soft core,Shell
GCF_022985635.2,MPY17_RS22735,MPLIQISQTPGLTAEQKRATIEAVTQAYADATGKDPAKVWVTITEVPRDSWGVGGTPLG,59,2-hydroxymuconate tautomerase family protein, ,Derived by automated computational analysis using gene prediction method: Protein Homology.,OG0000160,Shell,group_2162,Shell,Shell,Shell
GCF_022985635.2,MPY17_RS22775,MSVVLVYVLFIAAGIAAGGAYSMWKFNKLASGVLLALAVLAAVAGVLRLM,50,hypothetical protein, ,Derived by automated computational analysis using gene prediction method: Protein Homology.,OG0000040,Conserved,group_1297,Shell,Core,Shell
GCF_022985635.2,MPY17_RS22945,MHVAVGDRLHVQGRVVGVHETTAEVVEVHGENGAPPYLVRYDDGHEALVFPGSDAWVEHPKS,62,duf1918 domain-containing protein, ,Derived by automated computational analysis using gene prediction method: Protein Homology.,OG0000041,Conserved,group_504,Shell,Soft core,Shell
GCF_022985635.2,MPY17_RS22950,MATYRYLDKDRNVLEEQDFGTVQDAEEHRLSVLGAEIIEEVEDSGTPES,49,hypothetical protein, ,Derived by automated computational analysis using gene prediction method: Protein Homology.,OG0000054,Core,group_2183,Shell,Soft core,Shell
GCF_022985635.2,MPY17_RS23510,MTDEDHLWYYNVEDGTVTQGKAASSMSRMGPYPDRASAEKALQIAAERNKAADRADEEWNN,61,hypothetical protein, ,Derived by automated computational analysis using gene prediction method: Protein Homology.,OG0000042,Conserved,group_2293,Shell,Soft core,Shell
GCF_022985635.2,MPY17_RS23595,MCSDLTKLGDDELLAQLDEHRALLGESIANDYGCETVRGVTSRITAFEAELDRRGSAVSREAT,63,hypothetical protein, ,Derived by automated computational analysis using gene prediction method: Protein Homology.,OG0000192,Shell,group_2325,Shell,Shell,Shell
GCF_022985635.2,MPY17_RS23600,MPRYKVTLRNGTSSDKSFESDFQAVNETHRPTESGAGIVKIDRYEEDGGVTGVWSVPATSRTSRT,65,hypothetical protein, ,Derived by automated computational analysis using gene prediction method: Protein Homology.,OG0000113,Soft core,group_2295,Shell,Shell,Shell
GCF_022985635.2,MPY17_RS23815,MTGAGILAVALVAIAAALVVYLLIALIDPERF,32,potassium-transporting atpase subunit f, ,Derived by automated computational analysis using gene prediction method: Protein Homology.,OG0000055,Core,group_2327,Shell,Soft core,Shell
GCF_022985635.2,MPY17_RS23995,MDRMASWWDGFELWIAGLPFVPQVALVLLVMVPVCRGLAWLLDRGLAAVFVLLRRDVSKVEEP,63,hypothetical protein, ,Derived by automated computational analysis using gene prediction method: Protein Homology.,OG0000056,Core,group_427,Shell,Shell,Shell
GCF_022985635.2,MPY17_RS24075,MSESERTDLDVDDELDAGQVWRAQRVVAAQSLDAEDCRMLLSMLGIAGNPDAPEVD,56,hypothetical protein, ,Derived by automated computational analysis using gene prediction method: Protein Homology.,OG0000161,Shell,group_2171,Shell,Shell,Shell
GCF_022985635.2,MPY17_RS24225,MNDHHVQLFSELHSTAGSQAGGEDAGEALRPVDPEHRTATEVHRALFSDQ,50,hypothetical protein, ,Derived by automated computational analysis using gene prediction method: GeneMarkS-2+.,OG0000162,Shell,group_2285,Shell,Shell,Shell
GCF_022985635.2,MPY17_RS24240,MIPTLLYYGVPAAVVTVTLWVGFLGWRFYVKEVLRDGSNDKGGDHA,46,hypothetical protein, ,Derived by automated computational analysis using gene prediction method: Protein Homology.,OG0000223,Shell,group_2268,Shell,Shell,Shell
GCF_022985635.2,MPY17_RS24265,MRALPAAHAPRLQPSRTGAASSFPAGRQGECGIMPAPKTYRSTRHA,46,hypothetical protein, ,Derived by automated computational analysis using gene prediction method: GeneMarkS-2+.,OG0000208,Shell,group_2409,Shell,Shell,Shell
GCF_022985635.2,MPY17_RS24650,MGWNRSAAGRVQVGVDELIDIAMWNCEMVQWLLDHGIEYLEDM,43,hypothetical protein, ,Derived by automated computational analysis using gene prediction method: GeneMarkS-2+.,OG0002055,,group_1749,Cloud,,Probably not conserved
GCF_022985635.2,MPY17_RS24735,MVGKFERRKDTVQELTESAATHVGHIATIIAGAVRDVTREIGDWVSDGIEMREAAKKAREDEGEDKPVD,69,hypothetical protein, ,Derived by automated computational analysis using gene prediction method: Protein Homology.,OG0000149,Shell,group_2446,Shell,Shell,Shell
GCF_022985635.2,MPY17_RS25410,MARKLITPHQAAERLGVEYSTIRRWIRSGKLPAFRLAGHAVRIDVADVDALLTPIGVVK,59,excisionase family dna-binding protein, ,Derived by automated computational analysis using gene prediction method: Protein Homology.,OG0000200,Shell,group_790,Cloud,Cloud,Cloud
GCF_022985635.2,MPY17_RS25700,MTTHRDEAPPIADPDDDLGGDPVCWLDRVCPDCGLFLNDHTASTCPRCGSARDR,54,hypothetical protein, ,Derived by automated computational analysis using gene prediction method: Protein Homology.,OG0000163,Shell,group_2435,Shell,Shell,Shell
GCF_022985635.2,MPY17_RS25825,MADKSPRNSMSKKSGKSLKEKRADKKMKTNGQSDPEIVSHVKKR,44,hypothetical protein, ,Derived by automated computational analysis using gene prediction method: Protein Homology.,OG0000004,Core,group_2437,Shell,Shell,Shell
GCF_022985635.2,MPY17_RS25900,MTDERPGKNQTPPDKTTRPTPKEATPDVSKTDLAAVVDALTATNEKNFDF,50,hypothetical protein, ,Derived by automated computational analysis using gene prediction method: Protein Homology.,OG0000164,Shell,group_2447,Shell,Shell,Shell
GCF_022985635.2,MPY17_RS26330,MFEIIREVHSEVRHRRGPRHHHHLLTRAERRSRILKHFHM,40,hypothetical protein, ,Derived by automated computational analysis using gene prediction method: GeneMarkS-2+.,OG0000288,Shell,group_2087,Shell,Shell,Shell
GCF_022985635.2,MPY17_RS26440,MNTGSIALHHAVGYRTVGVRQRLAQIDGVWHDSVLLERRRDT,42,hypothetical protein, ,Derived by automated computational analysis using gene prediction method: GeneMarkS-2+.,OG0000394,Cloud,group_2390,Cloud,Cloud,Cloud
GCF_022985635.2,MPY17_RS27025,MGSGPVKAIMWSLLFVGLVGAGVGISELHVPWTVASLIVASVSGLVLLRIRADAHPELHSDRRMAAG,67,hypothetical protein, ,Derived by automated computational analysis using gene prediction method: Protein Homology.,OG0000165,Shell,group_2193,Shell,Shell,Shell
GCF_022985635.2,MPY17_RS27065,MNSTITGLIVGLLLAIAGILGGFSGFVFAVLLGALGMAVGAHRDGHLDLGAILRSRGRG,59,hypothetical protein, ,Derived by automated computational analysis using gene prediction method: Protein Homology.,OG0000026,Conserved,group_2303,Conserved,Conserved,Conserved
GCF_022985635.2,MPY17_RS27260,MSEKKIDRVKTESALEVLRESPTIALITVAPALVVFGVVWWLFGFWSALVLVLILGVVAVVGRKLF,66,hypothetical protein, ,Derived by automated computational analysis using gene prediction method: Protein Homology.,OG0000025,Conserved,group_2209,Conserved,Soft core,Soft core
GCF_022985635.2,MPY17_RS27280,MSTAGPADVAGAADDVASLCWVSEAVQEVAAPMTTASRSAMANLDRAIIRR,51,hypothetical protein, ,Derived by automated computational analysis using gene prediction method: GeneMarkS-2+.,OG0002056,,,,,Probably not conserved
GCF_022985635.2,MPY17_RS27405,MASSTDVRPKITLACEVCKHRNYITKKNRRNDPDRLEIKKFCPNCGTHQSHRESK,55,50s ribosomal protein l33, ,Derived by automated computational analysis using gene prediction method: Protein Homology.,OG0000024,Conserved,rpmG,Conserved,Conserved,Conserved
GCF_022985635.2,MPY17_RS27555,MGALSPSHWAIIAVVLMVLFGSKKLPDAARGLGRSMRILKTEVGELQADAPELEK,55,sec-independent protein translocase subunit tata, ,Derived by automated computational analysis using gene prediction method: Protein Homology.,OG0000019,Conserved,group_2146,Shell,Shell,Shell
GCF_022985635.2,MPY17_RS27630,MIYLLALIGLVTVAVLLWKAFGPNTRPVLSNRVQGPDDDPDFLWKVDRETRRKKSDEPDAGPADPAG,67,hypothetical protein, ,Derived by automated computational analysis using gene prediction method: Protein Homology.,OG0000023,Conserved,group_2246,Shell,Conserved,Shell
GCF_022985635.2,MPY17_RS27775,MGSVIKKRRKRMSKKKHRKLLRRTRVQRRKLGK,33,aurkaip1/cox24 domain-containing protein, ,Derived by automated computational analysis using gene prediction method: Protein Homology.,OG0000022,Conserved,group_1939,Conserved,Conserved,Conserved
GCF_022985635.2,MPY17_RS28060,MIVLGLILLLIGWLTGLTWLWTIGIILLVIGAILWILGATGRAVGGRRRWY,51,duf6131 family protein, ,Derived by automated computational analysis using gene prediction method: Protein Homology.,OG0000000,Conserved,group_2247,Shell,Shell,Shell
GCF_022985635.2,MPY17_RS28205,MTFESNTPRQFTRSDNQKMLAGVCGGIAEYFSVDVNLVRLLTVVATLVTGGTAALVYLAAWMLMPAGQ,68,pspc domain-containing protein, ,Derived by automated computational analysis using gene prediction method: Protein Homology.,OG0000021,Conserved,group_2380,Conserved,Shell,Shell
GCF_022985635.2,MPY17_RS28595,MDKTPHALRHTHATAMWEAGMRELALQQRLGHASPESTRINTRVSDQQVRDEYAAVLRDRR,61,tyrosine-type recombinase/integrase, ,Derived by automated computational analysis using gene prediction method: Protein Homology.,OG0002057,,group_648,Cloud,,Probably not conserved
GCF_022985635.2,MPY17_RS29065,MATIEEFEQTVTDKVIAGLHDKFADYERRGVGLAELGDPDRFVERILAAVPAPHPWYEQFGTAWSSAPA,69,hypothetical protein, ,Derived by automated computational analysis using gene prediction method: Protein Homology.,OG0000166,Shell,group_2132,Shell,Shell,Shell
GCF_022985635.2,MPY17_RS29600,MNPVNDPDIVFLADHSVLLAIPAFVPAFLVAGLVIYLAVRDRKAEAAENAESAKHGPSEKDEEN,64,hypothetical protein, ,Derived by automated computational analysis using gene prediction method: Protein Homology.,OG0000167,Shell,group_2396,Shell,Shell,Shell
GCF_022985635.2,MPY17_RS29895,MIGYTLPEIRRLLVQLILRHAHPDEHIWSWSNWRRRRQHQARTSHYRRRGHLP,53,hypothetical protein, ,Derived by automated computational analysis using gene prediction method: Protein Homology.,OG0000197,Cloud,"group_1999, group_2000, group_2120, group_2001",Cloud,,Cloud
GCF_022985635.2,MPY17_RS30245,MAAYQCPVCDYVYDEASGAPREGFPAGTAWADVPDDWCCPDCGVREKIDFDPKVA,55,rubredoxin, ,Derived by automated computational analysis using gene prediction method: Protein Homology.,OG0000053,Core,group_2321,Shell,Shell,Shell
GCF_022985635.2,MPY17_RS30250,MSTDFKLYRCAQCGFEYDEAEGWPEDGIEPGTRWDDIPEDWSCPDCGAAKADFDMVEVSRA,61,rubredoxin, ,Derived by automated computational analysis using gene prediction method: Protein Homology.,OG0000007,Conserved,group_2335,Shell,Shell,Shell
GCF_022985635.2,MPY17_RS30700,MQGHPKLGVGVESLRTWTRQALIDADKVPGVTTEQQRIKDLERETQQNRGYRSRSDWIGFVHQHVDFA,68,hypothetical protein, ,Derived by automated computational analysis using gene prediction method: GeneMarkS-2+.,OG0000917,Cloud,group_111,Cloud,,Cloud
GCF_022985635.2,MPY17_RS31660,MRTRLADLNDHRLRRHHAIGDVLAENELDTLEPDLLHFLLATSVI,45,hypothetical protein, ,Derived by automated computational analysis using gene prediction method: GeneMarkS-2+.,OG0002058,,group_1642,Cloud,,Probably not conserved
GCF_022985635.2,MPY17_RS31705,MGRRHDNHAELNYVAPEVDDLQKEIDLVDNWLKRIKKYRN,40,hypothetical protein, ,Derived by automated computational analysis using gene prediction method: GeneMarkS-2+.,OG0002059,,group_1907,Cloud,,Probably not conserved
GCF_022985635.2,MPY17_RS31890,MESTSQPSPRECPDCHALTADLEAHKLWHSRLVHDIATAVDKDISRRAHT,50,hypothetical protein, ,Derived by automated computational analysis using gene prediction method: Protein Homology.,OG0000227,Shell,group_1293,Shell,,Shell
GCF_022985635.2,MPY17_RS32090,MHDTARAGVLGPVRGALYLAVAVTALLGRGLTTWTRVGALAPVLSGPPRDPEENCGSVAH,60,hypothetical protein, ,Derived by automated computational analysis using gene prediction method: GeneMarkS-2+.,OG0000940,Cloud,group_717,Cloud,,Cloud
GCF_022985635.2,MPY17_RS40580,MKWGIGEVLAHASRSEQLLPGELFATGTLPGGCALENGFWPEPGQTLTLTLDQVGEVEHRITA,63,fumarylacetoacetate hydrolase family protein, ,Derived by automated computational analysis using gene prediction method: Protein Homology.,OG0002060,,group_481,Cloud,,Probably not conserved
GCF_022985635.2,MPY17_RS32270,MRAAHIFPEQLDGVIGDLKTDVCVDEVVFTVVCNTIGKQHVEVLLQV,47,hypothetical protein, ,Derived by automated computational analysis using gene prediction method: GeneMarkS-2+.,OG0000638,Cloud,group_2466,Cloud,,Cloud
GCF_022985635.2,MPY17_RS32410,MSGWRGWRSIPMWGVGAAGSAGPDRGLSHRTAAGLHGLGDLDADVVELTATRWIRLSLPAR,61,hypothetical protein, ,Derived by automated computational analysis using gene prediction method: GeneMarkS-2+.,OG0002061,,group_649,Cloud,,Probably not conserved
GCF_022985635.2,MPY17_RS32530,MNSAEEVRQISQVVTRLLNKFPTASAEAVEAAVETAVAHFAGCPIRDFVPLFVERTATAKLAALLEA,67,hypothetical protein, ,Derived by automated computational analysis using gene prediction method: Protein Homology.,OG0000062,Soft core,group_153,Cloud,,Cloud
GCF_022985635.2,MPY17_RS32655,MGRRGHDVLLAPRVLRIQRRTQSVPRWYSGDLDGARAASSRARMLGIIALCLGGLLTGWCLITAFQT,67,cd225/dispanin family protein, ,Derived by automated computational analysis using gene prediction method: Protein Homology.,OG0002062,,group_184,Cloud,,Probably not conserved
GCF_022985635.2,MPY17_RS32675,MTSHDAIRRWIAEQMCLDLEAADAAVLTYLDEVTAVAEAGYVRSLLKLESYRPLVG,56,hypothetical protein, ,Derived by automated computational analysis using gene prediction method: Protein Homology.,OG0000120,Shell,group_982,Cloud,,Cloud
GCF_022985635.2,MPY17_RS32750,MDTAAFGRALVAYLDVAAPAPLLPLLVERMITIVVRIDCEGCCLRKGLPR,50,hypothetical protein, ,Derived by automated computational analysis using gene prediction method: Protein Homology.,OG0002063,,group_2508,Cloud,,Probably not conserved
GCF_022985635.2,MPY17_RS32815,MRITIDPDKCCGYGDCVLAAADIFELGTDNVAHVLDAEPGPGLRDAAVEAAAACPVAAIEIE,62,ferredoxin, ,Derived by automated computational analysis using gene prediction method: Protein Homology.,OG0000001,Conserved,group_2498,Cloud,,Cloud
GCF_022985635.2,MPY17_RS32950,MIGYTLPEIRRLLVQLILRHAHPDEHIWSWSNWRRRRQHQARTSHYRRRGHLP,53,hypothetical protein, ,Derived by automated computational analysis using gene prediction method: Protein Homology.,OG0000197,Cloud,"group_1999, group_2000, group_2120, group_2001",Cloud,,Cloud
GCF_022985635.2,MPY17_RS33190,MSAGVDVQIQKATPAPGVVTWWRRSMSRLPRWWIGSVWAGWAEV,44,hypothetical protein, ,Derived by automated computational analysis using gene prediction method: GeneMarkS-2+.,OG0000785,Cloud,group_1662,Cloud,,Cloud
GCF_022985635.2,MPY17_RS33215,MTRGRIDADQTRLELEPESQVRAGGDAVVRSHSSEVLWTDPTGTY,45,hypothetical protein, ,Derived by automated computational analysis using gene prediction method: GeneMarkS-2+.,OG0000396,Cloud,group_2372,Cloud,Cloud,Cloud
GCF_022985635.2,MPY17_RS33245,MPGRLEVAVGGRFQQHMLLRETDLPEAVDSQKSRRRPPLPQRLGIVAQCGGAVEATT,57,hypothetical protein, ,Derived by automated computational analysis using gene prediction method: GeneMarkS-2+.,OG0000294,Cloud,group_2151,Shell,Cloud,Cloud
GCF_022985635.2,MPY17_RS33250,MPLLHVTQTPGQSAEAKRELLKKLTAAYVDATGAKPASVWVTIEEVTKDDWAIGGETLTERASKPA,66,4-oxalocrotonate tautomerase family protein, ,Derived by automated computational analysis using gene prediction method: Protein Homology.,OG0000224,Shell,group_213,Shell,Cloud,Shell
GCF_022985635.2,MPY17_RS33400,MSSFAPIRVSANFGNSVGYDGGSPPISSMWFASFCPTQITFGGFGMTGVKSAPSIG,56,hypothetical protein, ,Derived by automated computational analysis using gene prediction method: GeneMarkS-2+.,OG0002064,,group_983,Cloud,,Probably not conserved
GCF_022985635.2,MPY17_RS40590,MVIGRGVHRAFLDDAVDAIAGFTVTNDVSVRDWQFHTIEWTHANSGPVLASATVATLV,58,fumarylacetoacetate hydrolase family protein, ,Derived by automated computational analysis using gene prediction method: Protein Homology.,OG0002065,,group_848,Cloud,,Probably not conserved
GCF_022985635.2,MPY17_RS33540,MIGYTLPEIRRLLVQLILRHAHPDEHIWSWSNWRRRRQHQARTSHYRRRGHLP,53,hypothetical protein, ,Derived by automated computational analysis using gene prediction method: Protein Homology.,OG0000197,Cloud,"group_1999, group_2000, group_2120, group_2001",Cloud,,Cloud
GCF_022985635.2,MPY17_RS33640,MSADDTEILMLDRLYAAVLAVAGLGYGGYILLDELTGGSDTPGEDEHFLRRESSEQVSTA,60,hypothetical protein, ,Derived by automated computational analysis using gene prediction method: Protein Homology.,OG0000168,Shell,group_2489,Shell,Cloud,Shell
GCF_022985635.2,MPY17_RS33720,MTLTAARAQLALDLARRHAATLDTAVAVSVVDDAGNLMCCSRTDGAAAGWSPRGHPTRPTSPVR,64,heme-binding protein, ,Derived by automated computational analysis using gene prediction method: GeneMarkS-2+.,OG0002066,,group_408,Cloud,,Probably not conserved
GCF_022985635.2,MPY17_RS33920,MTDVPVDYSPARPPGRVNTTEWIKAHLERMDHPDPSPAPAVDDPGTERV,49,hypothetical protein, ,Derived by automated computational analysis using gene prediction method: GeneMarkS-2+.,OG0000201,Shell,group_1395,Cloud,,Cloud
GCF_022985635.2,MPY17_RS33950,MSVVARVFTPPLRELYALLVRVGVIEIIERTSLLPPAAEHVDGTVREGQCAVVVTCGVE,59,rv1535 domain-containing protein, ,Derived by automated computational analysis using gene prediction method: Protein Homology.,OG0000231,Shell,group_2109,Cloud,,Cloud
GCF_022985635.2,MPY17_RS33975,MTEVVRPFLFSARCVALSVGTTSVLRLQSPPAKRPPTEAGTHQKVAALVYITAFAPDTPMCSG,63,hypothetical protein, ,Derived by automated computational analysis using gene prediction method: GeneMarkS-2+.,OG0002067,,group_482,Cloud,,Probably not conserved
GCF_022985635.2,MPY17_RS34020,MSNPVAGLGHDAVVTAVVRLLTPPLCGLYTVLVRAGVVVIVDD,43,hypothetical protein, ,Derived by automated computational analysis using gene prediction method: GeneMarkS-2+.,OG0000231,Shell,group_1719,Cloud,,Cloud
GCF_022985635.2,MPY17_RS34030,MNNAQITDTSIPAAVGLYGRLDVAFNNAATSMPPAPMDQVPEPDFDHAMP,50,hypothetical protein, ,Derived by automated computational analysis using gene prediction method: GeneMarkS-2+.,OG0002068,,group_1345,Cloud,,Probably not conserved
GCF_022985635.2,MPY17_RS34065,MVSARAADEETPAGGAGEQAGDGQANGPVVEELEQGGAVGGVVLCPEAVGS,51,hypothetical protein, ,Derived by automated computational analysis using gene prediction method: GeneMarkS-2+.,OG0002069,,group_1280,Cloud,,Probably not conserved
GCF_022985635.2,MPY17_RS34160,MSAEQNPARPDDDHTASVLTRTRTLCGQCSDDVGVDGAAVAVFASDTRRDLVYATDISRTDR,62,hypothetical protein, ,Derived by automated computational analysis using gene prediction method: GeneMarkS-2+.,OG0002070,,group_571,Cloud,,Probably not conserved
GCF_022985635.2,MPY17_RS34170,MPKTREVEARYVQDAEVLSRQRSLSRIRMKWLRPISPSKGA,41,hypothetical protein, ,Derived by automated computational analysis using gene prediction method: GeneMarkS-2+.,OG0000941,Cloud,group_1864,Cloud,,Cloud
GCF_022985635.2,MPY17_RS34180,MTSLPRLAAAARLVRYSTGPHGGAGWADTGRVQHFLADHEFAVTAVMSGPIVALSPSRRSGRSSNDA,67,hypothetical protein, ,Derived by automated computational analysis using gene prediction method: GeneMarkS-2+.,OG0000942,Cloud,group_185,Cloud,,Cloud
GCF_022985635.2,MPY17_RS34220,MNSAEEERQLSQVTVRLLNKFPAASRETVGTAVGEAVAHFAGCPIRDFVPLLVERAATAKLGALLDA,67,hypothetical protein, ,Derived by automated computational analysis using gene prediction method: Protein Homology.,OG0000062,Soft core,group_186,Cloud,,Cloud
GCF_022985635.2,MPY17_RS34260,MCALPELICTTRGSSSGQRSVGRDEPEAEGDDEGPIQRWTPLDVRIEAVEHFADCAEHVLTVGAAG,66,hypothetical protein, ,Derived by automated computational analysis using gene prediction method: GeneMarkS-2+.,OG0000924,Cloud,group_260,Cloud,,Cloud
GCF_022985635.2,MPY17_RS34285,MNSAEEARQVSQVTTRLLTKFPTASPEVVESAVEEAAANFESGRIRDFVPLLIERTATAKLATLIET,67,hypothetical protein, ,Derived by automated computational analysis using gene prediction method: Protein Homology.,OG0000062,Soft core,group_187,Cloud,,Cloud
GCF_022985635.2,MPY17_RS34310,MPPSAEDLYDDLRERLPAELRAQPDDQIPRLWAAWSEARSGYNAGHLIRTFHLAPALAHRLVDLAHERQF,70,hypothetical protein, ,Derived by automated computational analysis using gene prediction method: GeneMarkS-2+.,OG0002071,,,,,Probably not conserved
GCF_022985635.2,MPY17_RS34360,MTDVPVECPARVNTTEWIKAHLERMGHADPAGDTRHEPDLKTHQPE,46,hypothetical protein, ,Derived by automated computational analysis using gene prediction method: GeneMarkS-2+.,OG0000201,Shell,group_2053,Cloud,Cloud,Cloud
GCF_022985635.2,MPY17_RS34440,MSIGKKLRHKAETTEGVAKKTVGKALGNERMEAEGRAQETKGKLKQSGDQIKQAGQKIKNIFKH,64,csbd family protein, ,Derived by automated computational analysis using gene prediction method: Protein Homology.,OG0000073,Shell,group_2502,Shell,Cloud,Shell
GCF_022985635.2,MPY17_RS34450,MPNHALITGEQFGVWGGTTEKDRRYLRPTRLGRYRS,36,whib family transcriptional regulator, ,Derived by automated computational analysis using gene prediction method: Protein Homology.,OG0000284,Cloud,group_1934,Cloud,,Cloud
GCF_022985635.2,MPY17_RS40600,MSQHRFELQPVAPSASDWDWRMHARCRSMDTELFFPCEGEGQGARIRRERAAKNVCEPSPVRTECRITH,69,whib family transcriptional regulator, ,Derived by automated computational analysis using gene prediction method: Protein Homology.,OG0000299,Cloud,group_13,Cloud,,Cloud
GCF_022985635.2,MPY17_RS34840,MSVLGRLGVELPVRLRLTRSALAAVDRPRPAHRATEYQVSGGGLRETLVNF,51,hypothetical protein, ,Derived by automated computational analysis using gene prediction method: GeneMarkS-2+.,OG0002072,,group_1281,Cloud,,Probably not conserved
GCF_022985635.2,MPY17_RS34855,MQCAKALGAHVVATASGSNREYVNSLGADEFSTTASSGSRRRRRRCMP,48,hypothetical protein, ,Derived by automated computational analysis using gene prediction method: Protein Homology.,OG0002073,,group_1459,Cloud,,Probably not conserved
GCF_022985635.2,MPY17_RS34985,MHPVAKRQRLEVLIGILGFFTVMAFIAAVVEVVRGDPGVTPALVLLGCLVLSVLAIVARNRVR,63,hypothetical protein, ,Derived by automated computational analysis using gene prediction method: Protein Homology.,OG0000051,Conserved,group_2423,Shell,Cloud,Cloud
GCF_022985635.2,MPY17_RS35490,MSTSSVTVTGMTCNHCVSSVTEEISALPGVTNVNVDLTTGKVVIDSTTDLDPSAVAGAVEEAGYSVAG,68,heavy metal-associated domain-containing protein, ,Derived by automated computational analysis using gene prediction method: Protein Homology.,OG0000006,Conserved,group_2406,Shell,Cloud,Cloud
GCF_022985635.2,MPY17_RS35710,MVASRNRTARSREEERLATELEDARRRIIELMGQLAETVRSRDALSDRMQVMAWNARWGREHNGFGVL,68,hypothetical protein, ,Derived by automated computational analysis using gene prediction method: Protein Homology.,OG0002074,,group_112,Cloud,,Probably not conserved
GCF_022985635.2,MPY17_RS35905,MIDTCHGTLIVHTLYGAECTDESCVESSEARHALIIDCDEFGDCVCSAEFAEQLRHAS,58,hypothetical protein, ,Derived by automated computational analysis using gene prediction method: Protein Homology.,OG0000169,Shell,group_2231,Shell,,Shell
GCF_022985635.2,MPY17_RS35985,MTGVVLLINVGTMLLLVVGAFGSGGMLGVADVLWFGWLYRASAR,44,hypothetical protein, ,Derived by automated computational analysis using gene prediction method: GeneMarkS-2+.,OG0002075,,group_2603,Cloud,,Probably not conserved
GCF_022985635.2,MPY17_RS36005,MKFVATTSCPTGIAHTYLAAESLEQGAARSGHDVHVETQGASGSEPSTPR,50,pts fructose transporter subunit iib, ,Derived by automated computational analysis using gene prediction method: Protein Homology.,OG0000906,Cloud,group_2602,Cloud,,Cloud
GCF_022985635.2,MPY17_RS36155,MAKGKRTFQPNNRRRARVHGFRLRMRTRAGRAIVSARRRKGRESLTA,47,50s ribosomal protein l34, ,Derived by automated computational analysis using gene prediction method: Protein Homology.,OG0000052,Conserved,rpmH,Conserved,,Conserved
GCF_022985635.2,MPY17_RS36180,MTNEKEMNMDNEASSVEKRAKALLSEFVLDDNAEGAHRRKVDLSWSSSGRSLP,53,hypothetical protein, ,Derived by automated computational analysis using gene prediction method: GeneMarkS-2+.,OG0000235,Shell,group_2534,Cloud,,Cloud
GCF_022985635.2,MPY17_RS36285,MPPRPKRVTVGKFFGRSVSASKPHVASVFLPDFLPYFDTEATAHVGIERSGRSESFRRRRTG,62,hypothetical protein, ,Derived by automated computational analysis using gene prediction method: GeneMarkS-2+.,OG0002076,,group_572,Cloud,,Probably not conserved
GCF_022985635.2,MPY17_RS36450,MDDADQSAPMPSIVQTELPCEFCAEHPQYFPGDPVGFVRAA,41,hypothetical protein, ,Derived by automated computational analysis using gene prediction method: GeneMarkS-2+.,OG0002077,,group_1865,Cloud,,Probably not conserved
GCF_022985635.2,MPY17_RS36475,MTADKPRHRRPDLTFHPDIFAAPAQFRVVKAAPHDDADPTTDTTQGKEGSGADAHTGRRDGKGL,64,hypothetical protein, ,Derived by automated computational analysis using gene prediction method: GeneMarkS-2+.,OG0000217,Shell,group_346,Cloud,Cloud,Cloud
GCF_022985635.2,MPY17_RS36555,MVLEDLAEGRHQFLYRDRRQGNKQVIALIAAQERATKVGIPDELAVYRLADQIIRERDKQAHAR,64,hypothetical protein, ,Derived by automated computational analysis using gene prediction method: GeneMarkS-2+.,OG0000711,Cloud,group_409,Cloud,Cloud,Cloud
GCF_022985635.2,MPY17_RS36570,MTDEEINQWVKTVGPAPDDVFAKIVLRFAKAAREGNLKFDEIDPQSGDK,49,hypothetical protein, ,Derived by automated computational analysis using gene prediction method: Protein Homology.,OG0000712,Cloud,group_1362,Cloud,Cloud,Cloud
GCF_022985635.2,MPY17_RS36595,MSAAGNGDLVRYADRVLAGTGITANQVAAVVAGAATDAAATALRAGWRCAANPVQGSDEERGAA,64,hypothetical protein, ,Derived by automated computational analysis using gene prediction method: Protein Homology.,OG0000134,Shell,group_347,Cloud,Cloud,Cloud
GCF_022985635.2,MPY17_RS36690,MIGRSETYWQQRIHADRCSGGADLPPGGIPDDPVDLLENYRPTARCSAAARRPQHPDL,58,hypothetical protein, ,Derived by automated computational analysis using gene prediction method: GeneMarkS-2+.,OG0000713,Cloud,group_809,Cloud,Cloud,Cloud
GCF_022985635.2,MPY17_RS36745,MIITEESVVIERPIEEVFAFFHDPANVTRYAKKRGVLPARVGRLR,45,hypothetical protein, ,Derived by automated computational analysis using gene prediction method: GeneMarkS-2+.,OG0000714,Cloud,group_1608,Cloud,Cloud,Cloud
GCF_022985635.2,MPY17_RS36770,MIGYTLPEIRRLLVQLILRHAHPDEHIWSWSNWRRRRQHQARTSHYRRRGHLP,53,hypothetical protein, ,Derived by automated computational analysis using gene prediction method: Protein Homology.,OG0000197,Cloud,"group_1999, group_2000, group_2120, group_2001",Cloud,,Cloud
GCF_022985635.2,MPY17_RS36850,MEPLLGVNITARHNDALRILAAISPEVRDCCAGMSTVIEIRRKCPIRL,48,hypothetical protein, ,Derived by automated computational analysis using gene prediction method: GeneMarkS-2+.,OG0000715,Cloud,group_1419,Cloud,Cloud,Cloud
GCF_022985635.2,MPY17_RS36930,MPSLVAAFNSGFKLKDIRGGFHWNGILVRPLVDGQASVVIDD,42,hypothetical protein, ,Derived by automated computational analysis using gene prediction method: GeneMarkS-2+.,OG0000716,Cloud,group_1762,Cloud,Cloud,Cloud
GCF_022985635.2,MPY17_RS36965,MLSLSTVPQASGTSPGSGVSTTDGGFGGGWAVLAAAMPPPIAAAAETAAAVAMSLPLRFMVSSFPYFQPI,70,hypothetical protein, ,Derived by automated computational analysis using gene prediction method: GeneMarkS-2+.,OG0002078,,,,,Probably not conserved
GCF_022985635.2,MPY17_RS37040,MTGVGTKLAPKIVSEVARLEASSRIHLMSSKKVNERQAATSRWPPQFAIWLKRR,54,hypothetical protein, ,Derived by automated computational analysis using gene prediction method: GeneMarkS-2+.,OG0000717,Cloud,group_1064,Cloud,Cloud,Cloud
GCF_022985635.2,MPY17_RS37135,MIDVEDSIVIDCPIGEVFDFVADQTNAPRWQNGLEQVRRITDGPPGWEPNMLSSASFWVGDWT,63,srpbcc family protein, ,Derived by automated computational analysis using gene prediction method: GeneMarkS-2+.,OG0000718,Cloud,group_429,Cloud,Cloud,Cloud
GCF_022985635.2,MPY17_RS37235,MSTTTATVTGMTCGHCVSSVREEIGSIPGVTGVDVDLASDRVDIDSDTPIEQEALAQAVDEAGYQLAG,68,heavy metal-associated domain-containing protein, ,Derived by automated computational analysis using gene prediction method: Protein Homology.,OG0000006,Conserved,group_57,Cloud,Cloud,Cloud
GCF_022985635.2,MPY17_RS37295,MTNPHEFENPATDRTDATPQAAAPTCCSTERQAICCDQSEKSTCCGPAATAGGGCGCQ,58,hypothetical protein, ,Derived by automated computational analysis using gene prediction method: GeneMarkS-2+.,OG0000243,Shell,group_811,Cloud,Cloud,Cloud
GCF_022985635.2,MPY17_RS37375,MDTGVRVTVPSESAAELAGLVVAEQHCCAFLDFILAFDRGTVALTITAPSDGRALIDDLITPTAP,65,hypothetical protein, ,Derived by automated computational analysis using gene prediction method: Protein Homology.,OG0000719,Cloud,group_280,Cloud,Cloud,Cloud
GCF_022985635.2,MPY17_RS37750,MIILGLILLVIGFVAGISILWTIGIILLVIGVILALLGATGRAVGGRRHWF,51,duf6131 family protein, ,Derived by automated computational analysis using gene prediction method: Protein Homology.,OG0000000,Conserved,group_1233,Cloud,Cloud,Cloud
GCF_022985635.2,MPY17_RS37830,MADPPIYLSTIGAVIAALIMHGAGSPETTPSPGNPLFDRLTLWSIYVRGVSVSH,54,hypothetical protein, ,Derived by automated computational analysis using gene prediction method: Protein Homology.,OG0000720,Cloud,group_1065,Cloud,Cloud,Cloud
GCF_022985635.2,MPY17_RS37860,MELAQRRHDSGEHTVAQIAGG,21,hypothetical protein, ,Derived by automated computational analysis using gene prediction method: Protein Homology.,OG0000721,Cloud,group_1955,Cloud,Cloud,Cloud
GCF_022985635.2,MPY17_RS37880,MGDPQLHWRPESNTVTAPATQGIADLVRTARRAVRTYARIGSSASHRTDGLTTGRPDSRAPSYDTGKR,68,hypothetical protein, ,Derived by automated computational analysis using gene prediction method: GeneMarkS-2+.,OG0000722,Cloud,group_58,Cloud,Cloud,Cloud
GCF_022985635.2,MPY17_RS37900,MYENEIHERRLCGDRRQWHGTTVLCTADKWHPGRHRAMAIDAAGHLTTLCTWTDLNAPGHDLAA,64,hypothetical protein, ,Derived by automated computational analysis using gene prediction method: Protein Homology.,OG0000723,Cloud,group_348,Cloud,Cloud,Cloud
GCF_022985635.2,MPY17_RS37935,MLRLKWMVPGAGFATLVAGCIAIRSALAATPIVGARLGGDGRPALT,46,hypothetical protein, ,Derived by automated computational analysis using gene prediction method: GeneMarkS-2+.,OG0000724,Cloud,group_1546,Cloud,Cloud,Cloud
GCF_022985635.2,MPY17_RS37955,MFDLGQVDVLGGGGGVLGGVRADSVVDPGGRGGTFGAPLAQPRFRVVDAFPLENPEGE,58,hypothetical protein, ,Derived by automated computational analysis using gene prediction method: GeneMarkS-2+.,OG0002079,,group_849,Cloud,,Probably not conserved
GCF_022985635.2,MPY17_RS37960,MAAEERGDLEDHREMIDSASRSYGRDWAHPRRWAVLLDEGQLVFRDGDELEVEGTRSAEVRK,62,hypothetical protein, ,Derived by automated computational analysis using gene prediction method: GeneMarkS-2+.,OG0000236,Shell,group_573,Cloud,,Cloud
GCF_022985635.2,MPY17_RS37980,MRNVPVGLFVVGLVCALAALFLMGSVDSGPVIGLVVIAVACVFASAAAGFVRVSRSRNMQWEARP,65,hypothetical protein, ,Derived by automated computational analysis using gene prediction method: GeneMarkS-2+.,OG0002080,,group_328,Cloud,,Probably not conserved
GCF_022985635.2,MPY17_RS37995,MSTRESSGGTADAGGGGEDTVTVQVGRTVSSTTRVRSTEKAVTAISAGCEMWALAPPPAV,60,hypothetical protein, ,Derived by automated computational analysis using gene prediction method: GeneMarkS-2+.,OG0002081,,group_718,Cloud,,Probably not conserved
GCF_022985635.2,MPY17_RS38005,MTVDLEQRWRLLTAEQQDRLRADPDGPVPRELIPRLEQLGLLPLESPTGEESRRLPPQVARFIADTAR,68,hypothetical protein, ,Derived by automated computational analysis using gene prediction method: Protein Homology.,OG0002082,,group_113,Cloud,,Probably not conserved
GCF_022985635.2,MPY17_RS38125,MSRSQWTHRQVARGGAVLSVRDNGREQAPAVVLLTGLGTSQRTWDPLAHLP,51,hypothetical protein, ,Derived by automated computational analysis using gene prediction method: GeneMarkS-2+.,OG0002083,,group_1282,Cloud,,Probably not conserved
GCF_022985635.2,MPY17_RS38135,MIHHEIREWVAELMRLDLATASPAELAKLDDVTLIAEAQYVRQLLSLPEYTPHVG,55,hypothetical protein, ,Derived by automated computational analysis using gene prediction method: Protein Homology.,OG0000120,Shell,group_1050,Cloud,,Cloud
GCF_022985635.2,MPY17_RS38170,MTRAQRIDGGGVDLFTTTTTPSAATAPRGGGISTAEIKARIARMFADDPEPDHPGHTESRGRPR,64,hypothetical protein, ,Derived by automated computational analysis using gene prediction method: GeneMarkS-2+.,OG0000002,Conserved,group_410,Cloud,,Cloud
GCF_022985635.2,MPY17_RS38195,MNDEQRRALERVRDTCALLDSFLTTHPSDRPPERVRSATFEQLTDDLLDAVTAAQSAGVPEHRIFDSM,68,hypothetical protein, ,Derived by automated computational analysis using gene prediction method: Protein Homology.,OG0000135,Shell,group_114,Cloud,,Cloud
GCF_022985635.2,MPY17_RS38200,MIKKAGERVHTTDQNAHDGHRGEPPEDTGEGSASLHQAGRAADDQQGADPENPHRDQAFLMAAQRSDMD,69,hypothetical protein, ,Derived by automated computational analysis using gene prediction method: GeneMarkS-2+.,OG0002084,,group_40,Cloud,,Probably not conserved
GCF_022985635.2,MPY17_RS38210,MILIRHGDGAREGLAETLCAKDSPYMAAATSCRRAPTTLPTTLGDKLHDSTPLPAAG,57,hypothetical protein, ,Derived by automated computational analysis using gene prediction method: GeneMarkS-2+.,OG0002085,,group_902,Cloud,,Probably not conserved
GCF_022985635.2,MPY17_RS38215,MNNKAQLLLLLAGAVGGTAVLQAVLGRTGTRRTRGAPFHPNG,42,hypothetical protein, ,Derived by automated computational analysis using gene prediction method: Protein Homology.,OG0000127,Shell,group_1811,Cloud,,Cloud
GCF_022985635.2,MPY17_RS38220,MRITTTEAITNPRTASRGGSISTEEIRARIEAMLADDRDDPQHPTR,46,hypothetical protein, ,Derived by automated computational analysis using gene prediction method: Protein Homology.,OG0000002,Conserved,group_1593,Cloud,,Cloud
GCF_022985635.2,MPY17_RS38225,MTITAPGCTRTAHPEERPISRLRTGATIGCAAAASAAAPAVLVTGSATIGALTAFTTLTAVAAATVMI,68,hypothetical protein, ,Derived by automated computational analysis using gene prediction method: Protein Homology.,OG0002086,,group_115,Cloud,,Probably not conserved
GCF_022985635.2,MPY17_RS38235,MMDHKPITWFQMYLTITRYANSGNHPAPGAISPGGEVTAD,40,hypothetical protein, ,Derived by automated computational analysis using gene prediction method: GeneMarkS-2+.,OG0002087,,group_1908,Cloud,,Probably not conserved
GCF_022985635.2,MPY17_RS38280,MARIERAEREIGLSELYRICGVLDVEPSDLLQAAQDVLRK,40,helix-turn-helix domain-containing protein, ,Derived by automated computational analysis using gene prediction method: Protein Homology.,OG0002088,,group_1909,Cloud,,Probably not conserved
GCF_022985635.2,MPY17_RS38315,MPLTVLVQIACVVALVSVGTMLVVVGALGSGLVCLLGSGVWFWRLYRDSEP,51,hypothetical protein, ,Derived by automated computational analysis using gene prediction method: Protein Homology.,OG0000271,Cloud,group_1283,Cloud,,Cloud
GCF_022985635.2,MPY17_RS38330,MTYTVQVTRDGKAWLLEVPEFGIAGHTWRLADAEADATDLIAAHLDVPRSGIQIKVCVNRS,61,hypothetical protein, ,Derived by automated computational analysis using gene prediction method: Protein Homology.,OG0000900,Cloud,group_650,Cloud,,Cloud
GCF_022985635.2,MPY17_RS38365,MKTHVTLLLGALAGTAALQSFLGRITGKPRHRGAPFHPNG,40,hypothetical protein, ,Derived by automated computational analysis using gene prediction method: GeneMarkS-2+.,OG0000127,Shell,group_1910,Cloud,,Cloud
GCF_022985635.2,MPY17_RS38370,MSTSSPAAPNPHLTAPRTGPISTAEIKARIEAMFPGDRHRPRSTPN,46,hypothetical protein, ,Derived by automated computational analysis using gene prediction method: GeneMarkS-2+.,OG0000002,Conserved,group_1594,Cloud,,Cloud
GCF_022985635.2,MPY17_RS38405,MPTGVITAQTPEAGSLIHPGSALAVWIDRDDGGGGGMREPRRPLPDPKGNKEAFDAL,57,hypothetical protein, ,Derived by automated computational analysis using gene prediction method: GeneMarkS-2+.,OG0002089,,group_903,Cloud,,Probably not conserved
GCF_022985635.2,MPY17_RS38465,MTAREAPDGSAGGGRQLVGYVVPAIDAGGRTSCG,34,hypothetical protein, ,Derived by automated computational analysis using gene prediction method: Protein Homology.,OG0002090,,group_1936,Cloud,,Probably not conserved
GCF_022985635.2,MPY17_RS38490,MGIDDDFFELGGQSLSAMEAAVHLGAALGTPVDVRDLFEAPTVHELAIRNDQDTARPPESGADDT,65,phosphopantetheine-binding protein, ,Derived by automated computational analysis using gene prediction method: Protein Homology.,OG0002091,,group_329,Cloud,,Probably not conserved
GCF_022985635.2,MPY17_RS38550,MHLSEATVKTHLRALFTKFGVEDLPQNQKRARLAEHVLRSRLVTKRDR,48,luxr c-terminal-related transcriptional regulator, ,Derived by automated computational analysis using gene prediction method: Protein Homology.,OG0002092,,group_1460,Cloud,,Probably not conserved
GCF_022985635.2,MPY17_RS38590,MVPHPRAPTASGASAPVRSAIEPGRPLTDDEVAVHEVWRSCSPKSGSKRRRTTSTPASHLAL,62,hypothetical protein, ,Derived by automated computational analysis using gene prediction method: GeneMarkS-2+.,OG0002093,,group_574,Cloud,,Probably not conserved
GCF_022985635.2,MPY17_RS38760,MPIVQPPWAEELTRRAIMVGRAPAQDVRVAAQVPYRRASPQRNRGGVDGTEYLGLVASPPWW,62,hypothetical protein, ,Derived by automated computational analysis using gene prediction method: GeneMarkS-2+.,OG0000725,Cloud,group_508,Cloud,Cloud,Cloud
GCF_022985635.2,MPY17_RS38805,MRIVLDENRCSSTGMCEATAPEFFEVGDDGALHILDANPADCHRALIEEAVGVCPTDALSIED,63,ferredoxin, ,Derived by automated computational analysis using gene prediction method: Protein Homology.,OG0000001,Conserved,group_430,Cloud,Cloud,Cloud
GCF_022985635.2,MPY17_RS38825,MRTLAIKLGDRTVVFEAGVTDDAAITAAADVTAERFGGIDVTIGVAFVGVAFVGPCSPHLSNTSNAPS,68,hypothetical protein, ,Derived by automated computational analysis using gene prediction method: Protein Homology.,OG0000726,Cloud,group_59,Cloud,Cloud,Cloud
GCF_022985635.2,MPY17_RS38890,MARYRCPVCDYVYDERTGAPREGFPAATRWSAIPESWCCPDCGVREKVDFAPVDTDTTTRS,61,rubredoxin, ,Derived by automated computational analysis using gene prediction method: Protein Homology.,OG0000727,Cloud,group_594,Cloud,Cloud,Cloud
GCF_022985635.2,MPY17_RS38895,MNSDFKLYRCIQCGFEYDEAEGWPEDGIAQGTRWDDIPEDWSCPDCGAAKADFEMIEVARS,61,rubredoxin, ,Derived by automated computational analysis using gene prediction method: Protein Homology.,OG0000007,Conserved,group_595,Cloud,Cloud,Cloud
GCF_022985635.2,MPY17_RS38920,MNSAEEARQISQVTTRLLTKFPTASREAVGTAVEEAAAHFTSGRIRDFVPLLIERAATAKLAALIET,67,hypothetical protein, ,Derived by automated computational analysis using gene prediction method: Protein Homology.,OG0000062,Soft core,group_142,Cloud,Cloud,Cloud
GCF_022985635.2,MPY17_RS38935,MTDGPAEYTPPRSARPHTTEWIKAHLERMDRTDPQAATMTGGRATEPT,48,hypothetical protein, ,Derived by automated computational analysis using gene prediction method: GeneMarkS-2+.,OG0000201,Shell,group_1420,Cloud,Cloud,Cloud
GCF_022985635.2,MPY17_RS38960,MTNDEELLHIERVIDRLDTRYPDIARESIEEVVRSAHAHFVNGKVRDFVPLLVERAARERIQGLVSS,67,hypothetical protein, ,Derived by automated computational analysis using gene prediction method: Protein Homology.,OG0000062,Soft core,group_143,Cloud,Cloud,Cloud
GCF_022985635.2,MPY17_RS38970,MTDSSAWRCMGGHRGEHRDSVVADIPRDSVPAPGRTPGENGFTFGLRYGLELQAARQARVDAAPLAD,67,hypothetical protein, ,Derived by automated computational analysis using gene prediction method: GeneMarkS-2+.,OG0000728,Cloud,group_144,Cloud,Cloud,Cloud
GCF_022985635.2,MPY17_RS39105,MDDYDELNVGIPLSGRRTSSTPPATPTGRAADLLRRNDSPHSQCRRTTHPPDRRPQAPLERFAGT,65,hypothetical protein, ,Derived by automated computational analysis using gene prediction method: Protein Homology.,OG0000729,Cloud,group_281,Cloud,Cloud,Cloud
GCF_022985635.2,MPY17_RS39185,MPIDWADRATTPFFIVAVAFGGLVAIAVWLDLLLRVTLLP,40,hypothetical protein, ,Derived by automated computational analysis using gene prediction method: GeneMarkS-2+.,OG0000542,Cloud,group_1877,Cloud,Cloud,Cloud
GCF_022985635.2,MPY17_RS39210,MDGAAAGTAPAKKTAKEIREWAIGEGREVSFRGRISAAIVRAFHEAAAKLPAVGG,55,histone-like nucleoid-structuring protein lsr2, ,Derived by automated computational analysis using gene prediction method: Protein Homology.,OG0000314,Cloud,group_1051,Cloud,,Cloud
GCF_022985635.2,MPY17_RS39280,MSNVLAEAITPDHPRDRIVGVHGYHRDESGSRFATVRLAVGSKAEIDLLDIFISHPIREVAAAA,64,hypothetical protein, ,Derived by automated computational analysis using gene prediction method: Protein Homology.,OG0000543,Cloud,group_2378,Cloud,Cloud,Cloud
GCF_022985635.2,MPY17_RS39315,MSDRTAADLERELAMLAYVRDRLRASEGGKDFRPTTAVDQVLDELNSLERSPWDPT,56,hypothetical protein, ,Derived by automated computational analysis using gene prediction method: Protein Homology.,OG0000117,Shell,,,,Probably not conserved
GCF_022985635.2,MPY17_RS39500,MAAIELHFRPPRGHRPEIRSFPEFIESALSEKTHGFDYTEALPYAQAVDQFGS,53,hypothetical protein, ,Derived by automated computational analysis using gene prediction method: GeneMarkS-2+.,OG0002094,,,,,Probably not conserved
GCF_022985635.2,MPY17_RS39510,MTGIADKFDKAYETLPIEELAQAPVAALQGVSESDAEHLEAAFNIKTVADLGTNKFFLWAQAVATLAE,68,hypothetical protein, ,Derived by automated computational analysis using gene prediction method: Protein Homology.,OG0000070,Soft core,,,,Probably not conserved
GCF_022985635.2,MPY17_RS39655,MTVHIGQITSEVDATSPATATVAAGDKADEWEERARLAAMLDRLERDRRRTSTGYGDD,58,hypothetical protein, ,Derived by automated computational analysis using gene prediction method: GeneMarkS-2+.,OG0002095,,,,,Probably not conserved
GCF_022985635.2,MPY17_RS39720,MVRTSRLVFTPAVLVALAAFVFVLVGTGTLVVTVVSGIALLLALGYAAFRRPDLGAD,57,hypothetical protein, ,Derived by automated computational analysis using gene prediction method: GeneMarkS-2+.,OG0002096,,,,,Probably not conserved
GCF_022985635.2,MPY17_RS39765,MSIDHHGQHPGDSELALDTTETAILDTFLRALALHALTEADPADTGPHTIGRDSMNTSRPPVRALK,66,hypothetical protein, ,Derived by automated computational analysis using gene prediction method: GeneMarkS-2+.,OG0000291,Cloud,,,,Probably not conserved
GCF_022985635.2,MPY17_RS39770,MTLHAANPTTDDERDAWHLNQSGLSWAQVGREIGCSESAARAFAVAYQQRTDAAADEAQISLF,63,hypothetical protein, ,Derived by automated computational analysis using gene prediction method: Protein Homology.,OG0000063,Soft core,,,,Probably not conserved
GCF_022985635.2,MPY17_RS39800,MRVKSSAVYLSGLRPALQTHWFQIHDGQWLAAITVYVTDAAGMNSLELDMIVTADAISEPPSA,63,hypothetical protein, ,Derived by automated computational analysis using gene prediction method: Protein Homology.,OG0000316,Cloud,,,,Probably not conserved
GCF_022985635.2,MPY17_RS39815,MNRLRGELADLRTQARADRHQVRADHTANWPRPALTTALRAAEQMVEELRRQPGGRGADT,60,hypothetical protein, ,Derived by automated computational analysis using gene prediction method: GeneMarkS-2+.,OG0000867,Cloud,,,,Probably not conserved
GCF_022985635.2,MPY17_RS39825,MSTWTVDEARGANGWEFAHLYPNGALGAVASVATTGSVVTGRLSTASAGATFV,53,hypothetical protein, ,Derived by automated computational analysis using gene prediction method: GeneMarkS-2+.,OG0002097,,,,,Probably not conserved
GCF_022985635.2,MPY17_RS39895,MREDDTPLSERPADLSRAAPLGRGAPRPAPPATVAGAAYDAWLPDAAEPIVWPDPSPFTAWWERGDAR,68,hypothetical protein, ,Derived by automated computational analysis using gene prediction method: GeneMarkS-2+.,OG0000191,Shell,,,,Probably not conserved
GCF_022985635.2,MPY17_RS39955,MAALIGEAQSWDAGTAGGGQGAGDGGKCIGSGDRVVTELLDVQ,43,hypothetical protein, ,Derived by automated computational analysis using gene prediction method: GeneMarkS-2+.,OG0002098,,,,,Probably not conserved
GCF_022985635.2,MPY17_RS40655,MLQPPWAGSGGLARATRLGVPATAAGVDGLIGMPGFEDIDIVFDVTSAVAHIANAERLAGYGNKLSRRRG,70,hypothetical protein, ,Derived by automated computational analysis using gene prediction method: Protein Homology.,OG0002099,,,,,Probably not conserved
GCF_022985635.2,MPY17_RS40070,MPTLALPAFIAVLSLLRPHGLALTAQHFVRMVALARAEARWARMCVEEYDVSA,53,hypothetical protein, ,Derived by automated computational analysis using gene prediction method: GeneMarkS-2+.,OG0002100,,,,,Probably not conserved
GCF_022985635.2,MPY17_RS40085,MPAIEVTQAEKAGAAPYSRALLAVYDTVVLRWSNTLVWRCPSERLLAHYNSHLGDRHLEVPPRPWRHQL,69,hypothetical protein, ,Derived by automated computational analysis using gene prediction method: GeneMarkS-2+.,OG0000943,Cloud,,,,Probably not conserved
GCF_022985635.2,MPY17_RS40240,MTAKFELFKDTAGQFRFHLKAANGEIIAASQGYTTKAAAQNGIASIKATAATAATEDQT,59,duf1508 domain-containing protein, ,Derived by automated computational analysis using gene prediction method: Protein Homology.,OG0000183,Shell,,,,Probably not conserved
GCF_022985635.2,MPY17_RS40265,MVAALSVPALVPHLLLAIAGVGAGARATFSNSDEGARPHG,40,hypothetical protein, ,Derived by automated computational analysis using gene prediction method: GeneMarkS-2+.,OG0002101,,,,,Probably not conserved
GCF_022985635.2,MPY17_RS40390,MALLRLSLSLSVEQGLRRGVGGLRGDELGAQASNFSVLFGDHRHSAARVSAG,52,hypothetical protein, ,Derived by automated computational analysis using gene prediction method: GeneMarkS-2+.,OG0002102,,,,,Probably not conserved
GCF_022985635.2,MPY17_RS40445,MSENVTPVQRSDVEATLYHLTKHTWEVSDADLEAVVAGTPLNAGSSNEVRIEIAFPDPQALKDFI,65,hypothetical protein, ,Derived by automated computational analysis using gene prediction method: Protein Homology.,OG0000121,Shell,,,,Probably not conserved
GCF_023221595.1,M0639_RS00525,MSNISFDSVSNSAPANALQGVGTNALVDNPFTFEPVAEATSAHALQGVGTNALVDNPFSFQS,62,streptamidine-related ripp repeat protein, ,Derived by automated computational analysis using gene prediction method: Protein Homology.,OG0000093,Soft core,group_2291,Soft core,Soft core,Soft core
GCF_023221595.1,M0639_RS00725,MFNDVFNNVIHPMVTNFQQLGPQQFIPQQFIPQGVFQQAPQAAEQAVTIFGS,52,hypothetical protein, ,Derived by automated computational analysis using gene prediction method: Protein Homology.,OG0000075,Soft core,group_2178,Soft core,Soft core,Soft core
GCF_023221595.1,M0639_RS01380,MPATAPIRVVELSVTRNTIPLAAVNETAKVIAPRIGLPAAASSADSTPEARQNAMAAISR,60,hypothetical protein, ,Derived by automated computational analysis using gene prediction method: GeneMarkS-2+.,OG0000329,Cloud,group_674,Shell,Cloud,Cloud
GCF_023221595.1,M0639_RS01410,MPINETQIPPTVEAFPYKKGTIVIQRDPRAPLVADGSRSIRAAVGLLTERPEVRLPKGSRRL,62,hypothetical protein, ,Derived by automated computational analysis using gene prediction method: GeneMarkS-2+.,OG0000305,Cloud,group_523,Cloud,Cloud,Cloud
GCF_023221595.1,M0639_RS01670,MGIADKAQNKAEDLGGKAKEAAGSATGDRDLENEGKGDQVKSAVKDAGEKVKDAASSIKDKLT,63,csbd family protein, ,Derived by automated computational analysis using gene prediction method: Protein Homology.,OG0000011,Conserved,group_2411,Conserved,Soft core,Soft core
GCF_023221595.1,M0639_RS01685,MADLTLLTDDELRERRIALSRSLTTAADLIPTPPPSFFEKLKQDIDAAAAEWIARRS,57,hypothetical protein, ,Derived by automated computational analysis using gene prediction method: Protein Homology.,OG0000076,Soft core,group_2322,Soft core,Soft core,Soft core
GCF_023221595.1,M0639_RS02435,MSEITSWEYTVTPLLVHNPKAILDNWGVDGWELVAVLPSASGEQHVAYMKRPKG,54,hypothetical protein, ,Derived by automated computational analysis using gene prediction method: Protein Homology.,OG0000012,Conserved,group_2273,Conserved,Soft core,Soft core
GCF_023221595.1,M0639_RS02635,MISKTLRTVSARFALLVTEDDGMSTAEYAIGTIAAAAFGAVLYTVVTGDSIVSALTGIIDKALKTAV,67,duf4244 domain-containing protein, ,Derived by automated computational analysis using gene prediction method: Protein Homology.,OG0000094,Soft core,group_2136,Soft core,Soft core,Soft core
GCF_023221595.1,M0639_RS02655,MAQGTVKWFNAEKGFGFIAPEDGSADVFVHYSEIQGNGFRTLEENQRVEFEVGQGTKGPQATGVRAV,67,cold-shock protein, ,Derived by automated computational analysis using gene prediction method: Protein Homology.,OG0000013,Conserved,group_128,Conserved,Soft core,Soft core
GCF_023221595.1,M0639_RS02690,MADSLKARVKEKLLRQLAEDGRHPIQEAEGDDPRLVSINDDLEALEQAEEGDPIVEELAERYWVP,65,hypothetical protein, ,Derived by automated computational analysis using gene prediction method: Protein Homology.,OG0000014,Conserved,group_2342,Conserved,Soft core,Soft core
GCF_023221595.1,M0639_RS02845,MAVESSGFDEVRQGQLIRLSAAMKFCPETATKLPAGGHETCPVAVMGSARHDVVCLTGSDG,61,hypothetical protein, ,Derived by automated computational analysis using gene prediction method: GeneMarkS-2+.,OG0000944,Cloud,group_651,Cloud,,Cloud
GCF_023221595.1,M0639_RS02935,MGSADVMAWLAEGYLAGDPIRYPLYVGSMFLAMPFQLIGVILGHPF,46,hypothetical protein, ,Derived by automated computational analysis using gene prediction method: Protein Homology.,OG0000061,Soft core,group_1542,Soft core,Soft core,Soft core
GCF_023221595.1,M0639_RS03275,MATTAAVQNPTRSRARTMSLSEYVAEHPAQRVFPPTSERAARMAMLIMFALMAVTLVVLVLDEAGIFG,68,hypothetical protein, ,Derived by automated computational analysis using gene prediction method: GeneMarkS-2+.,OG0000095,Soft core,group_53,Soft core,Soft core,Soft core
GCF_023221595.1,M0639_RS03425,MTSAVEYPGVVTTSNCAEGGSHSLSAGIFVTVAVYRIAGRPEMVKFVGPP,50,hypothetical protein, ,Derived by automated computational analysis using gene prediction method: Protein Homology.,OG0000239,Shell,group_2037,Shell,Shell,Shell
GCF_023221595.1,M0639_RS03530,MALAYSPDTSIDSTRLAFLAAAVVLFAMLALYLVGFDQGAISRTGMYMHELMHDGRHLMGLPCH,64,cbtb domain-containing protein, ,Derived by automated computational analysis using gene prediction method: Protein Homology.,OG0000008,Conserved,group_2468,Conserved,Soft core,Soft core
GCF_023221595.1,M0639_RS03955,MNAYICPICDYTYTESTGAAREGFPPGTPWSSIPDDWCCPDCGVREKVDFTLVTQS,56,rubredoxin, ,Derived by automated computational analysis using gene prediction method: Protein Homology.,OG0000096,Soft core,group_2166,Soft core,Soft core,Soft core
GCF_023221595.1,M0639_RS03960,MSETATAYKLFRCLQCGFEYDEAIGWPDDGIEPGTRWDEIPEDWSCPDCGAAKVDFEMVEVNR,63,rubredoxin, ,Derived by automated computational analysis using gene prediction method: Protein Homology.,OG0000097,Soft core,group_421,Soft core,Soft core,Soft core
GCF_023221595.1,M0639_RS04510,MKNPNLTPSRVLAVVLAAALVIFVIARRRDDGALSRGEWLSDTVGPDDLAG,51,hypothetical protein, ,Derived by automated computational analysis using gene prediction method: Protein Homology.,OG0000077,Soft core,group_2167,Soft core,Soft core,Soft core
GCF_023221595.1,M0639_RS04600,MEVRVDLDRCEANGVCVGIAPDIFDLDDNEELVISSVRPPEDRWEDVRSAIAQCPRAALTEHP,63,ferredoxin, ,Derived by automated computational analysis using gene prediction method: Protein Homology.,OG0000005,Conserved,group_423,Soft core,Soft core,Soft core
GCF_023221595.1,M0639_RS04665,MAENTTVETEIADEDLEPVADETARQAQRVVAAYAEDADECRMLLSMLGISPAAKLD,57,hypothetical protein, ,Derived by automated computational analysis using gene prediction method: Protein Homology.,OG0000015,Conserved,group_2168,Soft core,Soft core,Soft core
GCF_023221595.1,M0639_RS05370,MTKFLVPGVASAVIGAVLGAGVIFGVTAAASDNTRPEIDRSGNADSSVLNQVEYGSR,57,duf2613 domain-containing protein, ,Derived by automated computational analysis using gene prediction method: Protein Homology.,OG0000016,Conserved,group_855,Soft core,Soft core,Soft core
GCF_023221595.1,M0639_RS05510,MVGLIVLAALVLASVLVGFVFRRPIAEAKSAVLAFDDASSQPQRD,45,hypothetical protein, ,Derived by automated computational analysis using gene prediction method: GeneMarkS-2+.,OG0000098,Soft core,group_2198,Soft core,Soft core,Soft core
GCF_023221595.1,M0639_RS05520,MAYTSSIAANATTGPLTDLAKVLGPIAGIVSGIAAVATIAALFGGNSAS,49,hypothetical protein, ,Derived by automated computational analysis using gene prediction method: GeneMarkS-2+.,OG0000265,Shell,group_1373,Cloud,Shell,Shell
GCF_023221595.1,M0639_RS05575,MPERGQSRVDAGIIAVVAVITGVFVALTGHGLVAALATVVGLALGMAIVRYLIKGR,56,hypothetical protein, ,Derived by automated computational analysis using gene prediction method: Protein Homology.,OG0000078,Soft core,group_2220,Soft core,Soft core,Soft core
GCF_023221595.1,M0639_RS05665,MMRIVTLIVLIWLIVGAVAAGQRGYYSSSPTNCAGVGTIALTVIAGPLNYFGVNPKVTDCTLPQPTE,67,hypothetical protein, ,Derived by automated computational analysis using gene prediction method: Protein Homology.,OG0000017,Conserved,group_129,Soft core,Soft core,Soft core
GCF_023221595.1,M0639_RS05670,MIILGVILLIIGFVVNIPILWTIGVVLLVIGIILYALGAAGHAIGGRRHYY,51,duf6131 family protein, ,Derived by automated computational analysis using gene prediction method: Protein Homology.,OG0000000,Conserved,group_1229,Soft core,Soft core,Soft core
GCF_023221595.1,M0639_RS05720,MTDKDDNDQSPKGGHPGPVDKGGDGGMATREQAPELVEETSDEKSDDE,48,hypothetical protein, ,Derived by automated computational analysis using gene prediction method: Protein Homology.,OG0000018,Core,group_2221,Soft core,Soft core,Soft core
GCF_023221595.1,M0639_RS05825,MSIRRCSLASGRALRTARFGVATFRRGRKAIDRRPSGLVWIERALAAPAGSV,52,hypothetical protein, ,Derived by automated computational analysis using gene prediction method: GeneMarkS-2+.,OG0000142,Shell,group_2080,Shell,Shell,Shell
GCF_023221595.1,M0639_RS05845,MIVLGIILALIGFFTGLSILTTVGIILVVVGAVLSILGATGRAVGGRKVWY,51,duf6131 family protein, ,Derived by automated computational analysis using gene prediction method: Protein Homology.,OG0000000,Conserved,group_1230,Soft core,Soft core,Soft core
GCF_023221595.1,M0639_RS06040,MRTNPSFGIVDETLGTLARGMLPRLRHVFEQHQALHRLAVEATVNV,46,hypothetical protein, ,Derived by automated computational analysis using gene prediction method: GeneMarkS-2+.,OG0000267,Shell,group_2081,Cloud,Shell,Shell
GCF_023221595.1,M0639_RS06090,MLAPIMAPAAALAEPVVWNEDPQRQGWWKRILAATPPENPTNEEFQP,47,hypothetical protein, ,Derived by automated computational analysis using gene prediction method: Protein Homology.,OG0000118,Soft core,group_2222,Soft core,Soft core,Soft core
GCF_023221595.1,M0639_RS06180,MGALSPTHWAIVAVVLVVLFGSKKLPDAARGLGRSMRILKSEVGELQSDTDLALEQRD,58,sec-independent protein translocase subunit tata, ,Derived by automated computational analysis using gene prediction method: Protein Homology.,OG0000019,Conserved,tatA,Soft core,Soft core,Soft core
GCF_023221595.1,M0639_RS06225,MAQGSVKWFNGEKGFGFIEQEGGGPDVFVHYSEIQGSGYKSLDEGQKVEFEIGQGQKGPQAQNVRAI,67,cold-shock protein, ,Derived by automated computational analysis using gene prediction method: Protein Homology.,OG0000069,Soft core,group_130,Soft core,Soft core,Soft core
GCF_023221595.1,M0639_RS34910,MSADSRGTSTQTRREYQMFVLQQRLLFGSIVAGTALGVLAITYF,44,hypothetical protein, ,Derived by automated computational analysis using gene prediction method: GeneMarkS-2+.,OG0000122,Soft core,group_2138,Soft core,Soft core,Soft core
GCF_023221595.1,M0639_RS06275,MTTIDIPPTQGESTTGIGITVASATLTTEEVKRRIAMMYGDPVTEEPVALAH,52,hypothetical protein, ,Derived by automated computational analysis using gene prediction method: Protein Homology.,OG0000002,Conserved,group_2274,Soft core,Soft core,Soft core
GCF_023221595.1,M0639_RS06300,MSEQNSTDRTDQTDEPQTTGTDHGPGTGSDTAPKDVQTDPSGERTWADEGGASSTGPATDTD,62,pi-type proteinase, ,Derived by automated computational analysis using gene prediction method: Protein Homology.,OG0000020,Core,group_2297,Soft core,Soft core,Soft core
GCF_023221595.1,M0639_RS06330,MGGSADALNRALERVDRDFASPIGVVVRTSLRGTMRQIAKPVRAQYTRVRARFPGAKTYTEI,62,hypothetical protein, ,Derived by automated computational analysis using gene prediction method: GeneMarkS-2+.,OG0000115,Soft core,group_2190,Soft core,Soft core,Soft core
GCF_023221595.1,M0639_RS06335,MTTSTVGLLAGLLLGVAAAAGGFTGFLIALVLGVIGYLVGGQRDGEFDLGVMLKGRGRG,59,hypothetical protein, ,Derived by automated computational analysis using gene prediction method: Protein Homology.,OG0000099,Soft core,group_732,Soft core,Soft core,Soft core
GCF_023221595.1,M0639_RS34915,MDVAVALCVTVLLATVTSMAIAIVVTLIMCASVSVVSRMW,40,hypothetical protein, ,Derived by automated computational analysis using gene prediction method: GeneMarkS-2+.,OG0000187,Shell,group_2158,Soft core,Shell,Shell
GCF_023221595.1,M0639_RS06360,MSDFIDKAKHRAEDLIGEAKEKFGNATGNDDLAAEGVADQGEAKVKKAGDTVSDKVSDIKDKFTS,65,csbd family protein, ,Derived by automated computational analysis using gene prediction method: Protein Homology.,OG0000074,Soft core,group_2191,Soft core,Soft core,Soft core
GCF_023221595.1,M0639_RS34920,MGSLGNLLKANGMGWGILQLLPLVNMLKTLQGLDTASSNS,40,hypothetical protein, ,Derived by automated computational analysis using gene prediction method: GeneMarkS-2+.,OG0000080,Soft core,group_2512,Soft core,Soft core,Soft core
GCF_023221595.1,M0639_RS34925,MGSFEDFSGVVKTFIPVLKDLFTALGGGSLTPGTGSAADK,40,hypothetical protein, ,Derived by automated computational analysis using gene prediction method: GeneMarkS-2+.,OG0000108,Soft core,group_2511,Soft core,Soft core,Soft core
GCF_023221595.1,M0639_RS07125,MFGSLSTLGPLLTALGAFLKSVPTESLSGKGEGSSTGSLSGLSSGSAD,48,hypothetical protein, ,Derived by automated computational analysis using gene prediction method: Protein Homology.,OG0000081,Soft core,group_2510,Soft core,Soft core,Soft core
GCF_023221595.1,M0639_RS35075,MKAVEGGFDTAWSRRHVDLCRTAGSFCTN,29,putative leader peptide, ,Derived by automated computational analysis using gene prediction method: Protein Homology.,OG0000132,Shell,group_1947,Shell,Shell,Shell
GCF_023221595.1,M0639_RS34930,MGSLDTGSLSTESLEDLNLGKISELLKLGITAVSFITALNSLS,43,hypothetical protein, ,Derived by automated computational analysis using gene prediction method: GeneMarkS-2+.,OG0000067,Soft core,group_2503,Soft core,Soft core,Soft core
GCF_023221595.1,M0639_RS07495,MDEGTWTRGRAWALSNALVALPYYRDTNEQITAWAKHAIAQVIDDIRTEP,50,hypothetical protein, ,Derived by automated computational analysis using gene prediction method: Protein Homology.,OG0000155,Shell,group_2238,Shell,Shell,Shell
GCF_023221595.1,M0639_RS07570,MGFNMIVMFLQTTAALFTDLLGNVWSGSLMPGIDGVTGSLVSAIDLS,47,hypothetical protein, ,Derived by automated computational analysis using gene prediction method: Protein Homology.,OG0000184,Shell,group_2237,Shell,Shell,Shell
GCF_023221595.1,M0639_RS34935,MDLGSIADVLEGEAGGLIKNILGMALFTPFIASVDFGWFPNVD,43,hypothetical protein, ,Derived by automated computational analysis using gene prediction method: Protein Homology.,OG0000306,Cloud,group_2050,Cloud,Cloud,Cloud
GCF_023221595.1,M0639_RS07575,MDTASLIGALASVDVGSLVDPLFYLVKVVDGIFVSITGSLNMGGALGEAAAGSVQSVLGSVAGL,64,hypothetical protein, ,Derived by automated computational analysis using gene prediction method: GeneMarkS-2+.,OG0000206,Shell,group_358,Shell,Shell,Shell
GCF_023221595.1,M0639_RS07595,MGSLMDILGGPNGDGAPMQALLTMLLGLDNVGANLFGSLADTAGGIFGSLDTLSFTPPVVP,61,hypothetical protein, ,Derived by automated computational analysis using gene prediction method: GeneMarkS-2+.,OG0000188,Shell,group_2425,Shell,Shell,Shell
GCF_023221595.1,M0639_RS07600,MLEGSVMDAAGSVGAIIGQGLGSVSGLAVKGLEALAALSGGELKAAK,47,hypothetical protein, ,Derived by automated computational analysis using gene prediction method: Protein Homology.,OG0000138,Shell,group_2381,Shell,Shell,Shell
GCF_023221595.1,M0639_RS07605,MTFESNTPRPFTRSNDKKMFAGVCGGIADYFGADVNLVRLLAVIAAICTGGTAALVYLAAWMLMPLG,67,pspc domain-containing protein, ,Derived by automated computational analysis using gene prediction method: Protein Homology.,OG0000021,Conserved,group_2380,Conserved,Soft core,Soft core
GCF_023221595.1,M0639_RS08090,MGSSHDGKPAVAGTQFLTVAEVATLMRVSKMTVYRLVHSGELPAVRVGRSFRVHAKAVHDYLETSYFDAG,70,helix-turn-helix domain-containing protein, ,Derived by automated computational analysis using gene prediction method: Protein Homology.,OG0000071,Soft core,,,Soft core,Soft core
GCF_023221595.1,M0639_RS08095,MGSVIKKRRKRMSKKKHRKLLRRTRVQRRKLGK,33,aurkaip1/cox24 domain-containing protein, ,Derived by automated computational analysis using gene prediction method: Protein Homology.,OG0000022,Conserved,group_1939,Conserved,Conserved,Conserved
GCF_023221595.1,M0639_RS08150,MSSQEALRTESTHDAPLRQRGSRTEVILFAILGASVLVTLLMLMIPGIVSG,51,hypothetical protein, ,Derived by automated computational analysis using gene prediction method: Protein Homology.,OG0000100,Soft core,group_1231,Soft core,Soft core,Soft core
GCF_023221595.1,M0639_RS08280,MLYLLALVGLVTLIVLMWKAFGPDPSTRTPVSGVRGPDDDPEFLWNVNQQTRRKRTEGPDVPPTDAST,68,hypothetical protein, ,Derived by automated computational analysis using gene prediction method: Protein Homology.,OG0000023,Conserved,group_2362,Soft core,Conserved,Soft core
GCF_023221595.1,M0639_RS08285,MSAPTFNTAADALMTPGQVAALFHVDPKTVTRWAHAGRLGSLRTPGGHRRFRETEVMQLLRSLTTEADNN,70,bldc family transcriptional regulator, ,Derived by automated computational analysis using gene prediction method: Protein Homology.,OG0000068,Soft core,,,Soft core,Soft core
GCF_023221595.1,M0639_RS08490,MASSTDVRPKITLACEVCKHRNYITKKNRRNDPDRLELKKFCPNCGTHQSHRESK,55,50s ribosomal protein l33, ,Derived by automated computational analysis using gene prediction method: Protein Homology.,OG0000024,Conserved,rpmG,Conserved,Soft core,Soft core
GCF_023221595.1,M0639_RS08625,MAGKKLDRTNARTALEVVRESPTIAFITVAPAVVVFGVVWWLFGFWAAILLALVFGVAAVATQKLR,66,hypothetical protein, ,Derived by automated computational analysis using gene prediction method: Protein Homology.,OG0000025,Conserved,group_2209,Conserved,Soft core,Soft core
GCF_023221595.1,M0639_RS08770,MNSTTVGLLVGLLLALAGIMGGFSGFVFAVLLGAAGMAIGAHRDGHLDLGAILRSRGRG,59,hypothetical protein, ,Derived by automated computational analysis using gene prediction method: Protein Homology.,OG0000026,Conserved,group_2303,Conserved,Soft core,Soft core
GCF_023221595.1,M0639_RS08895,MRLSTRNQLTGTITEVNLGTVMATVKVKLDGGNQIVTSSITRDAALDLDLEPGQAATVFVKSTEVTIGVE,70,tobe domain-containing protein, ,Derived by automated computational analysis using gene prediction method: Protein Homology.,OG0000064,Soft core,,,Soft core,Soft core
GCF_023221595.1,M0639_RS08900,MTEPVKGPASYFPSIEKKYGRPIGEWQELIRSSDLTKHMELVNWLKSEHGMGHGHANALVAHTLKEG,67,duf4287 domain-containing protein, ,Derived by automated computational analysis using gene prediction method: Protein Homology.,OG0000027,Conserved,group_2329,Soft core,Soft core,Soft core
GCF_023221595.1,M0639_RS08915,MSDRDNKALENDLVEESLVEEVSIDGMCGVY,31,mycofactocin precursor mfta, ,"Mycofactocin is a small molecule electron carrier derived from the final two amino acids, Val-Tyr, of MftA, the mycofactocin precursor. It plays a role in redox homeostasis and the metabolism of alcohols and aldehydes in Actinobacteria, including Mycobacterium tuberculosis; Derived by automated computational analysis using gene prediction method: Protein Homology.",OG0000009,Conserved,group_2326,Conserved,Soft core,Soft core
GCF_023221595.1,M0639_RS09255,MAKKALVNKANKKPKFAVRAYTRCQRCGRPHSVFRKFGLCRICVREMAHAGELPGVRKSSW,61,type z 30s ribosomal protein s14, ,Derived by automated computational analysis using gene prediction method: Protein Homology.,OG0000028,Conserved,group_2294,Conserved,Soft core,Soft core
GCF_023221595.1,M0639_RS09280,MADLKVTQIKSIIGTKQNQKDSLRTLGLKGIRQTVVREDNAQNRGLINVVRHLVTVEEV,59,50s ribosomal protein l30, ,Derived by automated computational analysis using gene prediction method: Protein Homology.,OG0000029,Conserved,rpmD,Conserved,Soft core,Soft core
GCF_023221595.1,M0639_RS09310,MKVQPSVKKICEKCKVIRRNGRVMVICENLRHKQRQG,37,50s ribosomal protein l36, ,Derived by automated computational analysis using gene prediction method: Protein Homology.,OG0000030,Conserved,rpmJ,Conserved,Soft core,Soft core
GCF_023221595.1,M0639_RS34940,MTIFEWILAIPALALAVAFLFSGIISAGIDFDAEDGVMTH,40,hypothetical protein, ,Derived by automated computational analysis using gene prediction method: GeneMarkS-2+.,OG0000082,Soft core,group_2186,Soft core,Soft core,Soft core
GCF_023221595.1,M0639_RS10635,MNDYKLYQCAQCGFEYDEAVGWPEDGIEPGTRWDDIPEDWSCPDCGAAKSDFFMVEVERR,60,rubredoxin, ,Derived by automated computational analysis using gene prediction method: Protein Homology.,OG0000007,Conserved,group_2155,Soft core,Soft core,Soft core
GCF_023221595.1,M0639_RS11330,MATDPAPRSERKKILLRLDPAVHDALARWAADDLRSTNAQIEFLLRRALTEHGRMPKNAGKMHGPGRPPA,70,hypothetical protein, ,Derived by automated computational analysis using gene prediction method: Protein Homology.,OG0000114,Soft core,,,Soft core,Soft core
GCF_023221595.1,M0639_RS11610,MSDLDSNTPSEPESQSEETKRKFREALERKNHQNAKSTDHRDGQSKVHNTHGPADHKREFRRKSG,65,duf5302 domain-containing protein, ,Derived by automated computational analysis using gene prediction method: Protein Homology.,OG0000031,Conserved,group_2470,Core,Soft core,Soft core
GCF_023221595.1,M0639_RS11695,MAAVCDVCAKGPGFGKSVSHSHRRTNRRWNPNIQSVRTEVAPGNTRKVNVCTSCLKAGKVARG,63,50s ribosomal protein l28, ,Derived by automated computational analysis using gene prediction method: Protein Homology.,OG0000032,Conserved,rpmB,Conserved,Soft core,Soft core
GCF_023221595.1,M0639_RS11735,MAVPKRKMSRSNTRSRRSQWKTTVPTLVTCPNRGCGEQTLPHIACPSCGTYKGRQVTAAV,60,50s ribosomal protein l32, ,Derived by automated computational analysis using gene prediction method: Protein Homology.,OG0000033,Conserved,group_2479,Conserved,Soft core,Soft core
GCF_023221595.1,M0639_RS12595,MKVPAFHSTVPSDLDVYHDNESCILAARIAVSHRAPGVDGRPWCTACASLD,51,hypothetical protein, ,Derived by automated computational analysis using gene prediction method: Protein Homology.,OG0000083,Soft core,group_2187,Soft core,Soft core,Soft core
GCF_023221595.1,M0639_RS12920,MFWKIVLAVVLVWVALAVVGALIKGLFWVLVVGAVGFGIYFLVKAMSGSDDNSPASRF,58,hypothetical protein, ,Derived by automated computational analysis using gene prediction method: Protein Homology.,OG0000034,Conserved,group_2296,Soft core,Soft core,Soft core
GCF_023221595.1,M0639_RS12945,MRLTEFHEMVREEFGQVRGDSMLIDHVLQSLDGMTAAEAVEAGWEPREVWRALCVEFDVPPARR,64,duf3046 domain-containing protein, ,Derived by automated computational analysis using gene prediction method: Protein Homology.,OG0000035,Conserved,group_2481,Conserved,Soft core,Soft core
GCF_023221595.1,M0639_RS13220,MPGTLTSPQLTAADRCDRCGAGARVRAVLPTGGELLFCGHHATEHADRLREMNAVVSESEPAI,63,hypothetical protein, ,Derived by automated computational analysis using gene prediction method: Protein Homology.,OG0000036,Conserved,group_2483,Conserved,Soft core,Soft core
GCF_023221595.1,M0639_RS13590,MKIRFELMIGILLVVGGGCLWLFARDAEFFWFRGGPLGVILAIIGAFDIVNAVRTRETAIPERRND,66,hypothetical protein, ,Derived by automated computational analysis using gene prediction method: Protein Homology.,OG0000101,Soft core,group_2126,Soft core,Soft core,Soft core
GCF_023221595.1,M0639_RS14065,MAGIDSKFDKAYAGKSVEELADAPVAALNGVSDSDAEHLKAAFNIKTVRDLGTNKFFLWAQATAKLAE,68,hypothetical protein, ,Derived by automated computational analysis using gene prediction method: Protein Homology.,OG0000070,Soft core,group_2484,Soft core,Soft core,Soft core
GCF_023221595.1,M0639_RS14780,MSSPQLGREKSFQSCSMFGIDRTLGTARALATEVLRTILNEIEASNWITNKFVPPGGP,58,hypothetical protein, ,Derived by automated computational analysis using gene prediction method: GeneMarkS-2+.,OG0000348,Cloud,group_2038,Cloud,Cloud,Cloud
GCF_023221595.1,M0639_RS14895,MAQEQTQRAGGGEDDETTGGDGSAGQERREKLAAETDDLLDEIDDVLEENAEDFVRAYVQKGGQ,64,ubiquitin-like protein pup, ,Derived by automated computational analysis using gene prediction method: Protein Homology.,OG0000037,Conserved,group_340,Soft core,Soft core,Soft core
GCF_023221595.1,M0639_RS15275,MPSLLSMVGSLPAAVLALVLAAVHQGIALRNKGAIARARSGVRDTQPSE,49,hypothetical protein, ,Derived by automated computational analysis using gene prediction method: GeneMarkS-2+.,OG0000609,Cloud,group_1380,Cloud,Cloud,Cloud
GCF_023221595.1,M0639_RS15415,MAIDSTLLSILACPQDKGPLLLVGDELLYNPRLRRAYPIENGIPVLLIDEARDVADDEHEKLLARAEG,68,trm112 family protein, ,Derived by automated computational analysis using gene prediction method: Protein Homology.,OG0000038,Conserved,group_54,Soft core,Soft core,Soft core
GCF_023221595.1,M0639_RS15510,MPKMKSHSGASKRFKVSGSGKLMRQKAGRRHLLEHKSSRVTRRLDGVAVVSPDDAPRIKRMLGI,64,50s ribosomal protein l35, ,Derived by automated computational analysis using gene prediction method: Protein Homology.,OG0000039,Conserved,group_2130,Soft core,Soft core,Soft core
GCF_023221595.1,M0639_RS15700,MSPTEIPRLLSAKEAADVLLTSEGALAALRYRGAGPKFRKLGHRVAYAVQDLRDYIDSDIRTGTAADATA,70,dna-binding protein, ,Derived by automated computational analysis using gene prediction method: Protein Homology.,OG0000311,Cloud,,,Cloud,Cloud
GCF_023221595.1,M0639_RS15735,MKINVNIDTALSDDDVLDLIDETRCAGIGPQAQVASRMAVAQALLGLTQEVRALREEIAAKR,62,hypothetical protein, ,Derived by automated computational analysis using gene prediction method: GeneMarkS-2+.,OG0000535,Cloud,group_499,Cloud,Cloud,Cloud
GCF_023221595.1,M0639_RS15930,MHVEVDLDLCQGHAACELEAPEIFVVPKRGKVSLLDSDPPESLRGEAEMAVRYCPTGALRIVD,63,ferredoxin, ,Derived by automated computational analysis using gene prediction method: Protein Homology.,OG0000001,Conserved,group_2270,Soft core,Soft core,Soft core
GCF_023221595.1,M0639_RS16110,MSVLFTYLLFIGAGIAVGGAYSMFKVNKLASGILLALAVLAAVAGALRL,49,hypothetical protein, ,Derived by automated computational analysis using gene prediction method: Protein Homology.,OG0000040,Conserved,group_2410,Soft core,Core,Soft core
GCF_023221595.1,M0639_RS16450,MNESSSGLFSDLSASEPVVDAKSAEQLAAERETAAAERSNTDTAEQRQSQLFSG,54,hypothetical protein, ,Derived by automated computational analysis using gene prediction method: Protein Homology.,OG0000084,Soft core,group_2262,Soft core,Soft core,Soft core
GCF_023221595.1,M0639_RS34945,MLGIALGLGSAAVGIGLGLLGAGAGILLSDKTVKTARRELTA,42,hypothetical protein, ,Derived by automated computational analysis using gene prediction method: GeneMarkS-2+.,OG0000102,Soft core,group_2160,Soft core,Soft core,Soft core
GCF_023221595.1,M0639_RS16555,MHAEVGDRLHVQGRVVGQAEVTAEVLEVHGEDGGPPYLVRYDNGHEALVFPGSDGWIDHPGKGS,64,duf1918 domain-containing protein, ,Derived by automated computational analysis using gene prediction method: Protein Homology.,OG0000041,Conserved,group_2499,Soft core,Soft core,Soft core
GCF_023221595.1,M0639_RS34950,MTAYRYLDADRNLLEEKDFETEQDAQEYRLSVLGAEHIEPAGE,43,hypothetical protein, ,Derived by automated computational analysis using gene prediction method: Protein Homology.,OG0000054,Core,group_2400,Soft core,Soft core,Soft core
GCF_023221595.1,M0639_RS16785,MIRSHVTDSLDGLPAHTYNTHSNGVWRSATLVADRHTCGRPCPEEGVTSELHHSRSTPEEGRES,64,hypothetical protein, ,Derived by automated computational analysis using gene prediction method: Protein Homology.,OG0000246,Shell,group_360,Shell,Shell,Shell
GCF_023221595.1,M0639_RS17035,MESTDWPLGKILGHIGYQDPGTFRRLFTDRVGISPADYRKRFRNGGAG,48,arac family transcriptional regulator, ,Derived by automated computational analysis using gene prediction method: Protein Homology.,OG0000871,Cloud,group_1461,Cloud,,Cloud
GCF_023221595.1,M0639_RS17120,MPPSTVLRWLGVRHPTRATTREVATRFGVPIQEVLVAGGYMTPDEAATTADTLDDARTVH,60,hypothetical protein, ,Derived by automated computational analysis using gene prediction method: GeneMarkS-2+.,OG0000566,Cloud,group_719,Cloud,,Cloud
GCF_023221595.1,M0639_RS17200,MDNPDSAHTRGDDEAISVAKAAVLLSGGSFDADTETTCRRVLNGESEVEQELSAFRAQLRG,61,hypothetical protein, ,Derived by automated computational analysis using gene prediction method: GeneMarkS-2+.,OG0000211,Shell,group_652,Cloud,,Cloud
GCF_023221595.1,M0639_RS17290,MNADPTQSKWEAMVERGEVQLVDPNGALDPPIPALELPHGMTSDSILDDLRGDH,54,hypothetical protein, ,Derived by automated computational analysis using gene prediction method: GeneMarkS-2+.,OG0002103,,group_1103,Cloud,,Probably not conserved
GCF_023221595.1,M0639_RS17415,MVNSYSASINQLVTLEKQIYLDVMADAATCLWGPCTHAVTDADLARFGVDPANEPDEHLYW,61,hypothetical protein, ,Derived by automated computational analysis using gene prediction method: GeneMarkS-2+.,OG0002104,,group_653,Cloud,,Probably not conserved
GCF_023221595.1,M0639_RS17595,MTDEDRLWYFDVSDGSVTQGKGASSLTRMGPYPDRDSAEHALKIAAERNKAADRADEDWNN,61,hypothetical protein, ,Derived by automated computational analysis using gene prediction method: Protein Homology.,OG0000042,Conserved,group_592,Soft core,Soft core,Soft core
GCF_023221595.1,M0639_RS17800,MKLALTEFKNSKATIRIIMSDGAKLNGTVTDFTEDTLVLNSPNGVYYINPSHIIRLFEPSDRAAK,65,hypothetical protein, ,Derived by automated computational analysis using gene prediction method: GeneMarkS-2+.,OG0000085,Soft core,group_2248,Soft core,Soft core,Soft core
GCF_023221595.1,M0639_RS17970,MTVAGVVSVVLIAVAAALVIYLLVALVDPERF,32,k(+)-transporting atpase subunit f, ,Derived by automated computational analysis using gene prediction method: Protein Homology.,OG0000055,Core,kdpF,Soft core,Soft core,Soft core
GCF_023221595.1,M0639_RS35080,MSEATAPVIRHQLALIAVGMLDVADVACC,29,ms4533a family cys-rich leader peptide, ,Derived by automated computational analysis using gene prediction method: Protein Homology.,OG0000133,Shell,group_1948,Soft core,Shell,Shell
GCF_023221595.1,M0639_RS18110,MDRIADWWDSFELWMAGLPFIPQVALVLIVVVPLCRLVAIGLDRVLAAVLALPLFGWLRRNSREVEES,68,hypothetical protein, ,Derived by automated computational analysis using gene prediction method: Protein Homology.,OG0000056,Core,group_2078,Soft core,Soft core,Soft core
GCF_023221595.1,M0639_RS18530,MKKALPKTLKSLARTVGILALAIVVVSVVERFTGAHQPTTGPASLTGPDQSL,52,hypothetical protein, ,Derived by automated computational analysis using gene prediction method: Protein Homology.,OG0000111,Soft core,group_2264,Soft core,Soft core,Soft core
GCF_023221595.1,M0639_RS18535,MRENDLNLRGLEIFEEASDVAFSEIHTHPRQCLIRAHKSVAQSRCGA,47,hypothetical protein, ,Derived by automated computational analysis using gene prediction method: GeneMarkS-2+.,OG0000241,Shell,group_2309,Shell,Shell,Shell
GCF_023221595.1,M0639_RS18545,MSFLPFPIVIEGIETTGSAVIDGLGRLSVLLYDLLGGTGSATIDAGS,47,hypothetical protein, ,Derived by automated computational analysis using gene prediction method: Protein Homology.,OG0000125,Shell,group_2228,Shell,Shell,Shell
GCF_023221595.1,M0639_RS18555,MYGYLWGALPGPRPVKALLAIVLVVAVVLLLMEFVFPWMSEHMPYSDVTV,50,hypothetical protein, ,Derived by automated computational analysis using gene prediction method: Protein Homology.,OG0000214,Shell,group_1309,Shell,Shell,Shell
GCF_023221595.1,M0639_RS18585,MIAAPTTGALAVVLNTVLQMFNAGSSFLYTDNSPIGGGGETPTTPAP,47,hypothetical protein, ,Derived by automated computational analysis using gene prediction method: Protein Homology.,OG0000086,Soft core,group_2210,Soft core,Soft core,Soft core
GCF_023221595.1,M0639_RS18590,MPTIPLTGDPIVINIIVQLLSAGSSNALALGGVGSSGLGSTGLGSFDSASLGSAA,55,hypothetical protein, ,Derived by automated computational analysis using gene prediction method: Protein Homology.,OG0000087,Soft core,group_1002,Soft core,Soft core,Soft core
GCF_023221595.1,M0639_RS34960,MYIQTCTYDTEDRNMGSINTLSAVIDIIKVVQPLIAKLNLS,41,hypothetical protein, ,Derived by automated computational analysis using gene prediction method: GeneMarkS-2+.,OG0000109,Soft core,group_2041,Soft core,Soft core,Soft core
GCF_023221595.1,M0639_RS19430,MAGKFAQKATGGADSLEKSLLSHALVITEMRDFFQQCVDRYGEVDDSNASALASVDTPR,59,hypothetical protein, ,Derived by automated computational analysis using gene prediction method: GeneMarkS-2+.,OG0000123,Soft core,group_2307,Soft core,Soft core,Soft core
GCF_023221595.1,M0639_RS19500,MSTALLTIYVLIWPALVLVVLGVISKGFFKDWATARRNGEDLV,43,putative transporter small subunit, ,Derived by automated computational analysis using gene prediction method: Protein Homology.,OG0000088,Soft core,group_2364,Soft core,Soft core,Soft core
GCF_023221595.1,M0639_RS34965,MNFRNGNGIGEPQPVQFPRSFINVRAWAAVDVGSSVSMSPK,41,hypothetical protein, ,Derived by automated computational analysis using gene prediction method: GeneMarkS-2+.,OG0002105,,group_1866,Cloud,,Probably not conserved
GCF_023221595.1,M0639_RS20180,MAAMKPRTGDGPLEATKEGRGIVMRVPLEGGGRLVVELTPDEAAALGVELTNVTS,55,duf3117 domain-containing protein, ,Derived by automated computational analysis using gene prediction method: Protein Homology.,OG0000043,Conserved,group_1003,Soft core,Soft core,Soft core
GCF_023221595.1,M0639_RS20285,MTEQDATFDPEAPESDALEQSTPVDPNAPEEPDLTDIPLDAPVADVVDQRVEVAVDDDYRPS,62,hypothetical protein, ,Derived by automated computational analysis using gene prediction method: Protein Homology.,OG0000057,Core,group_2211,Soft core,Soft core,Soft core
GCF_023221595.1,M0639_RS20310,MYNWDLQNQIVAFVDSLRPMAGYYHDLYYGSLYAFADQQSHLLTLLGFPPVP,52,hypothetical protein, ,Derived by automated computational analysis using gene prediction method: Protein Homology.,OG0000058,Core,group_1175,Soft core,Soft core,Soft core
GCF_023221595.1,M0639_RS20330,MGKVKASKVSQLKPKKKCCRKKTRCIKCPVVIMRMKKLENEGASKKELKAGLKKARAA,58,hypothetical protein, ,Derived by automated computational analysis using gene prediction method: Protein Homology.,OG0000044,Conserved,group_2365,Soft core,Soft core,Soft core
GCF_023221595.1,M0639_RS34970,MGSMEGILGAVVQGLGSLFSADGLLKTFMGSVETISKDPTP,41,hypothetical protein, ,Derived by automated computational analysis using gene prediction method: GeneMarkS-2+.,OG0000103,Soft core,group_2051,Soft core,Soft core,Soft core
GCF_023221595.1,M0639_RS20515,MTAKLTTAFRGTLWWVRSVMGDLDYQRYVEHTRRHHADSPVISEREFWRRRHAAADANPGARCC,64,ybdd/yjix family protein, ,Derived by automated computational analysis using gene prediction method: Protein Homology.,OG0000045,Conserved,group_2343,Soft core,Conserved,Soft core
GCF_023221595.1,M0639_RS20765,MSTNSDRRPRLPVRIAYLAAGVLFVAAMLLLASVVNPDRDRDFSMNHVPAGTSTTAFAATSDLG,64,hypothetical protein, ,Derived by automated computational analysis using gene prediction method: Protein Homology.,OG0000104,Soft core,group_2149,Soft core,Soft core,Soft core
GCF_023221595.1,M0639_RS35085,MNASDCLGAVDRKSAVAVALLEPLLVERLLPEPLLAEPLLAEPLLAELLALDPLPEPLGPAIP,63,hypothetical protein, ,Derived by automated computational analysis using gene prediction method: GeneMarkS-2+.,OG0000327,Cloud,group_2140,Cloud,Cloud,Cloud
GCF_023221595.1,M0639_RS21210,MAEGIVKWFNSEKGFGFIAPEDGSADVFVHYSEIQSGGFRTLEENQRVAFEIGQGNKGPQATGVTIV,67,cold-shock protein, ,Derived by automated computational analysis using gene prediction method: Protein Homology.,OG0000046,Conserved,group_132,Soft core,Soft core,Soft core
GCF_023221595.1,M0639_RS21215,MTTAEYTVSGMTCGHCVGSVKEEIGNIAGVTAVDVELASGRVVVTSDAPVSAADVVAAVDEAGYAVVPS,69,heavy-metal-associated domain-containing protein, ,Derived by automated computational analysis using gene prediction method: Protein Homology.,OG0000006,Conserved,group_2139,Soft core,Soft core,Soft core
GCF_023221595.1,M0639_RS21335,MKHTMSDDELRRAIREIQDRAHDARKRGDDVAAEELDRTVKGYQEQMMQRL,51,hypothetical protein, ,Derived by automated computational analysis using gene prediction method: Protein Homology.,OG0000059,Core,group_2336,Soft core,Soft core,Soft core
GCF_023221595.1,M0639_RS21410,MSEQRDTPKKPSVDKKRLARIFGDVFPETTSDERGPEGSSRSSDDDWLRSQRPPHHGG,58,hypothetical protein, ,Derived by automated computational analysis using gene prediction method: Protein Homology.,OG0000089,Soft core,group_2328,Soft core,Soft core,Soft core
GCF_023221595.1,M0639_RS21440,MAVPKRKMSRSNTRSRRAQWKATAPDLVEVTAFGQTHRVPRRLVKAVRLGVIDPSRI,57,50s ribosomal protein l32, ,Derived by automated computational analysis using gene prediction method: Protein Homology.,OG0000060,Soft core,group_2302,Soft core,Soft core,Soft core
GCF_023221595.1,M0639_RS21460,MARNEIRPIVKLKSTAGTGYTYVTRKNRRNDPDRLVLKKYDPVLRKHVDFREEK,54,50s ribosomal protein l33, ,Derived by automated computational analysis using gene prediction method: Protein Homology.,OG0000047,Conserved,group_2199,Soft core,Soft core,Soft core
GCF_023221595.1,M0639_RS21625,MHLTATTSTTTGAAGNSDPKDAESTLDMSGRPAALRARSAAATRPGGAMSPHEPYVTA,58,hypothetical protein, ,Derived by automated computational analysis using gene prediction method: GeneMarkS-2+.,OG0000131,Shell,group_2058,Shell,Shell,Shell
GCF_023221595.1,M0639_RS22090,MGFLDNVKGLVEKGQELAAENSDKVHDAIDKVADIADDKTGNKYGDQIDKAAEAAKKAVPEKQ,63,antitoxin, ,Derived by automated computational analysis using gene prediction method: Protein Homology.,OG0000010,Conserved,group_425,Soft core,Soft core,Soft core
GCF_023221595.1,M0639_RS22630,MANNSKQHYVDPGWPETADGDHAVTELSSTRAGGLSPFGEDTTFPVPVESLPYVHPHTVINR,62,hypothetical protein, ,Derived by automated computational analysis using gene prediction method: Protein Homology.,OG0000048,Conserved,group_501,Soft core,Soft core,Soft core
GCF_023221595.1,M0639_RS34975,MADKAPGKNMKKPAQSIKERRAEKRAKSAESSEFIRKRKRS,41,hypothetical protein, ,Derived by automated computational analysis using gene prediction method: Protein Homology.,OG0000004,Core,group_2142,Soft core,Soft core,Soft core
GCF_023221595.1,M0639_RS23570,MGRGRAKAKQTKVARELKYSVPTTDFDSLQRELAGGSTNSHRSSVRSDQTSDREGHAREDDYDDWRR,67,duf3073 domain-containing protein, ,Derived by automated computational analysis using gene prediction method: Protein Homology.,OG0000049,Conserved,group_133,Soft core,Soft core,Soft core
GCF_023221595.1,M0639_RS23750,MRNNLQELRTAAGLSQQACADALGITRQTVISIEKGHFDPRLSLAFRIAEYFDKRVDDIFSS,62,helix-turn-helix transcriptional regulator, ,Derived by automated computational analysis using gene prediction method: Protein Homology.,OG0000105,Soft core,group_502,Soft core,Soft core,Soft core
GCF_023221595.1,M0639_RS23875,MTSPMNTRKLTRARSGAMFGGVCAGIARYFGWKSSTVRLLFVLSCLLPGPQFLIYIVMWIFIPREQI,67,pspc domain-containing protein, ,Derived by automated computational analysis using gene prediction method: Protein Homology.,OG0000106,Soft core,group_134,Soft core,Soft core,Soft core
GCF_023221595.1,M0639_RS23895,MAEGERPPGVLDDSTYQSPDGLRKFGRTKSEVWFRNKKAYNASRIDDAAVEAANG,55,hypothetical protein, ,Derived by automated computational analysis using gene prediction method: GeneMarkS-2+.,OG0000185,Shell,group_2143,Shell,Shell,Shell
GCF_023221595.1,M0639_RS24390,MPLRLPLGKEAVERVSASYRKNLAEVCVWADLARSADFADAAGPVRPF,48,hypothetical protein, ,Derived by automated computational analysis using gene prediction method: GeneMarkS-2+.,OG0002106,,group_1462,Cloud,,Probably not conserved
GCF_023221595.1,M0639_RS24680,MNPDDALPADSSSILDGDEFSQKKWKSEKRWAAERRWKRKQYQDWRDTQTLLGNPNNTWTDWENSK,66,hypothetical protein, ,Derived by automated computational analysis using gene prediction method: GeneMarkS-2+.,OG0000415,Cloud,group_2455,Cloud,Cloud,Cloud
GCF_023221595.1,M0639_RS24700,MYGFQIDQPIDPNLITREEAAVILHRSVQGMANQLDAGRLTKYQIRERCILVDRREVEALARELHSKH,68,hypothetical protein, ,Derived by automated computational analysis using gene prediction method: GeneMarkS-2+.,OG0000499,Cloud,group_89,Cloud,Cloud,Cloud
GCF_023221595.1,M0639_RS24710,MTDTELVEELNRLENLDELTRCDEIRLDIVRDELVRRQSKHRRAVNTASEQRQGSR,56,hypothetical protein, ,Derived by automated computational analysis using gene prediction method: GeneMarkS-2+.,OG0000238,Shell,group_2459,Cloud,Cloud,Cloud
GCF_023221595.1,M0639_RS24750,MSDWVKKVEAEAKGLLAEAEEELTVLEGVDTIDPLADDDPAPEDGTKPTSD,51,hypothetical protein, ,Derived by automated computational analysis using gene prediction method: Protein Homology.,OG0000090,Soft core,group_2192,Soft core,Soft core,Soft core
GCF_023221595.1,M0639_RS25680,MAQGIVKWFNGEKGFGFIAPDDGTPDVFVHYSEISGNGYKSLDENQRVEFEVGQGQKGPQATNVRAV,67,cold-shock protein, ,Derived by automated computational analysis using gene prediction method: Protein Homology.,OG0000003,Conserved,group_1991,Soft core,Soft core,Soft core
GCF_023221595.1,M0639_RS25725,MRRQSLYARLTRIEKLMGVSLDDPAQVVCLGLALTAWRMRTGLDPQAAFERLPG,54,helix-turn-helix domain-containing protein, ,Derived by automated computational analysis using gene prediction method: Protein Homology.,OG0002107,,group_1104,Cloud,,Probably not conserved
GCF_023221595.1,M0639_RS25820,MGSINAFNEWVNQATYAGDPFATAIAIVQFFAVSLVNLFTGGPIL,45,hypothetical protein, ,Derived by automated computational analysis using gene prediction method: GeneMarkS-2+.,OG0000137,Shell,group_2383,Shell,Shell,Shell
GCF_023221595.1,M0639_RS25845,MKKTDFAPISCIHRWEIESRHQTSEGTVTYLRCHCGSWQTLLAEWVSGGAGSAVAAPIKVRSR,63,hypothetical protein, ,Derived by automated computational analysis using gene prediction method: GeneMarkS-2+.,OG0000116,Soft core,group_2290,Soft core,Soft core,Soft core
GCF_023221595.1,M0639_RS25885,MPTVIRTVHDLVRHARGPTHHHHHQSVHEARRMRAHHILVTHSLV,45,hypothetical protein, ,Derived by automated computational analysis using gene prediction method: GeneMarkS-2+.,OG0000112,Soft core,group_2176,Soft core,Soft core,Soft core
GCF_023221595.1,M0639_RS26090,MVGTPVIVTIVSVCVGFVIFMLAASGARGKWDRRLVIALFIGAVVCLTVVPVSVALSAGV,60,hypothetical protein, ,Derived by automated computational analysis using gene prediction method: Protein Homology.,OG0000091,Soft core,group_2382,Soft core,Soft core,Soft core
GCF_023221595.1,M0639_RS26195,MNETQPHNLERERWRTLPTPPSTELIEMVGDGPSSADFDPAAPVAQQG,48,hypothetical protein, ,Derived by automated computational analysis using gene prediction method: Protein Homology.,OG0000128,Shell,group_2355,Shell,Shell,Shell
GCF_023221595.1,M0639_RS26695,MTEPDPGTVETDFPKTGAPAQRALIAAGYTHLAQLTSVSEKELGALHGMGPKALRILREALAERGLSFAD,70,hypothetical protein, ,Derived by automated computational analysis using gene prediction method: Protein Homology.,OG0000050,Conserved,,,Soft core,Soft core
GCF_023221595.1,M0639_RS34980,MGSSDTDLKALDSVITVAGALAAIFGGIAGVAGLANFLGTGGGS,44,hypothetical protein, ,Derived by automated computational analysis using gene prediction method: GeneMarkS-2+.,OG0000065,Soft core,group_2088,Shell,Shell,Shell
GCF_023221595.1,M0639_RS27445,MNAPTRYQFLIDGEVSDRVKAAFPELSVASAAGGFTSLYGPVADHTAMRSIMARLDSLGLTVAEMRRLPD,70,hypothetical protein, ,Derived by automated computational analysis using gene prediction method: Protein Homology.,OG0000092,Soft core,,,Soft core,Soft core
GCF_023221595.1,M0639_RS34985,MSVVLISLLVAAGLTVLATSDGAGLDFGSRQLNRQLKTRTHR,42,hypothetical protein, ,Derived by automated computational analysis using gene prediction method: GeneMarkS-2+.,OG0000107,Soft core,group_1760,Soft core,Soft core,Soft core
GCF_023221595.1,M0639_RS27870,MKIVVLSFLVALTLMTVGIIAARNRSTRPAVTGAVTAASTVLAAAWTLFAVAFVLA,56,hypothetical protein, ,Derived by automated computational analysis using gene prediction method: Protein Homology.,OG0000110,Soft core,group_2239,Soft core,Soft core,Soft core
GCF_023221595.1,M0639_RS34990,MSGFLYAAVRPGQLITTNQPVTILVRGENGTFVPYTLQGGP,41,hypothetical protein, ,Derived by automated computational analysis using gene prediction method: GeneMarkS-2+.,OG0002108,,group_1867,Cloud,,Probably not conserved
GCF_023221595.1,M0639_RS28585,MSAHAGLLLAVAIPASGLAVFTLVFFLLGRRMRRLRREGRATYPAKTTPGSNDFSSNVM,59,hypothetical protein, ,Derived by automated computational analysis using gene prediction method: GeneMarkS-2+.,OG0000557,Cloud,group_791,Cloud,,Cloud
GCF_023221595.1,M0639_RS28930,MNHRESFQAVKWGTPRRTRRHRQLIRGRIAGGGATVEVSSEVLAYY,46,hypothetical protein, ,Derived by automated computational analysis using gene prediction method: GeneMarkS-2+.,OG0000141,Shell,group_2265,Shell,Shell,Shell
GCF_023221595.1,M0639_RS29025,MRRASRAQRMELIAGFISVFALMALIGAVVAIVKGDPGVMPSLVLLGCVVALGLAFRGYRNAVRAERRE,69,hypothetical protein, ,Derived by automated computational analysis using gene prediction method: Protein Homology.,OG0000051,Conserved,group_2375,Soft core,Shell,Shell
GCF_023221595.1,M0639_RS29575,MAKGKRTFQPNNRRRARVHGFRLRMRTRAGRAIVSARRRKGRDSLTA,47,50s ribosomal protein l34, ,Derived by automated computational analysis using gene prediction method: Protein Homology.,OG0000052,Conserved,rpmH,Conserved,Shell,Shell
GCF_023221595.1,M0639_RS29610,MTPVNGEVSAAMKFCPETATKLPAGGHETCPVAVMGSARHDVVCLTGSDG,50,hypothetical protein, ,Derived by automated computational analysis using gene prediction method: GeneMarkS-2+.,OG0000944,Cloud,,,,Probably not conserved
GCF_023221595.1,M0639_RS29665,MSENFTPRKRSAVEAAAYQATKHTQRITDADLVAVVAGLTETSVVQTPRIDIAFPAAGDPDDLFR,65,hypothetical protein, ,Derived by automated computational analysis using gene prediction method: Protein Homology.,OG0000121,Shell,,,,Probably not conserved
GCF_023221595.1,M0639_RS29705,MTTAHKVTTRTASRSVEESVQFATGVVRLAGGTVTEADKAAARRVARGVSTPEQELAAFRQELEL,65,antitoxin vbha family protein, ,Derived by automated computational analysis using gene prediction method: GeneMarkS-2+.,OG0000211,Shell,,,Cloud,Cloud
GCF_023221595.1,M0639_RS30080,MPTPSKGDRTRVVSRVPDPVYAELEKRRKAAGVSSVSQYVADLLAATTGHKNLVVELDQEVLQLTA,66,hypothetical protein, ,Derived by automated computational analysis using gene prediction method: Protein Homology.,OG0000139,Shell,group_216,Shell,Cloud,Shell
GCF_023221595.1,M0639_RS30235,MNDKNIPVERSAVEAAMYQSTKHLNVITDADLAAVVEGLTGEPVARAQIDFAFPAPGTTDHLFD,64,hypothetical protein, ,Derived by automated computational analysis using gene prediction method: Protein Homology.,OG0000121,Shell,group_2475,Shell,Cloud,Shell
GCF_023221595.1,M0639_RS30245,MSLKARKLLWATTVAIFLVAAVLSYFSSGLGSAALWVTVGLALGASGFADLKVQARS,57,hypothetical protein, ,Derived by automated computational analysis using gene prediction method: GeneMarkS-2+.,OG0000375,Cloud,group_873,Cloud,Cloud,Cloud
GCF_023221595.1,M0639_RS30320,MSTETGTLAPALVAVVEATAALDAAMFDRSREGFIDVTALVDAFAASRAAARDAGHPEEDIDAAAAPTN,69,hypothetical protein, ,Derived by automated computational analysis using gene prediction method: Protein Homology.,OG0000226,Shell,group_2451,Shell,Cloud,Shell
GCF_023221595.1,M0639_RS34995,MAATVLGVTVGVLLADVVAGVAVGAGTAVVFRFVLRTIITRK,42,hypothetical protein, ,Derived by automated computational analysis using gene prediction method: Protein Homology.,OG0000124,Shell,group_1774,Cloud,Cloud,Cloud
GCF_023221595.1,M0639_RS30365,MTETAAPTRFVAIPRTEEHGGYENECFTHYVQDNGGRYCLRGPMVQSDAEWLASKMNTQLS,61,hypothetical protein, ,Derived by automated computational analysis using gene prediction method: GeneMarkS-2+.,OG0000189,Shell,group_2471,Shell,Cloud,Shell
GCF_023221595.1,M0639_RS30445,MKTEEEERLIAHAVTRLSVKYPSISADVVADAVASAHAHFDGHKVRDFVPLLVERMAGEKLSSLVAS,67,hypothetical protein, ,Derived by automated computational analysis using gene prediction method: Protein Homology.,OG0000062,Soft core,group_2496,Shell,Cloud,Cloud
GCF_023221595.1,M0639_RS30645,MSENFTPRERSAVEAAAYQATKHTQKITDADLVAVVEGLTGTSVAQIPRIDIAFPAAGDPDELFH,65,hypothetical protein, ,Derived by automated computational analysis using gene prediction method: Protein Homology.,OG0000121,Shell,group_2426,Cloud,,Cloud
GCF_023221595.1,M0639_RS30670,MKLFARKRDESEFVEYGFGLVNEVGIDRVNTEDSTLVDLYYWSEGVREPLREVRYFKVTD,60,hypothetical protein, ,Derived by automated computational analysis using gene prediction method: GeneMarkS-2+.,OG0000853,Cloud,group_2641,Cloud,,Cloud
GCF_023221595.1,M0639_RS31095,MTDSAKSSTTTRSSGWGLLDLDPAPPPSGTGCTYAGGAIVIDLHSCGQ,48,hypothetical protein, ,Derived by automated computational analysis using gene prediction method: GeneMarkS-2+.,OG0002109,,,,,Probably not conserved
GCF_023221595.1,M0639_RS31100,MISFGALRSPAFRIHTLAPVSFPLTTENHIPPQLQAMDRGVAVMDAF,47,hypothetical protein, ,Derived by automated computational analysis using gene prediction method: GeneMarkS-2+.,OG0000558,Cloud,,,,Probably not conserved
GCF_023221595.1,M0639_RS35010,MGSFDTASLSTESLEDLNLGKVSELLKLGITAVSFITALNSLS,43,hypothetical protein, ,Derived by automated computational analysis using gene prediction method: GeneMarkS-2+.,OG0000067,Soft core,group_2494,Cloud,,Cloud
GCF_023221595.1,M0639_RS31480,MTTKFTISIPDEDAHLLDEYVRGHGLRGRSAGIRAALRLLSTSGLERDYAAAFAEDDVDEVWDAVTADTE,70,ribbon-helix-helix domain-containing protein, ,Derived by automated computational analysis using gene prediction method: Protein Homology.,OG0000213,Shell,,,,Probably not conserved
GCF_023221595.1,M0639_RS31515,MMLLFRERSATTVTIAALIAGAVATSWIYLNGILFPTTTPVSAMSYVALTTITPALPPVI,60,hypothetical protein, ,Derived by automated computational analysis using gene prediction method: GeneMarkS-2+.,OG0000351,Cloud,group_2257,Cloud,,Cloud
GCF_023221595.1,M0639_RS35015,MPIPRAMSTRLARLTEDSLTLARAAIVDFAAETPRPVWDSAKCA,44,hypothetical protein, ,Derived by automated computational analysis using gene prediction method: GeneMarkS-2+.,OG0000629,Cloud,group_1682,Cloud,Cloud,Cloud
GCF_023221595.1,M0639_RS31545,MTHNTRIKPSTKDRLRRGVDKLRYETGDREISEASMTEAALDEYLKARGL,50,hypothetical protein, ,Derived by automated computational analysis using gene prediction method: Protein Homology.,OG0000212,Shell,group_2308,Shell,Cloud,Shell
GCF_023221595.1,M0639_RS31665,MATYRVINPAGDVTATRDIESADDAHAWFVDARADNSELGWRMEVHHDGEWSFFDDTEGTSS,62,hypothetical protein, ,Derived by automated computational analysis using gene prediction method: Protein Homology.,OG0000066,Soft core,"group_2490, group_2504", Cloud,Cloud,Cloud
GCF_023221595.1,M0639_RS31695,MELEGLREAMKTQGIIEWAKGMWMAAHGGDEDRAFEVLVEQSQRRKIRLSALATELVETFPKR,63,antar domain-containing protein, ,Derived by automated computational analysis using gene prediction method: Protein Homology.,OG0000397,Cloud,group_483,Cloud,,Cloud
GCF_023221595.1,M0639_RS31720,MVDVVVWTESEERERWWREIVGIAPSGDRCVARDVGELPRAKVSAASARRESLPIEVRGVTAA,63,hypothetical protein, ,Derived by automated computational analysis using gene prediction method: Protein Homology.,OG0000129,Shell,group_2456,Cloud,,Cloud
GCF_023221595.1,M0639_RS31725,MATYRVINPAGDVTATRDIESADDAHAWFVDARADNSELGWRMEVHHDGEWSFFDDTEGTSS,62,hypothetical protein, ,Derived by automated computational analysis using gene prediction method: Protein Homology.,OG0000066,Soft core,"group_2490, group_2504", Cloud,,Soft core
GCF_023221595.1,M0639_RS31745,MVLLIVGFLTGISILWTIGIILVVVGVILFAPGAAGHAVGGRRHYY,46,duf6131 family protein, ,Derived by automated computational analysis using gene prediction method: Protein Homology.,OG0000000,Conserved,group_2445,Cloud,,Cloud
GCF_023221595.1,M0639_RS31810,MSIVRRPSHGVVRRAADAFDVHIQEVLVAADYMTEEESGLVDAVPASVRHFTIGQMLEEIGRRTEGR,67,hypothetical protein, ,Derived by automated computational analysis using gene prediction method: GeneMarkS-2+.,OG0000566,Cloud,group_147,Cloud,,Cloud
GCF_023221595.1,M0639_RS35025,MDRWPKYIVPAAILGSVIAVIAWTATLTHPSGAPLGHGKVR,41,hypothetical protein, ,Derived by automated computational analysis using gene prediction method: GeneMarkS-2+.,OG0000561,Cloud,group_2045,Cloud,,Cloud
GCF_023221595.1,M0639_RS35125,MGRQGFESGRFGLPTSDEFEVPDGRQTNFQGGWIRWVSGTGQILTS,46,hypothetical protein, ,Derived by automated computational analysis using gene prediction method: Protein Homology.,OG0002110,,group_1595,Cloud,,Probably not conserved
GCF_023221595.1,M0639_RS31915,MTDLDIPVRISRNSALRTLTEDLPAPVVADLLGLHIHSVSRWTDYARRDWAHHLDARTNGPNRR,64,hypothetical protein, ,Derived by automated computational analysis using gene prediction method: GeneMarkS-2+.,OG0000297,Cloud,group_2476,Cloud,,Cloud
GCF_023221595.1,M0639_RS31925,MTEEQPVETLSRWSDSGATWRVLRRTPTSIMISLRRCDGGEEVERLTSSDPHLLAWIGDRVSSED,65,hypothetical protein, ,Derived by automated computational analysis using gene prediction method: Protein Homology.,OG0000285,Shell,group_2491,Cloud,,Cloud
GCF_023221595.1,M0639_RS32010,MRANSGQNSRIVANVWCAYWWNKSGNTFKVVQNTAYVVANKSYYF,45,hypothetical protein, ,Derived by automated computational analysis using gene prediction method: GeneMarkS-2+.,OG0002111,,group_2604,Cloud,,Probably not conserved
GCF_023221595.1,M0639_RS32050,MIVLGIILALIGYFTAISILTTVGIILVVVGAILTLLGTMGRAVGGRKVWY,51,duf6131 family protein, ,Derived by automated computational analysis using gene prediction method: Protein Homology.,OG0000000,Conserved,group_1248,Cloud,,Cloud
GCF_023221595.1,M0639_RS32055,MSTVPVVGTELGRDCLQCRCPLFITVLEFYAGSPPKLTDRRESFVDCRSGCRGVIEQPVGINISR,65,hypothetical protein, ,Derived by automated computational analysis using gene prediction method: GeneMarkS-2+.,OG0000248,Shell,group_2223,Cloud,,Cloud
GCF_023221595.1,M0639_RS32090,MERVRRERDVIVTELVLEVGAMSLPDLESAVDREEELSRGSPMRSMMYALPIDTLDRR,58,hypothetical protein, ,Derived by automated computational analysis using gene prediction method: GeneMarkS-2+.,OG0002112,,group_850,Cloud,,Probably not conserved
GCF_023221595.1,M0639_RS32100,MNHLVDHLHLAGLFRRGRLTEEEAINLGSYYHLHPLPRPAVFTASLGGHATF,52,hypothetical protein, ,Derived by automated computational analysis using gene prediction method: GeneMarkS-2+.,OG0000567,Cloud,group_1214,Cloud,,Cloud
GCF_023221595.1,M0639_RS35130,MFLKINGVQKHVWRGLDQDGNVIDT,25,hypothetical protein, ,Derived by automated computational analysis using gene prediction method: Protein Homology.,OG0002113,,group_1954,Cloud,,Probably not conserved
GCF_023221595.1,M0639_RS35035,MTGTLKSWNEGETKRAIEAFVATATTPGDGYIELADRIAVRQ,42,hypothetical protein, ,Derived by automated computational analysis using gene prediction method: GeneMarkS-2+.,OG0002114,,group_1812,Cloud,,Probably not conserved
GCF_023221595.1,M0639_RS32385,MKVEVDRKKCTGLGICESLAPAFFEVDDSGDLLLLKDDIGPDELAEIEEAVAGCPTEALRIIR,63,ferredoxin, ,Derived by automated computational analysis using gene prediction method: Protein Homology.,OG0000001,Conserved,group_441,Cloud,,Cloud
GCF_023221595.1,M0639_RS32600,MTSDASMMTHLGGGRTAMIVPDESRKIPATLPTKTSVQSRRAVRCGP,47,hypothetical protein, ,Derived by automated computational analysis using gene prediction method: GeneMarkS-2+.,OG0000568,Cloud,group_1488,Cloud,,Cloud
GCF_023221595.1,M0639_RS35040,MVTRKIGLLMAERGIEVTYKPRLIVPGYRHIDFVEVIQNSSWPE,44,hypothetical protein, ,Derived by automated computational analysis using gene prediction method: GeneMarkS-2+.,OG0002115,,group_2605,Cloud,,Probably not conserved
GCF_023221595.1,M0639_RS33020,MTITSDASTRLHALSEWINDHPTATFVVLFVLAVLLVVLAVWAIFR,46,hypothetical protein, ,Derived by automated computational analysis using gene prediction method: GeneMarkS-2+.,OG0000416,Cloud,group_1543,Cloud,,Cloud
GCF_023221595.1,M0639_RS33040,MAVASATVLGVTVGVLLAEVVAGVVVGAGTAVVFRFVLRSIITRK,45,hypothetical protein, ,Derived by automated computational analysis using gene prediction method: GeneMarkS-2+.,OG0000124,Shell,group_2500,Shell,,Shell
GCF_023221595.1,M0639_RS33140,MKFMGAAKALVDKGKEAASKNADKIENAIDKTAASAEAKTGGKLTSQIRRAALAAKRAIPPKK,63,antitoxin, ,Derived by automated computational analysis using gene prediction method: Protein Homology.,OG0000218,Shell,group_2424,Shell,,Shell
GCF_023221595.1,M0639_RS33345,MSDRVDEELAMLSDVCRYLRSVEGQDFSVSTAVVDRVLDERNETRIR,47,hypothetical protein, ,Derived by automated computational analysis using gene prediction method: Protein Homology.,OG0000117,Shell,group_2642,Cloud,,Cloud
GCF_023221595.1,M0639_RS33575,MHEHDDQTPDNHRPTRGEQLRALAQRVPNTIKIFLTACIVDCLADATTEQVSQLLLTLTNQQ,62,hypothetical protein, ,Derived by automated computational analysis using gene prediction method: GeneMarkS-2+.,OG0002116,,,,,Probably not conserved
GCF_023221595.1,M0639_RS33580,MPARYETIALVATELTRDVKVDDYGAYSDFDERPRLSAEEVAAIIENH,48,hypothetical protein, ,Derived by automated computational analysis using gene prediction method: GeneMarkS-2+.,OG0000888,Cloud,,,Cloud,Cloud
GCF_023221595.1,M0639_RS33605,MDVSDFDVVVWPESEEREAWWRAVVGAGRDAASPTMTPERRVEHAPLRILHAA,53,hypothetical protein, ,Derived by automated computational analysis using gene prediction method: GeneMarkS-2+.,OG0000129,Shell,,,Cloud,Cloud
GCF_023221595.1,M0639_RS33620,MVLTATTSSPVDASTSSFGWLVLKTLVDYVALEQTPATTTEGDATATITLEKTLPARS,58,hypothetical protein, ,Derived by automated computational analysis using gene prediction method: GeneMarkS-2+.,OG0000889,Cloud,,,Cloud,Cloud
GCF_023221595.1,M0639_RS35050,MGSSDTDLKTLDSVITVAGALAAIFGGIAGVAGLATFFGTGGGS,44,hypothetical protein, ,Derived by automated computational analysis using gene prediction method: GeneMarkS-2+.,OG0000065,Soft core,,,Cloud,Cloud
GCF_023221595.1,M0639_RS33710,MNGNQSQLRRKLAGLPWHGIEPDDRLTRAINAAAELRHDSRDAPRRLKII,50,hypothetical protein, ,Derived by automated computational analysis using gene prediction method: GeneMarkS-2+.,OG0000890,Cloud,,,Cloud,Cloud
GCF_023221595.1,M0639_RS33855,MAIAAATVLGATVGVLLADVMAGVAVGAGTAVVFRFVLRMIITRR,45,hypothetical protein, ,Derived by automated computational analysis using gene prediction method: Protein Homology.,OG0000124,Shell,group_2431,Cloud,Cloud,Cloud
GCF_023221595.1,M0639_RS33880,MSENAETDETQGWSPAPDEGQAGTVMTKDGQWAYRYKDGAELIMMKMPERPAST,54,hypothetical protein, ,Derived by automated computational analysis using gene prediction method: Protein Homology.,OG0000119,Shell,group_2399,Cloud,Cloud,Cloud
GCF_023221595.1,M0639_RS33980,MRRLRADGFGERMLAASAPQFAMMRRLPAARWTGLLEDWAELDRWRAAPPWWELGLRASSSDRKEP,66,hypothetical protein, ,Derived by automated computational analysis using gene prediction method: GeneMarkS-2+.,OG0000376,Cloud,group_218,Shell,Cloud,Cloud
GCF_023221595.1,M0639_RS34240,MNNVGESRIENRLGAMLSEFDIGEHQDGSMRIDFALGANADGGDPR,46,hypothetical protein, ,Derived by automated computational analysis using gene prediction method: GeneMarkS-2+.,OG0000330,Cloud,group_2485,Cloud,Cloud,Cloud
GCF_023221595.1,M0639_RS34320,MDDLHLEADRIFGPCNDPTCPGSRSTAEHDTRLDLDWTGRVHLRLVTDAEDRTSGADDA,59,hypothetical protein, ,Derived by automated computational analysis using gene prediction method: Protein Homology.,OG0000891,Cloud,group_766,Cloud,Cloud,Cloud
GCF_023221595.1,M0639_RS34330,MQNTRSRLEKRLAKLLAATLPLAARHTAGRTKVDLVYLAEETKTA,45,hypothetical protein, ,Derived by automated computational analysis using gene prediction method: GeneMarkS-2+.,OG0000892,Cloud,group_1628,Cloud,Cloud,Cloud
GCF_023221595.1,M0639_RS34340,MTIAPIRVPDEWDDNGIILFEEFCAFIRTPQCTVRDWRRCGRGPTWHRFNGNGRLYVTVAELRRFLRGDR,70,dna-binding protein, ,Derived by automated computational analysis using gene prediction method: GeneMarkS-2+.,OG0000893,Cloud,,,Cloud,Cloud
GCF_023221595.1,M0639_RS34345,MSSSLRRPDQPIPGDRHWMTLQEAAVYIATSVKTVRRRIASGELPAYACGKRGLRVLREDLDNLMRPV,68,helix-turn-helix domain-containing protein, ,Derived by automated computational analysis using gene prediction method: Protein Homology.,OG0000207,Shell,group_88,Cloud,Cloud,Cloud
GCF_023221595.1,M0639_RS34575,MSTVPVVGTELGRDCLQCGCPLLITVLEFYAGSPPALTGSRESFVDCRNGCSGVIEQPVGIDISRY,66,hypothetical protein, ,Derived by automated computational analysis using gene prediction method: GeneMarkS-2+.,OG0000248,Shell,group_245,Cloud,Cloud,Cloud
GCF_023221595.1,M0639_RS34770,MDRLDRAVSDFDSAMARAEEARVELHAAILNALNEGVIQAEIVRRTGYTRETIRRLARAAGK,62,hypothetical protein, ,Derived by automated computational analysis using gene prediction method: GeneMarkS-2+.,OG0000493,Cloud,group_553,Cloud,Cloud,Cloud
GCF_023221595.1,M0639_RS34815,MTLTNRHRHNDGGNILRFWIVSAAVCLFALFVLIQLGPTVQKYLATIV,48,hypothetical protein, ,Derived by automated computational analysis using gene prediction method: GeneMarkS-2+.,OG0000300,Cloud,group_2486,Cloud,Cloud,Cloud
GCF_024349805.1,RE2895_RS00265,MSIASNAKSPMTEAQIDRAIAAATAGHGMAGMEPSAADIAIGRR,44,hypothetical protein, ,Derived by automated computational analysis using gene prediction method: GeneMarkS-2+.,OG0000325,Cloud,group_2062,Cloud,Cloud,Cloud
GCF_024349805.1,RE2895_RS00270,MTAARKTTSRDIEESVKFAAAGIRLAGGTFTPADEAAARGVASGTRTPEEEVAAFRRELGY,61,hypothetical protein, ,Derived by automated computational analysis using gene prediction method: GeneMarkS-2+.,OG0000211,Shell,group_600,Cloud,Cloud,Cloud
GCF_024349805.1,RE2895_RS00285,MSTTIEDTGTNPSTVKIDARTSVALVKRMDCMSFPSMMNMSFPSVMKAAGPGVPPILFACWQRRIASV,68,hypothetical protein, ,Derived by automated computational analysis using gene prediction method: GeneMarkS-2+.,OG0000507,Cloud,group_2061,Cloud,Cloud,Cloud
GCF_024349805.1,RE2895_RS00600,MSNISFDSVSNSAPANALQGVGTNALVDNPFTFEPVAEATSAHALQGVGTNALVDNPFSFQS,62,streptamidine-related ripp repeat protein, ,Derived by automated computational analysis using gene prediction method: Protein Homology.,OG0000093,Soft core,group_2291,Soft core,Soft core,Soft core
GCF_024349805.1,RE2895_RS00795,MFNDVFNNVIHPMVTNFQQLGPQQFIPQQFIPQGVFQQAPQAAEQAVTIFGS,52,hypothetical protein, ,Derived by automated computational analysis using gene prediction method: Protein Homology.,OG0000075,Soft core,group_2178,Soft core,Soft core,Soft core
GCF_024349805.1,RE2895_RS01405,MACLERSALPQAAVIEELPTDTLIRLGDKPMHVHAADIVAVRAVSGYGDQVGLERTGR,58,hypothetical protein, ,Derived by automated computational analysis using gene prediction method: GeneMarkS-2+.,OG0000280,Shell,group_2056,Cloud,Shell,Shell
GCF_024349805.1,RE2895_RS01585,MTTPATQMHAIPAVQVRLSVGRAKVFELIKSGELRSVKIGKSRRVSESALREYVEGLEASA,61,helix-turn-helix domain-containing protein, ,Derived by automated computational analysis using gene prediction method: Protein Homology.,OG0000406,Cloud,group_617,Cloud,Cloud,Cloud
GCF_024349805.1,RE2895_RS01725,MGIADKAQNKAEDLGGKAKEAAGSATGDRDLENEGKGDQVKSAVKDAGEKVKDAASSIKDKLT,63,csbd family protein, ,Derived by automated computational analysis using gene prediction method: Protein Homology.,OG0000011,Conserved,group_2411,Conserved,Soft core,Soft core
GCF_024349805.1,RE2895_RS01740,MADLTLLTDDELRERRIALSRSLTTAADLIPTPPPSFFEKLKQDIDAAAAEWIARRS,57,hypothetical protein, ,Derived by automated computational analysis using gene prediction method: Protein Homology.,OG0000076,Soft core,group_2322,Soft core,Soft core,Soft core
GCF_024349805.1,RE2895_RS02385,MSEITSWEYTVTPLLVHNPKAILDNWGVDGWELVAVLPSASGEQHVAYMKRPKG,54,hypothetical protein, ,Derived by automated computational analysis using gene prediction method: Protein Homology.,OG0000012,Conserved,group_2273,Conserved,Soft core,Soft core
GCF_024349805.1,RE2895_RS02585,MISKTLRTVSARFALLVTEDDGMSTAEYAIGTIAAAAFGAVLYTVVTGDSIVAALTGIIDKALKTAV,67,duf4244 domain-containing protein, ,Derived by automated computational analysis using gene prediction method: Protein Homology.,OG0000094,Soft core,group_2136,Soft core,Soft core,Soft core
GCF_024349805.1,RE2895_RS02605,MAQGTVKWFNAEKGFGFIAPEDGSADVFVHYSEIQGNGFRTLEENQRVEFEVGQGTKGPQATGVRAV,67,cold-shock protein, ,Derived by automated computational analysis using gene prediction method: Protein Homology.,OG0000013,Conserved,group_128,Conserved,Soft core,Soft core
GCF_024349805.1,RE2895_RS02640,MADSLKARVKEKLLRQLAEDGRHPIQEAEGDDPRLVSINDDLEALEQAEEGDPIVEELAERYWVP,65,hypothetical protein, ,Derived by automated computational analysis using gene prediction method: Protein Homology.,OG0000014,Conserved,group_2342,Conserved,Soft core,Soft core
GCF_024349805.1,RE2895_RS02800,MGSADVMAWLAEGYLAGDPIRYPLYVGSMFLAMPFQLIGVILGHPF,46,hypothetical protein, ,Derived by automated computational analysis using gene prediction method: Protein Homology.,OG0000061,Soft core,group_1542,Soft core,Soft core,Soft core
GCF_024349805.1,RE2895_RS31530,MPGSVIEKARAEAEGLFRDYEGNRYWFCCKGCGPRFDANPRKYADVS,47,yhs domain-containing protein, ,Derived by automated computational analysis using gene prediction method: Protein Homology.,OG0000257,Shell,group_1484,Shell,Shell,Shell
GCF_024349805.1,RE2895_RS03135,MATTAAVQNPTRSRARTMSLSEYVAEHPAQRVFPPTSERAARMAMLIMFALMAVTLVVLVLDEAGIFG,68,hypothetical protein, ,Derived by automated computational analysis using gene prediction method: GeneMarkS-2+.,OG0000095,Soft core,group_53,Soft core,Soft core,Soft core
GCF_024349805.1,RE2895_RS03395,MALAYSPDTSIDSTRLAFLAAAVVLFAMLALYLVGFDQGAISRTGMYMHELMHDGRHLMGLPCH,64,cbtb domain-containing protein, ,Derived by automated computational analysis using gene prediction method: Protein Homology.,OG0000008,Conserved,group_2468,Conserved,Core,Conserved
GCF_024349805.1,RE2895_RS03825,MNAYICPICDYTYTESTGAAREGFPPGTPWSSIPDDWCCPDCGVREKVDFTLVTQS,56,rubredoxin, ,Derived by automated computational analysis using gene prediction method: Protein Homology.,OG0000096,Soft core,group_2166,Soft core,Soft core,Soft core
GCF_024349805.1,RE2895_RS03830,MSETATAYKLFRCLQCGFEYDEAIGWPDDGIEPGTRWDEIPEDWSCPDCGAAKVDFEMVEVDR,63,rubredoxin, ,Derived by automated computational analysis using gene prediction method: Protein Homology.,OG0000097,Soft core,group_421,Soft core,Soft core,Soft core
GCF_024349805.1,RE2895_RS04370,MKNPNLTPSRVLAVVLAAALVIFVIARRRDDGALSRGEWLSDSVGPDDLAG,51,hypothetical protein, ,Derived by automated computational analysis using gene prediction method: Protein Homology.,OG0000077,Soft core,group_2167,Soft core,Soft core,Soft core
GCF_024349805.1,RE2895_RS04460,MEVRVDLDRCEANGVCVGIAPDIFDLDDNEELVISSVRPPEDRWEDVRSAIAQCPRAALTEHP,63,ferredoxin, ,Derived by automated computational analysis using gene prediction method: Protein Homology.,OG0000005,Conserved,group_423,Soft core,Soft core,Soft core
GCF_024349805.1,RE2895_RS04525,MAENTTVETEIADEEIETVAEETARMAQHVVAAYAEDADECRMLLSMLGISPAAKLD,57,hypothetical protein, ,Derived by automated computational analysis using gene prediction method: Protein Homology.,OG0000015,Conserved,group_2168,Soft core,Soft core,Soft core
GCF_024349805.1,RE2895_RS05200,MTKFLVPGVASAVIGAVLGAGVIFGVTAAASDNTRPEIDRSGNADSSVLNQVEYGSR,57,duf2613 domain-containing protein, ,Derived by automated computational analysis using gene prediction method: Protein Homology.,OG0000016,Conserved,group_855,Soft core,Soft core,Soft core
GCF_024349805.1,RE2895_RS05335,MSSLSDGRGVRPAEVGSGILKTMWWMVGLIVLAALVLASVLVGFVFRRPIAEAKSAVLAFDDASSQPQRD,70,hypothetical protein, ,Derived by automated computational analysis using gene prediction method: Protein Homology.,OG0000098,Soft core,,,Soft core,Soft core
GCF_024349805.1,RE2895_RS05345,MGSSDADLALIKQIQPVITGVAGLISGIGAIVGLGVALQSFS,42,hypothetical protein, ,Derived by automated computational analysis using gene prediction method: Protein Homology.,OG0000065,Soft core,group_1769,Shell,Shell,Shell
GCF_024349805.1,RE2895_RS05410,MPERGQSRVDAGIIAVVAVITGVFVALTGHGLVAALATVLGLALGMAIVRYLIKCR,56,hypothetical protein, ,Derived by automated computational analysis using gene prediction method: Protein Homology.,OG0000078,Soft core,group_2220,Soft core,Soft core,Soft core
GCF_024349805.1,RE2895_RS05505,MADKQSKPWLGPLIFYRLNDYAPYGATTDRESYFGAVRSDGTVKPSAAYVKSELCP,56,hypothetical protein, ,Derived by automated computational analysis using gene prediction method: GeneMarkS-2+.,OG0000412,Cloud,group_2137,Cloud,Cloud,Cloud
GCF_024349805.1,RE2895_RS05525,MMRIVTLIVLIWLIVGAVAAGQRGYYSSSPTNCAGVGTIALTVIAGPLNYFGVNPKVTDCTLPQPTE,67,hypothetical protein, ,Derived by automated computational analysis using gene prediction method: Protein Homology.,OG0000017,Conserved,group_129,Soft core,Soft core,Soft core
GCF_024349805.1,RE2895_RS05530,MIILGVILLIIGFVVNIPILWTIGVVLLVIGIILYALGAAGHAIGGRRHYY,51,duf6131 family protein, ,Derived by automated computational analysis using gene prediction method: Protein Homology.,OG0000000,Conserved,group_1229,Soft core,Soft core,Soft core
GCF_024349805.1,RE2895_RS05585,MTEKDNNDQSPKGGHPGPVDKGGDGGMATREQAPELVEETSEKKSDDK,48,hypothetical protein, ,Derived by automated computational analysis using gene prediction method: Protein Homology.,OG0000018,Core,group_2221,Soft core,Soft core,Soft core
GCF_024349805.1,RE2895_RS05690,MIVLGIILALIGFFTGLSILTTVGIILVVVGAVLSILGATGRAVGGRKVWY,51,duf6131 family protein, ,Derived by automated computational analysis using gene prediction method: Protein Homology.,OG0000000,Conserved,group_1230,Soft core,Soft core,Soft core
GCF_024349805.1,RE2895_RS06005,MPAPIMAPAAALAEPVVWNEDPQRQRWWTRILAAGSPENSSNDEFQP,47,hypothetical protein, ,Derived by automated computational analysis using gene prediction method: Protein Homology.,OG0000118,Soft core,group_2222,Soft core,Soft core,Soft core
GCF_024349805.1,RE2895_RS06065,MWWIVGGVLLVWVVCSIPIAILVGRGIARRDRAEFDGRNQQWADEVVRSIEKQSDQDNADRRKPPLIS,68,hypothetical protein, ,Derived by automated computational analysis using gene prediction method: Protein Homology.,OG0000079,Soft core,group_2275,Shell,Shell,Shell
GCF_024349805.1,RE2895_RS06095,MGALSPTHWAIVAVVLVVLFGSKKLPDAARGLGRSMRILKTEVGELHSDTDLALEKRD,58,sec-independent protein translocase subunit tata, ,Derived by automated computational analysis using gene prediction method: Protein Homology.,OG0000019,Conserved,tatA,Soft core,Soft core,Soft core
GCF_024349805.1,RE2895_RS06140,MAQGSVKWFNGEKGFGFIEQEGGGPDVFVHYSEIQGSGYKSLDEGQKVEFEIGQGQKGPQAQNVRAI,67,cold-shock protein, ,Derived by automated computational analysis using gene prediction method: Protein Homology.,OG0000069,Soft core,group_130,Soft core,Soft core,Soft core
GCF_024349805.1,RE2895_RS06185,MSADSRGTSAQTRREYQMFVLQQRLLFGSIVAGTALGVLAINYF,44,hypothetical protein, ,Derived by automated computational analysis using gene prediction method: GeneMarkS-2+.,OG0000122,Soft core,group_2138,Soft core,Soft core,Soft core
GCF_024349805.1,RE2895_RS06195,MTTIDIPPTQGESTTGIGITVASATLTTEEVKRRIAMMYGDPVTEEPVALAH,52,hypothetical protein, ,Derived by automated computational analysis using gene prediction method: Protein Homology.,OG0000002,Conserved,group_2274,Soft core,Soft core,Soft core
GCF_024349805.1,RE2895_RS06220,MSERNSTDRTDQTDEPQTTGTDHGPGTGADAAHKDVQTDPSGERTWADEGGASSNGPATDTD,62,pi-type proteinase, ,Derived by automated computational analysis using gene prediction method: Protein Homology.,OG0000020,Core,group_2297,Soft core,Soft core,Soft core
GCF_024349805.1,RE2895_RS06250,MGGSADALNRALERVDRDFAFPIGVVVRTSLRGTMRQIAKPVRAQYTRVRARFPGAKTYTEI,62,hypothetical protein, ,Derived by automated computational analysis using gene prediction method: GeneMarkS-2+.,OG0000115,Soft core,group_2190,Soft core,Soft core,Soft core
GCF_024349805.1,RE2895_RS06255,MTTSTVGLLAGLLLGVAAAAGGFTGFLIALVLGVIGYLVGGQRDGEFDLGVMLKGRGRG,59,hypothetical protein, ,Derived by automated computational analysis using gene prediction method: Protein Homology.,OG0000099,Soft core,group_732,Soft core,Soft core,Soft core
GCF_024349805.1,RE2895_RS06280,MSDFIDKAKHRAEDLIGEAKEKIGNATGNDDLAAEGVADQGEAKVKKAGDTVSDKVSDIKDKFTS,65,csbd family protein, ,Derived by automated computational analysis using gene prediction method: Protein Homology.,OG0000074,Soft core,group_2191,Soft core,Soft core,Soft core
GCF_024349805.1,RE2895_RS06635,MSKEVSAGLAVGAMVLVAGLIWTGFPLDAYSVVAVIFAICGGFITWIYLRENVDGVPHTATKEGSR,66,hypothetical protein, ,Derived by automated computational analysis using gene prediction method: Protein Homology.,OG0000144,Shell,group_2282,Shell,Shell,Shell
GCF_024349805.1,RE2895_RS06960,MGSLGNLLKANGMGWGILQLLPLVNMLKTLQGLDTASSNS,40,hypothetical protein, ,Derived by automated computational analysis using gene prediction method: GeneMarkS-2+.,OG0000080,Soft core,group_2512,Soft core,Soft core,Soft core
GCF_024349805.1,RE2895_RS06965,MGSFEDFSGVVKTFIPVLKDLFTALGGGSLTPGTGSAADK,40,hypothetical protein, ,Derived by automated computational analysis using gene prediction method: GeneMarkS-2+.,OG0000108,Soft core,group_2511,Soft core,Soft core,Soft core
GCF_024349805.1,RE2895_RS06970,MFGSLSTLGPLLTALGAFLKSVPTESLSGEGEGSSTGSLSGLSSGSAE,48,hypothetical protein, ,Derived by automated computational analysis using gene prediction method: Protein Homology.,OG0000081,Soft core,group_2510,Soft core,Soft core,Soft core
GCF_024349805.1,RE2895_RS07020,MSNSSGTEVYRGTVDADAVLHWLTGTDQLYVITSGGVIVIDTSAGVWAESPAPSELPDEIKALVP,65,hypothetical protein, ,Derived by automated computational analysis using gene prediction method: GeneMarkS-2+.,OG0000504,Cloud,group_297,Cloud,Cloud,Cloud
GCF_024349805.1,RE2895_RS31545,MKAVEGGFDTAWSRRHVDLCRTAGSFCTN,29,putative leader peptide, ,Derived by automated computational analysis using gene prediction method: Protein Homology.,OG0000132,Shell,group_1947,Shell,Shell,Shell
GCF_024349805.1,RE2895_RS07190,MGSLDTGSLSTESLEDLNLGKISELLKLGITAVSFITALNSLS,43,hypothetical protein, ,Derived by automated computational analysis using gene prediction method: GeneMarkS-2+.,OG0000067,Soft core,group_2503,Soft core,Soft core,Soft core
GCF_024349805.1,RE2895_RS07435,MIVMFLQATAQLFTDLLANTWSGSMLPGVEAGTGSLVSAIELS,43,hypothetical protein, ,Derived by automated computational analysis using gene prediction method: Protein Homology.,OG0000184,Shell,group_2237,Shell,Shell,Shell
GCF_024349805.1,RE2895_RS07450,MGSLMDILGGPNGDGAPMQALLTMLLGLDNVGANLFGSLADTAGGIFGSLDTLSFTPPVVP,61,hypothetical protein, ,Derived by automated computational analysis using gene prediction method: GeneMarkS-2+.,OG0000188,Shell,group_2425,Shell,Shell,Shell
GCF_024349805.1,RE2895_RS07460,MTFESNTPRPFTRSNDKKMFAGVCGGIADYFGADVNLVRLLAVIAAICTGGTAALVYLAAWMLMPLG,67,pspc domain-containing protein, ,Derived by automated computational analysis using gene prediction method: Protein Homology.,OG0000021,Conserved,group_2380,Conserved,Soft core,Soft core
GCF_024349805.1,RE2895_RS07980,MGSSHDGKPAVAGTQFLTVAEVATLMRVSKMTVYRLVHSGELPAVRVGRSFRVHAKAVHDYLETSYFDAG,70,helix-turn-helix domain-containing protein, ,Derived by automated computational analysis using gene prediction method: Protein Homology.,OG0000071,Soft core,,,Soft core,Soft core
GCF_024349805.1,RE2895_RS07985,MGSVIKKRRKRMSKKKHRKLLRRTRVQRRKLGK,33,aurkaip1/cox24 domain-containing protein, ,Derived by automated computational analysis using gene prediction method: Protein Homology.,OG0000022,Conserved,group_1939,Conserved,Conserved,Conserved
GCF_024349805.1,RE2895_RS08040,MSSQEALRTESTHDAPLRQRGSRTEVILFAILGASVLVTLLVLMIPGIVSG,51,hypothetical protein, ,Derived by automated computational analysis using gene prediction method: Protein Homology.,OG0000100,Soft core,group_1231,Soft core,Soft core,Soft core
GCF_024349805.1,RE2895_RS08170,MLYLLALVGLVTLIVLMWKAFGPDPSTRTPVSGVRGPDDDPEFLWNVNQQTRRKRTEGPDVPPTDTST,68,hypothetical protein, ,Derived by automated computational analysis using gene prediction method: Protein Homology.,OG0000023,Conserved,group_2362,Soft core,Conserved,Soft core
GCF_024349805.1,RE2895_RS08175,MSAPTFNTAADALMTPGQVAALFHVDPKTVTRWAHAGRLGSLRTPGGHRRFRETEVMQLLRSLTTEADNN,70,bldc family transcriptional regulator, ,Derived by automated computational analysis using gene prediction method: Protein Homology.,OG0000068,Soft core,,,Soft core,Soft core
GCF_024349805.1,RE2895_RS08380,MASSTDVRPKITLACEVCKHRNYITKKNRRNDPDRLELKKFCPNCGTHQSHRESK,55,50s ribosomal protein l33, ,Derived by automated computational analysis using gene prediction method: Protein Homology.,OG0000024,Conserved,rpmG,Conserved,Soft core,Soft core
GCF_024349805.1,RE2895_RS08515,MAGKKLDRTNARTALEVVRESPTIAFITVAPAVVVFGVVWWLFGFWAAILLALVFGVAAVATQKLR,66,hypothetical protein, ,Derived by automated computational analysis using gene prediction method: Protein Homology.,OG0000025,Conserved,group_2209,Conserved,Soft core,Soft core
GCF_024349805.1,RE2895_RS08660,MNSTTVGLLVGLLLALAGIMGGFSGFVFAVLLGAAGMAIGAHRDGHLDLGAILRSRGRG,59,hypothetical protein, ,Derived by automated computational analysis using gene prediction method: Protein Homology.,OG0000026,Conserved,group_2303,Conserved,Soft core,Soft core
GCF_024349805.1,RE2895_RS08785,MRLSTRNQLTGTITEVNLGTVMATVKVKLDGGNQIVTSSITRDAALDLDLEPGQAATVFVKSTEVTIGVE,70,tobe domain-containing protein, ,Derived by automated computational analysis using gene prediction method: Protein Homology.,OG0000064,Soft core,,,Soft core,Soft core
GCF_024349805.1,RE2895_RS08790,MTEPVKGPASYFPSIEKRYGRPIGEWQELIRSSDLTKHMELVNWLKSEHGMGHGHANALVAHTLKEG,67,duf4287 domain-containing protein, ,Derived by automated computational analysis using gene prediction method: Protein Homology.,OG0000027,Conserved,group_2329,Soft core,Soft core,Soft core
GCF_024349805.1,RE2895_RS08805,MSDRDNKALENDLVEESLVEEVSIDGMCGVY,31,mycofactocin precursor mfta, ,"Mycofactocin is a small molecule electron carrier derived from the final two amino acids, Val-Tyr, of MftA, the mycofactocin precursor. It plays a role in redox homeostasis and the metabolism of alcohols and aldehydes in Actinobacteria, including Mycobacterium tuberculosis; Derived by automated computational analysis using gene prediction method: Protein Homology.",OG0000009,Conserved,group_2326,Conserved,Soft core,Soft core
GCF_024349805.1,RE2895_RS09150,MAKKALVNKANKKPKFAVRAYTRCQRCGRPHSVFRKFGLCRICVREMAHAGELPGVRKSSW,61,type z 30s ribosomal protein s14, ,Derived by automated computational analysis using gene prediction method: Protein Homology.,OG0000028,Conserved,group_2294,Conserved,Soft core,Soft core
GCF_024349805.1,RE2895_RS09175,MADLKVTQIKSIIGTKQNQKDSLRTLGLKGIRQTVVREDNAQNRGLINVVRHLVTVEEV,59,50s ribosomal protein l30, ,Derived by automated computational analysis using gene prediction method: Protein Homology.,OG0000029,Conserved,rpmD,Conserved,Soft core,Soft core
GCF_024349805.1,RE2895_RS09205,MKVQPSVKKICEKCKVIRRNGRVMVICENLRHKQRQG,37,50s ribosomal protein l36, ,Derived by automated computational analysis using gene prediction method: Protein Homology.,OG0000030,Conserved,rpmJ,Conserved,Soft core,Soft core
GCF_024349805.1,RE2895_RS09320,MLASAGGLGFVGVGVGSDADRRYGPDLTDPSVSLSADVVSDGGSWRDSSLAAAALRSRKSSS,62,hypothetical protein, ,Derived by automated computational analysis using gene prediction method: GeneMarkS-2+.,OG0000344,Cloud,group_2244,Cloud,Cloud,Cloud
GCF_024349805.1,RE2895_RS09675,MTIFEWILAIPALALAVAFLFSGIISAGIDFDAEDGVMTH,40,hypothetical protein, ,Derived by automated computational analysis using gene prediction method: GeneMarkS-2+.,OG0000082,Soft core,group_2186,Soft core,Soft core,Soft core
GCF_024349805.1,RE2895_RS10535,MSSYRCPVCEYVYDESKGAPREGFPAGTPWDAVPDDWCCPDCGVREKLDFEPMPATAGSES,61,rubredoxin, ,Derived by automated computational analysis using gene prediction method: Protein Homology.,OG0000053,Core,group_2279,Soft core,Soft core,Soft core
GCF_024349805.1,RE2895_RS10540,MNDYKLYQCAQCGFEYDEAVGWPEDGIEPGTRWDDIPEDWSCPDCGAAKSDFFMVEVERR,60,rubredoxin, ,Derived by automated computational analysis using gene prediction method: Protein Homology.,OG0000007,Conserved,group_2155,Soft core,Soft core,Soft core
GCF_024349805.1,RE2895_RS11220,MATDPAPRSERKKILLRLDPAVHDALARWAADDLRSTNAQIEFLLRRALTEHGRMPKNAGKMHGPGRPPA,70,hypothetical protein, ,Derived by automated computational analysis using gene prediction method: Protein Homology.,OG0000114,Soft core,,,Soft core,Soft core
GCF_024349805.1,RE2895_RS11500,MSDLDSNTPSAPESQSEETKRKFREALERKNHQNAKSTDHRDGQSKVHNTHGPADHKREFRRKSG,65,duf5302 domain-containing protein, ,Derived by automated computational analysis using gene prediction method: Protein Homology.,OG0000031,Conserved,group_2470,Core,Soft core,Soft core
GCF_024349805.1,RE2895_RS11585,MAAVCDVCAKGPGFGKSVSHSHRRTNRRWNPNIQSVRTEVAPGNTRKVNVCTSCLKAGKVARG,63,50s ribosomal protein l28, ,Derived by automated computational analysis using gene prediction method: Protein Homology.,OG0000032,Conserved,rpmB,Conserved,Soft core,Soft core
GCF_024349805.1,RE2895_RS11625,MAVPKRKMSRSNTRSRRSQWKTTVPTLVTCPNRGCGEQTLPHIACPSCGTYKGRQVTAAV,60,50s ribosomal protein l32, ,Derived by automated computational analysis using gene prediction method: Protein Homology.,OG0000033,Conserved,group_2479,Conserved,Soft core,Soft core
GCF_024349805.1,RE2895_RS11870,MNLLPYLIPALKLAGRWIATFLVIAVIIVGTLYLSLFIVPVLIWHT,46,hypothetical protein, ,Derived by automated computational analysis using gene prediction method: GeneMarkS-2+.,OG0000310,Cloud,group_2354,Cloud,Cloud,Cloud
GCF_024349805.1,RE2895_RS11880,MATKETHTAKILKLLKAKVSNLELRKVAWRYPARVLDLKHEGHLIRSVHDKGSLWFYIYDGHQDDGVAA,69,hypothetical protein, ,Derived by automated computational analysis using gene prediction method: GeneMarkS-2+.,OG0000505,Cloud,group_19,Cloud,Cloud,Cloud
GCF_024349805.1,RE2895_RS11905,MSFGDFLLLVLMTVGFIVVGMWATFVQGWTSLGALMAFFAIGGVLYTIWTALAWLVNVSA,60,hypothetical protein, ,Derived by automated computational analysis using gene prediction method: GeneMarkS-2+.,OG0000831,Cloud,group_681,Cloud,Cloud,Cloud
GCF_024349805.1,RE2895_RS11920,MSGTKAGGLKARDRNLSKDPDFYKKIGAIGGRLGTTGGFAADRKLARIAGAKGGRISKRGKKEVKDEQI,69,hypothetical protein, ,Derived by automated computational analysis using gene prediction method: GeneMarkS-2+.,OG0000832,Cloud,group_20,Cloud,Cloud,Cloud
GCF_024349805.1,RE2895_RS12820,MQLLDSEVVRRCAVTAAAAAAVCRSNGPGVVDGDAVTGKSFFLPDGGWPGT,51,hypothetical protein, ,Derived by automated computational analysis using gene prediction method: GeneMarkS-2+.,OG0000147,Shell,group_2063,Shell,Shell,Shell
GCF_024349805.1,RE2895_RS12850,MKVPAFHSTVPSDLDVYHDNESCILAARIAVSHRAPGVDGRPWCTACASLD,51,hypothetical protein, ,Derived by automated computational analysis using gene prediction method: Protein Homology.,OG0000083,Soft core,group_2187,Soft core,Soft core,Soft core
GCF_024349805.1,RE2895_RS13170,MFWKIVLAVVLVWVALAVVGALIKGLFWVLVVGAVGFGIYFLVKAMSGSDDNSPASRF,58,hypothetical protein, ,Derived by automated computational analysis using gene prediction method: Protein Homology.,OG0000034,Conserved,group_2296,Soft core,Soft core,Soft core
GCF_024349805.1,RE2895_RS13195,MRLTEFHEMVREEFGQVRGDSMLIDHVLQSLDGMTAAEAVEAGWEPREVWRALCVEFDVPPARR,64,duf3046 domain-containing protein, ,Derived by automated computational analysis using gene prediction method: Protein Homology.,OG0000035,Conserved,group_2481,Conserved,Soft core,Soft core
GCF_024349805.1,RE2895_RS13470,MPGTLTSPQLTAADRCDRCGAGARVRAVLPTGGELLFCGHHATEHADRLREMNAVVSESEPAI,63,hypothetical protein, ,Derived by automated computational analysis using gene prediction method: Protein Homology.,OG0000036,Conserved,group_2483,Conserved,Soft core,Soft core
GCF_024349805.1,RE2895_RS13845,MKIRFELMIGILLVVGGGCLWLFARDAEFFWFRGGPLGVILAIIGAFDIVNAVRTRETAIPERRND,66,hypothetical protein, ,Derived by automated computational analysis using gene prediction method: Protein Homology.,OG0000101,Soft core,group_2126,Soft core,Soft core,Soft core
GCF_024349805.1,RE2895_RS14325,MAGIDSKFDKAYAGKSVEELADAPVAALNGVSDSDAEHLKAAFNIKTVRDLGTNKFFLWAQATAKLAE,68,hypothetical protein, ,Derived by automated computational analysis using gene prediction method: Protein Homology.,OG0000070,Soft core,group_2484,Soft core,Soft core,Soft core
GCF_024349805.1,RE2895_RS15115,MAQEQTQRAGGGEDDETTGGDGSAGQERREKLAAETDDLLDEIDDVLEENAEDFVRAYVQKGGQ,64,ubiquitin-like protein pup, ,Derived by automated computational analysis using gene prediction method: Protein Homology.,OG0000037,Conserved,group_340,Soft core,Soft core,Soft core
GCF_024349805.1,RE2895_RS15640,MAIDSTLLSILACPQDKGPLLLVGDELLYNPRLRRAYPIENGIPVLLIDEARDVADDEHEKLLARAEG,68,trm112 family protein, ,Derived by automated computational analysis using gene prediction method: Protein Homology.,OG0000038,Conserved,group_54,Soft core,Core,Soft core
GCF_024349805.1,RE2895_RS15735,MPKMKSHSGASKRFKVSGSGKLMRQKAGRRHLLEHKSSRVTRRLDGVAVVSPDDAPRIKRMLGI,64,50s ribosomal protein l35, ,Derived by automated computational analysis using gene prediction method: Protein Homology.,OG0000039,Conserved,group_2130,Soft core,Core,Soft core
GCF_024349805.1,RE2895_RS16085,MHVEVDLDLCQGHAACELEAPEIFVVPKRGKVSLLDSDPPESLRGEAEMAVRYCPTGALRIVD,63,ferredoxin, ,Derived by automated computational analysis using gene prediction method: Protein Homology.,OG0000001,Conserved,group_2270,Soft core,Soft core,Soft core
GCF_024349805.1,RE2895_RS16265,MSVLFTYLLFIGAGIAVGGAYSMFKVNKLASGILLALAVLAAVAGALRL,49,hypothetical protein, ,Derived by automated computational analysis using gene prediction method: Protein Homology.,OG0000040,Conserved,group_2410,Soft core,Conserved,Soft core
GCF_024349805.1,RE2895_RS16495,MNESSSGLFSDLSASEPVVDAKSAEQLAAERETAAAERSNTDTAEQRQSRLFSG,54,hypothetical protein, ,Derived by automated computational analysis using gene prediction method: Protein Homology.,OG0000084,Soft core,group_2262,Soft core,Soft core,Soft core
GCF_024349805.1,RE2895_RS16500,MLGIALGLGSAAVGIGLGLLGAGAGILLSDKTVKTARRELTA,42,hypothetical protein, ,Derived by automated computational analysis using gene prediction method: GeneMarkS-2+.,OG0000102,Soft core,group_2160,Soft core,Soft core,Soft core
GCF_024349805.1,RE2895_RS16605,MHAEVGDRLHVQGRVVGQAEVTAEVLEVHGEDGGPPYLVRYDNGHEALVFPGSDGWIDHPGKGS,64,duf1918 domain-containing protein, ,Derived by automated computational analysis using gene prediction method: Protein Homology.,OG0000041,Conserved,group_2499,Soft core,Conserved,Soft core
GCF_024349805.1,RE2895_RS16620,MTTYRYLDADRNLLEEKDFETEQDAQEYRLSVLGAEHIEPTDE,43,hypothetical protein, ,Derived by automated computational analysis using gene prediction method: Protein Homology.,OG0000054,Core,group_2400,Soft core,Core,Core
GCF_024349805.1,RE2895_RS16845,MIRSHVTDSLDGLPAHTYNTHSNGVWRSATLVADRHTCGRPCPEEGVTSELHHSRSTPEEGRES,64,hypothetical protein, ,Derived by automated computational analysis using gene prediction method: Protein Homology.,OG0000246,Shell,group_360,Shell,Shell,Shell
GCF_024349805.1,RE2895_RS17300,MTDEDRLWYFDVSDGSVTQGKGASSLTRMGPYPDRDSAEHALKIAAERNKAADRADEDWNN,61,hypothetical protein, ,Derived by automated computational analysis using gene prediction method: Protein Homology.,OG0000042,Conserved,group_592,Soft core,Core,Soft core
GCF_024349805.1,RE2895_RS17500,MDCVAAPIRVAAFVHRSSPQVMHARRYLRWELVGGMSFLSLAGGSTITAA,50,hypothetical protein, ,Derived by automated computational analysis using gene prediction method: GeneMarkS-2+.,OG0000286,Shell,group_1308,Shell,Shell,Shell
GCF_024349805.1,RE2895_RS17525,MKLALTEFKNSKATIRIIMSDGAKLNGTVTDFTEDTLVLNSPNGVYYINPSHIIRLFEPSDRAAK,65,hypothetical protein, ,Derived by automated computational analysis using gene prediction method: GeneMarkS-2+.,OG0000085,Soft core,group_2248,Soft core,Soft core,Soft core
GCF_024349805.1,RE2895_RS17690,MTVAGVVSVVLIAVAAALVIYLLVALVDPERF,32,k(+)-transporting atpase subunit f, ,Derived by automated computational analysis using gene prediction method: Protein Homology.,OG0000055,Core,kdpF,Soft core,Soft core,Soft core
GCF_024349805.1,RE2895_RS31550,MSEATAPVIRHQLALIAVGMLDVADVACC,29,ms4533a family cys-rich leader peptide, ,Derived by automated computational analysis using gene prediction method: Protein Homology.,OG0000133,Shell,group_1948,Soft core,Shell,Shell
GCF_024349805.1,RE2895_RS17830,MDRIADWWDSFELWMAGLPFIPQVALVLIVVVPLCRLVAIGLDRVLAAVLALPLFGWLRRNSREVEES,68,hypothetical protein, ,Derived by automated computational analysis using gene prediction method: Protein Homology.,OG0000056,Core,group_2078,Soft core,Soft core,Soft core
GCF_024349805.1,RE2895_RS18230,MRPILANGIDEWLGYIASSSPGTPVVQVLASAARVALNSPAATPDAIALIRRLQRIVPGDPALRNAW,67,hypothetical protein, ,Derived by automated computational analysis using gene prediction method: GeneMarkS-2+.,OG0000234,Shell,group_157,Shell,Shell,Shell
GCF_024349805.1,RE2895_RS18330,MKKALPKTLKSLARTVGILALAIVVVSVVERFTGAHQPTTGPASLTGPDQSL,52,hypothetical protein, ,Derived by automated computational analysis using gene prediction method: Protein Homology.,OG0000111,Soft core,group_2264,Soft core,Soft core,Soft core
GCF_024349805.1,RE2895_RS18340,MSFLPFPIVIEGIETTGSAAIDGLGRLSVLLYDLLGGTGSATIDAGS,47,hypothetical protein, ,Derived by automated computational analysis using gene prediction method: Protein Homology.,OG0000125,Shell,group_2228,Shell,Shell,Shell
GCF_024349805.1,RE2895_RS18350,MYGYLWGALPGPRPVKALLAIVLVVAVVLLLMEFVFPWVSEHMPYSDVTV,50,hypothetical protein, ,Derived by automated computational analysis using gene prediction method: Protein Homology.,OG0000214,Shell,group_1309,Shell,Shell,Shell
GCF_024349805.1,RE2895_RS18380,MIAAPTTGALAVVLNTVLQMFNAGSSFLYTDNSPIGGGGETPTTPAP,47,hypothetical protein, ,Derived by automated computational analysis using gene prediction method: Protein Homology.,OG0000086,Soft core,group_2210,Soft core,Soft core,Soft core
GCF_024349805.1,RE2895_RS18385,MPTIPLTGDPIVINIIVQLLSAGSSNALALGGVGSSGLGSTGLGSFDSASLGSAA,55,hypothetical protein, ,Derived by automated computational analysis using gene prediction method: Protein Homology.,OG0000087,Soft core,group_1002,Soft core,Soft core,Soft core
GCF_024349805.1,RE2895_RS18915,MYIHTCTYDTEDRNMGSINTLSAVIDIIKVVQPLIAKLNLS,41,hypothetical protein, ,Derived by automated computational analysis using gene prediction method: GeneMarkS-2+.,OG0000109,Soft core,group_2041,Soft core,Soft core,Soft core
GCF_024349805.1,RE2895_RS19240,MGTLKSGQDLAAKFSKKAVGGEDSLEKSLTSHIQVVTEMRDFFQQCVDRYGEVEGSNASALASVDTPR,68,hypothetical protein, ,Derived by automated computational analysis using gene prediction method: GeneMarkS-2+.,OG0000123,Soft core,group_2307,Soft core,Soft core,Soft core
GCF_024349805.1,RE2895_RS19310,MSTALLTIYVLIWPALVLVVLGVISKGFFKDWATARRNGEDLV,43,putative transporter small subunit, ,Derived by automated computational analysis using gene prediction method: Protein Homology.,OG0000088,Soft core,group_2364,Soft core,Soft core,Soft core
GCF_024349805.1,RE2895_RS19375,MSAQRQLNAAKKSPAKKDAQPKAKKRKNPNRKRNVPQPKYLQ,42,hypothetical protein, ,Derived by automated computational analysis using gene prediction method: GeneMarkS-2+.,OG0000601,Cloud,group_1781,Cloud,Cloud,Cloud
GCF_024349805.1,RE2895_RS19980,MAAMKPRTGDGPLEATKEGRGIVMRVPLEGGGRLVVELTPDEAAALGVELTNVTS,55,duf3117 domain-containing protein, ,Derived by automated computational analysis using gene prediction method: Protein Homology.,OG0000043,Conserved,group_1003,Soft core,Soft core,Soft core
GCF_024349805.1,RE2895_RS20085,MTEQDATFDPEAPESDALEQSTPVDPNAPEEPDLTDIPLDAPVADVVDQRVEVAVDDDYRPS,62,hypothetical protein, ,Derived by automated computational analysis using gene prediction method: Protein Homology.,OG0000057,Core,group_2211,Soft core,Soft core,Soft core
GCF_024349805.1,RE2895_RS20110,MYNWDLQNQIVAFVDSLRPMAGYYHDLYYGSLYAFADQQSHLLTLLGFPPVP,52,hypothetical protein, ,Derived by automated computational analysis using gene prediction method: Protein Homology.,OG0000058,Core,group_1175,Soft core,Soft core,Soft core
GCF_024349805.1,RE2895_RS20130,MGKVKASKVSQLKPKKKCCRKKTRCIKCPVVIMRMKKLENEGASKKELKAGLKKARAA,58,hypothetical protein, ,Derived by automated computational analysis using gene prediction method: Protein Homology.,OG0000044,Conserved,group_2365,Soft core,Soft core,Soft core
GCF_024349805.1,RE2895_RS20215,MGSMEGILGAVVQGLGSLFSADGLLKTFMGSVETISKDPTP,41,hypothetical protein, ,Derived by automated computational analysis using gene prediction method: GeneMarkS-2+.,OG0000103,Soft core,group_2051,Soft core,Soft core,Soft core
GCF_024349805.1,RE2895_RS20305,MTAKLTTAFRGTLWWVRSVMGDLDYQRYVEHTRRHHADSPVISEREFWRRRHAAADANPGARCC,64,ybdd/yjix family protein, ,Derived by automated computational analysis using gene prediction method: Protein Homology.,OG0000045,Conserved,group_2343,Soft core,Conserved,Soft core
GCF_024349805.1,RE2895_RS20555,MSTNSDRRPRLPVRIAYLAAGVLFVAAMLLLASVVNPDRDRDFSMNHVPAGTSTTAFAATSDLG,64,hypothetical protein, ,Derived by automated computational analysis using gene prediction method: Protein Homology.,OG0000104,Soft core,group_2149,Soft core,Soft core,Soft core
GCF_024349805.1,RE2895_RS20560,MTAFVLAKGSPMFDFFGAISGFFGLLFGTGSSSGSSGGSSDAPVAPPT,48,hypothetical protein, ,Derived by automated computational analysis using gene prediction method: Protein Homology.,OG0000268,Shell,,,Shell,Shell
GCF_024349805.1,RE2895_RS20790,MSRVEICGAGMDSVRHRRKIHEMREFYIGLVIARAERILLLAGLALEF,48,hypothetical protein, ,Derived by automated computational analysis using gene prediction method: GeneMarkS-2+.,OG0000602,Cloud,group_1439,Cloud,Cloud,Cloud
GCF_024349805.1,RE2895_RS20990,MAEGIVKWFNSEKGFGFIAPEDGSADVFVHYSEIQSGGFRTLEENQRVAFEIGQGNKGPQATGVTIV,67,cold-shock protein, ,Derived by automated computational analysis using gene prediction method: Protein Homology.,OG0000046,Conserved,group_132,Soft core,Soft core,Soft core
GCF_024349805.1,RE2895_RS20995,MTTAEYTVSGMTCGHCVGSVKEEIGNIAGVTAVDVELASGRVVVTSDAPVSAADVVAAVDEAGYAVVPS,69,heavy-metal-associated domain-containing protein, ,Derived by automated computational analysis using gene prediction method: Protein Homology.,OG0000006,Conserved,group_2139,Soft core,Soft core,Soft core
GCF_024349805.1,RE2895_RS21115,MKHTMSDDELRRAIREIQDRAHDARKRGDDVAAEELDRTVKGYQEQMMQRL,51,hypothetical protein, ,Derived by automated computational analysis using gene prediction method: Protein Homology.,OG0000059,Core,group_2336,Soft core,Soft core,Soft core
GCF_024349805.1,RE2895_RS21190,MSEQRDTPKKPSVDKKRLARIFGDVFPETTSDERGPEGSSRSSDDDWLRSQRPPHHGG,58,hypothetical protein, ,Derived by automated computational analysis using gene prediction method: Protein Homology.,OG0000089,Soft core,group_2328,Soft core,Soft core,Soft core
GCF_024349805.1,RE2895_RS21220,MAVPKRKMSRSNTRSRRAQWKATAPDLVEVTAFGQTHRVPRRLVKAVRLGVIDPSRI,57,50s ribosomal protein l32, ,Derived by automated computational analysis using gene prediction method: Protein Homology.,OG0000060,Soft core,group_2302,Soft core,Soft core,Soft core
GCF_024349805.1,RE2895_RS21240,MARNEIRPIVKLKSTAGTGYTYVTRKNRRNDPDRLVLKKYDPVLRKHVDFREEK,54,50s ribosomal protein l33, ,Derived by automated computational analysis using gene prediction method: Protein Homology.,OG0000047,Conserved,group_2199,Soft core,Soft core,Soft core
GCF_024349805.1,RE2895_RS21420,MHLTATTSTTTGAAGNSDPKDAESTLDMSGRPAALRARSAAATRPGGADVTA,52,hypothetical protein, ,Derived by automated computational analysis using gene prediction method: GeneMarkS-2+.,OG0000131,Shell,group_2058,Shell,Shell,Shell
GCF_024349805.1,RE2895_RS21760,MKDSSSVGYTRGRSTYVVSNAALGATPWVVDQIQASVPAKREQYAVNPDAVVAEAPRVEQ,60,hypothetical protein, ,Derived by automated computational analysis using gene prediction method: GeneMarkS-2+.,OG0002117,,group_720,Cloud,,Probably not conserved
GCF_024349805.1,RE2895_RS21785,MSIIDATTAVLELVAMPTSKNIVDTRLLGFISTAWLMLLAETICRRCHTISASWWQVC,58,hypothetical protein, ,Derived by automated computational analysis using gene prediction method: GeneMarkS-2+.,OG0000842,Cloud,group_851,Cloud,,Cloud
GCF_024349805.1,RE2895_RS21925,MGFLDNVKGLVEKGQELAAENSDKVHDAIDKVADIADDKTGNKYGDQIDKAAEAAKKAVPEKQ,63,antitoxin, ,Derived by automated computational analysis using gene prediction method: Protein Homology.,OG0000010,Conserved,group_425,Soft core,Soft core,Soft core
GCF_024349805.1,RE2895_RS22455,MANNSKQHYVDPGWPETADGDHAVTELSSTRAGGLSPFGEDTTFPVPVESLPYVHPHTVINR,62,hypothetical protein, ,Derived by automated computational analysis using gene prediction method: Protein Homology.,OG0000048,Conserved,group_501,Soft core,Soft core,Soft core
GCF_024349805.1,RE2895_RS22465,MADKAPGKNMKKPAQSIKERRAEKRAKTAESSEFIRKRKRS,41,hypothetical protein, ,Derived by automated computational analysis using gene prediction method: Protein Homology.,OG0000004,Core,group_2142,Soft core,Soft core,Soft core
GCF_024349805.1,RE2895_RS23400,MGRGRAKAKQTKVARELKYSVPTTDFDSLQRELAGGSTNSHRSSVRSDQTSDREGHAREDDYDDWRR,67,duf3073 domain-containing protein, ,Derived by automated computational analysis using gene prediction method: Protein Homology.,OG0000049,Conserved,group_133,Soft core,Soft core,Soft core
GCF_024349805.1,RE2895_RS23580,MRNNLQELRTAAGLSQQACADALGITRQTVISIEKGHFDPRLSLAFRIAEYFDKRVDDIFSS,62,helix-turn-helix transcriptional regulator, ,Derived by automated computational analysis using gene prediction method: Protein Homology.,OG0000105,Soft core,group_502,Soft core,Soft core,Soft core
GCF_024349805.1,RE2895_RS23710,MTSPMNTRKLTRARSGAMFGGVCAGIARYFGWKSSTVRLLFVLSCLLPGPQFLIYIVMWIFIPREQI,67,pspc domain-containing protein, ,Derived by automated computational analysis using gene prediction method: Protein Homology.,OG0000106,Soft core,group_134,Soft core,Soft core,Soft core
GCF_024349805.1,RE2895_RS23730,MAEGERPPGVLDDSTYQSPDGLRKFGRTKSEVWFRNKKAYNASRIDDAAVEAANG,55,hypothetical protein, ,Derived by automated computational analysis using gene prediction method: GeneMarkS-2+.,OG0000185,Shell,group_2143,Shell,Shell,Shell
GCF_024349805.1,RE2895_RS24520,MTVLCRAGKLQAGVLVADDDQGWASPFRSIAPTKMALLARALQDGLIAIDEL,52,hypothetical protein, ,Derived by automated computational analysis using gene prediction method: Protein Homology.,OG0000156,Shell,group_2040,Shell,Shell,Shell
GCF_024349805.1,RE2895_RS24570,MSDWVKKVEAEAKGLLAEAEEELTVLEGVDTIDPLADDDPAPEDGTKPTSD,51,hypothetical protein, ,Derived by automated computational analysis using gene prediction method: Protein Homology.,OG0000090,Soft core,group_2192,Soft core,Soft core,Soft core
GCF_024349805.1,RE2895_RS24770,MAATTPVSGYVIVPHPSDVDAVGNREVEVDELPEQYSKPGTPPITGGPTVPS,52,hypothetical protein, ,Derived by automated computational analysis using gene prediction method: GeneMarkS-2+.,OG0000204,Shell,group_2298,Shell,Shell,Shell
GCF_024349805.1,RE2895_RS25540,MAQGIVKWFNGEKGFGFIAPDDGTPDVFVHYSEISGNGYKSLDENQRVEFEVGQGQKGPQATNVRAV,67,cold-shock protein, ,Derived by automated computational analysis using gene prediction method: Protein Homology.,OG0000003,Conserved,group_1991,Soft core,Soft core,Soft core
GCF_024349805.1,RE2895_RS25705,MGSINAFNEWVNQATYAGDPFATAIAIVQFFAVSLVNLFTGGPIL,45,hypothetical protein, ,Derived by automated computational analysis using gene prediction method: GeneMarkS-2+.,OG0000137,Shell,group_2383,Shell,Shell,Shell
GCF_024349805.1,RE2895_RS25765,MPTVIRTVHDLVRHARGPTHHHHHQSVHEARRMRAHHILVTHSLA,45,hypothetical protein, ,Derived by automated computational analysis using gene prediction method: GeneMarkS-2+.,OG0000112,Soft core,group_2176,Soft core,Soft core,Soft core
GCF_024349805.1,RE2895_RS25970,MVGTPVIVTIVSVCVGFVIFMLAASGARGKWDRRLVIALFVGAVVCLTVVPVSVALSAGV,60,hypothetical protein, ,Derived by automated computational analysis using gene prediction method: Protein Homology.,OG0000091,Soft core,group_2382,Soft core,Soft core,Soft core
GCF_024349805.1,RE2895_RS26075,MNETQPHNLERERWRTLPTPPSTELIEMVGDGPSSADFDPAAPVAQQG,48,hypothetical protein, ,Derived by automated computational analysis using gene prediction method: Protein Homology.,OG0000128,Shell,group_2355,Shell,Shell,Shell
GCF_024349805.1,RE2895_RS26160,MPATCSTGAPGHVPGAIDDSEYVDFAPKAEFLELIDGVRKAMGG,44,hypothetical protein, ,Derived by automated computational analysis using gene prediction method: GeneMarkS-2+.,OG0000498,Cloud,group_1668,Cloud,Cloud,Cloud
GCF_024349805.1,RE2895_RS26585,MTEPDPGTVETDFPKTGAPAQRALIAAGYTHLAQLTSVSEKELGALHGMGPKALRILREALAERGLSFAD,70,hypothetical protein, ,Derived by automated computational analysis using gene prediction method: Protein Homology.,OG0000050,Conserved,,,Soft core,Soft core
GCF_024349805.1,RE2895_RS26940,MNRQWPECIKGHEYTAENTGRVYRKGVPAERFCRTCARARFRKHYELHRKVNRKGAS,57,hypothetical protein, ,Derived by automated computational analysis using gene prediction method: GeneMarkS-2+.,OG0000480,Cloud,group_904,Cloud,,Cloud
GCF_024349805.1,RE2895_RS26960,MTAALETRPETATWFVPDYKIDGVTWYEPGEYVNPETGEVEGDVICTF,48,hypothetical protein, ,Derived by automated computational analysis using gene prediction method: GeneMarkS-2+.,OG0000378,Cloud,group_1463,Cloud,,Cloud
GCF_024349805.1,RE2895_RS27145,MTIAQVRIGDADIEILGVSADPVRIGDVVSVVPRSAGTEDSLFTTYGFEKESRDA,55,hypothetical protein, ,Derived by automated computational analysis using gene prediction method: GeneMarkS-2+.,OG0000476,Cloud,group_1014,Cloud,Cloud,Cloud
GCF_024349805.1,RE2895_RS27190,MGSSDTDLKALDSVITVAGALAAIFGGIAGVAGLATFLGTGGGS,44,hypothetical protein, ,Derived by automated computational analysis using gene prediction method: GeneMarkS-2+.,OG0000065,Soft core,group_2088,Shell,Shell,Shell
GCF_024349805.1,RE2895_RS27425,MNAPTRYQFLIDGEVSDRVKAAFPELSVASAAGGFTSLYGPVADHTAMRSIMARLDSLGLTVAEMRRLPD,70,hypothetical protein, ,Derived by automated computational analysis using gene prediction method: Protein Homology.,OG0000092,Soft core,,,Soft core,Soft core
GCF_024349805.1,RE2895_RS27700,MSVVLISLLVAAGLTVLATSDGAGLDFGSRQLNRQLKTRTHR,42,hypothetical protein, ,Derived by automated computational analysis using gene prediction method: GeneMarkS-2+.,OG0000107,Soft core,group_1760,Soft core,Soft core,Soft core
GCF_024349805.1,RE2895_RS27845,MKIVVLSFLVALTLMTVGIIAARNRSTRPAVTGAVTAASTVLAAAWTLFAVAFVLA,56,hypothetical protein, ,Derived by automated computational analysis using gene prediction method: Protein Homology.,OG0000110,Soft core,group_2239,Soft core,Soft core,Soft core
GCF_024349805.1,RE2895_RS28410,MDARQLFALGALGTGMLSLALQLTPLCLGAEDAEQYVFVRAANATAVLSLALLSAAFVFWPPAG,64,hypothetical protein, ,Derived by automated computational analysis using gene prediction method: GeneMarkS-2+.,OG0000140,Shell,group_2266,Shell,Shell,Shell
GCF_024349805.1,RE2895_RS28760,MNHRESFQAVKWGTPRRTRRHRQLIRGRIAGGGATVEVSSEVLAYY,46,hypothetical protein, ,Derived by automated computational analysis using gene prediction method: GeneMarkS-2+.,OG0000141,Shell,group_2265,Shell,Shell,Shell
GCF_024349805.1,RE2895_RS28850,MRRASRAQRMELIAGFISVFALMALIGAVVAIVKGDPGVMPSLVLLGCVVALGLAFRGYRNAVRAERRE,69,hypothetical protein, ,Derived by automated computational analysis using gene prediction method: Protein Homology.,OG0000051,Conserved,group_2375,Soft core,Soft core,Soft core
GCF_024349805.1,RE2895_RS28970,MNDDEHDAWQLHDHGASWEDIGIEMGCSPTAAQTLAAAYEKRTDSAAALTQNALF,55,hypothetical protein, ,Derived by automated computational analysis using gene prediction method: Protein Homology.,OG0000063,Soft core,group_2374,Cloud,Cloud,Cloud
GCF_024349805.1,RE2895_RS29315,MTDSTPSSASRVTDAQIKAARAKLIIDGKLKRPSKPEIEKLAALKTTSERRPIAN,55,hypothetical protein, ,Derived by automated computational analysis using gene prediction method: Protein Homology.,OG0000229,Shell,group_1028,Cloud,Cloud,Cloud
GCF_024349805.1,RE2895_RS29340,MTDARINAARTKLIIDKKLKRTSKPEIEKLAALKTTSERRPIAN,44,hypothetical protein, ,Derived by automated computational analysis using gene prediction method: Protein Homology.,OG0000229,Shell,group_2517,Cloud,Cloud,Cloud
GCF_024349805.1,RE2895_RS29905,MAKGKRTFQPNNRRRARVHGFRLRMRTRAGRAIVSARRRKGRDSLTA,47,50s ribosomal protein l34, ,Derived by automated computational analysis using gene prediction method: Protein Homology.,OG0000052,Conserved,rpmH,Conserved,Cloud,Cloud
GCF_024349805.1,RE2895_RS29910,MSLFTSTHLHPYCARTAVAAPCGVGTAQLVRLALYLAMCTGTNAIP,46,hypothetical protein, ,Derived by automated computational analysis using gene prediction method: GeneMarkS-2+.,OG0000259,Shell,group_2153,Shell,Cloud,Shell
GCF_024349805.1,RE2895_RS30010,MNTRRAYASALDRMVRDFGADGDVGLLNPDRVSGWFDYVWGDKAPKTYNLRLTAVSAACAY,61,hypothetical protein, ,Derived by automated computational analysis using gene prediction method: GeneMarkS-2+.,OG0000357,Cloud,group_2637,Cloud,,Cloud
GCF_024349805.1,RE2895_RS30065,MTPASPRTHRPRLPERLGVPVEPALILGCILSAIVIAWWAA,41,hypothetical protein, ,Derived by automated computational analysis using gene prediction method: GeneMarkS-2+.,OG0000382,Cloud,group_2606,Cloud,,Cloud
GCF_024349805.1,RE2895_RS30130,MNDKNIPVERSAVEAAMYQSTKHLNVITDADLAAVVEGLTGEPVAHVQIDFAFPAPGTTDHLFD,64,hypothetical protein, ,Derived by automated computational analysis using gene prediction method: Protein Homology.,OG0000121,Shell,group_2475,Shell,,Shell
GCF_024349805.1,RE2895_RS30285,MPTPSKGDRTRVVSRVPDPVYAELEKRRKAAGVSSVSQYVADLLAATTGHKNLVVELDQEVLQLTA,66,hypothetical protein, ,Derived by automated computational analysis using gene prediction method: Protein Homology.,OG0000139,Shell,group_216,Shell,,Shell
GCF_024349805.1,RE2895_RS30335,MFSTASATSAELSVDDSAGFGAADDAGDVAGDSAGFGAAGALGAATASRGCVGALVATGFGASFSP,66,hypothetical protein, ,Derived by automated computational analysis using gene prediction method: GeneMarkS-2+.,OG0002118,,,,,Probably not conserved
GCF_024349805.1,RE2895_RS30390,MTLINRNRHNDSGSILRLWIMSAAVCLIAIFVLIQLGPTVQRYLATIV,48,hypothetical protein, ,Derived by automated computational analysis using gene prediction method: GeneMarkS-2+.,OG0000300,Cloud,group_2486,Cloud,Cloud,Cloud
GCF_024349805.1,RE2895_RS30400,MDENSRLSLKEVIWGILFTGSITAALYFYSPDAIVTVILGTGHPIP,46,hypothetical protein, ,Derived by automated computational analysis using gene prediction method: GeneMarkS-2+.,OG0000798,Cloud,group_1559,Cloud,Cloud,Cloud
GCF_024349805.1,RE2895_RS30450,MAWGECLASTNAASIDFCVGGTRIWRIFVPQGLLDPGAVGEWIPDGLVEVDVEDRIQLSKEL,62,hypothetical protein, ,Derived by automated computational analysis using gene prediction method: GeneMarkS-2+.,OG0002119,,group_575,Cloud,,Probably not conserved
GCF_024349805.1,RE2895_RS30480,MVFERVVLSAGFIALVVGGLTVLSGFSELSWWMSVPIIVGGGVAAAFAILGFWEFVDRTPRRQDK,65,hypothetical protein, ,Derived by automated computational analysis using gene prediction method: GeneMarkS-2+.,OG0002120,,group_330,Cloud,,Probably not conserved
GCF_024349805.1,RE2895_RS30510,MRETAEPGEDRGWTPAPDVGQAGAVILESGRWAYRYKEGAVPILMKMPERPNPA,54,hypothetical protein, ,Derived by automated computational analysis using gene prediction method: Protein Homology.,OG0000119,Shell,group_2472,Shell,,Shell
GCF_024349805.1,RE2895_RS30605,MALKLLGTAHSLETCANHVAIYLGGGRMIEAPQTGQLVQISAVRSDMVPVRLF,53,nlpc/p60 family protein, ,Derived by automated computational analysis using gene prediction method: GeneMarkS-2+.,OG0002121,,group_1162,Cloud,,Probably not conserved
GCF_024349805.1,RE2895_RS30615,MNNMGESRIESRLSALLSEFDTGEQQKGSARMDFALGAHAGGRDR,45,hypothetical protein, ,Derived by automated computational analysis using gene prediction method: GeneMarkS-2+.,OG0000330,Cloud,group_2485,Cloud,Cloud,Cloud
GCF_024349805.1,RE2895_RS30815,MQVGDHVRIHTTGTSVFSIIEIDEAAGKAIVESVTDAPGKYPWPTDLTNLVAARNPQD,58,hypothetical protein, ,Derived by automated computational analysis using gene prediction method: Protein Homology.,OG0000072,Soft core,group_2154,Cloud,Cloud,Cloud
GCF_024349805.1,RE2895_RS30830,MNSVSGDLLRYAQQVLTGTSHAPDQVASVVAGTGEDAAARALRAGWECAANPVVLACEQAEDVS,64,hypothetical protein, ,Derived by automated computational analysis using gene prediction method: Protein Homology.,OG0000134,Shell,group_2356,Shell,Cloud,Shell
GCF_024349805.1,RE2895_RS30845,MTRFVLSESESGVDAGVALGVLPARAAAYLLASGWSADMEGGGVTVGAALERCAES,56,hypothetical protein, ,Derived by automated computational analysis using gene prediction method: GeneMarkS-2+.,OG0000503,Cloud,group_945,Cloud,Cloud,Cloud
GCF_024349805.1,RE2895_RS30900,MDTDAAQELKELRGQQGKLKRLLADAELEKDALREVAKDAPIDVKGSVRGSHVGVRWRLLGRGSASGSG,69,hypothetical protein, ,Derived by automated computational analysis using gene prediction method: GeneMarkS-2+.,OG0000358,Cloud,group_2103,Cloud,Cloud,Cloud
GCF_024349805.1,RE2895_RS30965,MGYAEIGGDPGYGRAVGIAVQRDAVELYWHGPVHWGHASDAVADIATETGVEE,53,hypothetical protein, ,Derived by automated computational analysis using gene prediction method: GeneMarkS-2+.,OG0000509,Cloud,group_1137,Cloud,Cloud,Cloud
GCF_024349805.1,RE2895_RS31155,MRSTAGRVLRIVVGIALITLAFSVGGAVGILAGVIGAVFVLTGVVNVCLLGPLFSVELRGRPKAS,65,duf2892 domain-containing protein, ,Derived by automated computational analysis using gene prediction method: Protein Homology.,OG0000508,Cloud,group_300,Cloud,Cloud,Cloud
GCF_024349805.1,RE2895_RS31355,MSKKRPRAGQSPEQARIAELEKQIGKLEGDAARKDEVIADRDAALEVMGKGVAFLEALSRKNKE,64,hypothetical protein, ,Derived by automated computational analysis using gene prediction method: GeneMarkS-2+.,OG0000417,Cloud,group_342,Cloud,Cloud,Cloud
GCF_024498635.1,LRQ08_RS00270,MSIASNAKSPMTEAQIDRAIAAATAGHRMAGMEPSAADIAIGRR,44,hypothetical protein, ,Derived by automated computational analysis using gene prediction method: GeneMarkS-2+.,OG0000325,Cloud,group_2062,Cloud,Cloud,Cloud
GCF_024498635.1,LRQ08_RS00275,MTAARKTTSRDIEESVKFAAAGIRLAGGTFTPADEAAARGVASGTRTPEEEVAAFRRELGY,61,hypothetical protein, ,Derived by automated computational analysis using gene prediction method: GeneMarkS-2+.,OG0000211,Shell,group_600,Cloud,Cloud,Cloud
GCF_024498635.1,LRQ08_RS00290,MSTTIEDTGTNPSTVEMDARTSVALVKRMDCMSFPSMMNMSFPSVMKAAGPGAPPILFACWQRRIASV,68,hypothetical protein, ,Derived by automated computational analysis using gene prediction method: GeneMarkS-2+.,OG0000507,Cloud,group_2061,Cloud,Cloud,Cloud
GCF_024498635.1,LRQ08_RS00625,MSNISFDSISNSAPANALQGVGTNALVDNPFTFEPVAEATSAHALQGVGTNALVDNPFSFQS,62,streptamidine-related ripp repeat protein, ,Derived by automated computational analysis using gene prediction method: Protein Homology.,OG0000093,Soft core,group_2291,Soft core,Soft core,Soft core
GCF_024498635.1,LRQ08_RS00825,MFNDVFNNVIHPMVTNFQQLGPQQFIPQQFIPQGVFQQAPQAAEQAVTIFGS,52,hypothetical protein, ,Derived by automated computational analysis using gene prediction method: Protein Homology.,OG0000075,Soft core,group_2178,Soft core,Soft core,Soft core
GCF_024498635.1,LRQ08_RS01475,MGWETYFHSGVTFDRSKLPQSAVVEELPIGTLVRLGDKPMEVAAADIVAVRAAMGYPV,58,hypothetical protein, ,Derived by automated computational analysis using gene prediction method: GeneMarkS-2+.,OG0000280,Shell,,,Cloud,Cloud
GCF_024498635.1,LRQ08_RS01485,MPINETQIPPTVEAFPYKKGTIVIQRDPRAPLVADGSRSIRAAVGLLTERPEVRLPKGSRRL,62,hypothetical protein, ,Derived by automated computational analysis using gene prediction method: GeneMarkS-2+.,OG0000305,Cloud,group_523,Cloud,Cloud,Cloud
GCF_024498635.1,LRQ08_RS01745,MGIADKAQNKAEDLGGKAKEAAGSATGDRDLENEGKGDQVKSAVKDAGEKVKDAASSIKDKLT,63,csbd family protein, ,Derived by automated computational analysis using gene prediction method: Protein Homology.,OG0000011,Conserved,group_2411,Conserved,Soft core,Soft core
GCF_024498635.1,LRQ08_RS01760,MADLTLLTDDELRERRIALSRSLTTAADLIPTPPPSFFEKLKQDIDAAAAEWIARRS,57,hypothetical protein, ,Derived by automated computational analysis using gene prediction method: Protein Homology.,OG0000076,Soft core,group_2322,Soft core,Soft core,Soft core
GCF_024498635.1,LRQ08_RS02505,MSEITSWEYTVTPLLVHNPKAILDNWGVDGWELVAVLPSASGEQHVAYMKRPKG,54,hypothetical protein, ,Derived by automated computational analysis using gene prediction method: Protein Homology.,OG0000012,Conserved,group_2273,Conserved,Soft core,Soft core
GCF_024498635.1,LRQ08_RS02705,MTSKTLRTVSARFALLVAEDDGMSTAEYAIGTIAAAAFGAVLYTVVTGDSIVSALTGIIDKALKTAV,67,duf4244 domain-containing protein, ,Derived by automated computational analysis using gene prediction method: Protein Homology.,OG0000094,Soft core,group_2136,Soft core,Soft core,Soft core
GCF_024498635.1,LRQ08_RS02725,MAQGTVKWFNAEKGFGFIAPEDGSADVFVHYSEIQGNGFRTLEENQRVEFEVGQGTKGPQATGVRAV,67,cold-shock protein, ,Derived by automated computational analysis using gene prediction method: Protein Homology.,OG0000013,Conserved,group_128,Conserved,Soft core,Soft core
GCF_024498635.1,LRQ08_RS02760,MADSLKARVKEKLLRQLAEDGRHPIQEAEGDDPRLVSINDDLEALEHAEEGDPIVEELAERYWVP,65,hypothetical protein, ,Derived by automated computational analysis using gene prediction method: Protein Homology.,OG0000014,Conserved,group_2342,Conserved,Soft core,Soft core
GCF_024498635.1,LRQ08_RS02920,MGSADVMAWLAEGYLAGDPIRYPLYVGSMFLAMPFQLIGVILGHPF,46,hypothetical protein, ,Derived by automated computational analysis using gene prediction method: Protein Homology.,OG0000061,Soft core,group_1542,Soft core,Soft core,Soft core
GCF_024498635.1,LRQ08_RS03270,MATTAAVQNPTRSRARTMSLSEYVAEHPAQRVFPPTSERAARMAMLIMFALMAVTLVVLVLDEAGIFG,68,hypothetical protein, ,Derived by automated computational analysis using gene prediction method: GeneMarkS-2+.,OG0000095,Soft core,group_53,Soft core,Soft core,Soft core
GCF_024498635.1,LRQ08_RS03520,MALAYSPDTSIDSTRLAFLAAAVVLFAMLALYLVGFDQGAISRTGMYMHELMHDGRHLMGLPCH,64,cbtb domain-containing protein, ,Derived by automated computational analysis using gene prediction method: Protein Homology.,OG0000008,Conserved,group_2468,Conserved,Core,Conserved
GCF_024498635.1,LRQ08_RS03945,MNSYICPICDYTYTESTGAAREGFPPGTPWSSIPDDWCCPDCGVREKVDFTLVAQS,56,rubredoxin, ,Derived by automated computational analysis using gene prediction method: Protein Homology.,OG0000096,Soft core,group_2166,Soft core,Soft core,Soft core
GCF_024498635.1,LRQ08_RS03950,MSETATAYKLFRCLQCGFEYDEAIGWPDDGIEPGTRWDEIPEDWSCPDCGAAKVDFEMVEVDR,63,rubredoxin, ,Derived by automated computational analysis using gene prediction method: Protein Homology.,OG0000097,Soft core,group_421,Soft core,Soft core,Soft core
GCF_024498635.1,LRQ08_RS04490,MKNPNLTPSRVLAVVLAAALVIFVIARRRDDGALSRGEWLSDTVGPDDLAG,51,hypothetical protein, ,Derived by automated computational analysis using gene prediction method: Protein Homology.,OG0000077,Soft core,group_2167,Soft core,Soft core,Soft core
GCF_024498635.1,LRQ08_RS04580,MEVRVDLDRCEANGVCVGIAPDIFDLDDNEELVISSVRPPEDRWEDVRSAIAQCPRAALTEHP,63,ferredoxin, ,Derived by automated computational analysis using gene prediction method: Protein Homology.,OG0000005,Conserved,group_423,Soft core,Soft core,Soft core
GCF_024498635.1,LRQ08_RS04645,MAENTTVETEIADEDLEPVADETARQAQRVVAAYAEDADECRMLLSMLGISPAAKLD,57,hypothetical protein, ,Derived by automated computational analysis using gene prediction method: Protein Homology.,OG0000015,Conserved,group_2168,Soft core,Soft core,Soft core
GCF_024498635.1,LRQ08_RS05330,MTKFLVPGVASAVIGAVLGAGVIFGVTAAASDNTRPEIDRSGNADSSVLNQVEYGSR,57,duf2613 domain-containing protein, ,Derived by automated computational analysis using gene prediction method: Protein Homology.,OG0000016,Conserved,group_855,Soft core,Soft core,Soft core
GCF_024498635.1,LRQ08_RS05465,MVGLIVLAALVLASVLVGFVFRRPIAEAKSAVLAFDDASSQPQRD,45,hypothetical protein, ,Derived by automated computational analysis using gene prediction method: GeneMarkS-2+.,OG0000098,Soft core,group_2198,Soft core,Soft core,Soft core
GCF_024498635.1,LRQ08_RS05475,MGSSDADLALIKQIQPVITGVAGLISGIGAIVGLGVALQSFS,42,hypothetical protein, ,Derived by automated computational analysis using gene prediction method: Protein Homology.,OG0000065,Soft core,group_1769,Shell,Shell,Shell
GCF_024498635.1,LRQ08_RS05530,MPERGQSRVDAGIIAVVAVITGVFVALTGHGLVAALATVVGLALGMAIVRYLIKGR,56,hypothetical protein, ,Derived by automated computational analysis using gene prediction method: Protein Homology.,OG0000078,Soft core,group_2220,Soft core,Soft core,Soft core
GCF_024498635.1,LRQ08_RS05620,MMRIVTLIVLIWLIVGAVAAGQRGYYSSSPTNCAGVGTIALTVIAGPLNYFGVNPKVTDCTLPQPTE,67,hypothetical protein, ,Derived by automated computational analysis using gene prediction method: Protein Homology.,OG0000017,Conserved,group_129,Soft core,Soft core,Soft core
GCF_024498635.1,LRQ08_RS05625,MIILGVILLIIGFVVNIPILWTIGVVLLVIGIILYALGAAGHAIGGRRHYY,51,duf6131 family protein, ,Derived by automated computational analysis using gene prediction method: Protein Homology.,OG0000000,Conserved,group_1229,Soft core,Soft core,Soft core
GCF_024498635.1,LRQ08_RS05780,MTDKDDNDQSPKGGHPGPVDKGGDGGMATREQAPELVEETSGEKSDDE,48,hypothetical protein, ,Derived by automated computational analysis using gene prediction method: Protein Homology.,OG0000018,Core,group_2221,Soft core,Soft core,Soft core
GCF_024498635.1,LRQ08_RS05860,MSIRRCSLASGRALRTARFGVATFRRGRKAIDRRPSGLVWIERALTAPAGSV,52,hypothetical protein, ,Derived by automated computational analysis using gene prediction method: GeneMarkS-2+.,OG0000142,Shell,group_2080,Shell,Shell,Shell
GCF_024498635.1,LRQ08_RS05880,MIVLGIILALIGFFTGLSILTTVGIILVVVGAVLSILGATGRAVGGRKVWY,51,duf6131 family protein, ,Derived by automated computational analysis using gene prediction method: Protein Homology.,OG0000000,Conserved,group_1230,Soft core,Soft core,Soft core
GCF_024498635.1,LRQ08_RS06120,MRTNPSFGIVDETLGTLARGMLPRLRHVFEQHQALHRLAVEAIVNV,46,hypothetical protein, ,Derived by automated computational analysis using gene prediction method: GeneMarkS-2+.,OG0000267,Shell,group_2081,Cloud,Shell,Shell
GCF_024498635.1,LRQ08_RS06170,MPAPIMAPAAALAEPVVWNEDPQRQGWWKRILAATPPENPTNEEFQP,47,hypothetical protein, ,Derived by automated computational analysis using gene prediction method: Protein Homology.,OG0000118,Soft core,group_2222,Soft core,Soft core,Soft core
GCF_024498635.1,LRQ08_RS06260,MGALSPTHWAIVAVVLVVLFGSKKLPDAARGLGRSMRILKSEVGELQSDTDLALEQRD,58,sec-independent protein translocase subunit tata, ,Derived by automated computational analysis using gene prediction method: Protein Homology.,OG0000019,Conserved,tatA,Soft core,Soft core,Soft core
GCF_024498635.1,LRQ08_RS06305,MAQGSVKWFNGEKGFGFIEQEGGGPDVFVHYSEIQGSGYKSLDEGQKVEFEIGQGQKGPQAQNVRAI,67,cold-shock protein, ,Derived by automated computational analysis using gene prediction method: Protein Homology.,OG0000069,Soft core,group_130,Soft core,Soft core,Soft core
GCF_024498635.1,LRQ08_RS06360,MTTIDIPPTQGESTTGIGITVASATLTTEEVKRRIAMMYGDPVTEEPVALAH,52,hypothetical protein, ,Derived by automated computational analysis using gene prediction method: Protein Homology.,OG0000002,Conserved,group_2274,Soft core,Soft core,Soft core
GCF_024498635.1,LRQ08_RS06385,MSEQNSTDRTDQTDEPQTTGTDHGPGTGSDTAPKDVQTDPSGERTWADEGGASSTGPATDTD,62,pi-type proteinase, ,Derived by automated computational analysis using gene prediction method: Protein Homology.,OG0000020,Core,group_2297,Soft core,Soft core,Soft core
GCF_024498635.1,LRQ08_RS06415,MGGSADALNRALERVDRDFASPIGVGVRRTLRGTMRQIAKPARTQYTRLRARFPGAKTYTEI,62,hypothetical protein, ,Derived by automated computational analysis using gene prediction method: GeneMarkS-2+.,OG0000115,Soft core,group_2190,Soft core,Soft core,Soft core
GCF_024498635.1,LRQ08_RS06420,MTTSTVGLLAGLLLGVAAAAGGFTGFLIALVLGVIGYLVGGQRDGEFDLGVMLKGRGRG,59,hypothetical protein, ,Derived by automated computational analysis using gene prediction method: Protein Homology.,OG0000099,Soft core,group_732,Soft core,Soft core,Soft core
GCF_024498635.1,LRQ08_RS06440,MDVAVALCVTLLLATVTSMAIAIVVTLIMCASVSVVSRMW,40,hypothetical protein, ,Derived by automated computational analysis using gene prediction method: GeneMarkS-2+.,OG0000187,Shell,group_2158,Soft core,Shell,Shell
GCF_024498635.1,LRQ08_RS06450,MSDFIDKAKHRAEDLIGEAKEKFGNATGNDDLAAEGVADQGEAKVKKAGDTVSDKVSDIKDKFTS,65,csbd family protein, ,Derived by automated computational analysis using gene prediction method: Protein Homology.,OG0000074,Soft core,group_2191,Soft core,Soft core,Soft core
GCF_024498635.1,LRQ08_RS06845,MSKEVSAGLAVGAMVLVAGLIWTGFPLDMYSIVAVIFAMCGGFITWIYVRANEESTGGAATKERSQ,66,hypothetical protein, ,Derived by automated computational analysis using gene prediction method: Protein Homology.,OG0000144,Shell,group_2282,Shell,Shell,Shell
GCF_024498635.1,LRQ08_RS07170,MGSLGNLLKANGMGWGILQLLPLVNMLKTLQGLDTASSNS,40,hypothetical protein, ,Derived by automated computational analysis using gene prediction method: GeneMarkS-2+.,OG0000080,Soft core,group_2512,Soft core,Soft core,Soft core
GCF_024498635.1,LRQ08_RS07175,MFGSLSTLGPLLTALGAFLKSVPTESLSGKGEGSSTGSLSGLSSGSAE,48,hypothetical protein, ,Derived by automated computational analysis using gene prediction method: Protein Homology.,OG0000081,Soft core,group_2510,Soft core,Soft core,Soft core
GCF_024498635.1,LRQ08_RS07385,MGSLDTGSLSTESLEDLNLGKISELLKLGITAVSFITALNSLS,43,hypothetical protein, ,Derived by automated computational analysis using gene prediction method: GeneMarkS-2+.,OG0000067,Soft core,group_2503,Soft core,Soft core,Soft core
GCF_024498635.1,LRQ08_RS07550,MDEGTWTRGRAWALSIALVALPYYRDTNEQITAWAKHAIAQVVDDVHTEL,50,hypothetical protein, ,Derived by automated computational analysis using gene prediction method: GeneMarkS-2+.,OG0000155,Shell,group_2238,Shell,Shell,Shell
GCF_024498635.1,LRQ08_RS07635,MTFESNTPRPFTRSNDKKMFAGVCGGIADYFGADVNLVRLLAVIAAICTGGTAALVYLAAWMLMPLG,67,pspc domain-containing protein, ,Derived by automated computational analysis using gene prediction method: Protein Homology.,OG0000021,Conserved,group_2380,Conserved,Soft core,Soft core
GCF_024498635.1,LRQ08_RS08145,MGSSHDGKPAVAGTQFLTVAEVATLMRVSKMTVYRLVHSGELPAVRVGRSFRVHAKAVHDYLETSYFDAG,70,helix-turn-helix domain-containing protein, ,Derived by automated computational analysis using gene prediction method: Protein Homology.,OG0000071,Soft core,,,Soft core,Soft core
GCF_024498635.1,LRQ08_RS08150,MGSVIKKRRKRMSKKKHRKLLRRTRVQRRKLGK,33,aurkaip1/cox24 domain-containing protein, ,Derived by automated computational analysis using gene prediction method: Protein Homology.,OG0000022,Conserved,group_1939,Conserved,Conserved,Conserved
GCF_024498635.1,LRQ08_RS08205,MSSQEALRTESTHDAPLRQRGSRTEVILFAILGASVLVTLLMLMIPGIVSG,51,hypothetical protein, ,Derived by automated computational analysis using gene prediction method: Protein Homology.,OG0000100,Soft core,group_1231,Soft core,Soft core,Soft core
GCF_024498635.1,LRQ08_RS08335,MLYLLALVGLVTLIVLMWKAFGPDPSTRTPVSGVRGPDDDPEFLWNVNQQTRRKRTEGPDVPPTDAST,68,hypothetical protein, ,Derived by automated computational analysis using gene prediction method: Protein Homology.,OG0000023,Conserved,group_2362,Soft core,Conserved,Soft core
GCF_024498635.1,LRQ08_RS08340,MSAPTFNTAADALMTPGQVAALFHVDPKTVTRWAHAGRLGSLRTPGGHRRFRETEVMQLLRSLTTEADNN,70,bldc family transcriptional regulator, ,Derived by automated computational analysis using gene prediction method: Protein Homology.,OG0000068,Soft core,,,Soft core,Soft core
GCF_024498635.1,LRQ08_RS08545,MASSTDVRPKITLACEVCKHRNYITKKNRRNDPDRLELKKFCPNCGTHQSHRESK,55,50s ribosomal protein l33, ,Derived by automated computational analysis using gene prediction method: Protein Homology.,OG0000024,Conserved,rpmG,Conserved,Soft core,Soft core
GCF_024498635.1,LRQ08_RS08680,MAGKKLDRTNARTALEVVRESPTIAFITVAPAVVVFGVVWWLFGFWAAILLALVFGVAAVATQKLR,66,hypothetical protein, ,Derived by automated computational analysis using gene prediction method: Protein Homology.,OG0000025,Conserved,group_2209,Conserved,Soft core,Soft core
GCF_024498635.1,LRQ08_RS08825,MNSTTVGLLVGLLLALAGIMGGFSGFVFAVLLGAAGMAIGAHRDGHLDLGAILRSRGRG,59,hypothetical protein, ,Derived by automated computational analysis using gene prediction method: Protein Homology.,OG0000026,Conserved,group_2303,Conserved,Soft core,Soft core
GCF_024498635.1,LRQ08_RS08950,MRLSTRNQLTGTITEVNLGTVMATVKVKLDGGNQIVTSSITRDAALDLDLEPGQAATVFVKSTEVTIGVE,70,tobe domain-containing protein, ,Derived by automated computational analysis using gene prediction method: Protein Homology.,OG0000064,Soft core,,,Soft core,Soft core
GCF_024498635.1,LRQ08_RS08955,MTEPVKGPASYFPSIEKKYGRPIGEWQELIRSSDLTKHMELVNWLKSEHGMGHGHANALVAHTLKEG,67,duf4287 domain-containing protein, ,Derived by automated computational analysis using gene prediction method: Protein Homology.,OG0000027,Conserved,group_2329,Soft core,Soft core,Soft core
GCF_024498635.1,LRQ08_RS08970,MSDRDNKALENDLVEESLVEEVSIDGMCGVY,31,mycofactocin precursor mfta, ,"Mycofactocin is a small molecule electron carrier derived from the final two amino acids, Val-Tyr, of MftA, the mycofactocin precursor. It plays a role in redox homeostasis and the metabolism of alcohols and aldehydes in Actinobacteria, including Mycobacterium tuberculosis; Derived by automated computational analysis using gene prediction method: Protein Homology.",OG0000009,Conserved,group_2326,Conserved,Soft core,Soft core
GCF_024498635.1,LRQ08_RS09310,MAKKALVNKANKKPKFAVRAYTRCQRCGRPHSVFRKFGLCRICVREMAHAGELPGVRKSSW,61,type z 30s ribosomal protein s14, ,Derived by automated computational analysis using gene prediction method: Protein Homology.,OG0000028,Conserved,group_2294,Conserved,Soft core,Soft core
GCF_024498635.1,LRQ08_RS09335,MADLKVTQIKSIIGTKQNQKDSLRTLGLKGIRQTVVREDNAQNRGLINVVRHLVTVEEV,59,50s ribosomal protein l30, ,Derived by automated computational analysis using gene prediction method: Protein Homology.,OG0000029,Conserved,rpmD,Conserved,Soft core,Soft core
GCF_024498635.1,LRQ08_RS09365,MKVQPSVKKICEKCKVIRRNGRVMVICENLRHKQRQG,37,50s ribosomal protein l36, ,Derived by automated computational analysis using gene prediction method: Protein Homology.,OG0000030,Conserved,rpmJ,Conserved,Soft core,Soft core
GCF_024498635.1,LRQ08_RS09805,MTTFEWILAIPALALAVAFLFSGIISAGIDFDAEDGVMTH,40,hypothetical protein, ,Derived by automated computational analysis using gene prediction method: GeneMarkS-2+.,OG0000082,Soft core,group_2186,Soft core,Soft core,Soft core
GCF_024498635.1,LRQ08_RS10665,MSSYRCPVCEYVYDESKGAPREGFPAGTPWDAVPDDWCCPDCGVREKLDFEPMPATAGSES,61,rubredoxin, ,Derived by automated computational analysis using gene prediction method: Protein Homology.,OG0000053,Core,group_2279,Soft core,Soft core,Soft core
GCF_024498635.1,LRQ08_RS10670,MNDYKLYQCAQCGFEYDEAVGWPEDGIEPGTRWDDIPEDWSCPDCGAAKSDFFMVEVERR,60,rubredoxin, ,Derived by automated computational analysis using gene prediction method: Protein Homology.,OG0000007,Conserved,group_2155,Soft core,Soft core,Soft core
GCF_024498635.1,LRQ08_RS11350,MATDPAPRSERKKILLRLDPAVHDALARWAADDLRSTNAQIEFLLRRALTEHGRMPKNAGKMHGPGRPPA,70,hypothetical protein, ,Derived by automated computational analysis using gene prediction method: Protein Homology.,OG0000114,Soft core,,,Soft core,Soft core
GCF_024498635.1,LRQ08_RS11630,MSDLDSNTPSEPESQSEETKRKFREALERKNHQNAKSTDHRDGQSKVHNTHGPADHKREFRRKSG,65,duf5302 domain-containing protein, ,Derived by automated computational analysis using gene prediction method: Protein Homology.,OG0000031,Conserved,group_2470,Core,Soft core,Soft core
GCF_024498635.1,LRQ08_RS11715,MAAVCDVCAKGPGFGKSVSHSHRRTNRRWNPNIQSVRTEVAPGNTRKVNVCTSCLKAGKVARG,63,50s ribosomal protein l28, ,Derived by automated computational analysis using gene prediction method: Protein Homology.,OG0000032,Conserved,rpmB,Conserved,Soft core,Soft core
GCF_024498635.1,LRQ08_RS11755,MAVPKRKMSRSNTRSRRSQWKTTVPTLVTCPNRGCGEQTLPHIACPSCGTYKGRQVTAAV,60,50s ribosomal protein l32, ,Derived by automated computational analysis using gene prediction method: Protein Homology.,OG0000033,Conserved,group_2479,Conserved,Soft core,Soft core
GCF_024498635.1,LRQ08_RS11930,MFVEYAAVVEDVTADVVARKEDADVLEVGFVVVVVVVVVVVLTAIVVAMEVS,52,hypothetical protein, ,Derived by automated computational analysis using gene prediction method: GeneMarkS-2+.,OG0002122,,group_1215,Cloud,,Probably not conserved
GCF_024498635.1,LRQ08_RS12015,MNRRTTLSSSPDNRLEPLLGVIVVTLMIAAYAAVFGILRIVVALGWYVS,49,hypothetical protein, ,Derived by automated computational analysis using gene prediction method: GeneMarkS-2+.,OG0000528,Cloud,group_1402,Cloud,Cloud,Cloud
GCF_024498635.1,LRQ08_RS12695,MQLLDSEVVRRCAVTAAAAAAVCRSNGPGVVDGDAVTGKSFFLPDGGWPGT,51,hypothetical protein, ,Derived by automated computational analysis using gene prediction method: GeneMarkS-2+.,OG0000147,Shell,group_2063,Shell,Shell,Shell
GCF_024498635.1,LRQ08_RS12725,MKVPAFHSTVPSDLDVYHDNESCILAARIAVSHRAPGVDGRPWCTACASLD,51,hypothetical protein, ,Derived by automated computational analysis using gene prediction method: Protein Homology.,OG0000083,Soft core,group_2187,Soft core,Soft core,Soft core
GCF_024498635.1,LRQ08_RS13045,MFWKIVLAVVLVWVALAVVGALIKGLFWVLVVGAVGFGIYFLVKAMSGSDDNSPASRF,58,hypothetical protein, ,Derived by automated computational analysis using gene prediction method: Protein Homology.,OG0000034,Conserved,group_2296,Soft core,Soft core,Soft core
GCF_024498635.1,LRQ08_RS13070,MRLTEFHEMVREEFGQVRGDSMLIDHVLQSLDGMTAAEAVEAGWEPREVWRALCVEFDVPPARR,64,duf3046 domain-containing protein, ,Derived by automated computational analysis using gene prediction method: Protein Homology.,OG0000035,Conserved,group_2481,Conserved,Soft core,Soft core
GCF_024498635.1,LRQ08_RS13345,MPGTLTSPQLTAADRCDRCGAGARVRAVLPTGGELLFCGHHATEHADRLREMNAVVSESEPAI,63,hypothetical protein, ,Derived by automated computational analysis using gene prediction method: Protein Homology.,OG0000036,Conserved,group_2483,Conserved,Soft core,Soft core
GCF_024498635.1,LRQ08_RS13715,MKIRFELMIGILLVVGGGCLWLFARDAEFFWFRGGPLGVILAIIGAFDIVNAVRTRETAIPERRND,66,hypothetical protein, ,Derived by automated computational analysis using gene prediction method: Protein Homology.,OG0000101,Soft core,group_2126,Soft core,Soft core,Soft core
GCF_024498635.1,LRQ08_RS13845,MTLLARFDDRTLGPDGAVIYRNRTVLLVRTKWGKIIEQEDYCEDTARIGDFDRRIREIEAGRACGTVV,68,hypothetical protein, ,Derived by automated computational analysis using gene prediction method: Protein Homology.,OG0000308,Cloud,group_2128,Cloud,Cloud,Cloud
GCF_024498635.1,LRQ08_RS14195,MAGIDSKFDKAYAGKSVEELADAPVAALNGVSDSDAEHLKAAFNIKTVRDLGTNKFFLWAQATAKLAE,68,hypothetical protein, ,Derived by automated computational analysis using gene prediction method: Protein Homology.,OG0000070,Soft core,group_2484,Soft core,Soft core,Soft core
GCF_024498635.1,LRQ08_RS14325,MKNLEPWEFAGMLTHLRAYLTNARRFLRGWSYREVDGSSEDR,42,hypothetical protein, ,Derived by automated computational analysis using gene prediction method: GeneMarkS-2+.,OG0000258,Shell,group_2129,Shell,Shell,Shell
GCF_024498635.1,LRQ08_RS14990,MAQEQTQRAGGGEDDETTGGDGSAGQERREKLAAETDDLLDEIDDVLEENAEDFVRAYVQKGGQ,64,ubiquitin-like protein pup, ,Derived by automated computational analysis using gene prediction method: Protein Homology.,OG0000037,Conserved,group_340,Soft core,Soft core,Soft core
GCF_024498635.1,LRQ08_RS15510,MAIDSTLLSILACPQDKGPLLLVGDELLYNPRLRRAYPIENGIPVLLIDEARDVADDEHEKLLARAEG,68,trm112 family protein, ,Derived by automated computational analysis using gene prediction method: Protein Homology.,OG0000038,Conserved,group_54,Soft core,Core,Soft core
GCF_024498635.1,LRQ08_RS15605,MPKMKSHSGASKRFKVSGSGKLMRQKAGRRHLLEHKSSRVTRRLDGVAVVSPDDAPRIKRMLGI,64,50s ribosomal protein l35, ,Derived by automated computational analysis using gene prediction method: Protein Homology.,OG0000039,Conserved,group_2130,Soft core,Conserved,Soft core
GCF_024498635.1,LRQ08_RS15955,MHVEVDLDLCQGHAACELEAPEIFVVPKRGKVSLLDSDPPESLRGEAEMAVRYCPTGALRIVD,63,ferredoxin, ,Derived by automated computational analysis using gene prediction method: Protein Homology.,OG0000001,Conserved,group_2270,Soft core,Soft core,Soft core
GCF_024498635.1,LRQ08_RS16135,MSVLFTYLLFIGAGIAVGGAYSMFKVNKLASGILLALAVLAAVAGALRL,49,hypothetical protein, ,Derived by automated computational analysis using gene prediction method: Protein Homology.,OG0000040,Conserved,group_2410,Soft core,Conserved,Soft core
GCF_024498635.1,LRQ08_RS16365,MNESSSGLFSDLSASEPVVDAKSAEQLAAERETAAAERSNTDTAEQRQSRLFSG,54,hypothetical protein, ,Derived by automated computational analysis using gene prediction method: Protein Homology.,OG0000084,Soft core,group_2262,Soft core,Soft core,Soft core
GCF_024498635.1,LRQ08_RS16370,MLGIALGLGSAAVGIGLGLLGAGAGILLSDKTVKTARRELTA,42,hypothetical protein, ,Derived by automated computational analysis using gene prediction method: GeneMarkS-2+.,OG0000102,Soft core,group_2160,Soft core,Soft core,Soft core
GCF_024498635.1,LRQ08_RS16475,MHAEVGDRLHVQGRVVGQAEVTAEVLEVHGEDGGPPYLVRYDNGHEALVFPGSDGWIDHPGKGS,64,duf1918 domain-containing protein, ,Derived by automated computational analysis using gene prediction method: Protein Homology.,OG0000041,Conserved,group_2499,Soft core,Conserved,Soft core
GCF_024498635.1,LRQ08_RS16490,MTTYRYLDADRNLLEEKDFETEQDAQEYRLSVLGAEHIEPTGE,43,hypothetical protein, ,Derived by automated computational analysis using gene prediction method: Protein Homology.,OG0000054,Core,group_2400,Soft core,Core,Core
GCF_024498635.1,LRQ08_RS17155,MTDEDRLWYFDVSDGSVTQGKGASSLTRMGPYPDRDSAEHALKIAAERNKAADRADEDWNN,61,hypothetical protein, ,Derived by automated computational analysis using gene prediction method: Protein Homology.,OG0000042,Conserved,group_592,Soft core,Core,Soft core
GCF_024498635.1,LRQ08_RS17355,MDCVAAPIRVAAFVHRSSPQVMHARRYLRWELVGGMSFLSLAGGSTIIAA,50,hypothetical protein, ,Derived by automated computational analysis using gene prediction method: GeneMarkS-2+.,OG0000286,Shell,group_1308,Shell,Shell,Shell
GCF_024498635.1,LRQ08_RS17380,MKLALTEFKNSKATIRIIMSDGAKLNGTVTDFTEDTLVLNSPNGVYYINPSHIIRLFEPSDRAAK,65,hypothetical protein, ,Derived by automated computational analysis using gene prediction method: GeneMarkS-2+.,OG0000085,Soft core,group_2248,Soft core,Soft core,Soft core
GCF_024498635.1,LRQ08_RS17545,MTVAGVVSVVLIAVAAALVIYLLVALVDPERF,32,k(+)-transporting atpase subunit f, ,Derived by automated computational analysis using gene prediction method: Protein Homology.,OG0000055,Core,kdpF,Soft core,Soft core,Soft core
GCF_024498635.1,LRQ08_RS17685,MDRIADWWDSFELWMAGLPFIPQVALVLIVVVPLCRLVAIGLDRALAAVLALPLFGWLRRNSREVEES,68,hypothetical protein, ,Derived by automated computational analysis using gene prediction method: Protein Homology.,OG0000056,Core,group_2078,Soft core,Soft core,Soft core
GCF_024498635.1,LRQ08_RS18180,MKKALPKTLKSLARTVGILALAIVVVSVVERFTGAHQPTTGPASLTGPDQSL,52,hypothetical protein, ,Derived by automated computational analysis using gene prediction method: Protein Homology.,OG0000111,Soft core,group_2264,Soft core,Soft core,Soft core
GCF_024498635.1,LRQ08_RS18185,MKSKPVHRAEAREDDVNLWGLAIFEEASDVAFSEIHTHPRQCLIRAHKSVAKSRCGARSAGLT,63,hypothetical protein, ,Derived by automated computational analysis using gene prediction method: GeneMarkS-2+.,OG0000241,Shell,group_2309,Shell,Shell,Shell
GCF_024498635.1,LRQ08_RS18195,MSFLPFPIVIEGIETTGSAAIDGLGRLSVLLYDLLGGTGSATIDAGS,47,hypothetical protein, ,Derived by automated computational analysis using gene prediction method: Protein Homology.,OG0000125,Shell,group_2228,Shell,Shell,Shell
GCF_024498635.1,LRQ08_RS18205,MYGYLWGALPGPRPVKALLAIVLVVAVVLLLMEFVFPWVSEHMPYSDVTV,50,hypothetical protein, ,Derived by automated computational analysis using gene prediction method: Protein Homology.,OG0000214,Shell,group_1309,Shell,Shell,Shell
GCF_024498635.1,LRQ08_RS18235,MIAAPTTGALAVVLNTVLQMFNAGSSFLYTDNSPIGGGGETPTTPAP,47,hypothetical protein, ,Derived by automated computational analysis using gene prediction method: Protein Homology.,OG0000086,Soft core,group_2210,Soft core,Soft core,Soft core
GCF_024498635.1,LRQ08_RS18240,MPTIPLTGDPIVINIIVQLLSAGSSNALALGGVGSSGLGSTGLGSFDSASLGSAA,55,hypothetical protein, ,Derived by automated computational analysis using gene prediction method: Protein Homology.,OG0000087,Soft core,group_1002,Soft core,Soft core,Soft core
GCF_024498635.1,LRQ08_RS18760,MYIQTCTYDTEDRNMGSINTLSAVIDIIKVVQPLIAKLNLS,41,hypothetical protein, ,Derived by automated computational analysis using gene prediction method: GeneMarkS-2+.,OG0000109,Soft core,group_2041,Soft core,Soft core,Soft core
GCF_024498635.1,LRQ08_RS19070,MGTLKSGQDLAAKFSKKAVGGEDSLEKSLTSHIQVVTEMRDFFQQCVDRYGEVEGSNASALASVDTPR,68,hypothetical protein, ,Derived by automated computational analysis using gene prediction method: GeneMarkS-2+.,OG0000123,Soft core,group_2307,Soft core,Soft core,Soft core
GCF_024498635.1,LRQ08_RS19140,MSTALLTIYVLIWPALVLVVLGVISKGFFKDWATARRNGEDLV,43,putative transporter small subunit, ,Derived by automated computational analysis using gene prediction method: Protein Homology.,OG0000088,Soft core,group_2364,Soft core,Soft core,Soft core
GCF_024498635.1,LRQ08_RS19775,MAAMKPRTGDGPLEATKEGRGIVMRVPLEGGGRLVVELTPDEAAALGVELTNVTS,55,duf3117 domain-containing protein, ,Derived by automated computational analysis using gene prediction method: Protein Homology.,OG0000043,Conserved,group_1003,Soft core,Soft core,Soft core
GCF_024498635.1,LRQ08_RS19880,MTEQDATFDPEAPESDALEQSTPVDPNAPEEPDLTDIPLDAPVADVVDQRVEVAVDDDYRPS,62,hypothetical protein, ,Derived by automated computational analysis using gene prediction method: Protein Homology.,OG0000057,Core,group_2211,Soft core,Soft core,Soft core
GCF_024498635.1,LRQ08_RS19905,MYNWDLQNQIVAFVDSLRPMAGYYHDLYYGSLYAFADQQSHLLTLLGFPPVP,52,hypothetical protein, ,Derived by automated computational analysis using gene prediction method: Protein Homology.,OG0000058,Core,group_1175,Soft core,Soft core,Soft core
GCF_024498635.1,LRQ08_RS19925,MGKVKASKVSQLKPKKKCCRKKTRCIKCPVVIMRMKKLENEGASKKELKAGLKKARAA,58,hypothetical protein, ,Derived by automated computational analysis using gene prediction method: Protein Homology.,OG0000044,Conserved,group_2365,Soft core,Soft core,Soft core
GCF_024498635.1,LRQ08_RS20010,MGSLMSIVELALKGMGSLGAGDQLFETFIGSVQTNTGSLKPLL,43,hypothetical protein, ,Derived by automated computational analysis using gene prediction method: GeneMarkS-2+.,OG0000103,Soft core,group_2163,Cloud,Soft core,Cloud
GCF_024498635.1,LRQ08_RS20100,MTAKLTTAFRGTLWWVRSVMGDLDYQRYVEHTRRHHADSPVISEREFWRRRHAAADANPGARCC,64,ybdd/yjix family protein, ,Derived by automated computational analysis using gene prediction method: Protein Homology.,OG0000045,Conserved,group_2343,Soft core,Conserved,Soft core
GCF_024498635.1,LRQ08_RS20355,MSTNSDRRPRLPVRIAYLAAGVLFVAAMLLLASVVNPDRDRDFSMNHIPAGTSTTAFAATSDLG,64,hypothetical protein, ,Derived by automated computational analysis using gene prediction method: Protein Homology.,OG0000104,Soft core,group_2149,Soft core,Soft core,Soft core
GCF_024498635.1,LRQ08_RS20755,MAEGIVKWFNSEKGFGFIAPEDGSADVFVHYSEIQSGGFRTLEENQRVAFEIGQGNKGPQATGVTIV,67,cold-shock protein, ,Derived by automated computational analysis using gene prediction method: Protein Homology.,OG0000046,Conserved,group_132,Soft core,Soft core,Soft core
GCF_024498635.1,LRQ08_RS20760,MTTAEYTVSGMTCGHCVGSVKEEIGNIAGVTAVDVELASGRVVVTSDAPVSAADVVAAVDEAGYAVVPS,69,heavy-metal-associated domain-containing protein, ,Derived by automated computational analysis using gene prediction method: Protein Homology.,OG0000006,Conserved,group_2139,Soft core,Soft core,Soft core
GCF_024498635.1,LRQ08_RS20880,MKHTMSDDELRRAIREIQDRAHDARKRGDDVAAEELDRTVKGYQEQMMQRL,51,hypothetical protein, ,Derived by automated computational analysis using gene prediction method: Protein Homology.,OG0000059,Core,group_2336,Soft core,Soft core,Soft core
GCF_024498635.1,LRQ08_RS20955,MSEQPDTPKKPSVDKKRLARIFGDVFPETTSDERGPEGSSRSSDDDWLRSQRPPHHGG,58,hypothetical protein, ,Derived by automated computational analysis using gene prediction method: Protein Homology.,OG0000089,Soft core,group_2328,Soft core,Soft core,Soft core
GCF_024498635.1,LRQ08_RS20985,MAVPKRKMSRSNTRSRRAQWKATAPDLVEVTAFGQTHRVPRRLVKAVRLGVIDPSRI,57,50s ribosomal protein l32, ,Derived by automated computational analysis using gene prediction method: Protein Homology.,OG0000060,Soft core,group_2302,Soft core,Soft core,Soft core
GCF_024498635.1,LRQ08_RS21005,MARNEIRPIVKLKSTAGTGYTYVTRKNRRNDPDRLVLKKYDPVLRKHVDFREEK,54,50s ribosomal protein l33, ,Derived by automated computational analysis using gene prediction method: Protein Homology.,OG0000047,Conserved,group_2199,Soft core,Soft core,Soft core
GCF_024498635.1,LRQ08_RS21170,MHLTATTSTTTGAAGNSDPKDAESTLDMSGRPAALRARSAAATRPGGADVTA,52,hypothetical protein, ,Derived by automated computational analysis using gene prediction method: GeneMarkS-2+.,OG0000131,Shell,group_2058,Shell,Shell,Shell
GCF_024498635.1,LRQ08_RS21505,MIRFMSRGEIADYLGVTLATVKQYKTFPPPDAMIGRNQGWTKETVDEWVKSRKT,54,transcriptional regulator, ,Derived by automated computational analysis using gene prediction method: Protein Homology.,OG0000237,Shell,group_1105,Cloud,,Cloud
GCF_024498635.1,LRQ08_RS21510,MLKRNYDILGTISTGAVLAILSAPWPLWIVWGGIVAYQAQNRLRFRHA,48,hypothetical protein, ,Derived by automated computational analysis using gene prediction method: Protein Homology.,OG0000401,Cloud,group_1464,Cloud,,Cloud
GCF_024498635.1,LRQ08_RS21620,MREYEIQVGGLPHTVLLSDAEASERGLKPVTKAATPPLNKARSRSRNKEA,50,hypothetical protein, ,Derived by automated computational analysis using gene prediction method: GeneMarkS-2+.,OG0000604,Cloud,group_1346,Cloud,,Cloud
GCF_024498635.1,LRQ08_RS21675,MSKRSPDIRHLLVRDLIAYGLTPTQADELITKAEEIGTAAKPSEGESQ,48,hypothetical protein, ,Derived by automated computational analysis using gene prediction method: GeneMarkS-2+.,OG0002123,,group_1465,Cloud,,Probably not conserved
GCF_024498635.1,LRQ08_RS21720,MANEPELFTKLSICNACGAIIVNENHHKAFHEQIVNAFKDHAEAIEKVAKR,51,hypothetical protein, ,Derived by automated computational analysis using gene prediction method: GeneMarkS-2+.,OG0002124,,group_1284,Cloud,,Probably not conserved
GCF_024498635.1,LRQ08_RS21740,MSELADGFNRTQISREGNKIRIDCFIDDRFVYSALHLVEDFSNTLTEVMA,50,hypothetical protein, ,Derived by automated computational analysis using gene prediction method: GeneMarkS-2+.,OG0000529,Cloud,group_1347,Cloud,,Cloud
GCF_024498635.1,LRQ08_RS21750,MTLTEAIVCIGKPVIYTHPATLETEPGIIRSVDRDGRQLVNVQYGANIWATHPDNLMIDWSRR,63,hypothetical protein, ,Derived by automated computational analysis using gene prediction method: GeneMarkS-2+.,OG0000289,Cloud,group_484,Cloud,,Cloud
GCF_024498635.1,LRQ08_RS21775,MAKRLHDSVVRKSEALGRVEKAERKLCDAREDLAHAENEQREASAAYDAFIAGGAA,56,hypothetical protein, ,Derived by automated computational analysis using gene prediction method: GeneMarkS-2+.,OG0002125,,group_984,Cloud,,Probably not conserved
GCF_024498635.1,LRQ08_RS21785,MTLLNIHGISERTGDSPQRIRVLRVQGHELYSQAWKTGTAQSSPLKLESEIVDEWVAKQRAATTHSRTA,69,hypothetical protein, ,Derived by automated computational analysis using gene prediction method: GeneMarkS-2+.,OG0002126,,group_41,Cloud,,Probably not conserved
GCF_024498635.1,LRQ08_RS21945,MGFLDNVKGLVEKGQELAAENSDKVHDAIDKVADIADDKTGNKYGDQIDKAAEAAKKAVPEKQ,63,antitoxin, ,Derived by automated computational analysis using gene prediction method: Protein Homology.,OG0000010,Conserved,group_425,Soft core,Soft core,Soft core
GCF_024498635.1,LRQ08_RS22485,MANNSKQHYVDPGWPETADGDHAVTELSSTRAGGLSPFGEDTTFPVPVESLPYVHPHTVINR,62,hypothetical protein, ,Derived by automated computational analysis using gene prediction method: Protein Homology.,OG0000048,Conserved,group_501,Soft core,Soft core,Soft core
GCF_024498635.1,LRQ08_RS22495,MADKAPGKNMKKPAQSIKERRAEKRAKTAESSEFIRKRKRS,41,hypothetical protein, ,Derived by automated computational analysis using gene prediction method: Protein Homology.,OG0000004,Core,group_2142,Soft core,Soft core,Soft core
GCF_024498635.1,LRQ08_RS23430,MGRGRAKAKQTKVARELKYSVPTTDFDSLQRELAGGSTNSHRSSVRSDQTSDREGHAREDDYDDWRR,67,duf3073 domain-containing protein, ,Derived by automated computational analysis using gene prediction method: Protein Homology.,OG0000049,Conserved,group_133,Soft core,Soft core,Soft core
GCF_024498635.1,LRQ08_RS23610,MRNNLQELRTAAGLSQQACADALGITRQTVISIEKGHFDPRLSLAFRIAEYFDKRVDDIFSS,62,helix-turn-helix transcriptional regulator, ,Derived by automated computational analysis using gene prediction method: Protein Homology.,OG0000105,Soft core,group_502,Soft core,Soft core,Soft core
GCF_024498635.1,LRQ08_RS23735,MTSPMNTRKLTRARSGAMFGGVCAGIARYFGWKSSTVRLLFVLSCLLPGPQFLIYIVMWIFIPREQI,67,pspc domain-containing protein, ,Derived by automated computational analysis using gene prediction method: Protein Homology.,OG0000106,Soft core,group_134,Soft core,Soft core,Soft core
GCF_024498635.1,LRQ08_RS24585,MSDWVKKVEAEAKGLLAEAEEELTVLEGVDTIDPLADDDPAPEDGTKPTSD,51,hypothetical protein, ,Derived by automated computational analysis using gene prediction method: Protein Homology.,OG0000090,Soft core,group_2192,Soft core,Soft core,Soft core
GCF_024498635.1,LRQ08_RS25340,MNPSVMKQRIPNGEVPTVEEFVTVPPALRALPIPRIEAVDGRVQIN,46,hypothetical protein, ,Derived by automated computational analysis using gene prediction method: GeneMarkS-2+.,OG0000260,Shell,group_2250,Shell,Shell,Shell
GCF_024498635.1,LRQ08_RS25630,MAQGIVKWFNGEKGFGFIAPDDGTPDVFVHYSEISGNGYKSLDENQRVEFEVGQGQKGPQATNVRAV,67,cold-shock protein, ,Derived by automated computational analysis using gene prediction method: Protein Homology.,OG0000003,Conserved,group_1991,Soft core,Soft core,Soft core
GCF_024498635.1,LRQ08_RS25795,MGSINAFNEWVNQATYAGDPFATAIAIVQFFAVSLVNLFTGGPIL,45,hypothetical protein, ,Derived by automated computational analysis using gene prediction method: GeneMarkS-2+.,OG0000137,Shell,group_2383,Shell,Shell,Shell
GCF_024498635.1,LRQ08_RS25820,MKKTDFAPISCIHRWEIESRHRTSEGTVTYLRCHCGSWQTLLAEWVSGGAGSAVAAPIKVRSR,63,hypothetical protein, ,Derived by automated computational analysis using gene prediction method: GeneMarkS-2+.,OG0000116,Soft core,group_2290,Soft core,Soft core,Soft core
GCF_024498635.1,LRQ08_RS25860,MPTVIRTVHDLVRHARGPTHHHHHQSVHEARRMRAHHILVTHSLA,45,hypothetical protein, ,Derived by automated computational analysis using gene prediction method: GeneMarkS-2+.,OG0000112,Soft core,group_2176,Soft core,Soft core,Soft core
GCF_024498635.1,LRQ08_RS25880,MSRSTRTNPVHTGTGPQLMAMIRNTIVSVPRLAGHDNIAAALRHHSRNPHRPVDLLHAA,59,hypothetical protein, ,Derived by automated computational analysis using gene prediction method: GeneMarkS-2+.,OG0002127,,group_792,Cloud,,Probably not conserved
GCF_024498635.1,LRQ08_RS26080,MVGTPVIVTIVSVCVGFVIFMLAASGARGKWDRRLVIALFVGAVVCLTVVPVSVALSAGV,60,hypothetical protein, ,Derived by automated computational analysis using gene prediction method: Protein Homology.,OG0000091,Soft core,group_2382,Soft core,Soft core,Soft core
GCF_024498635.1,LRQ08_RS26185,MNETQPHNLERERWRTLPTPPSTELIEMVGDGPSSADFDPAAPVAQQG,48,hypothetical protein, ,Derived by automated computational analysis using gene prediction method: Protein Homology.,OG0000128,Shell,group_2355,Shell,Shell,Shell
GCF_024498635.1,LRQ08_RS26660,MTEPDPGTVETDFPKTGAPAQRALIAAGYTHLAQLTSVSEKELGALHGMGPKALRILREALAERGLSFAD,70,hypothetical protein, ,Derived by automated computational analysis using gene prediction method: Protein Homology.,OG0000050,Conserved,,,Soft core,Soft core
GCF_024498635.1,LRQ08_RS26745,MLGNVKCSHPRGYLHGEVLAVDAAMNLITAKVDDFENVREGVPGSSLVGGGYVPL,55,hypothetical protein, ,Derived by automated computational analysis using gene prediction method: GeneMarkS-2+.,OG0000198,Shell,group_2094,Shell,Shell,Shell
GCF_024498635.1,LRQ08_RS26765,MTWVNAGEDFYSVNAPVSKYVSHPVWQNAPRDLYLQEFLRLVVASIVDVPPPP,53,hypothetical protein, ,Derived by automated computational analysis using gene prediction method: GeneMarkS-2+.,OG0000945,Cloud,,,Cloud,Cloud
GCF_024498635.1,LRQ08_RS26770,MARLGQLMVQRGAWRDQTLIDSAYLDELSAPSPSNGGTAS,40,hypothetical protein, ,Derived by automated computational analysis using gene prediction method: GeneMarkS-2+.,OG0000491,Cloud,group_2098,Cloud,Cloud,Cloud
GCF_024498635.1,LRQ08_RS27195,MGSSDTDLKALDSVITVAGALAAIFGGIAGVTGLATFLGTGGGS,44,hypothetical protein, ,Derived by automated computational analysis using gene prediction method: GeneMarkS-2+.,OG0000065,Soft core,group_2088,Shell,Shell,Shell
GCF_024498635.1,LRQ08_RS27340,MTKESETVAPAADRSHIVVVLVALIMISAVGVLFGRRKR,39,lpxtg cell wall anchor domain-containing protein, ,Derived by automated computational analysis using gene prediction method: GeneMarkS-2+.,OG0000281,Shell,group_2086,Shell,Shell,Shell
GCF_024498635.1,LRQ08_RS27435,MNAPTRYQFLIDGEVSDRVKAAFPELSVASAAGGFTSLYGPVADHTAMRSIMARLDSLGLTVAEMRRLPD,70,hypothetical protein, ,Derived by automated computational analysis using gene prediction method: Protein Homology.,OG0000092,Soft core,,,Soft core,Soft core
GCF_024498635.1,LRQ08_RS27445,MHDRFTVTAPFGVLGHLALRLAVGPYLRRLLEQRAAHIKGRAEVGTPFIE,50,cyclase/dehydrase, ,Derived by automated computational analysis using gene prediction method: Protein Homology.,OG0000261,Shell,group_2085,Shell,Shell,Shell
GCF_024498635.1,LRQ08_RS27715,MSVVLISLLVAAGLTVLATSDGAGLDFGSRQLNRQLKTRTHR,42,hypothetical protein, ,Derived by automated computational analysis using gene prediction method: GeneMarkS-2+.,OG0000107,Soft core,group_1760,Soft core,Soft core,Soft core
GCF_024498635.1,LRQ08_RS27860,MKIVVLSFLVALTLITVGIIAARNRSTRPAVTGAVTAASTVLAAAWTLFAVAFVLA,56,hypothetical protein, ,Derived by automated computational analysis using gene prediction method: Protein Homology.,OG0000110,Soft core,group_2239,Soft core,Soft core,Soft core
GCF_024498635.1,LRQ08_RS28310,MHPKRSNGDDKPRGDREELTVTARRIEDEVSAACGSTSATAGVMREGLADCSAQRVRT,58,hypothetical protein, ,Derived by automated computational analysis using gene prediction method: GeneMarkS-2+.,OG0000282,Shell,group_815,Shell,Shell,Shell
GCF_024498635.1,LRQ08_RS28380,MDSRQLFALGALGTGMLSLALQLTPLCIGAEDAEQYVFVRTANATAVLSLALLSAAFVFWPPAG,64,hypothetical protein, ,Derived by automated computational analysis using gene prediction method: GeneMarkS-2+.,OG0000140,Shell,group_2266,Shell,Shell,Shell
GCF_024498635.1,LRQ08_RS28865,MRRASRAQRMELIAGFISVFALMALIGAVVAIVKGDPGVMPSLVLLGCVVALGLAFRGYRNAVRAERRE,69,hypothetical protein, ,Derived by automated computational analysis using gene prediction method: Protein Homology.,OG0000051,Conserved,group_2375,Soft core,Shell,Shell
GCF_024498635.1,LRQ08_RS29380,MPARHWVGLEHEIRHLASPERSSTPAHDEPFATFEISEDDPISAI,45,hypothetical protein, ,Derived by automated computational analysis using gene prediction method: GeneMarkS-2+.,OG0000405,Cloud,group_1620,Cloud,Cloud,Cloud
GCF_024498635.1,LRQ08_RS29410,MAKGKRTFQPNNRRRARVHGFRLRMRTRAGRAIVSARRRKGRDSLTA,47,50s ribosomal protein l34, ,Derived by automated computational analysis using gene prediction method: Protein Homology.,OG0000052,Conserved,rpmH,Conserved,Shell,Shell
GCF_024498635.1,LRQ08_RS29415,MAKIVGPTVLFPRKSMADAVYRDGADTGPGDTLQLLLSTSLSGFVTRVDSLPVNVSGSGQA,61,hypothetical protein, ,Derived by automated computational analysis using gene prediction method: GeneMarkS-2+.,OG0000606,Cloud,group_616,Cloud,,Cloud
GCF_024498635.1,LRQ08_RS29450,MRVTPLRGLLSAPLLQCRECARLCRRSAVTPGGNVCPWCGERALSTAVLGSPLRSSS,57,hypothetical protein, ,Derived by automated computational analysis using gene prediction method: GeneMarkS-2+.,OG0000385,Cloud,group_875,Cloud,,Cloud
GCF_024498635.1,LRQ08_RS29770,MPSNASRLVPALVSSGHPGMAQLMRSDDEVRAAQSGVLGGGDQAVAQPSQPETVAAGDEYEIELRRD,67,hypothetical protein, ,Derived by automated computational analysis using gene prediction method: GeneMarkS-2+.,OG0002128,,group_188,Cloud,,Probably not conserved
GCF_024498635.1,LRQ08_RS29795,MSPRELERRAKHKLAVLRHVEEVSGSVAATCRYHGISRQCYYVWRRRFDEEGAVSTGHRNTRSV,64,helix-turn-helix domain-containing protein, ,Derived by automated computational analysis using gene prediction method: Protein Homology.,OG0002129,,group_411,Cloud,,Probably not conserved
GCF_024498635.1,LRQ08_RS30105,MPGSAAMGALNSQPLIANATSVSSSNGSHALPSRWRRDGAIYQRAGLGNQVSLTSMTVIENDR,63,hypothetical protein, ,Derived by automated computational analysis using gene prediction method: GeneMarkS-2+.,OG0002130,,group_485,Cloud,,Probably not conserved
GCF_024498635.1,LRQ08_RS30120,MRSSHQKEDPLSPVFEHANDTSAIVHEAPTHTVKTNAAPTQTHHTALDMPAA,52,hypothetical protein, ,Derived by automated computational analysis using gene prediction method: GeneMarkS-2+.,OG0002131,,group_1216,Cloud,,Probably not conserved
GCF_024498635.1,LRQ08_RS30180,MLSIKDTADQWDLRPELDITTTPFETVASINTGVCSPHPTPDS,43,hypothetical protein, ,Derived by automated computational analysis using gene prediction method: GeneMarkS-2+.,OG0002132,,group_1750,Cloud,,Probably not conserved
GCF_024498635.1,LRQ08_RS30210,MGSSDSDLQMLDNATAVISAIAGILGGVAAALGLAAFVGANGS,43,hypothetical protein, ,Derived by automated computational analysis using gene prediction method: GeneMarkS-2+.,OG0000065,Soft core,group_1751,Cloud,,Cloud
GCF_024498635.1,LRQ08_RS30470,MEDNRIRAALDATPDADYLEQTIPADPNAVDAVDVEALTTELDTPWPPPEEDLIEQSTPAPLEDER,66,hypothetical protein, ,Derived by automated computational analysis using gene prediction method: Protein Homology.,OG0000199,Shell,group_2217,Cloud,,Cloud
GCF_024498635.1,LRQ08_RS30495,MDVSDLDVVVWPVSEEREAWWREIVGGGRDGLSAAMTRNRPGEETPPRVLHAA,53,hypothetical protein, ,Derived by automated computational analysis using gene prediction method: GeneMarkS-2+.,OG0000129,Shell,group_2405,Cloud,Cloud,Cloud
GCF_024498635.1,LRQ08_RS30500,MVDVAVWAESEEREKWWREIVGIAPSEDRRVARDVGELLCDKNSTASARGESKPTALRGMTAA,63,hypothetical protein, ,Derived by automated computational analysis using gene prediction method: GeneMarkS-2+.,OG0000129,Shell,group_2456,Cloud,,Cloud
GCF_024498635.1,LRQ08_RS30505,MATYRVINPAGDVTATRDIDSADDAHAWFVDARADNSELGWRMEVQHDGEWSFFDDTEGASS,62,hypothetical protein, ,Derived by automated computational analysis using gene prediction method: Protein Homology.,OG0000066,Soft core,group_2490,Shell,Cloud,Cloud
GCF_024498635.1,LRQ08_RS30650,MTSIQRWTRPDTAMAAAEFTVGTVRRHFDVAGGAAIAFRFVLQTINT,47,hypothetical protein, ,Derived by automated computational analysis using gene prediction method: GeneMarkS-2+.,OG0002133,,group_1528,Cloud,,Probably not conserved
GCF_024498635.1,LRQ08_RS30705,MSTVPVVVTEHGRDCVQCGRPLLITVLEFYAGAQPTPTGRREGFIDCSNGCVGVIDRLP,59,hypothetical protein, ,Derived by automated computational analysis using gene prediction method: GeneMarkS-2+.,OG0000248,Shell,group_793,Cloud,,Cloud
GCF_024498635.1,LRQ08_RS30730,MNSSDVGSVSALLPMMLTAFKSIITMPVALSVDFGLDVPFNPFK,44,hypothetical protein, ,Derived by automated computational analysis using gene prediction method: GeneMarkS-2+.,OG0000186,Shell,group_2414,Cloud,Cloud,Cloud
GCF_024498635.1,LRQ08_RS30790,MTTKFTISIPDEDAHLLDEYVRDHGLRGRSAGIRAALRLLSTSGLERDYAAAFAEGDVDEVWDAVTADTE,70,ribbon-helix-helix domain-containing protein, ,Derived by automated computational analysis using gene prediction method: Protein Homology.,OG0000213,Shell,,,Cloud,Cloud
GCF_024498635.1,LRQ08_RS30825,MTDRFDEELMMLADIRAYLRTTEGPDFPISTSVIDRVLDERNNARLGRSAESEIGLPVDEQQG,63,hypothetical protein, ,Derived by automated computational analysis using gene prediction method: Protein Homology.,OG0000117,Shell,group_2225,Cloud,Cloud,Cloud
GCF_024498635.1,LRQ08_RS30855,MDSAIQLRPELRREAVGGVDRGEPDAESEECCGVVGHPDCEHVLMLPVTAEFRWQVILWCGARRAERTW,69,hypothetical protein, ,Derived by automated computational analysis using gene prediction method: GeneMarkS-2+.,OG0000614,Cloud,group_2046,Cloud,Cloud,Cloud
GCF_024498635.1,LRQ08_RS30870,MRQTQGRGSAINGPRPAPADVALAVASATVLGVTVGVLLAEVVTGVVVGAGTAVVFRFVLRSIITRK,67,hypothetical protein, ,Derived by automated computational analysis using gene prediction method: Protein Homology.,OG0000124,Shell,group_2500,Shell,Cloud,Shell
GCF_024498635.1,LRQ08_RS31205,MKSTPIFTTNPAVSIDSAGTVWVIADGLQSVPEESMQWPTSLDVAALLGTHPHP,54,hypothetical protein, ,Derived by automated computational analysis using gene prediction method: GeneMarkS-2+.,OG0000615,Cloud,,,,Probably not conserved
GCF_024498635.1,LRQ08_RS31215,MTEAQIDRALAAATAGHRMAGKEPSTTDLEIGRRQLRGEITGDKAVELAVAAALAEYEETQPE,63,antitoxin vbha family protein, ,Derived by automated computational analysis using gene prediction method: Protein Homology.,OG0000325,Cloud,,,,Probably not conserved
GCF_024498635.1,LRQ08_RS31220,MNDPYEIAPGVLNNKYGITDPAKLAIVERADAYQCILQFETQPIADDFDFDHFKKIDQFIM,61,hypothetical protein, ,Derived by automated computational analysis using gene prediction method: GeneMarkS-2+.,OG0002134,,,,,Probably not conserved
GCF_024498635.1,LRQ08_RS31340,MTETATATRFVVVPRTAEHGGYENECFTHFVEDNAGRYCLRGPMVQSDAEWLANNMNRKWG,61,hypothetical protein, ,Derived by automated computational analysis using gene prediction method: GeneMarkS-2+.,OG0000189,Shell,,,,Probably not conserved
GCF_024498635.1,LRQ08_RS31345,MSEPAEPDEVQGWSPAPDEGQAGTVLTSDGQWAYRYKDGAELIMMKMPERPAST,54,hypothetical protein, ,Derived by automated computational analysis using gene prediction method: Protein Homology.,OG0000119,Shell,,,,Probably not conserved
GCF_024498635.1,LRQ08_RS31360,MAATVLGVTVGVLLADAVAGIAVGAGTAAVFRFVLRTIITRK,42,hypothetical protein, ,Derived by automated computational analysis using gene prediction method: Protein Homology.,OG0000124,Shell,,,,Probably not conserved
GCF_024498635.1,LRQ08_RS31445,MGSIVLTLVLVLSFLVLALLLRYANAGQSARLGVPNVRPVRGGGRLGARPRVLR,54,hypothetical protein, ,Derived by automated computational analysis using gene prediction method: GeneMarkS-2+.,OG0000930,Cloud,,,,Probably not conserved
GCF_024498635.1,LRQ08_RS31450,MNYLVDHLHLADLFRRGRLTEEEAINLDSYYRLHPLPRPAVFTASLGDHATF,52,hypothetical protein, ,Derived by automated computational analysis using gene prediction method: GeneMarkS-2+.,OG0000567,Cloud,,,,Probably not conserved
GCF_024498635.1,LRQ08_RS31480,MDRCKITMPDGAVTEKLFDSVKDAIMCATLTNGGMSADVLVERYTDGGELIPTALCRNRDNS,62,hypothetical protein, ,Derived by automated computational analysis using gene prediction method: Protein Homology.,OG0000113,Soft core,,,,Probably not conserved
GCF_024498635.1,LRQ08_RS31505,MTNDEEDRLIAQTRVRLTAKYPAVSADVVAEAVASAHAHFVGHRIRDFVPLLVERMANESLSALVAS,67,hypothetical protein, ,Derived by automated computational analysis using gene prediction method: Protein Homology.,OG0000062,Soft core,,,,Probably not conserved
GCF_024498635.1,LRQ08_RS31510,MSANVGGAAGTAPEAEPKTEGDPISTSYRRRRQMAVHAGIPAEAHC,46,hypothetical protein, ,Derived by automated computational analysis using gene prediction method: GeneMarkS-2+.,OG0002135,,,,,Probably not conserved
GCF_024498635.1,LRQ08_RS31545,MMWHGARLMVVFGLECARRGMTKRTAIADPQGHRADDLVQ,40,hypothetical protein, ,Derived by automated computational analysis using gene prediction method: Protein Homology.,OG0000481,Cloud,,,,Probably not conserved
GCF_024498635.1,LRQ08_RS31555,MSNQNPLGGVRVVVLVCERLTRCSLVEIDMLVTADAVTEAPATI,44,hypothetical protein, ,Derived by automated computational analysis using gene prediction method: GeneMarkS-2+.,OG0000316,Cloud,,,,Probably not conserved
GCF_024498635.1,LRQ08_RS31565,MTKRTELLKEIRAFAKDAGLEIDETEGGNHTKVVVGGRRTVVARHSEIPELTAKAIRKQLGMTEARKGKK,70,hypothetical protein, ,Derived by automated computational analysis using gene prediction method: Protein Homology.,OG0000484,Cloud,,,,Probably not conserved
GCF_024498635.1,LRQ08_RS31710,MTENEIPTRTQEQREAFWRRWGWTPELPRAERLAIEQKWDDLAIDLAEFHGF,52,hypothetical protein, ,Derived by automated computational analysis using gene prediction method: Protein Homology.,OG0000153,Shell,,,,Probably not conserved
GCF_024498635.1,LRQ08_RS31720,MSHEVVDVALYLLRLYDVVQIDQPGSFAKMVGHVAPVDSSAAASLGLTTSPCFNRDMILS,60,hypothetical protein, ,Derived by automated computational analysis using gene prediction method: GeneMarkS-2+.,OG0002136,,,,,Probably not conserved
GCF_024498635.1,LRQ08_RS31840,MQQGDQVRIGTEGVSVFTIVSVDEAAHTAIIESTADAPGKYPFPSKLAGLVPVIEARPGDDDEQDA,66,hypothetical protein, ,Derived by automated computational analysis using gene prediction method: Protein Homology.,OG0000072,Soft core,,,,Probably not conserved
GCF_024498635.1,LRQ08_RS31845,MTRTPAPDEGWSPPPDEGQAGMVLLPNGWWGYRHKAGVRPLIVEKPEERDATPDSSAEFDQDR,63,hypothetical protein, ,Derived by automated computational analysis using gene prediction method: Protein Homology.,OG0000119,Shell,,,Cloud,Cloud
GCF_024498635.1,LRQ08_RS31915,MLLVFFAGAIVATISIGWPAGLAAICVWAVLMRPRLRTVRLVKRRWSTYRIAR,53,hypothetical protein, ,Derived by automated computational analysis using gene prediction method: GeneMarkS-2+.,OG0002137,,,,,Probably not conserved
GCF_024498635.1,LRQ08_RS31990,MTKHDTCAAHHTTEVHTHGEGCGHEAVQRGDHVDYIHDSCRHALHGTHYDEH,52,zinc transporter permease, ,Derived by automated computational analysis using gene prediction method: Protein Homology.,OG0000644,Cloud,,,,Probably not conserved
GCF_024498635.1,LRQ08_RS32000,MTKHDTCAAHHTTEVHTHGEGCGHEAVQHGDHVDYIHDSCRHALHGTHYDEH,52,zinc transporter permease, ,Derived by automated computational analysis using gene prediction method: Protein Homology.,OG0000644,Cloud,,,,Probably not conserved
GCF_025370975.1,N6G92_RS00210,MIATDGENKDGSKIINETSSDIRLAITKMIQDANRKAQHLTDAAIKNLTPPMI,53,hypothetical protein, ,Derived by automated computational analysis using gene prediction method: GeneMarkS-2+.,OG0002138,,,,,Probably not conserved
GCF_025370975.1,N6G92_RS00550,MSNISFDSISNSAPANALQGVGTNALVDNPFTFEPVAEATSAHALQGVGTNALVDNPFSFQS,62,streptamidine-related ripp repeat protein, ,Derived by automated computational analysis using gene prediction method: Protein Homology.,OG0000093,Soft core,group_2291,Soft core,Soft core,Soft core
GCF_025370975.1,N6G92_RS00745,MFNDVFNNVIHPMVTNFQQLGPQQFIPQQFIPQGVFQQAPQAAETIFGS,49,hypothetical protein, ,Derived by automated computational analysis using gene prediction method: Protein Homology.,OG0000075,Soft core,group_2178,Soft core,Soft core,Soft core
GCF_025370975.1,N6G92_RS01355,MEHDHILMIPGKTDYLYSSAGVRMPAWRVTLSLEQKKLLSVFESARDVVSDELDVMEQSDRHGNAA,66,hypothetical protein, ,Derived by automated computational analysis using gene prediction method: GeneMarkS-2+.,OG0000641,Cloud,group_255,Cloud,Cloud,Cloud
GCF_025370975.1,N6G92_RS01670,MGIADKAQNKAEDLGGKAKEAAGSATGDRDLENEGKGDQVKSAVKDAGEKVKDAASSIKDKLT,63,csbd family protein, ,Derived by automated computational analysis using gene prediction method: Protein Homology.,OG0000011,Conserved,group_2411,Conserved,Soft core,Soft core
GCF_025370975.1,N6G92_RS01685,MADLTLLTDDELRERRIALSRSLTTAADLIPTPPPSFFEKLKQDIDAAAAEWIARRS,57,hypothetical protein, ,Derived by automated computational analysis using gene prediction method: Protein Homology.,OG0000076,Soft core,group_2322,Soft core,Soft core,Soft core
GCF_025370975.1,N6G92_RS02420,MSEITSWEYTVTPLLVHNPKAILDNWGVDGWELVAVLPSASGEQHVAYMKRPKG,54,hypothetical protein, ,Derived by automated computational analysis using gene prediction method: Protein Homology.,OG0000012,Conserved,group_2273,Conserved,Soft core,Soft core
GCF_025370975.1,N6G92_RS02620,MISKTLRTVSARFALLVAEDDGMSTAEYAIGTIAAAAFGAVLYTVVTGDSIVSALTGIIDKALKTAV,67,duf4244 domain-containing protein, ,Derived by automated computational analysis using gene prediction method: Protein Homology.,OG0000094,Soft core,group_2136,Soft core,Soft core,Soft core
GCF_025370975.1,N6G92_RS02640,MAQGTVKWFNAEKGFGFIAPEDGSADVFVHYSEIQGNGFRTLEENQRVEFEVGQGTKGPQATGVRAV,67,cold-shock protein, ,Derived by automated computational analysis using gene prediction method: Protein Homology.,OG0000013,Conserved,group_128,Conserved,Soft core,Soft core
GCF_025370975.1,N6G92_RS02675,MADSLKARVKEKLLRQLAEDGRHPIQEAEGDDPRLVSINDDLEALEQAEEGDPIVEELAERYWVP,65,hypothetical protein, ,Derived by automated computational analysis using gene prediction method: Protein Homology.,OG0000014,Conserved,group_2342,Conserved,Soft core,Soft core
GCF_025370975.1,N6G92_RS02835,MGSADVMAWLAEGYLAGDPIRYPLYVGSMFLAMPFQLIGVILGHPF,46,hypothetical protein, ,Derived by automated computational analysis using gene prediction method: Protein Homology.,OG0000061,Soft core,group_1542,Soft core,Soft core,Soft core
GCF_025370975.1,N6G92_RS03205,MATTAAVQNPTRSRARTMSLSEYVAEHPAQRVFPPTSERAARMAMLIMFALMAVTLVVLVLDEAGIFG,68,hypothetical protein, ,Derived by automated computational analysis using gene prediction method: GeneMarkS-2+.,OG0000095,Soft core,group_53,Soft core,Soft core,Soft core
GCF_025370975.1,N6G92_RS03455,MALAYSPDTSIDSTRLAFLAAAVVLFAMLALYLVGFDQGAISRTGMYMHELMHDGRHLMGLPCH,64,cbtb domain-containing protein, ,Derived by automated computational analysis using gene prediction method: Protein Homology.,OG0000008,Conserved,group_2468,Conserved,Core,Conserved
GCF_025370975.1,N6G92_RS03970,MNAYICPICDYTYTESTGAAREGFPPGTPWSSIPDDWCCPDCGVREKVDFTLVTQS,56,rubredoxin, ,Derived by automated computational analysis using gene prediction method: Protein Homology.,OG0000096,Soft core,group_2166,Soft core,Soft core,Soft core
GCF_025370975.1,N6G92_RS03975,MSETATAYKLFRCLQCGFEYDEAIGWPDDGIEPGTRWDEIPEDWSCPDCGAAKVDFEMVEVDR,63,rubredoxin, ,Derived by automated computational analysis using gene prediction method: Protein Homology.,OG0000097,Soft core,group_421,Soft core,Soft core,Soft core
GCF_025370975.1,N6G92_RS04520,MKNPNLTPSRVLAVVLAAALVIFVIARRRDDGALSRGEWLSDTVGPDDLAG,51,hypothetical protein, ,Derived by automated computational analysis using gene prediction method: Protein Homology.,OG0000077,Soft core,group_2167,Soft core,Soft core,Soft core
GCF_025370975.1,N6G92_RS04610,MEVRVDLDRCEANGVCVGIAPDIFDLDDNEELVISSVRPPEDRWEDVRSAIAQCPRAALTEHP,63,ferredoxin, ,Derived by automated computational analysis using gene prediction method: Protein Homology.,OG0000005,Conserved,group_423,Soft core,Soft core,Soft core
GCF_025370975.1,N6G92_RS04675,MAENTTVETEIADEDLEPVADETARQAQRVVAAYAEDADECRMLLSMLGISPAAKLD,57,hypothetical protein, ,Derived by automated computational analysis using gene prediction method: Protein Homology.,OG0000015,Conserved,group_2168,Soft core,Soft core,Soft core
GCF_025370975.1,N6G92_RS05360,MTKFLVPGVASAVIGAVLGAGVIFGVTAAASDNTRPEIDRSGNADSSVLNQVEYGSR,57,duf2613 domain-containing protein, ,Derived by automated computational analysis using gene prediction method: Protein Homology.,OG0000016,Conserved,group_855,Soft core,Soft core,Soft core
GCF_025370975.1,N6G92_RS05495,MVGLIVLAALVLASVLVGFVFRRPIAEAKSAVLAFDDASSQPQRD,45,hypothetical protein, ,Derived by automated computational analysis using gene prediction method: GeneMarkS-2+.,OG0000098,Soft core,group_2198,Soft core,Soft core,Soft core
GCF_025370975.1,N6G92_RS05505,MAFTTGSSKTDLATLGDFQKIIAGLGGVLVGIGAVAGLLGAIGGAGSSQPKA,52,hypothetical protein, ,Derived by automated computational analysis using gene prediction method: GeneMarkS-2+.,OG0000247,Shell,group_1186,Shell,Shell,Shell
GCF_025370975.1,N6G92_RS05560,MPERGQSRVDAGIIAVVAVITGVFVALTGHGLVAALATVVGLALGMAIVRYLIKGR,56,hypothetical protein, ,Derived by automated computational analysis using gene prediction method: Protein Homology.,OG0000078,Soft core,group_2220,Soft core,Soft core,Soft core
GCF_025370975.1,N6G92_RS05650,MMRIVTLIVLIWLIVGAVAAGQRGYYSSSPTNCAGVGTIALTVIAGPLNYFGVNPKVTDCTLPQPTE,67,hypothetical protein, ,Derived by automated computational analysis using gene prediction method: Protein Homology.,OG0000017,Conserved,group_129,Soft core,Soft core,Soft core
GCF_025370975.1,N6G92_RS05655,MIILGVILLIIGFVVNIPILWTIGVVLLVIGIILYALGAAGHAIGGRRHYY,51,duf6131 family protein, ,Derived by automated computational analysis using gene prediction method: Protein Homology.,OG0000000,Conserved,group_1229,Soft core,Soft core,Soft core
GCF_025370975.1,N6G92_RS05750,MTDKDDNDQSPKGGHPGPVDKGGDGGMATREQAPELVEETSGEKSDDE,48,hypothetical protein, ,Derived by automated computational analysis using gene prediction method: Protein Homology.,OG0000018,Core,group_2221,Soft core,Soft core,Soft core
GCF_025370975.1,N6G92_RS05830,MSIRRCSLASGRALRTARFGVATFRRGRKAIDRRPSGLVWIERALAAPAGSV,52,hypothetical protein, ,Derived by automated computational analysis using gene prediction method: GeneMarkS-2+.,OG0000142,Shell,group_2080,Shell,Shell,Shell
GCF_025370975.1,N6G92_RS05850,MIVLGIILALIGFFTGLSILTTVGIILVVVGAVLSILGATGRAVGGRKVWY,51,duf6131 family protein, ,Derived by automated computational analysis using gene prediction method: Protein Homology.,OG0000000,Conserved,group_1230,Soft core,Soft core,Soft core
GCF_025370975.1,N6G92_RS06085,MRTNPSFGIVDETLGTLARGMLPRLRHVFEQHQALHRQAVEAIVNV,46,hypothetical protein, ,Derived by automated computational analysis using gene prediction method: GeneMarkS-2+.,OG0000267,Shell,group_2081,Cloud,Shell,Shell
GCF_025370975.1,N6G92_RS06135,MPAPIMAPAAALAEPVVWNEDPQRQGWWKRILAATPPQNPTNEEFQP,47,hypothetical protein, ,Derived by automated computational analysis using gene prediction method: Protein Homology.,OG0000118,Soft core,group_2222,Soft core,Soft core,Soft core
GCF_025370975.1,N6G92_RS06185,MEHVGNEIAESGTDDVGLRALPIGAFIAEADGTAWMQTSYDFQIPGRCAQALSFCGTVEPPI,62,hypothetical protein, ,Derived by automated computational analysis using gene prediction method: GeneMarkS-2+.,OG0000612,Cloud,group_2099,Cloud,Cloud,Cloud
GCF_025370975.1,N6G92_RS06195,MENLRQVGLGSAVGVQNPRIVFGNHSVIAPAMGRHCPQNR,40,hypothetical protein, ,Derived by automated computational analysis using gene prediction method: GeneMarkS-2+.,OG0000343,Cloud,group_2215,Shell,Cloud,Cloud
GCF_025370975.1,N6G92_RS06210,MWWIVGGVLLVWVVCSIPIAILVGRGIARRDRAEFDGRNQQWADEVVRSIEKQSEQDNADRRKPPLIS,68,hypothetical protein, ,Derived by automated computational analysis using gene prediction method: Protein Homology.,OG0000079,Soft core,group_2275,Shell,Shell,Shell
GCF_025370975.1,N6G92_RS06240,MGALSPTHWAIVAVVLVVLFGSKKLPDAARGLGRSMRILKSEVGELQSDTDLALEQRD,58,sec-independent protein translocase subunit tata, ,Derived by automated computational analysis using gene prediction method: Protein Homology.,OG0000019,Conserved,tatA,Soft core,Soft core,Soft core
GCF_025370975.1,N6G92_RS06285,MAQGSVKWFNGEKGFGFIEQEGGGPDVFVHYSEIQGSGYKSLDEGQKVEFEIGQGQKGPQAQNVRAI,67,cold-shock protein, ,Derived by automated computational analysis using gene prediction method: Protein Homology.,OG0000069,Soft core,group_130,Soft core,Soft core,Soft core
GCF_025370975.1,N6G92_RS06330,MSADSRGTSTQTRREYQMFVLQQRLLFGSIVAGTALGVLAITYF,44,hypothetical protein, ,Derived by automated computational analysis using gene prediction method: GeneMarkS-2+.,OG0000122,Soft core,group_2138,Soft core,Soft core,Soft core
GCF_025370975.1,N6G92_RS06340,MTTIDIPPTQGESTTGIGITVASATLTTEEVKRRIAMMYGDPVTEEPVALAH,52,hypothetical protein, ,Derived by automated computational analysis using gene prediction method: Protein Homology.,OG0000002,Conserved,group_2274,Soft core,Soft core,Soft core
GCF_025370975.1,N6G92_RS06365,MSEQNSTDRTDQTDEPQTTGTDHGPGTGSDTAPKDVQTDPSGERTWADEGGASSTGPATDTD,62,pi-type proteinase, ,Derived by automated computational analysis using gene prediction method: Protein Homology.,OG0000020,Core,group_2297,Soft core,Soft core,Soft core
GCF_025370975.1,N6G92_RS06375,MTTPPPPDPGPAPDPGPPTPPAPTPPDPMNPPPVPPTPTPPNPYPPDPIPQI,52,hypothetical protein, ,Derived by automated computational analysis using gene prediction method: GeneMarkS-2+.,OG0000946,Cloud,,,Cloud,Cloud
GCF_025370975.1,N6G92_RS06400,MGGSADALNRALERVDRDFASPIGVGVRRTLRGTMRQIAKPARTQYTRLRARFPGAKTYTEI,62,hypothetical protein, ,Derived by automated computational analysis using gene prediction method: GeneMarkS-2+.,OG0000115,Soft core,group_2190,Soft core,Soft core,Soft core
GCF_025370975.1,N6G92_RS06405,MTTSTVGLLAGLLLGVAAAAGGFTGFLIALVLGVIGYLVGGQRDGEFDLGVMLKGRGRG,59,hypothetical protein, ,Derived by automated computational analysis using gene prediction method: Protein Homology.,OG0000099,Soft core,group_732,Soft core,Soft core,Soft core
GCF_025370975.1,N6G92_RS06430,MSDFIDKAKHRAEDLIGEAKEKFGNATGNDDLAAEGVADQGEAKVKKAGDTVSDKVSDIKDKFTS,65,csbd family protein, ,Derived by automated computational analysis using gene prediction method: Protein Homology.,OG0000074,Soft core,group_2191,Soft core,Soft core,Soft core
GCF_025370975.1,N6G92_RS06825,MSARLKGRRRAVNALLVELNFASESWADLPLDAGTRRVLEDGHRILYDTGPLRVATSAGRTAR,63,hypothetical protein, ,Derived by automated computational analysis using gene prediction method: Protein Homology.,OG0002139,,group_486,Cloud,,Probably not conserved
GCF_025370975.1,N6G92_RS07150,MGSLGNLLKANGMGWGILQLLPLVNMLKTLQGLDTASSNS,40,hypothetical protein, ,Derived by automated computational analysis using gene prediction method: GeneMarkS-2+.,OG0000080,Soft core,group_2512,Soft core,Soft core,Soft core
GCF_025370975.1,N6G92_RS07155,MFGSLSTLGPLLTALGAFLKSVPTESLSGKGEGSSTGSLSGLSSGSAE,48,hypothetical protein, ,Derived by automated computational analysis using gene prediction method: Protein Homology.,OG0000081,Soft core,group_2510,Soft core,Soft core,Soft core
GCF_025370975.1,N6G92_RS29480,MKAVEGGFDTAWSRRHVDLCRTAGSFCTN,29,putative leader peptide, ,Derived by automated computational analysis using gene prediction method: Protein Homology.,OG0000132,Shell,group_1947,Shell,Shell,Shell
GCF_025370975.1,N6G92_RS07365,MGSLDTGSLSTESLEDLNLGKISELLKLGITAVSFITALNSLS,43,hypothetical protein, ,Derived by automated computational analysis using gene prediction method: GeneMarkS-2+.,OG0000067,Soft core,group_2503,Soft core,Soft core,Soft core
GCF_025370975.1,N6G92_RS07530,MDEGTWTRGRAWALSIALVALPYYRDTNEQITAWAKHAIAQVVDDVHTEL,50,hypothetical protein, ,Derived by automated computational analysis using gene prediction method: Protein Homology.,OG0000155,Shell,group_2238,Shell,Shell,Shell
GCF_025370975.1,N6G92_RS07615,MTFESNTPRPFTRSNDKKMFAGVCGGIADYFGADVNLVRLLAVIAAICTGGTAALVYLAAWMLMPLG,67,pspc domain-containing protein, ,Derived by automated computational analysis using gene prediction method: Protein Homology.,OG0000021,Conserved,group_2380,Conserved,Soft core,Soft core
GCF_025370975.1,N6G92_RS08145,MGSSHDGKPAVAGTQFLTVAEVATLMRVSKMTVYRLVHSGELPAVRVGRSFRVHAKAVHDYLETSYFDAG,70,helix-turn-helix domain-containing protein, ,Derived by automated computational analysis using gene prediction method: Protein Homology.,OG0000071,Soft core,,,Soft core,Soft core
GCF_025370975.1,N6G92_RS08150,MGSVIKKRRKRMSKKKHRKLLRRTRVQRRKLGK,33,aurkaip1/cox24 domain-containing protein, ,Derived by automated computational analysis using gene prediction method: Protein Homology.,OG0000022,Conserved,group_1939,Conserved,Conserved,Conserved
GCF_025370975.1,N6G92_RS08205,MSSQEALRTESTHDAPLRQRGSRTEVILFAILGASVLVTLLMLMIPGIVSG,51,hypothetical protein, ,Derived by automated computational analysis using gene prediction method: Protein Homology.,OG0000100,Soft core,group_1231,Soft core,Soft core,Soft core
GCF_025370975.1,N6G92_RS08335,MLYLLALVGLVTLIVLMWKAFGPDPSTRTPVSGVRGPDDDPEFLWNVNQQTRRKRTEGPDVPPTDAST,68,hypothetical protein, ,Derived by automated computational analysis using gene prediction method: Protein Homology.,OG0000023,Conserved,group_2362,Soft core,Conserved,Soft core
GCF_025370975.1,N6G92_RS08340,MSAPTFNTAADALMTPGQVAALFHVDPKTVTRWAHAGRLGSLRTPGGHRRFRETEVMQLLRSLTTEADNN,70,bldc family transcriptional regulator, ,Derived by automated computational analysis using gene prediction method: Protein Homology.,OG0000068,Soft core,,,Soft core,Soft core
GCF_025370975.1,N6G92_RS08540,MASSTDVRPKITLACEVCKHRNYITKKNRRNDPDRLELKKFCPNCGTHQSHRESK,55,50s ribosomal protein l33, ,Derived by automated computational analysis using gene prediction method: Protein Homology.,OG0000024,Conserved,rpmG,Conserved,Soft core,Soft core
GCF_025370975.1,N6G92_RS08675,MAGKKLDRTNARTALEVVRESPTIAFITVAPAVVVFGVVWWLFGFWAAILLALVFGVAAVATQKLR,66,hypothetical protein, ,Derived by automated computational analysis using gene prediction method: Protein Homology.,OG0000025,Conserved,group_2209,Conserved,Soft core,Soft core
GCF_025370975.1,N6G92_RS08820,MNSTTVGLLVGLLLALAGIMGGFSGFVFAVLLGAAGMAIGAHRDGHLDLGAILRSRGRG,59,hypothetical protein, ,Derived by automated computational analysis using gene prediction method: Protein Homology.,OG0000026,Conserved,group_2303,Conserved,Soft core,Soft core
GCF_025370975.1,N6G92_RS08945,MRLSTRNQLTGTITEVNLGTVMATVKVKLDGGNQIVTSSITRDAALDLDLEPGQAATVFVKSTEVTIGVE,70,tobe domain-containing protein, ,Derived by automated computational analysis using gene prediction method: Protein Homology.,OG0000064,Soft core,,,Soft core,Soft core
GCF_025370975.1,N6G92_RS08950,MTEPVKGPASYFPSIEKKYGRPIGEWQELIRSSDLTKHMELVNWLKSEHGMGHGHANALVAHTLKEG,67,duf4287 domain-containing protein, ,Derived by automated computational analysis using gene prediction method: Protein Homology.,OG0000027,Conserved,group_2329,Soft core,Soft core,Soft core
GCF_025370975.1,N6G92_RS08965,MSDRDSKALENDLVEESLVEEVSIDGMCGVY,31,mycofactocin precursor mfta, ,"Mycofactocin is a small molecule electron carrier derived from the final two amino acids, Val-Tyr, of MftA, the mycofactocin precursor. It plays a role in redox homeostasis and the metabolism of alcohols and aldehydes in Actinobacteria, including Mycobacterium tuberculosis.; Mycofactocin is a small molecule electron carrier derived from the final two amino acids, Val-Tyr, of MftA, the mycofactocin precursor. It plays a role in redox homeostasis and the metabolism of alcohols and aldehydes in Actinobacteria, including Mycobacterium tuberculosis; Derived by automated computational analysis using gene prediction method: Protein Homology.",OG0000009,Conserved,group_2326,Conserved,Soft core,Soft core
GCF_025370975.1,N6G92_RS09300,MAKKALVNKANKKPKFAVRAYTRCQRCGRPHSVFRKFGLCRICVREMAHAGELPGVRKSSW,61,type z 30s ribosomal protein s14, ,Derived by automated computational analysis using gene prediction method: Protein Homology.,OG0000028,Conserved,group_2294,Conserved,Soft core,Soft core
GCF_025370975.1,N6G92_RS09325,MADLKVTQIKSIIGTKQNQKDSLRTLGLKGIRQTVVREDNAQNRGLINVVRHLVTVEEV,59,50s ribosomal protein l30, ,Derived by automated computational analysis using gene prediction method: Protein Homology.,OG0000029,Conserved,rpmD,Conserved,Soft core,Soft core
GCF_025370975.1,N6G92_RS09355,MKVQPSVKKICEKCKVIRRNGRVMVICENLRHKQRQG,37,50s ribosomal protein l36, ,Derived by automated computational analysis using gene prediction method: Protein Homology.,OG0000030,Conserved,rpmJ,Conserved,Soft core,Soft core
GCF_025370975.1,N6G92_RS09830,MTIFEWILAIPALALAVAFLFSGIISAGIDFDAEDGVMTH,40,hypothetical protein, ,Derived by automated computational analysis using gene prediction method: GeneMarkS-2+.,OG0000082,Soft core,group_2186,Soft core,Soft core,Soft core
GCF_025370975.1,N6G92_RS10685,MSSYRCPVCEYVYDESKGAPREGFPAGTPWDAVPDDWCCPDCGVREKLDFEPMPATAGSES,61,rubredoxin, ,Derived by automated computational analysis using gene prediction method: Protein Homology.,OG0000053,Core,group_2279,Soft core,Soft core,Soft core
GCF_025370975.1,N6G92_RS10690,MNDYKLYQCAQCGFEYDEAVGWPEDGIEPGTRWDDIPEDWSCPDCGAAKSDFFMVEVERR,60,rubredoxin, ,Derived by automated computational analysis using gene prediction method: Protein Homology.,OG0000007,Conserved,group_2155,Soft core,Soft core,Soft core
GCF_025370975.1,N6G92_RS11375,MATDPAPRSERKKILLRLDPAVHDALARWAADDLRSTNAQIEFLLRRALTEHGRMPKNAGKMHGPGRPPA,70,hypothetical protein, ,Derived by automated computational analysis using gene prediction method: Protein Homology.,OG0000114,Soft core,,,Soft core,Soft core
GCF_025370975.1,N6G92_RS11655,MSDLDSNTPSAPESQSEETKRKFREALERKNHQNAKSTDHRDGQSKVHNTHGPADHKREFRRKSG,65,duf5302 domain-containing protein, ,Derived by automated computational analysis using gene prediction method: Protein Homology.,OG0000031,Conserved,group_2470,Core,Soft core,Soft core
GCF_025370975.1,N6G92_RS11740,MAAVCDVCAKGPGFGKSVSHSHRRTNRRWNPNIQSVRTEVAPGNTRKVNVCTSCLKAGKVARG,63,50s ribosomal protein l28, ,Derived by automated computational analysis using gene prediction method: Protein Homology.,OG0000032,Conserved,rpmB,Conserved,Soft core,Soft core
GCF_025370975.1,N6G92_RS11780,MAVPKRKMSRSNTRSRRSQWKTTVPTLVTCPNRGCGEQTLPHIACPSCGTYKGRQVTAAV,60,50s ribosomal protein l32, ,Derived by automated computational analysis using gene prediction method: Protein Homology.,OG0000033,Conserved,group_2479,Conserved,Soft core,Soft core
GCF_025370975.1,N6G92_RS12700,MKVPAFHSTVPSDLDVYHDNESCILAARIAVSHRAPGVDGRPWCTACASLD,51,hypothetical protein, ,Derived by automated computational analysis using gene prediction method: Protein Homology.,OG0000083,Soft core,group_2187,Soft core,Soft core,Soft core
GCF_025370975.1,N6G92_RS13020,MFWKIVLAVVLVWVALAVVGALIKGLFWVLVVGAVGFGIYFLVKAMSGSDDNSPASRF,58,hypothetical protein, ,Derived by automated computational analysis using gene prediction method: Protein Homology.,OG0000034,Conserved,group_2296,Soft core,Soft core,Soft core
GCF_025370975.1,N6G92_RS13045,MRLTEFHEMVREEFGQVRGDSMLIDHVLQSLDGMTAAEAVEAGWEPREVWRALCVEFDVPPARR,64,duf3046 domain-containing protein, ,Derived by automated computational analysis using gene prediction method: Protein Homology.,OG0000035,Conserved,group_2481,Conserved,Soft core,Soft core
GCF_025370975.1,N6G92_RS13320,MPGTLTSPQLTAADRCDRCGAGARVRAVLPTGGELLFCGHHATEHADRLREMNAVVSESEPAI,63,hypothetical protein, ,Derived by automated computational analysis using gene prediction method: Protein Homology.,OG0000036,Conserved,group_2483,Conserved,Soft core,Soft core
GCF_025370975.1,N6G92_RS13610,MVSASRMARLRILGMLDDAIRERAVDIIERLHWVVGAAEHV,41,hypothetical protein, ,Derived by automated computational analysis using gene prediction method: GeneMarkS-2+.,OG0000947,Cloud,group_1868,Cloud,Cloud,Cloud
GCF_025370975.1,N6G92_RS13615,MDQRCVHDLCSVQDGGLYDVGATIEVDRQKVSSDTSNHRMGRFTSAERLSFGDECDRVAGLQ,62,hypothetical protein, ,Derived by automated computational analysis using gene prediction method: GeneMarkS-2+.,OG0002140,,group_576,Cloud,,Probably not conserved
GCF_025370975.1,N6G92_RS13630,MATVDTDRRPGQHLADRERGGRIDCDHLDPITALYHFRVPVISRTRLADLH,51,hypothetical protein, ,Derived by automated computational analysis using gene prediction method: GeneMarkS-2+.,OG0002141,,group_1285,Cloud,,Probably not conserved
GCF_025370975.1,N6G92_RS13650,MTTAESRKNWTPSERRNVAAAAARASIALRERSGREVPQWIRDAAEGRPTTPPAEKP,57,hypothetical protein, ,Derived by automated computational analysis using gene prediction method: GeneMarkS-2+.,OG0000693,Cloud,group_2216,Cloud,Cloud,Cloud
GCF_025370975.1,N6G92_RS13665,MATKKRTDATAPASPEQLRARLELRRSSAASKHVPAPRKGTRRKQRARAIAAGW,54,hypothetical protein, ,Derived by automated computational analysis using gene prediction method: GeneMarkS-2+.,OG0000694,Cloud,group_1061,Cloud,Cloud,Cloud
GCF_025370975.1,N6G92_RS13830,MKIRFELMIGILLVVGGGCLWLFARDAEFFWFRGGPLGVILAIIGAFDIVNAVRTRETAIPERRND,66,hypothetical protein, ,Derived by automated computational analysis using gene prediction method: Protein Homology.,OG0000101,Soft core,group_2126,Soft core,Soft core,Soft core
GCF_025370975.1,N6G92_RS14305,MAGIDSKFDKAYAGKSVEELADAPVAALNGVSDSDAEHLKAAFNIKTVRDLGTNKFFLWAQATAKLAE,68,hypothetical protein, ,Derived by automated computational analysis using gene prediction method: Protein Homology.,OG0000070,Soft core,group_2484,Soft core,Soft core,Soft core
GCF_025370975.1,N6G92_RS14435,MKNLEPWEFAGMLTHLRAYLANARRFLRGWSYREVDGSSEDR,42,hypothetical protein, ,Derived by automated computational analysis using gene prediction method: GeneMarkS-2+.,OG0000258,Shell,group_2129,Shell,Cloud,Shell
GCF_025370975.1,N6G92_RS14700,MDRTPTYENKGPDVQISSHDASPAFALGLMAFWPTRRSACFDQACC,46,hypothetical protein, ,Derived by automated computational analysis using gene prediction method: GeneMarkS-2+.,OG0000513,Cloud,group_2039,Cloud,Cloud,Cloud
GCF_025370975.1,N6G92_RS15115,MAQEQTQRAGGGEDDETTGGDGSAGQERREKLAAETDDLLDEIDDVLEENAEDFVRAYVQKGGQ,64,ubiquitin-like protein pup, ,Derived by automated computational analysis using gene prediction method: Protein Homology.,OG0000037,Conserved,group_340,Soft core,Soft core,Soft core
GCF_025370975.1,N6G92_RS15635,MAIDSTLLSILACPQDKGPLLLVGDELLYNPRLRRAYPIENGIPVLLIDEARDVADDEHEKLLARAEG,68,trm112 family protein, ,Derived by automated computational analysis using gene prediction method: Protein Homology.,OG0000038,Conserved,group_54,Soft core,Core,Soft core
GCF_025370975.1,N6G92_RS15730,MPKMKSHSGASKRFKVSGSGKLMRQKAGRRHLLEHKSSRVTRRLDGVAVVSPDDAPRIKRMLGI,64,50s ribosomal protein l35, ,Derived by automated computational analysis using gene prediction method: Protein Homology.,OG0000039,Conserved,group_2130,Soft core,Core,Soft core
GCF_025370975.1,N6G92_RS16080,MHVEVDLDLCQGHAACELEAPEIFVVPKRGKVSLLDSDPPESLRGEAEMAVRYCPTGALRIVD,63,ferredoxin, ,Derived by automated computational analysis using gene prediction method: Protein Homology.,OG0000001,Conserved,group_2270,Soft core,Soft core,Soft core
GCF_025370975.1,N6G92_RS16260,MSVLFTYLLFIGAGIAVGGAYSMFKVNKLASGILLALAVLAAVAGALRL,49,hypothetical protein, ,Derived by automated computational analysis using gene prediction method: Protein Homology.,OG0000040,Conserved,group_2410,Soft core,Conserved,Soft core
GCF_025370975.1,N6G92_RS16490,MNESSSGLFSDLSASEPVVDAKSAEQLAAERETAAAERSNTDTAEQRQSQLFSG,54,hypothetical protein, ,Derived by automated computational analysis using gene prediction method: Protein Homology.,OG0000084,Soft core,group_2262,Soft core,Soft core,Soft core
GCF_025370975.1,N6G92_RS16495,MLGIALGLGSAAVGIGLGLLGAGAGILLSDKTVKTARRELTA,42,hypothetical protein, ,Derived by automated computational analysis using gene prediction method: GeneMarkS-2+.,OG0000102,Soft core,group_2160,Soft core,Soft core,Soft core
GCF_025370975.1,N6G92_RS16600,MHAEVGDRLHVQGRVVGQAEVTAEVLEVHGEDGGPPYLVRYDNGHEALVFPGSDGWIDHPGKGS,64,duf1918 domain-containing protein, ,Derived by automated computational analysis using gene prediction method: Protein Homology.,OG0000041,Conserved,group_2499,Soft core,Conserved,Soft core
GCF_025370975.1,N6G92_RS16615,MTTYRYLDADRNLLEEKDFETEQDAQEYRLSVLGAEHIEPTDE,43,hypothetical protein, ,Derived by automated computational analysis using gene prediction method: Protein Homology.,OG0000054,Core,group_2400,Soft core,Core,Core
GCF_025370975.1,N6G92_RS16840,MIRSHVTDSLDGLPAHTYNTHSNGVWRSATLVADRHTCGRPCPEEGVTSELHHSRSTPEEGRES,64,hypothetical protein, ,Derived by automated computational analysis using gene prediction method: Protein Homology.,OG0000246,Shell,group_360,Shell,Shell,Shell
GCF_025370975.1,N6G92_RS17290,MTDEDRLWYFDVSDGSVTQGKGASSLTRMGPYPDRDSAEHALKIAAERNKAADRADEDWNN,61,hypothetical protein, ,Derived by automated computational analysis using gene prediction method: Protein Homology.,OG0000042,Conserved,group_592,Soft core,Core,Soft core
GCF_025370975.1,N6G92_RS17485,MDCVAAPIRVAAFVHRSSPQVMHARRYLRWELVGGMSFLSLAGGSTITAA,50,hypothetical protein, ,Derived by automated computational analysis using gene prediction method: GeneMarkS-2+.,OG0000286,Shell,group_1308,Shell,Shell,Shell
GCF_025370975.1,N6G92_RS17510,MKLALTEFKNSKATIRIIMSDGAKLNGTVTDFTEDTLVLNSPNGVYYINPSHIIRLFEPSDRAAK,65,hypothetical protein, ,Derived by automated computational analysis using gene prediction method: GeneMarkS-2+.,OG0000085,Soft core,group_2248,Soft core,Soft core,Soft core
GCF_025370975.1,N6G92_RS17625,MVIGISWGEGERPVATSLAITTPERSKTHRAGRYNAPGVQDDSPLVV,47,hypothetical protein, ,Derived by automated computational analysis using gene prediction method: GeneMarkS-2+.,OG0002142,,group_1529,Cloud,,Probably not conserved
GCF_025370975.1,N6G92_RS17680,MTVAGVVSVVLIAVAAALVIYLLVALVDPERF,32,k(+)-transporting atpase subunit f, ,Derived by automated computational analysis using gene prediction method: Protein Homology.,OG0000055,Core,kdpF,Soft core,Soft core,Soft core
GCF_025370975.1,N6G92_RS29485,MSEATAPVIRHQLALIAVGMLDVADVACC,29,ms4533a family cys-rich leader peptide, ,Derived by automated computational analysis using gene prediction method: Protein Homology.,OG0000133,Shell,group_1948,Soft core,Shell,Shell
GCF_025370975.1,N6G92_RS17820,MDRIADWWDSFELWMAGLPFIPQVALVLIVVVPLCRLVAIGLDRALAAVLALPLFGWLRRNSREVEES,68,hypothetical protein, ,Derived by automated computational analysis using gene prediction method: Protein Homology.,OG0000056,Core,group_2078,Soft core,Soft core,Soft core
GCF_025370975.1,N6G92_RS18220,MRPILANGIDEWLGYIASSSPGTPVVQVLASAARVALNSPAATPDAIALIRRLQRIVPGDPALRNAW,67,hypothetical protein, ,Derived by automated computational analysis using gene prediction method: GeneMarkS-2+.,OG0000234,Shell,group_157,Shell,Shell,Shell
GCF_025370975.1,N6G92_RS18320,MKKALPKTLKSLARTVGILALAIVVVSVVERFTGAHQPTTGPASLTGPDQSL,52,hypothetical protein, ,Derived by automated computational analysis using gene prediction method: Protein Homology.,OG0000111,Soft core,group_2264,Soft core,Soft core,Soft core
GCF_025370975.1,N6G92_RS18325,MRENDLNLRGLEIFEEASDVAFSEIHSHPRLCLIRAHKSVAHSRCDA,47,hypothetical protein, ,Derived by automated computational analysis using gene prediction method: GeneMarkS-2+.,OG0000241,Shell,group_2309,Shell,Shell,Shell
GCF_025370975.1,N6G92_RS18335,MSFLPFPIVIEGIETTGSAAIDGLGRLSVLLYDLLGGTGSATINAGS,47,hypothetical protein, ,Derived by automated computational analysis using gene prediction method: Protein Homology.,OG0000125,Shell,group_2228,Shell,Shell,Shell
GCF_025370975.1,N6G92_RS18345,MYGYLWGALPGPRPVKALLAIVLVVAVVLLLMEFVFPWVSEHMPYSDVTV,50,hypothetical protein, ,Derived by automated computational analysis using gene prediction method: Protein Homology.,OG0000214,Shell,group_1309,Shell,Shell,Shell
GCF_025370975.1,N6G92_RS18375,MIAAPTTGALAVVLNTVLQMFNAGSSFLYTDNSPIGGGGETPTTPAP,47,hypothetical protein, ,Derived by automated computational analysis using gene prediction method: Protein Homology.,OG0000086,Soft core,group_2210,Soft core,Soft core,Soft core
GCF_025370975.1,N6G92_RS18380,MPTIPLTGDPIVINIIVQLLSAGSSNALALGGVGSSGLGSTGLGSFDSASLGSAA,55,hypothetical protein, ,Derived by automated computational analysis using gene prediction method: Protein Homology.,OG0000087,Soft core,group_1002,Soft core,Soft core,Soft core
GCF_025370975.1,N6G92_RS18900,MYIHTCTYDTEDRNMGSINTLSAVIDIIKVVQPLIAKLNLS,41,hypothetical protein, ,Derived by automated computational analysis using gene prediction method: GeneMarkS-2+.,OG0000109,Soft core,group_2041,Soft core,Soft core,Soft core
GCF_025370975.1,N6G92_RS19210,MAGKFAQKATGGADSLEKSLLSHALVITEMRDFFQQCVDRYGEVEGSNASALASVDTPR,59,hypothetical protein, ,Derived by automated computational analysis using gene prediction method: GeneMarkS-2+.,OG0000123,Soft core,group_2307,Soft core,Soft core,Soft core
GCF_025370975.1,N6G92_RS19275,MSTALLTIYVLIWPALVLVVLGVISKGFFKDWATARRNGEDLV,43,putative transporter small subunit, ,Derived by automated computational analysis using gene prediction method: Protein Homology.,OG0000088,Soft core,group_2364,Soft core,Soft core,Soft core
GCF_025370975.1,N6G92_RS19880,MAAMKPRTGDGPLEATKEGRGIVMRVPLEGGGRLVVELTPDEAAALGVELTNVTS,55,duf3117 domain-containing protein, ,Derived by automated computational analysis using gene prediction method: Protein Homology.,OG0000043,Conserved,group_1003,Soft core,Soft core,Soft core
GCF_025370975.1,N6G92_RS19985,MTEQDATFDPEAPESDALEQSTPVDPNAPEEPDLTDIPLDAPVADVVDQRVEVAVDDDYRPS,62,hypothetical protein, ,Derived by automated computational analysis using gene prediction method: Protein Homology.,OG0000057,Core,group_2211,Soft core,Soft core,Soft core
GCF_025370975.1,N6G92_RS20010,MYNWDLQNQIVAFVDSLRPMAGYYHDLYYGSLYAFADQQSHLLTLLGFPPVP,52,hypothetical protein, ,Derived by automated computational analysis using gene prediction method: Protein Homology.,OG0000058,Core,group_1175,Soft core,Soft core,Soft core
GCF_025370975.1,N6G92_RS20030,MGKVKASKVSQLKPKKKCCRKKTRCIKCPVVIMRMKKLENEGASKKELKAGLKKARAA,58,hypothetical protein, ,Derived by automated computational analysis using gene prediction method: Protein Homology.,OG0000044,Conserved,group_2365,Soft core,Soft core,Soft core
GCF_025370975.1,N6G92_RS20115,MGSMEGILGAVVQGLGSLFSADGLLKTFMGSVETISKDPTP,41,hypothetical protein, ,Derived by automated computational analysis using gene prediction method: GeneMarkS-2+.,OG0000103,Soft core,group_2051,Soft core,Soft core,Soft core
GCF_025370975.1,N6G92_RS20215,MTAKLTTAFRGTLWWVRSVMGDLDYQRYVEHTRRHHADSPVISEREFWRRRHAAADANPGARCC,64,ybdd/yjix family protein, ,Derived by automated computational analysis using gene prediction method: Protein Homology.,OG0000045,Conserved,group_2343,Soft core,Conserved,Soft core
GCF_025370975.1,N6G92_RS20465,MSTNSDRRPRLPVRIAYLAAGVLFVAAMLLLASVVNPDRDRDFSMNHVPAGTSTTAFVTTSDLG,64,hypothetical protein, ,Derived by automated computational analysis using gene prediction method: Protein Homology.,OG0000104,Soft core,group_2149,Soft core,Soft core,Soft core
GCF_025370975.1,N6G92_RS20880,MAEGIVKWFNSEKGFGFIAPEDGSADVFVHYSEIQSGGFRTLEENQRVAFEIGQGNKGPQATGVTIV,67,cold-shock protein, ,Derived by automated computational analysis using gene prediction method: Protein Homology.,OG0000046,Conserved,group_132,Soft core,Soft core,Soft core
GCF_025370975.1,N6G92_RS20885,MTTAEYTVSGMTCGHCVGSVKEEIGNIAGVTAVDVELASGRVVVTSDAPVSAADVVAAVDEAGYAVVPS,69,heavy-metal-associated domain-containing protein, ,Derived by automated computational analysis using gene prediction method: Protein Homology.,OG0000006,Conserved,group_2139,Soft core,Soft core,Soft core
GCF_025370975.1,N6G92_RS21005,MKHTMSDDELRRAIREIQDRAHDARKRGDDVAAEELDRTVKGYQEQMMQRL,51,hypothetical protein, ,Derived by automated computational analysis using gene prediction method: Protein Homology.,OG0000059,Core,group_2336,Soft core,Soft core,Soft core
GCF_025370975.1,N6G92_RS21080,MSEQRDTPKKPSVDKKRLARIFGDVFPETTSDERGPEGSSRSSDDDWLRSQRPPHHGG,58,hypothetical protein, ,Derived by automated computational analysis using gene prediction method: Protein Homology.,OG0000089,Soft core,group_2328,Soft core,Soft core,Soft core
GCF_025370975.1,N6G92_RS21110,MAVPKRKMSRSNTRSRRAQWKATAPDLVEVTAFGQTHRVPRRLVKAVRLGVIDPSRI,57,50s ribosomal protein l32, ,Derived by automated computational analysis using gene prediction method: Protein Homology.,OG0000060,Soft core,group_2302,Soft core,Soft core,Soft core
GCF_025370975.1,N6G92_RS21130,MARNEIRPIVKLKSTAGTGYTYVTRKNRRNDPDRLVLKKYDPVLRKHVDFREEK,54,50s ribosomal protein l33, ,Derived by automated computational analysis using gene prediction method: Protein Homology.,OG0000047,Conserved,group_2199,Soft core,Soft core,Soft core
GCF_025370975.1,N6G92_RS21295,MHLTATTSTTTGAAGNSDPKDAESTLDMSGRPAALRARSAAATRPGGADVTA,52,hypothetical protein, ,Derived by automated computational analysis using gene prediction method: GeneMarkS-2+.,OG0000131,Shell,group_2058,Shell,Shell,Shell
GCF_025370975.1,N6G92_RS21760,MGFLDNVKGLVEKGQELAAENSDKVHDAIDKVADIADDKTGNKYGDQIDKAAEAAKKAVPEKQ,63,antitoxin, ,Derived by automated computational analysis using gene prediction method: Protein Homology.,OG0000010,Conserved,group_425,Soft core,Soft core,Soft core
GCF_025370975.1,N6G92_RS22300,MANNSKQHYVDPGWPETADGDHAVTELSSTRAGGLSPFGEDTTFPVPVESLPYVHPHTVINR,62,hypothetical protein, ,Derived by automated computational analysis using gene prediction method: Protein Homology.,OG0000048,Conserved,group_501,Soft core,Soft core,Soft core
GCF_025370975.1,N6G92_RS22310,MADKAPGKNMKKPAQSIKERRAEKRAKTAESSEFIRKRKRS,41,hypothetical protein, ,Derived by automated computational analysis using gene prediction method: Protein Homology.,OG0000004,Core,group_2142,Soft core,Soft core,Soft core
GCF_025370975.1,N6G92_RS23250,MGRGRAKAKQTKVARELKYSVPTTDFDSLQRELAGGSTNSHRSSVRSDQTSDREGHAREDDYDDWRR,67,duf3073 domain-containing protein, ,Derived by automated computational analysis using gene prediction method: Protein Homology.,OG0000049,Conserved,group_133,Soft core,Soft core,Soft core
GCF_025370975.1,N6G92_RS23430,MRNNLQELRTAAGLSQQACADALGITRQTVISIEKGHFDPRLSLAFRIAEYFDKRVDDIFSS,62,helix-turn-helix transcriptional regulator, ,Derived by automated computational analysis using gene prediction method: Protein Homology.,OG0000105,Soft core,group_502,Soft core,Soft core,Soft core
GCF_025370975.1,N6G92_RS23555,MTSPMNTRKLTRARSGAMFGGVCAGIARYFGWKSSTVRLLFVLSCLLPGPQFLIYIVMWIFIPREQI,67,pspc domain-containing protein, ,Derived by automated computational analysis using gene prediction method: Protein Homology.,OG0000106,Soft core,group_134,Soft core,Soft core,Soft core
GCF_025370975.1,N6G92_RS24360,MTVLCRAGKLQAGVLVADDDQGWASPFRSIAPTKMALLARALQDGLIAIDEL,52,hypothetical protein, ,Derived by automated computational analysis using gene prediction method: Protein Homology.,OG0000156,Shell,group_2040,Shell,Shell,Shell
GCF_025370975.1,N6G92_RS24415,MSDWVKKVEAEAKGLLAEAEEELTVLEGVDTIDPLADDDPAPEDGTKPTSD,51,hypothetical protein, ,Derived by automated computational analysis using gene prediction method: Protein Homology.,OG0000090,Soft core,group_2192,Soft core,Soft core,Soft core
GCF_025370975.1,N6G92_RS24615,MAATTPVSGYVIVPHPSDVDAVGNREVEVDELPEQYSKPGTPPITGGPTVPS,52,hypothetical protein, ,Derived by automated computational analysis using gene prediction method: GeneMarkS-2+.,OG0000204,Shell,group_2298,Shell,Shell,Shell
GCF_025370975.1,N6G92_RS25205,MSDADADADADGDGDGDGEYRIRDTNRPVESRGDFRRACTSICLQLQLLT,50,hypothetical protein, ,Derived by automated computational analysis using gene prediction method: GeneMarkS-2+.,OG0000349,Cloud,group_2314,Cloud,Cloud,Cloud
GCF_025370975.1,N6G92_RS25210,MNPSVMKQRIPNGEVPTVEEFVTAPPALRALPIPRIEAVDGRVQIN,46,hypothetical protein, ,Derived by automated computational analysis using gene prediction method: GeneMarkS-2+.,OG0000260,Shell,group_2250,Shell,Shell,Shell
GCF_025370975.1,N6G92_RS25475,MAQGIVKWFNGEKGFGFIAPDDGTPDVFVHYSEISGNGYKSLDENQRVEFEVGQGQKGPQATNVRAV,67,cold-shock protein, ,Derived by automated computational analysis using gene prediction method: Protein Homology.,OG0000003,Conserved,group_1991,Soft core,Soft core,Soft core
GCF_025370975.1,N6G92_RS25690,MSHQHGLVIGVPISVWYLILVSAAAIAAVTGLWVTECRQGAVD,43,hypothetical protein, ,Derived by automated computational analysis using gene prediction method: GeneMarkS-2+.,OG0000350,Cloud,group_2059,Cloud,Cloud,Cloud
GCF_025370975.1,N6G92_RS25730,MKKTDFAPISCIHRWEIESRHRTSEGTVTYLRCHCGSWQTLLAEWVSGGAGSAVAAPIKVRSR,63,hypothetical protein, ,Derived by automated computational analysis using gene prediction method: GeneMarkS-2+.,OG0000116,Soft core,group_2290,Soft core,Soft core,Soft core
GCF_025370975.1,N6G92_RS25770,MPTVIRTVHDLVRHARGPTHHHHHQSVHEARRMRAHHILVTHSLA,45,hypothetical protein, ,Derived by automated computational analysis using gene prediction method: GeneMarkS-2+.,OG0000112,Soft core,group_2176,Soft core,Soft core,Soft core
GCF_025370975.1,N6G92_RS26000,MVGTPVIVTIVSVCVGFVIFMLAASGARGKWDRRLVIALFIGAVVCLTVVPVSVALSAGV,60,hypothetical protein, ,Derived by automated computational analysis using gene prediction method: Protein Homology.,OG0000091,Soft core,group_2382,Soft core,Soft core,Soft core
GCF_025370975.1,N6G92_RS26105,MNETQPHNLERERWRTLPTPPSTELIEMVGDGPSSADFDPAAPVVQQG,48,hypothetical protein, ,Derived by automated computational analysis using gene prediction method: Protein Homology.,OG0000128,Shell,group_2355,Shell,Shell,Shell
GCF_025370975.1,N6G92_RS26600,MTEPDPGTVETDFPKTGAPAQRALIAAGYTHLAQLTSVSEKELGALHGMGPKALRILREALAERGLSFAD,70,hypothetical protein, ,Derived by automated computational analysis using gene prediction method: Protein Homology.,OG0000050,Conserved,,,Soft core,Soft core
GCF_025370975.1,N6G92_RS26700,MTWVNAGEDFYSVNAPVSKYVSHPVWQNAPRDLYLQEFLRLVVASIVDVPPPP,53,hypothetical protein, ,Derived by automated computational analysis using gene prediction method: GeneMarkS-2+.,OG0000945,Cloud,,,Cloud,Cloud
GCF_025370975.1,N6G92_RS26705,MARLGQLMVQRGAWRDQTLIDSAYLDELSAPSPSNGGTAS,40,hypothetical protein, ,Derived by automated computational analysis using gene prediction method: GeneMarkS-2+.,OG0000491,Cloud,group_2098,Cloud,Cloud,Cloud
GCF_025370975.1,N6G92_RS27130,MGSSDTDLKALDSVITVAGALAAIFGGIAGVAGLATFLGTGGGS,44,hypothetical protein, ,Derived by automated computational analysis using gene prediction method: GeneMarkS-2+.,OG0000065,Soft core,group_2088,Shell,Shell,Shell
GCF_025370975.1,N6G92_RS27370,MNAPTRYQFLIDGEVSDRVKAAFPELSVASAAGGFTSLYGPVADHTAMRSIMARLDSLGLTVAEMRRLPD,70,hypothetical protein, ,Derived by automated computational analysis using gene prediction method: Protein Homology.,OG0000092,Soft core,,,Soft core,Soft core
GCF_025370975.1,N6G92_RS27640,MSVVLISLLVAAGLTVLATSDGAGLDFGSRQLNRQLKTRTHR,42,hypothetical protein, ,Derived by automated computational analysis using gene prediction method: GeneMarkS-2+.,OG0000107,Soft core,group_1760,Soft core,Soft core,Soft core
GCF_025370975.1,N6G92_RS27785,MKIVVLSFLVALTLITVGIIAARNRSTRPAVTGAVTAASTVLAAAWTLFAVAFVLA,56,hypothetical protein, ,Derived by automated computational analysis using gene prediction method: Protein Homology.,OG0000110,Soft core,group_2239,Soft core,Soft core,Soft core
GCF_025370975.1,N6G92_RS28260,MHPKRSNGDDKPRGDREELTVTARRIEDEVSAACGSTSATAGVMREGLADCSAQRVRT,58,hypothetical protein, ,Derived by automated computational analysis using gene prediction method: GeneMarkS-2+.,OG0000282,Shell,group_815,Shell,Shell,Shell
GCF_025370975.1,N6G92_RS28315,MDSRQLFALGALGTGMLSLALQLTPLCLGAEDAEQYVFVRAANATAVLSLALLSAAFVFWPTAG,64,hypothetical protein, ,Derived by automated computational analysis using gene prediction method: GeneMarkS-2+.,OG0000140,Shell,group_2266,Shell,Shell,Shell
GCF_025370975.1,N6G92_RS28825,MNHRESFQAVKWGTPRRTRRHRQLIRGRIAGGGATVEVSSEVLAYY,46,hypothetical protein, ,Derived by automated computational analysis using gene prediction method: GeneMarkS-2+.,OG0000141,Shell,group_2265,Shell,Shell,Shell
GCF_025370975.1,N6G92_RS28915,MRRASRAQRMELIAGFISVFALMALIGAVVAIVKGDPGVMPSLVLLGCVVALGLAFRGYRNAVRAERRE,69,hypothetical protein, ,Derived by automated computational analysis using gene prediction method: Protein Homology.,OG0000051,Conserved,group_2375,Soft core,Soft core,Soft core
GCF_025370975.1,N6G92_RS29435,MPARHWVGLEHEIRHLASPERSSTPAHDEPFATFEISEDDPISAI,45,hypothetical protein, ,Derived by automated computational analysis using gene prediction method: GeneMarkS-2+.,OG0000405,Cloud,group_1620,Cloud,Cloud,Cloud
GCF_025370975.1,N6G92_RS29465,MAKGKRTFQPNNRRRARVHGFRLRMRTRAGRAIVSARRRKGRDSLTA,47,50s ribosomal protein l34, ,Derived by automated computational analysis using gene prediction method: Protein Homology.,OG0000052,Conserved,rpmH,Conserved,Shell,Shell
GCF_026062495.1,ONE62_RS00820,MATARLDASQGGGGTKILMTQWQGTANAPVFGGPSKQYYVLGIHNSSTSGVWFHLEGGVLA,61,hypothetical protein, ,Derived by automated computational analysis using gene prediction method: GeneMarkS-2+.,OG0000500,Cloud,group_612,Cloud,Cloud,Cloud
GCF_026062495.1,ONE62_RS01165,MLLDLVRPAEAEQPLPAVVWIHGGGWRLQDQTACPDLVQHFAEHGYVMVSIDYRLVPETRHLGPAQR,67,alpha/beta hydrolase fold domain-containing protein, ,Derived by automated computational analysis using gene prediction method: Protein Homology.,OG0000486,Cloud,group_148,Cloud,Cloud,Cloud
GCF_026062495.1,ONE62_RS01175,MSDRDASIFESERELDEESVRKAQRTVAHHSIDAEDCRMLLAALGIPLVRDLDNESVSGAAGAESL,66,hypothetical protein, ,Derived by automated computational analysis using gene prediction method: Protein Homology.,OG0000170,Shell,group_2353,Shell,Shell,Shell
GCF_026062495.1,ONE62_RS01360,MKGHTAAPDTLDLVHGLWMTPHGWNGAWLTRSSICSTNLSNAER,44,hypothetical protein, ,Derived by automated computational analysis using gene prediction method: GeneMarkS-2+.,OG0000332,Cloud,group_2286,Cloud,Cloud,Cloud
GCF_026062495.1,ONE62_RS01585,MSLYLQPRQSGTAPTPYERKLAGAIEEVFGTGVHHLEGLVKGLNALGIHSPGGDAWTTDTFTDEIRRMGA,70,recombinase-like helix-turn-helix domain-containing protein, ,Derived by automated computational analysis using gene prediction method: Protein Homology.,OG0000171,Shell,,,Shell,Shell
GCF_026062495.1,ONE62_RS01885,MFVCICKAVTEDEVHEHCAAGADSADAIGERCGAGWGCGTCVDRLKEILERSAADSVAA,59,(2fe-2s)-binding protein, ,Derived by automated computational analysis using gene prediction method: Protein Homology.,OG0000150,Shell,group_2172,Shell,Shell,Shell
GCF_026062495.1,ONE62_RS02405,MGIADKASNKAEDLKGQAKEATGKATGDPDLRDEGKADQASSAVKDAGEKVKDAAKNVKDKLT,63,csbd family protein, ,Derived by automated computational analysis using gene prediction method: Protein Homology.,OG0000011,Conserved,group_2411,Conserved,Shell,Shell
GCF_026062495.1,ONE62_RS02880,MAKYRVIDPQGSVVETKEIPSAGDAHAWFVDVRADNSELGWRMEVDEDGTWAFFDDTEGATEK,63,hypothetical protein, ,Derived by automated computational analysis using gene prediction method: Protein Homology.,OG0000066,Soft core,group_2173,Shell,Shell,Shell
GCF_026062495.1,ONE62_RS03280,MSELTSWEYATVPLLTHATKQILDQWGTDGWELVTVLPGPTGEQHVAYLKRPKG,54,duf4177 domain-containing protein, ,Derived by automated computational analysis using gene prediction method: Protein Homology.,OG0000012,Conserved,group_2273,Conserved,Shell,Shell
GCF_026062495.1,ONE62_RS03445,MAQGTVKWFNAEKGFGFIAPEDGSADVFVHYSEIQGSGFRTLEENQRVEFEVGQGTKGPQATGVRAV,67,cold-shock protein, ,Derived by automated computational analysis using gene prediction method: Protein Homology.,OG0000013,Conserved,group_128,Conserved,Shell,Shell
GCF_026062495.1,ONE62_RS03480,MAMQVFSLIAILGALIVLIPTALRVFGKSDNVKAPDETEE,40,hypothetical protein, ,Derived by automated computational analysis using gene prediction method: Protein Homology.,OG0000172,Shell,group_2042,Shell,Shell,Shell
GCF_026062495.1,ONE62_RS03485,MSDSLKDRVREKLLRQLAEDGGHPVQEAEGDDPRLVSIDADLAALEQASDGDVVIEELAAKYWVP,65,hypothetical protein, ,Derived by automated computational analysis using gene prediction method: Protein Homology.,OG0000014,Conserved,group_2342,Conserved,Soft core,Soft core
GCF_026062495.1,ONE62_RS03850,MVYVSSPSKSVESLGIVLIAVGVVLLALLTLYLVGFDQGAISRSGMYLHELMHDGRHLLGVPCH,64,cbtb domain-containing protein, ,Derived by automated computational analysis using gene prediction method: Protein Homology.,OG0000173,Shell,group_2252,Shell,Shell,Shell
GCF_026062495.1,ONE62_RS03875,MALAYAPGSSVDTTRLAVISFAIVLFAMLALYLVGFDQGAISRSGMYMHELMHDGRHLLGLPCH,64,cbtb domain-containing protein, ,Derived by automated computational analysis using gene prediction method: Protein Homology.,OG0000008,Conserved,group_2468,Conserved,Soft core,Soft core
GCF_026062495.1,ONE62_RS03895,MPEKPHQFGRIHRTKLPVRLPHLERQRVDLLVGQLKKPDARVENYPTGSHRLPCP,55,hypothetical protein, ,Derived by automated computational analysis using gene prediction method: GeneMarkS-2+.,OG0000520,Cloud,group_1042,Cloud,Cloud,Cloud
GCF_026062495.1,ONE62_RS04290,MTPNTLTAPSFHSPPPGEASVRDRDGGTARLRLWGSLTEAGRAGLES,47,hypothetical protein, ,Derived by automated computational analysis using gene prediction method: Protein Homology.,OG0000225,Shell,group_2145,Shell,Shell,Shell
GCF_026062495.1,ONE62_RS05065,MAQGVVKWFNSEKGFGFIAPDDGSADVFVHYSEISGSGYKSLEENQRVEFEVGQGQKGPQAQNVRAV,67,cold-shock protein, ,Derived by automated computational analysis using gene prediction method: Protein Homology.,OG0000003,Conserved,group_141,Shell,Shell,Shell
GCF_026062495.1,ONE62_RS05350,MEVRVDFDRCEANGVCVGIAPDIFELDDDDQLHISSAVPPADREEDVRTAIAQCPRAALTEHP,63,ferredoxin, ,Derived by automated computational analysis using gene prediction method: Protein Homology.,OG0000005,Conserved,group_2144,Shell,Shell,Shell
GCF_026062495.1,ONE62_RS05425,MAAKTTAENDIADEDLEPLADETARQAQRVVAAYAEDADECRMLLSMLGIGPTSKLD,57,hypothetical protein, ,Derived by automated computational analysis using gene prediction method: Protein Homology.,OG0000015,Conserved,group_859,Shell,Shell,Shell
GCF_026062495.1,ONE62_RS05485,MQVNSCRSVVLDAVEALPALERETLALVYYRGMSCDEVADTMQISVATVRDRLHEGARRLLAGVGDL,67,sigma factor-like helix-turn-helix dna-binding protein, ,Derived by automated computational analysis using gene prediction method: Protein Homology.,OG0000174,Shell,group_2332,Shell,Shell,Shell
GCF_026062495.1,ONE62_RS05520,MPASSTSHASATTTASRGGATMSTEEIKARIEAMFADEAADTSPALVE,48,hypothetical protein, ,Derived by automated computational analysis using gene prediction method: Protein Homology.,OG0000002,Conserved,group_2311,Shell,Shell,Shell
GCF_026062495.1,ONE62_RS05525,MTTHNPQNAPHDGEVLVLGARSGGAIAGGLIATLALSALTLLSSLPT,47,hypothetical protein, ,Derived by automated computational analysis using gene prediction method: Protein Homology.,OG0000146,Shell,group_2277,Shell,Shell,Shell
GCF_026062495.1,ONE62_RS05970,MSSRIATTLAAIAMTLSLGALAAPAAVAAPLAPAPTPAVGSIAVCLNLPLGSASISFCI,59,hypothetical protein, ,Derived by automated computational analysis using gene prediction method: Protein Homology.,OG0000175,Shell,group_2150,Shell,Shell,Shell
GCF_026062495.1,ONE62_RS06090,MGRGRAKAKQTKVARELKYSVPTTDFDSLQRELSGGSSNSHRDEVFADQRADREGHSREDDDDWRR,66,duf3073 domain-containing protein, ,Derived by automated computational analysis using gene prediction method: Protein Homology.,OG0000049,Conserved,group_209,Shell,Shell,Shell
GCF_026062495.1,ONE62_RS06365,MTPKDASGPKTTTTDSGAPGADKDVMSDPAEDDKSSGADWSGEGGATPEGPATDTDTDTED,61,hypothetical protein, ,Derived by automated computational analysis using gene prediction method: Protein Homology.,OG0000020,Core,group_2276,Shell,Shell,Shell
GCF_026062495.1,ONE62_RS06660,MANNSKKQYVDPGWPETADGDSAVTELSSSRAGGLSPFGEDTEFPLPADSLPYAHPHTVINR,62,hypothetical protein, ,Derived by automated computational analysis using gene prediction method: Protein Homology.,OG0000048,Conserved,group_2147,Shell,Shell,Shell
GCF_026062495.1,ONE62_RS06705,MHGQLTGYFGAGGGVGGVLRQLGEEPVAVAGARQIGFGRRVLPQTGRGRSPRQKRRIPQGGGAERIG,67,hypothetical protein, ,Derived by automated computational analysis using gene prediction method: Protein Homology.,OG0000333,Cloud,group_2242,Cloud,Cloud,Cloud
GCF_026062495.1,ONE62_RS06990,MLGIMLGLGGAAIGLGIGVMALGVGLLLSDATIKHDVGELPD,42,hypothetical protein, ,Derived by automated computational analysis using gene prediction method: GeneMarkS-2+.,OG0000176,Shell,group_1761,Shell,Shell,Shell
GCF_026062495.1,ONE62_RS07045,MSFVDTLKGLLGKGREAASQNADKVHGAIDKAADVADSKTGGKYSDKIDKAADAAKKAVPPKE,63,antitoxin, ,Derived by automated computational analysis using gene prediction method: Protein Homology.,OG0000010,Conserved,group_2241,Shell,Shell,Shell
GCF_026062495.1,ONE62_RS07125,MARGDHPQRTPFYGVVLIVVALAAAMIVNRTAPVWVQVPVYVLAVLAAMAGFVMTFRDLS,60,hypothetical protein, ,Derived by automated computational analysis using gene prediction method: Protein Homology.,OG0000209,Shell,group_2174,Shell,Shell,Shell
GCF_026062495.1,ONE62_RS07455,MKANSDRHDQHLPEHQRIADLVDDMEDRLVAEREAKGIAGNASERKQAEQLEPDDQAPE,59,hypothetical protein, ,Derived by automated computational analysis using gene prediction method: Protein Homology.,OG0000177,Shell,group_2271,Shell,Shell,Shell
GCF_026062495.1,ONE62_RS07520,MIVLGIILLVIGLVAGISILTTIGIILLVIGLVLLLLGTTGRAVGGRKYWY,51,duf6131 family protein, ,Derived by automated computational analysis using gene prediction method: Protein Homology.,OG0000193,Shell,group_2133,Shell,Shell,Shell
GCF_026062495.1,ONE62_RS07525,MRIGRLVTLIVIIWLIIGAVAVWQRGYFKDTTADCASAGTIAVTVIAGPLNYAGVNPKIDCEVPQPSQ,68,hypothetical protein, ,Derived by automated computational analysis using gene prediction method: Protein Homology.,OG0000017,Conserved,group_2272,Shell,Shell,Shell
GCF_026062495.1,ONE62_RS07820,MGKFLVPGVVSAVVGVALGTVATLGITAAAQDNTRPEIDRSGNADSSLLNQVEYGSR,57,duf2613 domain-containing protein, ,Derived by automated computational analysis using gene prediction method: Protein Homology.,OG0000016,Conserved,group_860,Shell,Shell,Shell
GCF_026062495.1,ONE62_RS08055,MWEGGILGLAVTLTVGLLGGLLSRAFTIHAGVLFMGYYVAVLSVPAILAL,50,hypothetical protein, ,Derived by automated computational analysis using gene prediction method: Protein Homology.,OG0000501,Cloud,group_2202,Cloud,Cloud,Cloud
GCF_026062495.1,ONE62_RS08275,MVVIHAHDHTAESSFGLGILYQQELQIGDEQAEHLNGQWQAALKAARPLWR,51,hypothetical protein, ,Derived by automated computational analysis using gene prediction method: GeneMarkS-2+.,OG0000388,Cloud,group_1244,Cloud,Cloud,Cloud
GCF_026062495.1,ONE62_RS08300,MATRFAFGAATAATVPTAIVTGSALIAAAAGLLVLLAVAVAVAVASILI,49,hypothetical protein, ,Derived by automated computational analysis using gene prediction method: GeneMarkS-2+.,OG0000158,Shell,group_2369,Cloud,,Cloud
GCF_026062495.1,ONE62_RS08370,MFGALSVVAFWAFGVGVLLGLGALVVAAVARDRARATQEPIPVEAVLGVLAGLAGITAGVLFLAAVLPNL,70,hypothetical protein, ,Derived by automated computational analysis using gene prediction method: GeneMarkS-2+.,OG0000521,Cloud,,,,Probably not conserved
GCF_026062495.1,ONE62_RS08375,MLSVALFWAYGIGVIVGVGAVTAGITAYRTGRRTPHRMPVDVAARITAGITGTVNGLLFLAVVLTHT,67,hypothetical protein, ,Derived by automated computational analysis using gene prediction method: GeneMarkS-2+.,OG0000521,Cloud,group_2395,Cloud,Cloud,Cloud
GCF_026062495.1,ONE62_RS08510,MLEIQLIVGVGFCGGYTTFSTASFETVRLIPRQRYATRRRAVGTLLVTVAGSAGLALADGV,61,crcb family protein, ,Derived by automated computational analysis using gene prediction method: Protein Homology.,OG0000913,Cloud,group_638,Cloud,Cloud,Cloud
GCF_026062495.1,ONE62_RS08705,MSTALEESRRHAIELTNEKIQAVKDFFTNIFRLNTTHRTEA,41,hypothetical protein, ,Derived by automated computational analysis using gene prediction method: GeneMarkS-2+.,OG0000178,Shell,group_2433,Shell,Shell,Shell
GCF_026062495.1,ONE62_RS09105,MSRNQSPSNTPPSRLQSEAPWALAILAVGVLTFCITFWWA,40,hypothetical protein, ,Derived by automated computational analysis using gene prediction method: GeneMarkS-2+.,OG0002143,,group_1911,Cloud,,Probably not conserved
GCF_026062495.1,ONE62_RS09435,MIMHVTETPTPTVSRTMWTTEEIKARLEEMNIPRSRTRRGPRWGNRDR,48,hypothetical protein, ,Derived by automated computational analysis using gene prediction method: Protein Homology.,OG0000179,Shell,group_2404,Shell,Shell,Shell
GCF_026062495.1,ONE62_RS09555,MASEGAAGVGWELGVMGLYLHASIAFGTPEGAATAAGVRTPAFYTGADTGAG,52,hypothetical protein, ,Derived by automated computational analysis using gene prediction method: GeneMarkS-2+.,OG0000302,Cloud,group_2213,Cloud,Cloud,Cloud
GCF_026062495.1,ONE62_RS09725,MTTLITLACMLLLAAAVAHYGPKEGGTGVFRLEQFRIGAPLGGIFTDQPTSPEDPDWPGSDDQRAGGGSS,70,hypothetical protein, ,Derived by automated computational analysis using gene prediction method: Protein Homology.,OG0000194,Shell,,,Shell,Shell
GCF_026062495.1,ONE62_RS10020,MAARNEIRPIVKLKSTAGTGYTYVTRKNRRNDPDRLVMKKYDPVVRKHVDFREEK,55,50s ribosomal protein l33, ,Derived by automated computational analysis using gene prediction method: Protein Homology.,OG0000047,Conserved,group_2305,Shell,Shell,Shell
GCF_026062495.1,ONE62_RS10045,MAVPKRRMSRSNTRSRRSQWKAQAPDLVEVTVGGATHRVPRRLVKAVKLGLVDPAGK,57,50s ribosomal protein l32, ,Derived by automated computational analysis using gene prediction method: Protein Homology.,OG0000060,Soft core,group_2234,Shell,Shell,Shell
GCF_026062495.1,ONE62_RS10170,MSDAELRKAIRVLRERADDARHRGNDDDANGIERTIRTYQEEMTQRL,47,hypothetical protein, ,Derived by automated computational analysis using gene prediction method: Protein Homology.,OG0000059,Core,group_1481,Shell,Soft core,Shell
GCF_026062495.1,ONE62_RS10325,MAEGIVKWFNSEKGFGFIAPEDGSADVFVHYSEIQSGGFRTLEENQRVSFEIGQGNKGPQATGVTLI,67,cold-shock protein, ,Derived by automated computational analysis using gene prediction method: Protein Homology.,OG0000046,Conserved,group_2233,Shell,Soft core,Shell
GCF_026062495.1,ONE62_RS11105,MSEDRRISRLLPVRRVLAAAGIAGLVAGGGMAAAADPATPDSAVAAPLVSAGFGAPDAVSSGS,63,hypothetical protein, ,Derived by automated computational analysis using gene prediction method: Protein Homology.,OG0000180,Shell,group_2175,Shell,Shell,Shell
GCF_026062495.1,ONE62_RS11245,MRAVRTAWWWTGSLMGDHDYSRYVEHLRRNHPDAEVPTEREYWKARYADADANPGARCC,59,ybdd/yjix family protein, ,Derived by automated computational analysis using gene prediction method: Protein Homology.,OG0000045,Conserved,group_2289,Shell,Core,Shell
GCF_026062495.1,ONE62_RS11320,MAEPVKGPASYFPSIEEKYSRPISEWQTLIRSSELTKHMELVSWLKSEHGLGHGHANALVAYTLKEDAAG,70,duf4287 domain-containing protein, ,Derived by automated computational analysis using gene prediction method: Protein Homology.,OG0000027,Conserved,,,Shell,Shell
GCF_026062495.1,ONE62_RS11375,MDLAFLSEFFSAFSDLAGALDFFSGSADALGGGADAATAAAATIG,45,hypothetical protein, ,Derived by automated computational analysis using gene prediction method: Protein Homology.,OG0000181,Shell,group_2197,Shell,Shell,Shell
GCF_026062495.1,ONE62_RS11525,MGKVKASKVSGLKPKKKCCRSKTRCIKCPVVIMRMKKLENEGASKKELKKGLKKARAA,58,hypothetical protein, ,Derived by automated computational analysis using gene prediction method: Protein Homology.,OG0000044,Conserved,group_2219,Shell,Core,Shell
GCF_026062495.1,ONE62_RS11545,MYNWDVQNAIVAFVETLRPSWPAQHDLYYSVLYGFADMQSHLLTLLGYPPVA,52,hypothetical protein, ,Derived by automated computational analysis using gene prediction method: Protein Homology.,OG0000058,Core,group_1177,Shell,Soft core,Shell
GCF_026062495.1,ONE62_RS11585,MTSFDAADSPEVPEADRLEQELAVDDDSSDEVEEVSSLEVNEADVAEQSRAVPVDEDYPRE,61,hypothetical protein, ,Derived by automated computational analysis using gene prediction method: Protein Homology.,OG0000057,Core,group_2212,Shell,Soft core,Shell
GCF_026062495.1,ONE62_RS11630,MPILLLHAVIAGFSVVSGWLSAPLKRPVAALAHSYAVMRWSALIAVEDAAEHR,53,hypothetical protein, ,Derived by automated computational analysis using gene prediction method: Protein Homology.,OG0000251,Shell,group_1124,Cloud,Cloud,Cloud
GCF_026062495.1,ONE62_RS11825,MAAMKPRTGDGPLEATKEGRGIVMRVPLEGGGRLVVELTPEEAAALGEELKGVTS,55,duf3117 domain-containing protein, ,Derived by automated computational analysis using gene prediction method: Protein Homology.,OG0000043,Conserved,group_1006,Shell,Shell,Shell
GCF_026062495.1,ONE62_RS12160,MSTANFTQSKSNPNRWIVRLPGEPAFVASRCIDCLRITPLDLIGEGVCLRCRQAQAA,57,hypothetical protein, ,Derived by automated computational analysis using gene prediction method: GeneMarkS-2+.,OG0002144,,group_905,Cloud,,Probably not conserved
GCF_026062495.1,ONE62_RS12235,MPITTARSRNYHRDTSCPGYSQGVNEARDKGRTIHPVIEVTVDEARLMGRKPCAKCM,57,hypothetical protein, ,Derived by automated computational analysis using gene prediction method: GeneMarkS-2+.,OG0002145,,group_906,Cloud,,Probably not conserved
GCF_026062495.1,ONE62_RS12445,MSDRDNNVLENDLVEESLVEEVSIDGMCGVY,31,mycofactocin precursor mfta, ,"Mycofactocin is a small molecule electron carrier derived from the final two amino acids, Val-Tyr, of MftA, the mycofactocin precursor. It plays a role in redox homeostasis and the metabolism of alcohols and aldehydes in Actinobacteria, including Mycobacterium tuberculosis; Derived by automated computational analysis using gene prediction method: Protein Homology.",OG0000009,Conserved,group_2326,Conserved,Shell,Shell
GCF_026062495.1,ONE62_RS12815,MAKKALVNKANKKPKFAVRAYTRCQRCGRPHSVFRKFGLCRICVREMAHAGELPGVHKSSW,61,type z 30s ribosomal protein s14, ,Derived by automated computational analysis using gene prediction method: Protein Homology.,OG0000028,Conserved,group_2294,Conserved,Shell,Shell
GCF_026062495.1,ONE62_RS12840,MAELKVTQIKSTIGTKQNQKNSLRTLGLKGIRQTVVREDNAQNRGLINVVRHLVTVEEV,59,50s ribosomal protein l30, ,Derived by automated computational analysis using gene prediction method: Protein Homology.,OG0000029,Conserved,rpmD,Conserved,Shell,Shell
GCF_026062495.1,ONE62_RS12875,MKVQPSVKKICEKCKVIRRNGRVMVICENLRHKQRQG,37,50s ribosomal protein l36, ,Derived by automated computational analysis using gene prediction method: Protein Homology.,OG0000030,Conserved,rpmJ,Conserved,Shell,Shell
GCF_026062495.1,ONE62_RS12995,MRADLEMFRERIDERKARDEEAAANRSGRGRTESAAAPPAAAQPRTLDDDEFYRPRSWLV,60,hypothetical protein, ,Derived by automated computational analysis using gene prediction method: Protein Homology.,OG0000263,Shell,group_2245,Shell,Shell,Shell
GCF_026062495.1,ONE62_RS13315,MATPLRNIRVSDELWQAAQAKAAQEGTTVTTVIVEALKAYTGADKIHVFPGNR,53,hypothetical protein, ,Derived by automated computational analysis using gene prediction method: GeneMarkS-2+.,OG0002146,,group_1163,Cloud,,Probably not conserved
GCF_026062495.1,ONE62_RS13325,MNPPAIDSHFNRKRGEDTHRIKKAGTSAFLLFNNDELRKLRDLIDSALGGTTNDSTD,57,hypothetical protein, ,Derived by automated computational analysis using gene prediction method: GeneMarkS-2+.,OG0000874,Cloud,group_907,Cloud,Cloud,Cloud
GCF_026062495.1,ONE62_RS13485,MAESVPFEFDAFDLAGHTTLEDVTYLPAPEPRTDEMPLSQTVVDFAGE,48,hypothetical protein, ,Derived by automated computational analysis using gene prediction method: Protein Homology.,OG0000389,Cloud,group_2114,Cloud,Cloud,Cloud
GCF_026062495.1,ONE62_RS13600,MFKLIRAVALALLAVGAYVVVSEHEPATVELPSPSFAPATAKLTTV,46,hypothetical protein, ,Derived by automated computational analysis using gene prediction method: GeneMarkS-2+.,OG0000220,Shell,group_2379,Shell,Shell,Shell
GCF_026062495.1,ONE62_RS14095,MLVIGILLTLSLASVAWLCVSTAHGGRSGLAGPPRSHLHSD,41,hypothetical protein, ,Derived by automated computational analysis using gene prediction method: GeneMarkS-2+.,OG0000182,Shell,group_2124,Shell,Shell,Shell
GCF_026062495.1,ONE62_RS14325,MTFTVTHRSFDQLAEFAVTDFGDDDSYSIHESGALVIVRAARELIYAPGSWFLVEREDGQEDGSPGNYM,69,hypothetical protein, ,Derived by automated computational analysis using gene prediction method: GeneMarkS-2+.,OG0000151,Shell,group_2,Shell,Shell,Shell
GCF_026062495.1,ONE62_RS14710,MTDASNEDTKKKFREALERKNHQAGLSTDHKDGHSKAHEAHGPADHKREFRRKTG,55,duf5302 domain-containing protein, ,Derived by automated computational analysis using gene prediction method: Protein Homology.,OG0000031,Conserved,group_2470,Core,Shell,Shell
GCF_026062495.1,ONE62_RS14800,MAAVCDVCAKGPGFGKSVSHSHRRTNRRWNPNIQTVRAEVAPGNTRKVNVCTSCLKAGKVARG,63,50s ribosomal protein l28, ,Derived by automated computational analysis using gene prediction method: Protein Homology.,OG0000032,Conserved,rpmB,Conserved,Shell,Shell
GCF_026062495.1,ONE62_RS14840,MAVPKRRMSRSNTRSRRSQWKTTVPTLVTCPNRGCGEKTLPHVACPSCGTYKGRQVTAAV,60,50s ribosomal protein l32, ,Derived by automated computational analysis using gene prediction method: Protein Homology.,OG0000033,Conserved,group_2479,Conserved,Shell,Shell
GCF_026062495.1,ONE62_RS15350,MRGTLDARRQRAEAAECSALDEQYRCASRERLAIARKLHDVLAHSL,46,hypothetical protein, ,Derived by automated computational analysis using gene prediction method: Protein Homology.,OG0000345,Cloud,group_2188,Cloud,Cloud,Cloud
GCF_026062495.1,ONE62_RS15470,MIAWQGVAQTLPQSLAACASGRELRASGYPQDVAIAAEVDRSTAVPVLEDRVFRTASQ,58,hypothetical protein, ,Derived by automated computational analysis using gene prediction method: GeneMarkS-2+.,OG0000487,Cloud,group_820,Cloud,Cloud,Cloud
GCF_026062495.1,ONE62_RS15475,MHTPVPVPVPSSKLMVDPFGEGSTNLRGAAVRRIVFGDKLICPFVTRLRPTAFAPGRPQSKRRP,64,hypothetical protein, ,Derived by automated computational analysis using gene prediction method: GeneMarkS-2+.,OG0000334,Cloud,group_2101,Cloud,Cloud,Cloud
GCF_026062495.1,ONE62_RS15525,MRSREAPPLDALIDCIAVARKAGVDELATLDDATALAEAHEVWQLLSLAEYLALVG,56,hypothetical protein, ,Derived by automated computational analysis using gene prediction method: GeneMarkS-2+.,OG0000120,Shell,group_967,Cloud,Cloud,Cloud
GCF_026062495.1,ONE62_RS15530,MRLLRGLLDVVLGILTAILGTVLGIVAAVVWLVGGVLCVTVILLPLGLPVVRLARRLFTLARKLMHLP,68,hypothetical protein, ,Derived by automated computational analysis using gene prediction method: Protein Homology.,OG0000152,Shell,group_2196,Shell,Shell,Shell
GCF_026062495.1,ONE62_RS15710,MFWKIVLAVAAIWIALAVVGALVKGLFWILVVSAVVFGVYLLIKAMSGSGEKSDITRS,58,hypothetical protein, ,Derived by automated computational analysis using gene prediction method: Protein Homology.,OG0000034,Conserved,group_808,Shell,Shell,Shell
GCF_026062495.1,ONE62_RS15735,MRLTEFHQLVREEFGQMRGDALLVDHVLLSLGGKTAAEAIEDGREPREVWRELCVEFDVPPQRR,64,duf3046 domain-containing protein, ,Derived by automated computational analysis using gene prediction method: Protein Homology.,OG0000035,Conserved,group_2481,Conserved,Shell,Shell
GCF_026062495.1,ONE62_RS16015,MPGTLTSPPLTAADRCDRCGAGARVRAVLPTGGELLFCGHHANEHADRLREMNATIVSEAEAAI,64,hypothetical protein, ,Derived by automated computational analysis using gene prediction method: Protein Homology.,OG0000036,Conserved,group_2483,Conserved,Shell,Shell
GCF_026062495.1,ONE62_RS16550,MYESYRGADAHAILDALDKEYHLDTPWFTPARWLEGHGVDF,41,hypothetical protein, ,Derived by automated computational analysis using gene prediction method: GeneMarkS-2+.,OG0000278,Shell,group_2313,Shell,Cloud,Shell
GCF_026062495.1,ONE62_RS16630,MLASIAAQCADRDMIRYLLDGGPYIVSTLRGLRDDQLHGLWRPEWTPVPSALLDALSATKGPTLI,65,hypothetical protein, ,Derived by automated computational analysis using gene prediction method: GeneMarkS-2+.,OG0000335,Cloud,group_2243,Cloud,Cloud,Cloud
GCF_026062495.1,ONE62_RS43275,MTLSRASSPLGLPSDAAIGRAFLDELLAPLRELRDGLRLDEHDPSTAPIVRCSR,54,hypothetical protein, ,Derived by automated computational analysis using gene prediction method: GeneMarkS-2+.,OG0000303,Cloud,group_2482,Cloud,Cloud,Cloud
GCF_026062495.1,ONE62_RS16810,MHTDLVRRTAEVDRTAATALAPYPLWCVFATVLSASIWHRNRSR,44,tryptophan-rich sensory protein, ,Derived by automated computational analysis using gene prediction method: Protein Homology.,OG0000401,Cloud,group_1691,Cloud,Cloud,Cloud
GCF_026062495.1,ONE62_RS16880,MQRRVQLTRTTILARAAEQFDRHGYTHAALHEITGVSHATKGGLYFHFRSKRTSPGRRLTSV,62,tetr family transcriptional regulator, ,Derived by automated computational analysis using gene prediction method: Protein Homology.,OG0000409,Cloud,group_564,Cloud,Cloud,Cloud
GCF_026062495.1,ONE62_RS17115,MDSFIHLAGDSWNFWSPFPPAVTFWLIDVMGQLSRAGILLGGS,43,hypothetical protein, ,Derived by automated computational analysis using gene prediction method: Protein Homology.,OG0000266,Cloud,group_2107,Cloud,Cloud,Cloud
GCF_026062495.1,ONE62_RS17385,MQRVRYSAVVHRAGSREKRLGQEMPAEYSLIEAVWWMSDEAIRSDRSQRQSGGE,54,hypothetical protein, ,Derived by automated computational analysis using gene prediction method: GeneMarkS-2+.,OG0000403,Cloud,group_2506,Cloud,Cloud,Cloud
GCF_026062495.1,ONE62_RS17465,MPKTIIPIVAALWLVLAALAAWSTIAFAFAVASLATVVLGCYLLSSAVTGPRHR,54,hypothetical protein, ,Derived by automated computational analysis using gene prediction method: Protein Homology.,OG0000523,Cloud,group_2509,Cloud,Cloud,Cloud
GCF_026062495.1,ONE62_RS17570,MTQRLLTVPIVFKSDALPYTAPFHLGGQIGVHLSWTPTLGRWWRILAE,48,hypothetical protein, ,Derived by automated computational analysis using gene prediction method: GeneMarkS-2+.,OG0000336,Cloud,group_2519,Cloud,Cloud,Cloud
GCF_026062495.1,ONE62_RS17585,MIVAVEGPSAAGKTTWCRAVPGQFVAEYIPAGQEPDGSDPEEQAACWPQVNASGGDGR,58,hypothetical protein, ,Derived by automated computational analysis using gene prediction method: GeneMarkS-2+.,OG0000524,Cloud,group_843,Cloud,Cloud,Cloud
GCF_026062495.1,ONE62_RS18395,MSGHPAVVSAVQDTVARDGTSRSASRLLSEEKPVHRELKAELASPLGTEDGSPS,54,hypothetical protein, ,Derived by automated computational analysis using gene prediction method: Protein Homology.,OG0000276,Shell,group_2204,Shell,Cloud,Shell
GCF_026062495.1,ONE62_RS18545,MDLTAIGVGFGYVVVVLTILVVVVGVSALFVFSIKSDFIPPESPGTPTGRKRIGRAE,57,hypothetical protein, ,Derived by automated computational analysis using gene prediction method: Protein Homology.,OG0000195,Shell,group_868,Shell,Shell,Shell
GCF_026062495.1,ONE62_RS18690,MIILGIILAIIGAVAGIPVLLYVGIALIVIGVVLEIMGMTGHAVAGRRHYY,51,duf6131 family protein, ,Derived by automated computational analysis using gene prediction method: Protein Homology.,OG0000000,Conserved,group_2027,Cloud,Cloud,Cloud
GCF_026062495.1,ONE62_RS18695,MSIVKKLRHKAETAEGATKKTVGKALGNERMEAEGSAEQAKGNAKQTGDKFKQKIRHPFKH,61,csbd family protein, ,Derived by automated computational analysis using gene prediction method: Protein Homology.,OG0000073,Shell,group_645,Cloud,Cloud,Cloud
GCF_026062495.1,ONE62_RS18725,MSDGNTGAAGGGAIYALGIFGAWVWFWQQADAFWEYVLAIIQGLFWPAWMVYDVFKVLAG,60,hypothetical protein, ,Derived by automated computational analysis using gene prediction method: Protein Homology.,OG0000202,Shell,group_2473,Shell,Shell,Shell
GCF_026062495.1,ONE62_RS19005,MPKTIIPVIGALWLVLAAIGAWSTIAFAIAAPAAVLLGTYLLASAVTGSNGH,52,hypothetical protein, ,Derived by automated computational analysis using gene prediction method: Protein Homology.,OG0000205,Shell,group_2416,Cloud,Cloud,Cloud
GCF_026062495.1,ONE62_RS19285,MRTGTVRWFNAEQGFGFLAPADGSDDIFVHASEIAGDGHRILEEGQRVSFTVCRTETGNQARDVRVA,67,cold shock domain-containing protein, ,Derived by automated computational analysis using gene prediction method: Protein Homology.,OG0000157,Shell,group_2429,Shell,Shell,Shell
GCF_026062495.1,ONE62_RS19320,MTKDTHGETDEPKGGRPGPADHGKDGGMATRENAPELADDSADAETETD,49,hypothetical protein, ,Derived by automated computational analysis using gene prediction method: Protein Homology.,OG0000018,Core,group_2420,Shell,Shell,Shell
GCF_026062495.1,ONE62_RS19360,MNTFTTPTSARNRGFAPSRGSMSTMEIKNRIEAMFREDDERQSKAIRAE,49,hypothetical protein, ,Derived by automated computational analysis using gene prediction method: GeneMarkS-2+.,OG0000190,Shell,group_2397,Shell,Shell,Shell
GCF_026062495.1,ONE62_RS19605,MHSVTTTRELLHDHTKVTRRFALADVALTTFVCLVCATGIGIITGSVLAAATGGLIVVLATALMVAAV,68,hypothetical protein, ,Derived by automated computational analysis using gene prediction method: Protein Homology.,OG0000158,Shell,group_2345,Shell,Shell,Shell
GCF_026062495.1,ONE62_RS19670,MADKSAVKSSKQSARALRERRAEKRAKAQESTKIIRKRKG,40,hypothetical protein, ,Derived by automated computational analysis using gene prediction method: Protein Homology.,OG0000004,Core,group_2338,Shell,Shell,Shell
GCF_026062495.1,ONE62_RS19685,MKDLRSVDLNLLVDLDALLSTRSVTEAARRLNLSQSAMSGSLSRLRRLFDDPLMVRNGRVLVLTPARRP,69,lysr family transcriptional regulator, ,Derived by automated computational analysis using gene prediction method: Protein Homology.,OG0000527,Cloud,,,,Probably not conserved
GCF_026062495.1,ONE62_RS19705,MTMTPANRSLAARIRGKHVLDARIAGGPISGAVEQRREGTLPGSRS,46,hypothetical protein, ,Derived by automated computational analysis using gene prediction method: GeneMarkS-2+.,OG0002147,,group_1596,Cloud,,Probably not conserved
GCF_026062495.1,ONE62_RS19715,MAGGPWAPARSVTSAIFVLPSKNFLEGLDAVPLVGDDELTNDLGEPMMVYISLFRTVGDLVE,62,hypothetical protein, ,Derived by automated computational analysis using gene prediction method: GeneMarkS-2+.,OG0000934,Cloud,group_568,Cloud,Cloud,Cloud
GCF_026062495.1,ONE62_RS19755,MIGPSQGPFDQYVLAPVQALPTNLVDEGGGFVMYQRRQLSGSQPGAVRQHGVEEVVVDAVG,61,hypothetical protein, ,Derived by automated computational analysis using gene prediction method: GeneMarkS-2+.,OG0000645,Cloud,group_654,Cloud,,Cloud
GCF_026062495.1,ONE62_RS19820,MVDRRHIVVGVDGSSAATQAARWAAVGAAHPAFPSTWFT,39,universal stress protein, ,Derived by automated computational analysis using gene prediction method: GeneMarkS-2+.,OG0000643,Cloud,group_2031,Cloud,Cloud,Cloud
GCF_026062495.1,ONE62_RS19910,MRWAAIEAIQLHPGTATIVDDKNVAKVAAARKLLTLANYGLRDGQNRALARQQAAA,56,hypothetical protein, ,Derived by automated computational analysis using gene prediction method: GeneMarkS-2+.,OG0000526,Cloud,group_976,Cloud,Cloud,Cloud
GCF_026062495.1,ONE62_RS20010,MTADRPIVVGTDGSPSSLQAVSWLAGYLQGSTSQNLLHHALGPGHDLPPAG,51,universal stress protein, ,Derived by automated computational analysis using gene prediction method: GeneMarkS-2+.,OG0000354,Cloud,group_2030,Cloud,Cloud,Cloud
GCF_026062495.1,ONE62_RS20035,MNSVEEARQMLLVMARLITRFPPVSQDAVGLTGGAGGGAFRAGSD,45,hypothetical protein, ,Derived by automated computational analysis using gene prediction method: GeneMarkS-2+.,OG0000932,Cloud,group_1639,Cloud,Cloud,Cloud
GCF_026062495.1,ONE62_RS20050,METGTDETKTCSFCRGPIGYEIKDAHAGFASLPPGKRYRVFHCMNRCPRSAPDGLECGHRHEYL,64,hypothetical protein, ,Derived by automated computational analysis using gene prediction method: Protein Homology.,OG0000203,Shell,group_350,Shell,Cloud,Shell
GCF_026062495.1,ONE62_RS20085,MEHHAGTATLRGGYAEYESAGERHVETPRIADRLSLSVESYMRNLVGKWEVRSR,54,hypothetical protein, ,Derived by automated computational analysis using gene prediction method: GeneMarkS-2+.,OG0000390,Cloud,group_2035,Cloud,Cloud,Cloud
GCF_026062495.1,ONE62_RS20170,MSEMVPADDTRRIALVDLLDRVLGGGVVITGEITLSLADVDMVRISLRTLIASVSALVPDPAGPDPADD,69,gas vesicle protein, ,Derived by automated computational analysis using gene prediction method: Protein Homology.,OG0000145,Shell,group_2318,Shell,Shell,Shell
GCF_026062495.1,ONE62_RS20180,MNMGKKIRHKVETAEGATKKAVGRATGNAHLEAEGSKEQAKGNTKQMGDKFKDAGKKIKNAFKH,64,csbd family protein, ,Derived by automated computational analysis using gene prediction method: Protein Homology.,OG0000073,Shell,group_2267,Shell,Shell,Shell
GCF_026062495.1,ONE62_RS20405,MESVVLWVAWTNLSNGTSGVASVTKDKPGFAHTGTGVVTASAMGNLVEYVGARGIFNVP,59,hypothetical protein, ,Derived by automated computational analysis using gene prediction method: GeneMarkS-2+.,OG0000274,Shell,group_2317,Shell,Cloud,Shell
GCF_026062495.1,ONE62_RS20450,MSTNTYPTIETIRIGQSGHECRYCGHAVAKDGPGYRHTTTGQYRCDPASRALNEARLSNSMVRS,64,hypothetical protein, ,Derived by automated computational analysis using gene prediction method: Protein Homology.,OG0000148,Shell,group_2334,Shell,Shell,Shell
GCF_026062495.1,ONE62_RS20485,MRTAFCNTLFHVFDHRICCGRIPEWTAHVGQPWDTYDVAPWNLYNAIWRIQHWIRSGVDADR,62,hypothetical protein, ,Derived by automated computational analysis using gene prediction method: Protein Homology.,OG0000219,Shell,group_2337,Shell,Shell,Shell
GCF_026062495.1,ONE62_RS20530,MVYDRAVADQPRLLAAVRAATTLALDNQRLQGELEAQFAEVRRARAQTVEYPGSPTRRC,59,hypothetical protein, ,Derived by automated computational analysis using gene prediction method: GeneMarkS-2+.,OG0000488,Cloud,group_2093,Cloud,Cloud,Cloud
GCF_026062495.1,ONE62_RS20595,MGSSEIFTDLVAWGAEGFLNGNPVQSAVGTVLFLGLGLWDLVTGAPIVI,49,hypothetical protein, ,Derived by automated computational analysis using gene prediction method: Protein Homology.,OG0000061,Soft core,group_2418,Shell,Cloud,Cloud
GCF_026062495.1,ONE62_RS20765,MLDRLYAALLAAAGLSFGDYIALEDAVSDPDDPPRTVTDPTLTAHPLL,48,hypothetical protein, ,Derived by automated computational analysis using gene prediction method: GeneMarkS-2+.,OG0000353,Cloud,group_2439,Cloud,Cloud,Cloud
GCF_026062495.1,ONE62_RS21180,MNRTELPQTLRRSSKEVQAAFATAHEMAVRRYGEGEEAQRAAYGELKQSYELVTDHWVPKQD,62,chab family protein, ,Derived by automated computational analysis using gene prediction method: Protein Homology.,OG0000159,Shell,group_518,Shell,Cloud,Shell
GCF_026062495.1,ONE62_RS21190,MNNDQRRALEHVRDTCAMLDSFLTTHPSDRPPERVRSATFEQLTDDLLDAVTAAQNAGVPEQRIFDSM,68,hypothetical protein, ,Derived by automated computational analysis using gene prediction method: Protein Homology.,OG0000135,Shell,group_2185,Shell,Cloud,Shell
GCF_026062495.1,ONE62_RS21290,MTQRLYLMPQPTIAAINGGCADSSLSMAAAADFRIASDSIVFNTDFPTAGFPGDLAGI,58,enoyl-coa hydratase-related protein, ,Derived by automated computational analysis using gene prediction method: Protein Homology.,OG0000337,Cloud,group_2214,Cloud,Cloud,Cloud
GCF_026062495.1,ONE62_RS21300,MQRRRPYHPILGGAGLVLAGAHSAPERVPPGSMAQLVAGASSSGDTLRPQVIAVT,55,hypothetical protein, ,Derived by automated computational analysis using gene prediction method: GeneMarkS-2+.,OG0000576,Cloud,group_2306,Cloud,Cloud,Cloud
GCF_026062495.1,ONE62_RS21320,MGEFARDWDGRIEMRLLGPLAAYDFAGTQKPEQS,34,hypothetical protein, ,Derived by automated computational analysis using gene prediction method: Protein Homology.,OG0002148,,group_1937,Cloud,,Probably not conserved
GCF_026062495.1,ONE62_RS21325,MPLRDTDSLRRSATCVEYLAAQAVVSDADSAKDELLSAPADEFAAAL,47,hypothetical protein, ,Derived by automated computational analysis using gene prediction method: GeneMarkS-2+.,OG0002149,,,,,Probably not conserved
GCF_026062495.1,ONE62_RS21355,MTIDHDKTELPLFSAQRTLTHRTQEPVTDAPRTDDSPTQTSAEIHRSLFSDE,52,hypothetical protein, ,Derived by automated computational analysis using gene prediction method: Protein Homology.,OG0000222,Shell,group_2253,Shell,Cloud,Shell
GCF_026062495.1,ONE62_RS21365,MAQGIVKWFNGEKGFGFIAPDDGTPDVFVHYSEISGSGFKSLDENQRVEFEVGQGQKGPQATNVRSV,67,cold-shock protein, ,Derived by automated computational analysis using gene prediction method: Protein Homology.,OG0000003,Conserved,group_1996,Shell,Cloud,Cloud
GCF_026062495.1,ONE62_RS21395,MVESGRVDPSDHVDQAAVGGHVEHEQLYQALRARDADGAEGLARRHVVGTRVEALRPLAAETETT,65,fcd domain-containing protein, ,Derived by automated computational analysis using gene prediction method: Protein Homology.,OG0000502,Cloud,group_2254,Cloud,Cloud,Cloud
GCF_026062495.1,ONE62_RS21435,MATTSIAPTTPTGRQTPRHSGTMSTAEIKSRIEAMFADDRRPTRPAVTN,49,hypothetical protein, ,Derived by automated computational analysis using gene prediction method: Protein Homology.,OG0000002,Conserved,group_2516,Shell,Cloud,Cloud
GCF_026062495.1,ONE62_RS21445,MYSKRAVQALTEPDSWDDRLDAEFDQCWTRPDFAERQLARAENRVPKFVGK,51,hypothetical protein, ,Derived by automated computational analysis using gene prediction method: GeneMarkS-2+.,OG0000391,Cloud,group_2066,Cloud,Cloud,Cloud
GCF_026062495.1,ONE62_RS21460,MSTRIAAALSAVAITLSLGALTAPTASAAPAVPAATPAAGSVTICFGVPLGSASLNWCF,59,hypothetical protein, ,Derived by automated computational analysis using gene prediction method: Protein Homology.,OG0000233,Shell,group_2315,Cloud,Cloud,Cloud
GCF_026062495.1,ONE62_RS21485,MEYDLRRCNLASPVADVRGPAGRTRAIAAAIRTGLARGDDPDNIEELIRCAEAAGLPLTLW,61,hypothetical protein, ,Derived by automated computational analysis using gene prediction method: GeneMarkS-2+.,OG0000338,Cloud,group_2299,Cloud,Cloud,Cloud
GCF_026062495.1,ONE62_RS21660,MTDAAFVTGGEKAENFAAYRVRDRIERFLPRHSFLHPHLGTNRA,44,hypothetical protein, ,Derived by automated computational analysis using gene prediction method: GeneMarkS-2+.,OG0002150,,group_1696,Cloud,,Probably not conserved
GCF_026062495.1,ONE62_RS21740,MRHSSGPAGVITADFGMDNVAFLRKLVAYLEIAAPAPLRPDLVDRTSLVARRRLWLGT,58,hypothetical protein, ,Derived by automated computational analysis using gene prediction method: Protein Homology.,OG0000196,Shell,group_2104,Cloud,Cloud,Cloud
GCF_026062495.1,ONE62_RS21795,MTDQLHADLTERLGRAVARAAMDGDPLFGTVEITIAELAELLESRTPPGE,50,hypothetical protein, ,Derived by automated computational analysis using gene prediction method: Protein Homology.,OG0000136,Shell,group_2495,Shell,Cloud,Shell
GCF_026062495.1,ONE62_RS43320,MANGPKWWITAAMNHNARILIVLGKTDPGEDRHRQQSKILVPRDTPAWRLSAA,53,hypothetical protein, ,Derived by automated computational analysis using gene prediction method: Protein Homology.,OG0000905,Cloud,group_1154,Cloud,Cloud,Cloud
GCF_026062495.1,ONE62_RS21985,MGALGWLPLAGDRICRVPGLVEVGAHAGGFFFFFFFFFCESGGSPLVGVPAASLISPACFAL,62,hypothetical protein, ,Derived by automated computational analysis using gene prediction method: GeneMarkS-2+.,OG0002151,,group_577,Cloud,,Probably not conserved
GCF_026062495.1,ONE62_RS22145,MQLVRGSDLDHAFAADVLAEFSRTGWLGGRTGIGHGQIATTRLRP,45,hypothetical protein, ,Derived by automated computational analysis using gene prediction method: GeneMarkS-2+.,OG0002152,,group_1643,Cloud,,Probably not conserved
GCF_026062495.1,ONE62_RS22350,MAGVSPGSPAAEAGLRRGDIMVEFDGKPIVTTTAVQRLMVEDAIDRQIEITVWRNGALVDVFARPRELAA,70,pdz domain-containing protein, ,Derived by automated computational analysis using gene prediction method: Protein Homology.,OG0000525,Cloud,,,Cloud,Cloud
GCF_026062495.1,ONE62_RS22450,MSTRIAAALSAIAITLSLGALTAPTASAAQAVPAATPTAGSVTICFGVPLGSASLNWCF,59,hypothetical protein, ,Derived by automated computational analysis using gene prediction method: Protein Homology.,OG0000233,Shell,group_782,Cloud,Cloud,Cloud
GCF_026062495.1,ONE62_RS22505,MPARRWMLAASLLAALCGVLLLLAPGAGIVGIVPVIAWYAVVVGVVLIVGAVRIRS,56,duf308 domain-containing protein, ,Derived by automated computational analysis using gene prediction method: GeneMarkS-2+.,OG0000515,Cloud,group_2067,Cloud,Cloud,Cloud
GCF_026062495.1,ONE62_RS22590,MENFAIAGTTTRQFPLLISASAMIERAARETNLQLGHLDEKRAGAVIDAGKKIRQA,56,hypothetical protein, ,Derived by automated computational analysis using gene prediction method: GeneMarkS-2+.,OG0000339,Cloud,group_2095,Cloud,Cloud,Cloud
GCF_026062495.1,ONE62_RS22670,MHVHGNTIRYRMTRRTEEFHIDFDDPTTRLWLWLRLVSTDLM,42,helix-turn-helix domain-containing protein, ,Derived by automated computational analysis using gene prediction method: Protein Homology.,OG0002153,,group_1813,Cloud,,Probably not conserved
GCF_026062495.1,ONE62_RS22735,MFTRFRHRRFDRAKTVVDSSTQLVQWMIDGHRGDVAEVIQRVAHMVKVPA,50,hypothetical protein, ,Derived by automated computational analysis using gene prediction method: Protein Homology.,OG0000948,Cloud,group_1348,Cloud,Cloud,Cloud
GCF_026062495.1,ONE62_RS22810,MDNPFIPGLCHVGPSARSALIARATGDDKAYAAERQRQTAEYEKTGPPSLGSVIAPGHVHHSTPRAAGAD,70,hypothetical protein, ,Derived by automated computational analysis using gene prediction method: Protein Homology.,OG0000516,Cloud,,,Cloud,Cloud
GCF_026062495.1,ONE62_RS23520,MASLVARMFTPPLRELYAVLVRAGVVEIID,30,rv1535 domain-containing protein, ,Derived by automated computational analysis using gene prediction method: Protein Homology.,OG0000231,Shell,group_1946,Cloud,Cloud,Cloud
GCF_026062495.1,ONE62_RS23580,MAQGIVKWFNGEKGFGFIAPDDGTPDVFVHFSEIAGSGFRSLDENQRVEFEVGQGQKGPQATNVRSV,67,cold-shock protein, ,Derived by automated computational analysis using gene prediction method: Protein Homology.,OG0000003,Conserved,group_2028,Cloud,Cloud,Cloud
GCF_026062495.1,ONE62_RS23585,MTDRLLLPRYAVSGDPMFGTVEVTIGELAELLERQVPPRDQGAATH,46,hypothetical protein, ,Derived by automated computational analysis using gene prediction method: GeneMarkS-2+.,OG0000136,Shell,group_2077,Cloud,Cloud,Cloud
GCF_026062495.1,ONE62_RS23610,MITDDPDTITAAQVHRHLDEITEVDHAIQRHRHRDLADRPDRAPARDRRSDTR,53,hypothetical protein, ,Derived by automated computational analysis using gene prediction method: GeneMarkS-2+.,OG0000393,Cloud,group_1127,Cloud,Cloud,Cloud
GCF_026062495.1,ONE62_RS23630,MAQGTVKWFNGEKCFGFISPDDGGADLFVQFSEIQCSGYKSLQENQRVEFEVGRGQKGRQAQNVRPA,67,cold-shock protein, ,Derived by automated computational analysis using gene prediction method: Protein Homology.,OG0000340,Cloud,group_151,Cloud,Cloud,Cloud
GCF_026062495.1,ONE62_RS23790,MAQEQTKRTGGGDEDDTPGGDGAAGQERREKLAEDTDDLLDEIDDVLEENAEDFVRAYVQKGGQ,64,ubiquitin-like protein pup, ,Derived by automated computational analysis using gene prediction method: Protein Homology.,OG0000037,Conserved,group_343,Shell,Shell,Shell
GCF_026062495.1,ONE62_RS23905,MSTSDTAGHTEFPASMGKVSRRELASHGYTRFDQLTTVTAKELSKIDGVGPKAIRILEEELAERGLGFAN,70,hypothetical protein, ,Derived by automated computational analysis using gene prediction method: Protein Homology.,OG0000050,Conserved,,,Shell,Shell
GCF_026062495.1,ONE62_RS24300,MVIDPTLLGILACPQDKGPLLLVGDELLYNPRLRRAYPIENGIPVLLIDEARDVGADEHETLLARAAGEA,70,trm112 family protein, ,Derived by automated computational analysis using gene prediction method: Protein Homology.,OG0000038,Conserved,,,Soft core,Soft core
GCF_026062495.1,ONE62_RS24375,MPKSKTHSGTAKRFKVSGSGKILRQKAGRRHLLEHKASKVTRRLDGVAVVSKADTPRIKRLLDI,64,50s ribosomal protein l35, ,Derived by automated computational analysis using gene prediction method: Protein Homology.,OG0000039,Conserved,rpmI,Shell,Soft core,Shell
GCF_026062495.1,ONE62_RS24660,MPLIQISQTPGLTAEQKRATIEAVTKAYADATGKDPAKVWVTITEVPRDSWGVGGTPLG,59,2-hydroxymuconate tautomerase family protein, ,Derived by automated computational analysis using gene prediction method: Protein Homology.,OG0000160,Shell,group_2162,Shell,Shell,Shell
GCF_026062495.1,ONE62_RS24705,MSVVLVYVLFIAAGIAAGGAYSMWKFNKLASGVLLALAVLAAVAGVLRLM,50,hypothetical protein, ,Derived by automated computational analysis using gene prediction method: Protein Homology.,OG0000040,Conserved,group_1297,Shell,Core,Shell
GCF_026062495.1,ONE62_RS24875,MHVAVGDRLHVQGRVVGVHETTAEVVEVHGENGAPPYLVRYDDGHEALVFPGSDAWVEHPKS,62,duf1918 domain-containing protein, ,Derived by automated computational analysis using gene prediction method: Protein Homology.,OG0000041,Conserved,group_504,Shell,Soft core,Shell
GCF_026062495.1,ONE62_RS24880,MATYRYLDKDRNVLEEQDFGTVQDAEEHRLSVLGAEIIEEVEDSGTPES,49,hypothetical protein, ,Derived by automated computational analysis using gene prediction method: Protein Homology.,OG0000054,Core,group_2183,Shell,Soft core,Shell
GCF_026062495.1,ONE62_RS25440,MTDEDHLWYYNVEDGTVTQGKAASSMSRMGPYPDRASAEKALQIAAERNKAADRADEEWNN,61,hypothetical protein, ,Derived by automated computational analysis using gene prediction method: Protein Homology.,OG0000042,Conserved,group_2293,Shell,Soft core,Shell
GCF_026062495.1,ONE62_RS25525,MCSDLTKLGDDELLAQLDEHRALLGESIANDYGCETVRGVTSRITAFEAELDRRGSAVSRDAT,63,hypothetical protein, ,Derived by automated computational analysis using gene prediction method: Protein Homology.,OG0000192,Shell,group_2325,Shell,Shell,Shell
GCF_026062495.1,ONE62_RS25530,MPRYKVTLRNGTSSDKTFESDFQAVNETHRPTESGAGIVKIDRYEEDGEVTGVWSAPATSRTSRT,65,hypothetical protein, ,Derived by automated computational analysis using gene prediction method: Protein Homology.,OG0000113,Soft core,group_2295,Shell,Shell,Shell
GCF_026062495.1,ONE62_RS25745,MTGAGILAVALVAIAAALVVYLLIALIDPERF,32,potassium-transporting atpase subunit f, ,Derived by automated computational analysis using gene prediction method: Protein Homology.,OG0000055,Core,group_2327,Shell,Soft core,Shell
GCF_026062495.1,ONE62_RS25925,MDRMASWWDGFELWIAGLPFVPQVALVLLVMVPVCRGLAWLLDRGLAAVFVLLRRDVSKVEEP,63,hypothetical protein, ,Derived by automated computational analysis using gene prediction method: Protein Homology.,OG0000056,Core,group_427,Shell,Shell,Shell
GCF_026062495.1,ONE62_RS26005,MSESERTDLDVDDELDAGQVWRAQRVVAAQSLDAEDCRMLLSMLGIAGNPDAPEVD,56,hypothetical protein, ,Derived by automated computational analysis using gene prediction method: Protein Homology.,OG0000161,Shell,group_2171,Shell,Shell,Shell
GCF_026062495.1,ONE62_RS26155,MNDHHVQLFSELHTTAGSQAGGEDAGEALRPVDPEHRTATEVHRALFSDQ,50,hypothetical protein, ,Derived by automated computational analysis using gene prediction method: GeneMarkS-2+.,OG0000162,Shell,group_2285,Shell,Shell,Shell
GCF_026062495.1,ONE62_RS26170,MIPTLLYYGVPTAVVTVTLWVGFLGWRFYVKEVLRGDRGDTTAGEPDHG,49,hypothetical protein, ,Derived by automated computational analysis using gene prediction method: Protein Homology.,OG0000223,Shell,group_2268,Shell,Shell,Shell
GCF_026062495.1,ONE62_RS26195,MRALPAAHAPRLQPSRTGAASSFPAGRQGECGIMPAPKTYRSTRHA,46,hypothetical protein, ,Derived by automated computational analysis using gene prediction method: GeneMarkS-2+.,OG0000208,Shell,group_2409,Shell,Shell,Shell
GCF_026062495.1,ONE62_RS26590,MVGKFERRKDTVQELTESAATHVGHIATIIAGAVRDVTREIGDWVSDGIEMREAAKKAREDEGEDKPVD,69,hypothetical protein, ,Derived by automated computational analysis using gene prediction method: Protein Homology.,OG0000149,Shell,group_2446,Shell,Shell,Shell
GCF_026062495.1,ONE62_RS27510,MTTHRDEAPPITDPDDDLGGDPVCWLDRVCPDCGLFLTDHTASTCPRCGSARDR,54,hypothetical protein, ,Derived by automated computational analysis using gene prediction method: Protein Homology.,OG0000163,Shell,group_2435,Shell,Shell,Shell
GCF_026062495.1,ONE62_RS27640,MADKSPRNSMSKKSGKSLKEKRADKKMKTNGQSDPEIVSHVKKR,44,hypothetical protein, ,Derived by automated computational analysis using gene prediction method: Protein Homology.,OG0000004,Core,group_2437,Shell,Shell,Shell
GCF_026062495.1,ONE62_RS27810,MTDERPGKNQTPPDKTTRPTPKESTPDVSKTDLAAVVDALTATNEKNFDF,50,hypothetical protein, ,Derived by automated computational analysis using gene prediction method: Protein Homology.,OG0000164,Shell,group_2447,Shell,Shell,Shell
GCF_026062495.1,ONE62_RS27995,MPPLPLWKRLYLLCTRPDGLIAEYDELGALVRAGVLAELYLTGEVADRKAARSSSPPRCFRARWSNI,67,hypothetical protein, ,Derived by automated computational analysis using gene prediction method: GeneMarkS-2+.,OG0002154,,,,,Probably not conserved
GCF_026062495.1,ONE62_RS28025,MYVADSDNNRVLKLAAGSTTHVELPFTGLLGPEGVAVDTAGNVYVTAPPTAAGC,54,hypothetical protein, ,Derived by automated computational analysis using gene prediction method: Protein Homology.,OG0000636,Cloud,group_2097,Cloud,Cloud,Cloud
GCF_026062495.1,ONE62_RS28360,MFEIIREVHSEVRHRRGPRHHHHLLTRAERRSRILNHFHM,40,hypothetical protein, ,Derived by automated computational analysis using gene prediction method: GeneMarkS-2+.,OG0000288,Shell,group_2087,Shell,Shell,Shell
GCF_026062495.1,ONE62_RS28455,MNTGSIALHHAVGYRTVGVRQRLAQIDGVWHDSVLLERRRDT,42,hypothetical protein, ,Derived by automated computational analysis using gene prediction method: GeneMarkS-2+.,OG0000394,Cloud,group_2390,Cloud,Cloud,Cloud
GCF_026062495.1,ONE62_RS29040,MGSGPVKAIMWSLLFVGLVGAGVGISELHVPWTVASLIVASVSGLVLLRIRADAHPELHSDRRMAAG,67,hypothetical protein, ,Derived by automated computational analysis using gene prediction method: Protein Homology.,OG0000165,Shell,group_2193,Shell,Shell,Shell
GCF_026062495.1,ONE62_RS29080,MNSTITGLIVGLLLAIAGILGGFSGFVFAVLLGALGMAVGAHRDGHLDLGAILRSRGRG,59,hypothetical protein, ,Derived by automated computational analysis using gene prediction method: Protein Homology.,OG0000026,Conserved,group_2303,Conserved,Shell,Shell
GCF_026062495.1,ONE62_RS29275,MSEKKIDRVKTESALEVLRESPTIALITVAPALVVFGVVWWLFGFWSALVLVLILGVVAVVGRKLF,66,hypothetical protein, ,Derived by automated computational analysis using gene prediction method: Protein Homology.,OG0000025,Conserved,group_2209,Conserved,Soft core,Soft core
GCF_026062495.1,ONE62_RS29410,MASSTDVRPKITLACEVCKHRNYITKKNRRNDPDRLEIKKFCPNCGTHQSHRESK,55,50s ribosomal protein l33, ,Derived by automated computational analysis using gene prediction method: Protein Homology.,OG0000024,Conserved,rpmG,Conserved,Conserved,Conserved
GCF_026062495.1,ONE62_RS29560,MGALSPSHWAIIAVVLVVLFGSKKLPDAARGLGRSMRILKTEVGELQADAPELEK,55,sec-independent protein translocase subunit tata, ,Derived by automated computational analysis using gene prediction method: Protein Homology.,OG0000019,Conserved,group_2146,Shell,Shell,Shell
GCF_026062495.1,ONE62_RS29635,MIYLLALIGLVTVAVLLWKAFGPNTRPVLSNRVQGPDDDPDFLWKVDRETRRKKSDEPDAGPADPAG,67,hypothetical protein, ,Derived by automated computational analysis using gene prediction method: Protein Homology.,OG0000023,Conserved,group_2246,Shell,Conserved,Shell
GCF_026062495.1,ONE62_RS29780,MGSVIKKRRKRMSKKKHRKLLRRTRVQRRKLGK,33,aurkaip1/cox24 domain-containing protein, ,Derived by automated computational analysis using gene prediction method: Protein Homology.,OG0000022,Conserved,group_1939,Conserved,Conserved,Conserved
GCF_026062495.1,ONE62_RS29900,MRALDLLEVGALGDGEPDDETALARNGTRQPQDRNASSLTENVANAASVPAIEEKDGKNNGPNTIAAAMP,70,hypothetical protein, ,Derived by automated computational analysis using gene prediction method: GeneMarkS-2+.,OG0000292,Cloud,,,Cloud,Cloud
GCF_026062495.1,ONE62_RS30040,MIVLGLILLLIGWLTGLTWLWTIGIILLVIGAILWILGATGRAVGGRRRWY,51,duf6131 family protein, ,Derived by automated computational analysis using gene prediction method: Protein Homology.,OG0000000,Conserved,group_2247,Shell,Shell,Shell
GCF_026062495.1,ONE62_RS30190,MTFESNTPRQFTRSDNQKMLAGVCGGIAEYFSVDVNLVRLLTVVATLVTGGTAALVYLAAWMLMPAGH,68,pspc domain-containing protein, ,Derived by automated computational analysis using gene prediction method: Protein Homology.,OG0000021,Conserved,group_2380,Conserved,Shell,Shell
GCF_026062495.1,ONE62_RS31120,MATIEEFEQTVTDKVIAGLHDKFADYERRGVGLAELGDPDRFVERILAAVPAPHPWYEQFGAAWSSAPA,69,hypothetical protein, ,Derived by automated computational analysis using gene prediction method: Protein Homology.,OG0000166,Shell,group_2132,Shell,Shell,Shell
GCF_026062495.1,ONE62_RS31470,MPVDLGMMVGEDAAVDVEAEPDRWLRFDCTGPRGRLAGHVGLR,43,hypothetical protein, ,Derived by automated computational analysis using gene prediction method: GeneMarkS-2+.,OG0000404,Cloud,group_1728,Cloud,Cloud,Cloud
GCF_026062495.1,ONE62_RS31660,MNPVNDPDIVFLADHSVLLAIPAFVPAFLVAGLVIYLAVRDRKAEAAENAESAKHGPSEKDEEN,64,hypothetical protein, ,Derived by automated computational analysis using gene prediction method: Protein Homology.,OG0000167,Shell,group_2396,Shell,Shell,Shell
GCF_026062495.1,ONE62_RS32240,MAAYQCPVCDYVYDEASGAPREGFPAGTAWADVPDDWCCPDCGVREKIDFDPRVA,55,rubredoxin, ,Derived by automated computational analysis using gene prediction method: Protein Homology.,OG0000053,Core,group_2321,Shell,Shell,Shell
GCF_026062495.1,ONE62_RS32245,MSTDFKLYRCVQCGFEYDEAEGWPEDGIEPGTRWDDIPEDWSCPDCGAAKADFDMVEVSRA,61,rubredoxin, ,Derived by automated computational analysis using gene prediction method: Protein Homology.,OG0000007,Conserved,group_2335,Shell,Shell,Shell
GCF_026062495.1,ONE62_RS32330,MTALMAREHAALTSFLLGLATYLDETHLLTLEGRDSGAIGRFGAQAAPH,49,hypothetical protein, ,Derived by automated computational analysis using gene prediction method: GeneMarkS-2+.,OG0000518,Cloud,group_1394,Cloud,Cloud,Cloud
GCF_026062495.1,ONE62_RS33530,MESTSQPSPRECPDCHALTADLEAHKLWHSRLVHDIATAVDKDISRRAHT,50,hypothetical protein, ,Derived by automated computational analysis using gene prediction method: Protein Homology.,OG0000227,Shell,group_1293,Shell,Cloud,Shell
GCF_026062495.1,ONE62_RS34075,MNVQDADVDVIDGVEGAGEVLGGVFTESRPLDRRTCAASAAVDRGPPPALTL,52,hypothetical protein, ,Derived by automated computational analysis using gene prediction method: GeneMarkS-2+.,OG0000907,Cloud,group_1207,Cloud,Cloud,Cloud
GCF_026062495.1,ONE62_RS34265,MGVGAFAEGDPRIVARLVLALIVSVWRWYRPEATCPSNRSSSWCARPPSS,50,hypothetical protein, ,Derived by automated computational analysis using gene prediction method: Protein Homology.,OG0000637,Cloud,group_1340,Cloud,Cloud,Cloud
GCF_026062495.1,ONE62_RS34635,MDTAAFGRALVAYLDVAAPAPLRPLLVERMITIARRRFWLGT,42,hypothetical protein, ,Derived by automated computational analysis using gene prediction method: Protein Homology.,OG0000196,Shell,group_2508,Cloud,,Cloud
GCF_026062495.1,ONE62_RS34700,MRITIDPDKCCGYGDCVLAAPDIFELGTDNVAHVLDAEPGPGLRDAAVEAAAACPVAAIEIG,62,ferredoxin, ,Derived by automated computational analysis using gene prediction method: Protein Homology.,OG0000001,Conserved,group_2498,Cloud,,Cloud
GCF_026062495.1,ONE62_RS34725,MQKRDTVVGHNATLRLLRSALVGRHAPELGRILDVAAFLLGADFTRDLELPVGSRADALPPFVGG,65,moad/this family protein, ,Derived by automated computational analysis using gene prediction method: GeneMarkS-2+.,OG0002155,,group_331,Cloud,,Probably not conserved
GCF_026062495.1,ONE62_RS35070,MVGKAVVATYHTLRKVEQFFRLAKSELKARPVFHRTRESIEAYPTIVLAAPAIARPRRAANAAKHY,66,hypothetical protein, ,Derived by automated computational analysis using gene prediction method: GeneMarkS-2+.,OG0000411,Cloud,group_2116,Cloud,,Cloud
GCF_026062495.1,ONE62_RS35100,MRWLAWIELDKAFALWGGPPLVLRMDNGPEFVSTVLQQFCRDRIGIC,47,hypothetical protein, ,Derived by automated computational analysis using gene prediction method: GeneMarkS-2+.,OG0002156,,,,,Probably not conserved
GCF_026062495.1,ONE62_RS35105,MVPVEDTEQHRMRGRLEVAVGGRFQQHMLLRETNLPEPVDSQKSRRRPPLPQRLGVVAQCGGAVEATT,68,hypothetical protein, ,Derived by automated computational analysis using gene prediction method: GeneMarkS-2+.,OG0000294,Cloud,group_2151,Shell,,Cloud
GCF_026062495.1,ONE62_RS35110,MPLLHVTQTPGQSAEAKRELLKKLTAAYVDATGAKPASVWVTIEEVSKDDWAIGGETLTERASKPA,66,4-oxalocrotonate tautomerase family protein, ,Derived by automated computational analysis using gene prediction method: Protein Homology.,OG0000224,Shell,group_213,Shell,,Shell
GCF_026062495.1,ONE62_RS35120,MGEKLAAAGSPKARHTQLRHTVIGRCRPGTAAAQTFRTPRRQLIGHRAEGMGIGAGGPTPR,61,hypothetical protein, ,Derived by automated computational analysis using gene prediction method: GeneMarkS-2+.,OG0002157,,group_655,Cloud,,Probably not conserved
GCF_026062495.1,ONE62_RS35125,MCGHAATFAGYTGTAPIEAFSGDVVRHRLSRAGDRQPHCALHTMAITQIGRDTPGRALLPN,61,is110 family transposase, ,Derived by automated computational analysis using gene prediction method: Protein Homology.,OG0002158,,group_656,Cloud,,Probably not conserved
GCF_026062495.1,ONE62_RS35300,MEIARDRVLALVGAELTDRDATLLRVFLDELKISRERALLHPRGARRPPRV,51,hypothetical protein, ,Derived by automated computational analysis using gene prediction method: GeneMarkS-2+.,OG0002159,,group_1286,Cloud,,Probably not conserved
GCF_026062495.1,ONE62_RS35360,MKSGTVVTDQSDDLGSITIGWDEKHSDTEITAEPGLPGQPQVSEFPTTRSVVAAR,55,hypothetical protein, ,Derived by automated computational analysis using gene prediction method: GeneMarkS-2+.,OG0002160,,group_1052,Cloud,,Probably not conserved
GCF_026062495.1,ONE62_RS35365,MGDLLVTVLLLGSFLGAALTIRYLNTRPTRPDGYPSPRDHHGI,43,hypothetical protein, ,Derived by automated computational analysis using gene prediction method: GeneMarkS-2+.,OG0000242,Shell,group_1752,Cloud,,Cloud
GCF_026062495.1,ONE62_RS35375,MGNLLITFVLLGSFLGAALMIRSLNTRSVRPAPVASQRRMTASSVDRQHRSTRL,54,hypothetical protein, ,Derived by automated computational analysis using gene prediction method: GeneMarkS-2+.,OG0000242,Shell,group_2249,Cloud,,Cloud
GCF_026062495.1,ONE62_RS35390,MNLDNAVGLVLVVLLAVFLIAALLFPERF,29,k(+)-transporting atpase subunit f, ,Derived by automated computational analysis using gene prediction method: Protein Homology.,OG0000395,Cloud,group_1949,Cloud,,Cloud
GCF_026062495.1,ONE62_RS35600,MSADDTEKLMLDRLYAAVLAVAGLGYGGYILLDELTGGSDTPGEEDQHLRRESSEQVSTA,60,hypothetical protein, ,Derived by automated computational analysis using gene prediction method: Protein Homology.,OG0000168,Shell,group_2489,Shell,Cloud,Shell
GCF_026062495.1,ONE62_RS35875,MTRDEGCCTSTTSSTANVRYPDLPRESIEQAVHSAHEHFANRKVRDFVPLLVERLAREKLQALVPT,66,hypothetical protein, ,Derived by automated computational analysis using gene prediction method: Protein Homology.,OG0000062,Soft core,group_2108,Cloud,Cloud,Cloud
GCF_026062495.1,ONE62_RS35905,MSVVARVFTPPLRELYALLVRVGVIEIIERTSLLPPAAEDVDGTVREGQCVVVVTCGVE,59,rv1535 domain-containing protein, ,Derived by automated computational analysis using gene prediction method: Protein Homology.,OG0000231,Shell,group_2109,Cloud,Cloud,Cloud
GCF_026062495.1,ONE62_RS35920,MSKEWVRISGRRQLCVTGAHRRRRSHLHRPTTGGRGAREEVRMLVLVRHAHAGEKKRWPGPDTYHP,66,hypothetical protein, ,Derived by automated computational analysis using gene prediction method: GeneMarkS-2+.,OG0002161,,group_261,Cloud,,Probably not conserved
GCF_026062495.1,ONE62_RS35965,MTDVPVECPARVNTTEWIKAHLERMGHADPAGDTRHEPDLRTHQPE,46,hypothetical protein, ,Derived by automated computational analysis using gene prediction method: GeneMarkS-2+.,OG0000201,Shell,group_2053,Cloud,Cloud,Cloud
GCF_026062495.1,ONE62_RS36050,MSIGKKLRHKAETTEGVAKKTVGKALGNERMEAEGRAQETKGKLKQSGDQIKQAGQKIKNIFKH,64,csbd family protein, ,Derived by automated computational analysis using gene prediction method: Protein Homology.,OG0000073,Shell,group_2502,Shell,Cloud,Shell
GCF_026062495.1,ONE62_RS36210,MSDPLDEELRFQIQRAQPEHPVADHPHYLGTRVRQLLRELTTVPA,45,hypothetical protein, ,Derived by automated computational analysis using gene prediction method: Protein Homology.,OG0000519,Cloud,group_1636,Cloud,Cloud,Cloud
GCF_026062495.1,ONE62_RS36250,MKILDGPASATGSARGIAERITAGLDSVDHDRRRPRGGSPGERR,44,hypothetical protein, ,Derived by automated computational analysis using gene prediction method: GeneMarkS-2+.,OG0002162,,group_1697,Cloud,,Probably not conserved
GCF_026062495.1,ONE62_RS36380,MTNTLFEEAYSGAPAVDHSSLRSSPYAAAWILEQFAAEAR,40,hypothetical protein, ,Derived by automated computational analysis using gene prediction method: GeneMarkS-2+.,OG0002163,,group_1912,Cloud,,Probably not conserved
GCF_026062495.1,ONE62_RS36810,MNSTTEEQHISVVRQRLAARFPTIDSGVINQAIDTAHHQFDGRPVRDFVPLLVERAALRSLTDDT,65,hypothetical protein, ,Derived by automated computational analysis using gene prediction method: Protein Homology.,OG0000062,Soft core,group_316,Cloud,Cloud,Cloud
GCF_026062495.1,ONE62_RS36955,MHPVAKRQRLEVLIGILGFFTVMAFIAAVVEVVRGDPGVTPALVLLGCLVLSGLAVVARNRVR,63,hypothetical protein, ,Derived by automated computational analysis using gene prediction method: Protein Homology.,OG0000051,Conserved,group_2423,Shell,Cloud,Cloud
GCF_026062495.1,ONE62_RS43370,MLLKGVLSPGDTVRVDADGAGLSIGVGSAAGDGAAPSGEG,40,hypothetical protein, ,Derived by automated computational analysis using gene prediction method: GeneMarkS-2+.,OG0002164,,group_1913,Cloud,,Probably not conserved
GCF_026062495.1,ONE62_RS37445,MSTSSVTVTGMTCNHCVSSVTEEISALPGVTSVNVDLATGKVVIDSTTDLDPSAVAGAVEEAGYSVAG,68,heavy metal-associated domain-containing protein, ,Derived by automated computational analysis using gene prediction method: Protein Homology.,OG0000006,Conserved,group_2406,Shell,Cloud,Cloud
GCF_026062495.1,ONE62_RS37740,MTELHAVLDTTVWERQWQQHFQRVSALLDTHTTAGERSDARTRITDADRTTIDRLLRRTFDA,62,hypothetical protein, ,Derived by automated computational analysis using gene prediction method: GeneMarkS-2+.,OG0000910,Cloud,group_563,Cloud,Cloud,Cloud
GCF_026062495.1,ONE62_RS37750,MKRNKLTHKHTDLKDLFYAQRRTRAGVPDNEVKLREQIAALKTNQSLRDANETATA,56,hypothetical protein, ,Derived by automated computational analysis using gene prediction method: GeneMarkS-2+.,OG0000911,Cloud,group_966,Cloud,Cloud,Cloud
GCF_026062495.1,ONE62_RS37985,MIDTCHGTLIVHTLYGAECTDESCVELSEARHALIIDCDEFGDCVCSAEFAEQLRHAS,58,hypothetical protein, ,Derived by automated computational analysis using gene prediction method: Protein Homology.,OG0000169,Shell,group_2231,Shell,Cloud,Shell
GCF_026062495.1,ONE62_RS38155,MAKGKRTFQPNNRRRARVHGFRLRMRTRAGRAIVSARRRKGRESLTA,47,50s ribosomal protein l34, ,Derived by automated computational analysis using gene prediction method: Protein Homology.,OG0000052,Conserved,rpmH,Conserved,Cloud,Cloud
GCF_026062495.1,ONE62_RS38235,MNADQHGALERVRDACAVLRTFMHAQHTGVSALVWYDTYRQLTGDLMDAVLGARTAGIPEHIIYDST,67,hypothetical protein, ,Derived by automated computational analysis using gene prediction method: Protein Homology.,OG0000135,Shell,,,,Probably not conserved
GCF_026062495.1,ONE62_RS38270,MMLVVALGDSGVDSVADGLQEVVLKAPIGGEPVVVDLLVAEIRPQGALLLSVSSHLRRSIVLSCTDCSTL,70,hypothetical protein, ,Derived by automated computational analysis using gene prediction method: GeneMarkS-2+.,OG0002165,,,,,Probably not conserved
GCF_026062495.1,ONE62_RS38360,MAEQGFGALTEIDIQAGATAKLGERMERNAILGACNSPPADRAVRPNRQIGLLLP,55,duf302 domain-containing protein, ,Derived by automated computational analysis using gene prediction method: Protein Homology.,OG0002166,,,,,Probably not conserved
GCF_026062495.1,ONE62_RS38365,MGEIEIGEFADAWAAGAPDVDVREPWEYRKAHVPGAQLLPLGQLGDRVTEIPSGAVV,57,hypothetical protein, ,Derived by automated computational analysis using gene prediction method: GeneMarkS-2+.,OG0002167,,,,,Probably not conserved
GCF_026062495.1,ONE62_RS38480,MVTSSATVAAPVFQVPLSLNNVTAATLGSDGLEFEIAPQPLDIAKCDLHFHFTDHHNADGDPARYRL,67,hypothetical protein, ,Derived by automated computational analysis using gene prediction method: GeneMarkS-2+.,OG0002168,,,,,Probably not conserved
GCF_026062495.1,ONE62_RS38555,MLEELAAAAVDRAMLAARRHFLVANVLTALSGGVVYMGLALYTRSLWLAIMTHGIYDCSSSG,62,cpbp family glutamic-type intramembrane protease, ,Derived by automated computational analysis using gene prediction method: GeneMarkS-2+.,OG0002169,,,,,Probably not conserved
GCF_026062495.1,ONE62_RS38765,MSAVPPAYARIDPSGRSLLVTGAESGMGRQAALLAAGRLRDLRRRRRQRDLTWTERLPEQ,60,hypothetical protein, ,Derived by automated computational analysis using gene prediction method: GeneMarkS-2+.,OG0002170,,,,,Probably not conserved
GCF_026062495.1,ONE62_RS38890,MTEAQGGRDPQDLIVLLDLEFLIATDARTARAELALRNSGSRTRTTRRPFATSVHLVGWRA,61,hypothetical protein, ,Derived by automated computational analysis using gene prediction method: GeneMarkS-2+.,OG0002171,,,,,Probably not conserved
GCF_026062495.1,ONE62_RS39160,MFFHPDNERGEPRASRVRAAKRICLRCPVRARCLNYALEAYERHGIWGRLHRGGA,55,whib family transcriptional regulator, ,Derived by automated computational analysis using gene prediction method: Protein Homology.,OG0000284,Cloud,,,,Probably not conserved
GCF_026062495.1,ONE62_RS39375,MHGLRHPYSGALYEPLGERRVQVTQRDGKVAVFAADGRWVSGDKIGADPQLTGWVAADRGIHRMAEK,67,transposase, ,Derived by automated computational analysis using gene prediction method: GeneMarkS-2+.,OG0000511,Cloud,group_2019,Cloud,,Cloud
GCF_026062495.1,ONE62_RS39440,MCAIVALFCALTGLFIPALVFGAIGYLETGGREHETGSGLAVAALILGAIELTAVVVAAVVVLVSLH,67,hypothetical protein, ,Derived by automated computational analysis using gene prediction method: Protein Homology.,OG0002172,,group_189,Cloud,,Probably not conserved
GCF_026062495.1,ONE62_RS39530,MTSTVETAIEVTAHGKRLAAGNRITHRLLPVVASQQPNLLGRATRKSA,48,hypothetical protein, ,Derived by automated computational analysis using gene prediction method: GeneMarkS-2+.,OG0002173,,group_1466,Cloud,,Probably not conserved
GCF_026062495.1,ONE62_RS39565,MNLNVVLLLLVLAGGIGGTAAVQAALRRGADRGRRAVFHVGG,42,hypothetical protein, ,Derived by automated computational analysis using gene prediction method: Protein Homology.,OG0000127,Shell,group_2474,Cloud,,Cloud
GCF_026062495.1,ONE62_RS39575,MADKSAVKSSKQSARALKERRAEKREKAVESTQLTRKRKS,40,hypothetical protein, ,Derived by automated computational analysis using gene prediction method: Protein Homology.,OG0000004,Core,group_2478,Cloud,,Cloud
GCF_026062495.1,ONE62_RS39800,MPHFRYVGTHERIHLGAATRMINYGDIVAARTNPDPRYFELVEPDQITQRLSRRTVGAPERE,62,hypothetical protein, ,Derived by automated computational analysis using gene prediction method: Protein Homology.,OG0000232,Shell,group_519,Cloud,,Cloud
GCF_026062495.1,ONE62_RS39865,MVSQVLGTERALNSVREALNALLADGGALHRRLVSIRAAAGLPEEMSALRVFDVIAWVDGQESRPRRAF,69,duf6308 family protein, ,Derived by automated computational analysis using gene prediction method: Protein Homology.,OG0000410,Cloud,group_42,Cloud,,Cloud
GCF_026062495.1,ONE62_RS39960,MASGIKEIVNVAEFIAGMVADAAAVPNKALTPLPDARIPFAVNMSRESD,49,hypothetical protein, ,Derived by automated computational analysis using gene prediction method: GeneMarkS-2+.,OG0002174,,group_1403,Cloud,,Probably not conserved
GCF_026062495.1,ONE62_RS40135,MLIDGNDIEVRLRPNGFANKDLRTLTDELRGLDPDTVSTGQMTYDLRG,48,hypothetical protein, ,Derived by automated computational analysis using gene prediction method: GeneMarkS-2+.,OG0002175,,group_1467,Cloud,,Probably not conserved
GCF_026062495.1,ONE62_RS40245,MKYVVDPALCTGHGQCFARASAVYSLDDEGFNAKMGVPVDVPPNLEDEAREGVQACPEGAIMLHQ,65,ferredoxin, ,Derived by automated computational analysis using gene prediction method: Protein Homology.,OG0000245,Shell,group_332,Cloud,,Cloud
GCF_026062495.1,ONE62_RS40260,MVDVELDQGYYERGIAARRDAHTHLTDVTDILDGIEEEADKLLADLFAILDRIESD,56,hypothetical protein, ,Derived by automated computational analysis using gene prediction method: GeneMarkS-2+.,OG0000468,Cloud,group_985,Cloud,,Cloud
GCF_026062495.1,ONE62_RS40270,MTTASMIPASSITSRPPVRRSTAMSTAEIKVRIEAMFADDRRPVHQTGPR,50,hypothetical protein, ,Derived by automated computational analysis using gene prediction method: Protein Homology.,OG0000002,Conserved,group_2361,Cloud,,Cloud
GCF_026062495.1,ONE62_RS40315,MPSLIFNGVTYGISQTRFEATRELLARFAEGHTLGVAMSLTHDGARHHLYITPGVPITLVE,61,hypothetical protein, ,Derived by automated computational analysis using gene prediction method: Protein Homology.,OG0000130,Shell,group_2022,Cloud,,Cloud
GCF_026062495.1,ONE62_RS40335,MENRGVIEHAKGALMASRGIGEDTAFASLVDASQRENVKLAAIAHRMITSLDCRS,55,antar domain-containing protein, ,Derived by automated computational analysis using gene prediction method: Protein Homology.,OG0000397,Cloud,group_2461,Cloud,,Cloud
GCF_026062495.1,ONE62_RS40350,MSNEPTLTQEQREAFWRLHGWRPNLPDSKRREIEQYWTDPEIVEAEALGF,50,hypothetical protein, ,Derived by automated computational analysis using gene prediction method: Protein Homology.,OG0000153,Shell,group_1326,Cloud,,Cloud
GCF_026062495.1,ONE62_RS40700,MPTLMLDALIAAATVTLRLCLPESVRVAVADLSRPAEKVRMFPLFSVGYLAADDSWTQR,59,hypothetical protein, ,Derived by automated computational analysis using gene prediction method: GeneMarkS-2+.,OG0002176,,group_794,Cloud,,Probably not conserved
GCF_026062495.1,ONE62_RS41040,MAVRVHAVDDGFVVDGEWEGCAAANAFLKHLAGRAFSAATVRAYAFDVLNLAPPV,55,hypothetical protein, ,Derived by automated computational analysis using gene prediction method: GeneMarkS-2+.,OG0002177,,group_1053,Cloud,,Probably not conserved
GCF_026062495.1,ONE62_RS41100,MRVGTRVLVRRQPEAATGVIVEDYAELTDTAGRGHDWAPVHRWAVALDDGRLVFADTEDLTVDIGTADSE,70,hypothetical protein, ,Derived by automated computational analysis using gene prediction method: Protein Homology.,OG0000236,Shell,,,,Probably not conserved
GCF_026062495.1,ONE62_RS41230,MRISLSTLKQLRIKGLFAPLTVPRSRHDVITATETRVAVSDALTGFLGRFLGHLRW,56,hypothetical protein, ,Derived by automated computational analysis using gene prediction method: GeneMarkS-2+.,OG0000582,Cloud,group_937,Cloud,,Cloud
GCF_026062495.1,ONE62_RS41245,MAIGFFSCGQRFPYRRAAHVLVRLWWFWRRDFFDNILRVV,40,hypothetical protein, ,Derived by automated computational analysis using gene prediction method: GeneMarkS-2+.,OG0000581,Cloud,group_2208,Cloud,,Cloud
GCF_026062495.1,ONE62_RS41275,MAALNDEQLDEIRRHLDEGMTPDAIADYLGRVADLDLMDIVTIRSAAVALSRGETP,56,hypothetical protein, ,Derived by automated computational analysis using gene prediction method: Protein Homology.,OG0000256,Shell,group_2367,Cloud,,Cloud
GCF_026062495.1,ONE62_RS41285,MTAKFELFKDTAGRFRFHLKAANGEIIAASQGYTSKAAAQNGIESIKSNAATAATEDLP,59,duf1508 domain-containing protein, ,Derived by automated computational analysis using gene prediction method: Protein Homology.,OG0000183,Shell,group_2207,Cloud,,Cloud
GCF_026062495.1,ONE62_RS41540,MGIGRLSLELAAGRTAAEAEREAARVLGETGWTDLTLQTTLTTGTAGRSRYTFTYGTDDPTDLSGTEEK,69,hypothetical protein, ,Derived by automated computational analysis using gene prediction method: Protein Homology.,OG0000279,Cloud,group_43,Cloud,,Cloud
GCF_026062495.1,ONE62_RS41810,MFGAKRPSWIADLRYAGEAVAGHYVANHVDVRGSWQWEIVFDAGAATTWFLEGHGGV,57,hypothetical protein, ,Derived by automated computational analysis using gene prediction method: GeneMarkS-2+.,OG0002178,,group_908,Cloud,,Probably not conserved
GCF_026062495.1,ONE62_RS41905,MTETDRKINEAFDRLLAGHPEITDGKLTVSNICVEAGVSRASYYRSPPGSRNQTTARHTANSPARTRRPP,70,hypothetical protein, ,Derived by automated computational analysis using gene prediction method: GeneMarkS-2+.,OG0002179,,,,,Probably not conserved
GCF_026062495.1,ONE62_RS41990,MDEHRQQLAQQVGACAGESVGQDLLQVDTWALVIAWSFIE,40,hypothetical protein, ,Derived by automated computational analysis using gene prediction method: GeneMarkS-2+.,OG0002180,,group_1914,Cloud,,Probably not conserved
GCF_026062495.1,ONE62_RS42335,MVIGDHSGAPDVRLPGRGPECRVLPLVWTKISVDEPWEDGINLDEAKIFILEVAKLVDAIETSGGTIV,68,hypothetical protein, ,Derived by automated computational analysis using gene prediction method: GeneMarkS-2+.,OG0002181,,group_116,Cloud,,Probably not conserved
GCF_026062495.1,ONE62_RS43445,MRLESFLDGDETVSRYTPGPAYSGGVPGHVYGGLIASLLDCH,42,hypothetical protein, ,Derived by automated computational analysis using gene prediction method: GeneMarkS-2+.,OG0002182,,group_1814,Cloud,,Probably not conserved
GCF_026062495.1,ONE62_RS42440,MASLTHPLEVKYRRARLLNVVLGVVVVFLGIVLAAQLLPGPNPTTAGGTTRTRGITTLRRRDRRTRLRAP,70,hypothetical protein, ,Derived by automated computational analysis using gene prediction method: GeneMarkS-2+.,OG0002183,,,,,Probably not conserved
GCF_026062495.1,ONE62_RS42475,MAVVRLVNAELTLHHCGGEPDRVLPDPATVVDPLRTWCSCTGYASSNAMPG,51,hypothetical protein, ,Derived by automated computational analysis using gene prediction method: GeneMarkS-2+.,OG0002184,,group_1287,Cloud,,Probably not conserved
GCF_026062495.1,ONE62_RS42585,MDLTREYVESSIPELRRSVDFTRGLQISAEANILGIFLILDSPGSAVQPPQEAPMITQGLFASTH,65,hypothetical protein, ,Derived by automated computational analysis using gene prediction method: GeneMarkS-2+.,OG0002185,,group_333,Cloud,,Probably not conserved
GCF_026062495.1,ONE62_RS42745,MRLAVSAIIVTPRALDEPMDDAIGRGATLAEEYRDGQIPR,40,hypothetical protein, ,Derived by automated computational analysis using gene prediction method: GeneMarkS-2+.,OG0002186,,group_1915,Cloud,,Probably not conserved
GCF_026062495.1,ONE62_RS42750,MDNFIHLTGDSWNFWSPFPPTVTSWLIDVMGQLSRAGIIPGGS,43,hypothetical protein, ,Derived by automated computational analysis using gene prediction method: Protein Homology.,OG0000266,Cloud,group_1742,Cloud,,Cloud
GCF_026062495.1,ONE62_RS42755,MVLTATAAADVRSVLIRSMLDEFEDPVADDEFIVALACRSLPIVVLGCRPSDADYRGL,58,hypothetical protein, ,Derived by automated computational analysis using gene prediction method: GeneMarkS-2+.,OG0002187,,,,,Probably not conserved
GCF_026062495.1,ONE62_RS42845,MTLRLPITLATDSDDAAIAALNRYCGRPYLGDEAYIGAHFDS,42,hypothetical protein, ,Derived by automated computational analysis using gene prediction method: GeneMarkS-2+.,OG0000240,Shell,,,,Probably not conserved
GCF_026062495.1,ONE62_RS42920,MGTDDPAVDPGEIDAWRSDTASAFASHTSEADHGVHHIHRGTVAVLMGQVSERTNDAIAS,60,hypothetical protein, ,Derived by automated computational analysis using gene prediction method: GeneMarkS-2+.,OG0002188,,,,,Probably not conserved
GCF_026062495.1,ONE62_RS42940,MNSAEEVRQISQVVTRLLNKFPTAPREAVEAAVEAAVAHFAGCPIRDFVPLFVERTATAKLAALLEA,67,hypothetical protein, ,Derived by automated computational analysis using gene prediction method: Protein Homology.,OG0000062,Soft core,,,,Probably not conserved
GCF_026062495.1,ONE62_RS43075,MNSAEEVRQLSRVTVRLLNKFPAASREAVGIAVGEAVAHFAGCPIRDFVPLLVERAVTAKLGSLLEA,67,hypothetical protein, ,Derived by automated computational analysis using gene prediction method: Protein Homology.,OG0000062,Soft core,,,,Probably not conserved
GCF_026062495.1,ONE62_RS43080,MTCDAVAEDSDAAQARIFLDQLDAEIDIITARIVIVDALAEGAHRAHRLIRRRA,54,hypothetical protein, ,Derived by automated computational analysis using gene prediction method: GeneMarkS-2+.,OG0000844,Cloud,,,,Probably not conserved
GCF_026062495.1,ONE62_RS43140,MTDGPAEYTPPGSARAHTTEWIKAHLERMDRTDPQAAPTTGGTATQPT,48,hypothetical protein, ,Derived by automated computational analysis using gene prediction method: GeneMarkS-2+.,OG0000201,Shell,,,,Probably not conserved
GCF_026062495.1,ONE62_RS43155,MNSAEEARQISQVTTRLLTKFPTATREVVESAVEEAAANFENGRIRDFVPLLIERSATAKLVTLIET,67,hypothetical protein, ,Derived by automated computational analysis using gene prediction method: Protein Homology.,OG0000062,Soft core,,,Cloud,Cloud
GCF_026062495.1,ONE62_RS43175,MSTIDTRSAETNNSTATTFGSTADLTSALIRAAIAHGEHETRTGAADPNWPGWYAAYMVAEQAGTEPPL,69,glyoxalase, ,Derived by automated computational analysis using gene prediction method: Protein Homology.,OG0000221,Shell,,,,Probably not conserved
GCF_026062495.1,ONE62_RS43205,MNSAEEVRQLSRVTVRLLNKFPAASREAVGIAVGEAVAHFAGCPIRDFVPLLVERAVTAKLGSLLEA,67,hypothetical protein, ,Derived by automated computational analysis using gene prediction method: Protein Homology.,OG0000062,Soft core,,,Cloud,Cloud
GCF_026074015.1,OQH86_RS00510,MSNISFDSVSNSAPANALQGVGTNALVDNPFTFEPVAEATSAHALQGVGTNALVDNPFSFQS,62,streptamidine-related ripp repeat protein, ,Derived by automated computational analysis using gene prediction method: Protein Homology.,OG0000093,Soft core,group_2291,Soft core,Soft core,Soft core
GCF_026074015.1,OQH86_RS00705,MFNDVFNNVIHPMVTNFQQLGPQQFIPQQFIPQGVFQQAPQAAEQAVTIFSS,52,hypothetical protein, ,Derived by automated computational analysis using gene prediction method: Protein Homology.,OG0000075,Soft core,group_2178,Soft core,Soft core,Soft core
GCF_026074015.1,OQH86_RS01365,MPINETQIPPTVEAFPYKKGTIVIQRDPRAPLVADGSRSIRAAVGLLTERPEVRLPKGSRRL,62,hypothetical protein, ,Derived by automated computational analysis using gene prediction method: GeneMarkS-2+.,OG0000305,Cloud,group_523,Cloud,Cloud,Cloud
GCF_026074015.1,OQH86_RS01625,MGIADKAQNKAEDLGGKAKEAAGSATGDRDLENEGKGDQVKSAVKDAGEKVKDAASSIKDKLT,63,csbd family protein, ,Derived by automated computational analysis using gene prediction method: Protein Homology.,OG0000011,Conserved,group_2411,Conserved,Soft core,Soft core
GCF_026074015.1,OQH86_RS01640,MADLTLLTDDELRERRIALSRSLTTAADLIPTPPPSFFEKLKQDIDAAAAEWIARRS,57,hypothetical protein, ,Derived by automated computational analysis using gene prediction method: Protein Homology.,OG0000076,Soft core,group_2322,Soft core,Soft core,Soft core
GCF_026074015.1,OQH86_RS02385,MSEITSWEYTVTPLLVHNPKAILDNWGVDGWELVAVLPSASGEQHVAYMKRPKG,54,hypothetical protein, ,Derived by automated computational analysis using gene prediction method: Protein Homology.,OG0000012,Conserved,group_2273,Conserved,Soft core,Soft core
GCF_026074015.1,OQH86_RS02585,MISKTLRTVSARFALLVAEDDGMSTAEYAIGTIAAAAFGAVLYTVVTGDSIVSALTGIIDKALKTAV,67,duf4244 domain-containing protein, ,Derived by automated computational analysis using gene prediction method: Protein Homology.,OG0000094,Soft core,group_2136,Soft core,Soft core,Soft core
GCF_026074015.1,OQH86_RS02605,MAQGTVKWFNAEKGFGFIAPEDGSADVFVHYSEIQGNGFRTLEENQRVEFEVGQGTKGPQATGVRAV,67,cold-shock protein, ,Derived by automated computational analysis using gene prediction method: Protein Homology.,OG0000013,Conserved,group_128,Conserved,Soft core,Soft core
GCF_026074015.1,OQH86_RS02640,MADSLKARVKEKLLRQLAEDGRHPIQEAEGDDPRLVSINDDLEALEQAEEGDPIVEELAERYWVP,65,hypothetical protein, ,Derived by automated computational analysis using gene prediction method: Protein Homology.,OG0000014,Conserved,group_2342,Conserved,Soft core,Soft core
GCF_026074015.1,OQH86_RS02800,MGSADVMAWLAEGYLAGDPIRYPLYVGSMFLAMPFQLIGVILGHPF,46,hypothetical protein, ,Derived by automated computational analysis using gene prediction method: Protein Homology.,OG0000061,Soft core,group_1542,Soft core,Soft core,Soft core
GCF_026074015.1,OQH86_RS03135,MFVALGSLGAVMTIAMALLFVAAVVAVVDPGEALLGVVGL,40,hypothetical protein, ,Derived by automated computational analysis using gene prediction method: GeneMarkS-2+.,OG0002189,,group_1916,Cloud,,Probably not conserved
GCF_026074015.1,OQH86_RS03185,MATTAAVQNPTRSRARTMSLSEYVAEHPAQRVFPPTSERAARMAMLIMFALMAVTLVVLVLDEAGIFG,68,hypothetical protein, ,Derived by automated computational analysis using gene prediction method: GeneMarkS-2+.,OG0000095,Soft core,group_53,Soft core,Soft core,Soft core
GCF_026074015.1,OQH86_RS03440,MALAYSPDTSIDSTRLAFLAAAVVLFAMLALYLVGFDQGAISRTGMYMHELMHDGRHLMGLPCH,64,cbtb domain-containing protein, ,Derived by automated computational analysis using gene prediction method: Protein Homology.,OG0000008,Conserved,group_2468,Conserved,Core,Conserved
GCF_026074015.1,OQH86_RS03865,MNAYICPICDYTYTESTGAAREGFPPGTPWSSIPDDWCCPDCGVREKVDFTLVTQS,56,rubredoxin, ,Derived by automated computational analysis using gene prediction method: Protein Homology.,OG0000096,Soft core,group_2166,Soft core,Soft core,Soft core
GCF_026074015.1,OQH86_RS03870,MSETATAYKLFRCLQCGFEYDEAIGWPDDGIEPGTRWDEIPEDWSCPDCGAAKVDFEMVEVDR,63,rubredoxin, ,Derived by automated computational analysis using gene prediction method: Protein Homology.,OG0000097,Soft core,group_421,Soft core,Soft core,Soft core
GCF_026074015.1,OQH86_RS04185,MTKRPAVGIVLLSAALATGACSASVGTPQVDKSEVASQISTQLAEKIGEPPDDVTCPENLDAEVGASIT,69,duf4333 domain-containing protein, ,Derived by automated computational analysis using gene prediction method: Protein Homology.,OG0002190,,group_44,Cloud,,Probably not conserved
GCF_026074015.1,OQH86_RS04410,MKNPNLTPSRVLAVVLAAALVIFVIARRRDDGALSRGEWLSDTVGPDDLAG,51,hypothetical protein, ,Derived by automated computational analysis using gene prediction method: Protein Homology.,OG0000077,Soft core,group_2167,Soft core,Soft core,Soft core
GCF_026074015.1,OQH86_RS04505,MEVRVDLDRCEANGVCVGIAPDIFDLDDNEELVISSVRPPEDRWEDVRSAIAQCPRAALTEHP,63,ferredoxin, ,Derived by automated computational analysis using gene prediction method: Protein Homology.,OG0000005,Conserved,group_423,Soft core,Soft core,Soft core
GCF_026074015.1,OQH86_RS04570,MAENTTVETEIADEDLEPVADETARQAQRVVAAYAEDADECRMLLSMLGISPAAKLD,57,hypothetical protein, ,Derived by automated computational analysis using gene prediction method: Protein Homology.,OG0000015,Conserved,group_2168,Soft core,Soft core,Soft core
GCF_026074015.1,OQH86_RS05270,MTKFLVPGVASAVIGAVLGAGVIFGVTAAASDNTRPEIDRSGNADSSVLNQVEYGSR,57,duf2613 domain-containing protein, ,Derived by automated computational analysis using gene prediction method: Protein Homology.,OG0000016,Conserved,group_855,Soft core,Soft core,Soft core
GCF_026074015.1,OQH86_RS05405,MVGLIVLAALVLASVLVGFVFRRPIAEAKSAVLAFDDASSQPQRD,45,hypothetical protein, ,Derived by automated computational analysis using gene prediction method: GeneMarkS-2+.,OG0000098,Soft core,group_2198,Soft core,Soft core,Soft core
GCF_026074015.1,OQH86_RS05415,MGSTETDLKAWEAIGKGIGGVAGLFAGVIAIISAVTAAQSLS,42,hypothetical protein, ,Derived by automated computational analysis using gene prediction method: GeneMarkS-2+.,OG0000065,Soft core,group_2206,Cloud,Shell,Cloud
GCF_026074015.1,OQH86_RS05480,MPERGQSRVDAGIIAVVAVITGVFVALTGHGLVAALATVVGLALGMAIVRYLIKGR,56,hypothetical protein, ,Derived by automated computational analysis using gene prediction method: Protein Homology.,OG0000078,Soft core,group_2220,Soft core,Soft core,Soft core
GCF_026074015.1,OQH86_RS05625,MMRIVTLIVLIWLIVGAVAAGQRGYYSSSPTNCAGVGTIALTVIAGPLNYFGVNPKVTDCTLPQPTE,67,hypothetical protein, ,Derived by automated computational analysis using gene prediction method: Protein Homology.,OG0000017,Conserved,group_129,Soft core,Soft core,Soft core
GCF_026074015.1,OQH86_RS05630,MIILGVILLIIGFVVNIPILWTIGVVLLVIGIILYALGAAGHAIGGRRHYY,51,duf6131 family protein, ,Derived by automated computational analysis using gene prediction method: Protein Homology.,OG0000000,Conserved,group_1229,Soft core,Soft core,Soft core
GCF_026074015.1,OQH86_RS05675,MTDKDDNDQSPKGGHPGPVDKGGDGGMATREQAPELVEETSGEKSDDE,48,hypothetical protein, ,Derived by automated computational analysis using gene prediction method: Protein Homology.,OG0000018,Core,group_2221,Soft core,Soft core,Soft core
GCF_026074015.1,OQH86_RS05755,MSIRRCSLASGRALRTARFGVATFRRGRKAIDRRPSGLVWIERALAAPAGSV,52,hypothetical protein, ,Derived by automated computational analysis using gene prediction method: GeneMarkS-2+.,OG0000142,Shell,group_2080,Shell,Shell,Shell
GCF_026074015.1,OQH86_RS05775,MIVLGIILALIGFFTGLSILTTVGIILVVVGAVLSILGATGRAVGGRKVWY,51,duf6131 family protein, ,Derived by automated computational analysis using gene prediction method: Protein Homology.,OG0000000,Conserved,group_1230,Soft core,Soft core,Soft core
GCF_026074015.1,OQH86_RS06065,MPAPIMAPAAALAEPVVWNEDPQRQGWWKRILAATPPENPTKEEFQP,47,hypothetical protein, ,Derived by automated computational analysis using gene prediction method: Protein Homology.,OG0000118,Soft core,group_2222,Soft core,Soft core,Soft core
GCF_026074015.1,OQH86_RS06155,MGALSPTHWAIVAVVLVVLFGSKKLPDAARGLGRSMRILKSEVGELQSDTDLALEQRD,58,sec-independent protein translocase subunit tata, ,Derived by automated computational analysis using gene prediction method: Protein Homology.,OG0000019,Conserved,tatA,Soft core,Soft core,Soft core
GCF_026074015.1,OQH86_RS06200,MAQGSVKWFNGEKGFGFIEQEGGGPDVFVHYSEIQGSGYKSLDEGQKVEFEIGQGQKGPQAQNVRAI,67,cold-shock protein, ,Derived by automated computational analysis using gene prediction method: Protein Homology.,OG0000069,Soft core,group_130,Soft core,Soft core,Soft core
GCF_026074015.1,OQH86_RS06255,MTTIDIPPTQGESTTGIGITVASATLTTEEVKRRIAMMYGDPVTEEPVALAH,52,hypothetical protein, ,Derived by automated computational analysis using gene prediction method: Protein Homology.,OG0000002,Conserved,group_2274,Soft core,Soft core,Soft core
GCF_026074015.1,OQH86_RS06280,MSEQNSTDRTDQTDEPQTTGTDHGPGTGSDTAPKDVQTDPSGERTWADEGGASSTGPATDTD,62,pi-type proteinase, ,Derived by automated computational analysis using gene prediction method: Protein Homology.,OG0000020,Core,group_2297,Soft core,Soft core,Soft core
GCF_026074015.1,OQH86_RS06310,MGGSADALNRALERVDRDFASPIGVVVRTSLRGTMRQIAKPVRAQYTRVRARFPGAKTYTEI,62,hypothetical protein, ,Derived by automated computational analysis using gene prediction method: GeneMarkS-2+.,OG0000115,Soft core,group_2190,Soft core,Soft core,Soft core
GCF_026074015.1,OQH86_RS06315,MTTSTVGLLAGLLLGVAAAAGGFTGFLIALVLGVIGYLVGGQRDGEFDLGVMLKGRGRG,59,hypothetical protein, ,Derived by automated computational analysis using gene prediction method: Protein Homology.,OG0000099,Soft core,group_732,Soft core,Soft core,Soft core
GCF_026074015.1,OQH86_RS06335,MDVAVALCVTVLLATVTSMAIAIVVTLIMCASVSVVSRMW,40,hypothetical protein, ,Derived by automated computational analysis using gene prediction method: GeneMarkS-2+.,OG0000187,Shell,group_2158,Soft core,Shell,Shell
GCF_026074015.1,OQH86_RS06345,MSDFIDKAKHRAEDLIGEAKEKFGNATGNDDLAAEGVADQGEAKVKKAGDTVSDKVSDIKDKFTS,65,csbd family protein, ,Derived by automated computational analysis using gene prediction method: Protein Homology.,OG0000074,Soft core,group_2191,Soft core,Soft core,Soft core
GCF_026074015.1,OQH86_RS07070,MGSLGNLLKANGMGWGILQLLPLVNMLKTLQGLDTASSNS,40,hypothetical protein, ,Derived by automated computational analysis using gene prediction method: GeneMarkS-2+.,OG0000080,Soft core,group_2512,Soft core,Soft core,Soft core
GCF_026074015.1,OQH86_RS07075,MGSFEDFSGVVKTFIPVLKDLFTALGGGSLTPGTGSAADK,40,hypothetical protein, ,Derived by automated computational analysis using gene prediction method: GeneMarkS-2+.,OG0000108,Soft core,group_2511,Soft core,Soft core,Soft core
GCF_026074015.1,OQH86_RS07080,MFGSLSTLGPLLTALGAFLKSVPTESLSGKGEGSSTGSLSGLSSGSAE,48,hypothetical protein, ,Derived by automated computational analysis using gene prediction method: Protein Homology.,OG0000081,Soft core,group_2510,Soft core,Soft core,Soft core
GCF_026074015.1,OQH86_RS33830,MKAVEGGFDTAWSRRHVDLCRTAGSFCTN,29,putative leader peptide, ,Derived by automated computational analysis using gene prediction method: Protein Homology.,OG0000132,Shell,group_1947,Shell,Shell,Shell
GCF_026074015.1,OQH86_RS07290,MGSLDTGSLSTESLEDLNLGKISELLKLGITAVSFITALNSLS,43,hypothetical protein, ,Derived by automated computational analysis using gene prediction method: GeneMarkS-2+.,OG0000067,Soft core,group_2503,Soft core,Soft core,Soft core
GCF_026074015.1,OQH86_RS07455,MDEGTWTRGRAWALSIALVALPYYRDTNEQITAWAKHAIAQVVDDIRTEP,50,hypothetical protein, ,Derived by automated computational analysis using gene prediction method: Protein Homology.,OG0000155,Shell,group_2238,Shell,Shell,Shell
GCF_026074015.1,OQH86_RS07550,MGSLMDILGGPNGDGAPMQALLTMLLGLDNVGANLFGSLADTAGGIFGSLDTLSFTPPVVP,61,hypothetical protein, ,Derived by automated computational analysis using gene prediction method: GeneMarkS-2+.,OG0000188,Shell,group_2425,Shell,Shell,Shell
GCF_026074015.1,OQH86_RS07555,MLEGSVMDAAGSVGAIIGQGLGSVSGLAVKGLEALAALSGGELKAAK,47,hypothetical protein, ,Derived by automated computational analysis using gene prediction method: Protein Homology.,OG0000138,Shell,group_2381,Shell,Shell,Shell
GCF_026074015.1,OQH86_RS07560,MTFESNTPRPFTRSNDKKMFAGVCGGIADYFGADVNLVRLLAVIAAICTGGTAALVYLAAWMLMPLG,67,pspc domain-containing protein, ,Derived by automated computational analysis using gene prediction method: Protein Homology.,OG0000021,Conserved,group_2380,Conserved,Soft core,Soft core
GCF_026074015.1,OQH86_RS08070,MGSSHDGKPAVAGTQFLTVAEVATLMRVSKMTVYRLVHSGELPAVRVGRSFRVHAKAVHDYLETSYFDAG,70,helix-turn-helix domain-containing protein, ,Derived by automated computational analysis using gene prediction method: Protein Homology.,OG0000071,Soft core,,,Soft core,Soft core
GCF_026074015.1,OQH86_RS08075,MGSVIKKRRKRMSKKKHRKLLRRTRVQRRKLGK,33,aurkaip1/cox24 domain-containing protein, ,Derived by automated computational analysis using gene prediction method: Protein Homology.,OG0000022,Conserved,group_1939,Conserved,Conserved,Conserved
GCF_026074015.1,OQH86_RS08130,MSSQEALRTESTHDAPLRQRGSRTEVILFAILGASVLVTLLMLMIPGIVSG,51,hypothetical protein, ,Derived by automated computational analysis using gene prediction method: Protein Homology.,OG0000100,Soft core,group_1231,Soft core,Soft core,Soft core
GCF_026074015.1,OQH86_RS08260,MLYLLALVGLVTLIVLMWKAFGPDPSTRTPVSGVRGPDDDPEFLWNVNQQTRRKRTEGPDVPPTDAST,68,hypothetical protein, ,Derived by automated computational analysis using gene prediction method: Protein Homology.,OG0000023,Conserved,group_2362,Soft core,Conserved,Soft core
GCF_026074015.1,OQH86_RS08265,MSAPTFNTAADALMTPGQVAALFHVDPKTVTRWAHAGRLGSLRTPGGHRRFRETEVMQLLRSLTTEADNN,70,bldc family transcriptional regulator, ,Derived by automated computational analysis using gene prediction method: Protein Homology.,OG0000068,Soft core,,,Soft core,Soft core
GCF_026074015.1,OQH86_RS08470,MASSTDVRPKITLACEVCKHRNYITKKNRRNDPDRLELKKFCPNCGTHQSHRESK,55,50s ribosomal protein l33, ,Derived by automated computational analysis using gene prediction method: Protein Homology.,OG0000024,Conserved,rpmG,Conserved,Soft core,Soft core
GCF_026074015.1,OQH86_RS08605,MAGKKLDRTNARTALEVVRESPTIAFITVAPAVVVFGVVWWLFGFWAAILLALVFGVAAVATQKLR,66,hypothetical protein, ,Derived by automated computational analysis using gene prediction method: Protein Homology.,OG0000025,Conserved,group_2209,Conserved,Soft core,Soft core
GCF_026074015.1,OQH86_RS08750,MNSTTVGLLVGLLLALAGIMGGFSGFVFAVLLGAAGMAIGAHRDGHLDLGAILRSRGRG,59,hypothetical protein, ,Derived by automated computational analysis using gene prediction method: Protein Homology.,OG0000026,Conserved,group_2303,Conserved,Soft core,Soft core
GCF_026074015.1,OQH86_RS08875,MRLSTRNQLTGTITEVNLGTVMATVKVKLDGGNQIVTSSITRDAALDLDLEPGQAATVFVKSTEVTIGVE,70,tobe domain-containing protein, ,Derived by automated computational analysis using gene prediction method: Protein Homology.,OG0000064,Soft core,,,Soft core,Soft core
GCF_026074015.1,OQH86_RS08880,MTEPVKGPASYFPSIEKKYGRPIGEWQELIRSSDLTKHMELVNWLKSEHGMGHGHANALVAHTLKEG,67,duf4287 domain-containing protein, ,Derived by automated computational analysis using gene prediction method: Protein Homology.,OG0000027,Conserved,group_2329,Soft core,Soft core,Soft core
GCF_026074015.1,OQH86_RS08895,MSDRDNKALENDLVEESLVEEVSIDGMCGVY,31,mycofactocin precursor mfta, ,"Mycofactocin is a small molecule electron carrier derived from the final two amino acids, Val-Tyr, of MftA, the mycofactocin precursor. It plays a role in redox homeostasis and the metabolism of alcohols and aldehydes in Actinobacteria, including Mycobacterium tuberculosis; Derived by automated computational analysis using gene prediction method: Protein Homology.",OG0000009,Conserved,group_2326,Conserved,Soft core,Soft core
GCF_026074015.1,OQH86_RS09250,MAKKALVNKANKKPKFAVRAYTRCQRCGRPHSVFRKFGLCRICVREMAHAGELPGVRKSSW,61,type z 30s ribosomal protein s14, ,Derived by automated computational analysis using gene prediction method: Protein Homology.,OG0000028,Conserved,group_2294,Conserved,Soft core,Soft core
GCF_026074015.1,OQH86_RS09275,MADLKVTQIKSIIGTKQNQKDSLRTLGLKGIRQTVVREDNAQNRGLINVVRHLVTVEEV,59,50s ribosomal protein l30, ,Derived by automated computational analysis using gene prediction method: Protein Homology.,OG0000029,Conserved,rpmD,Conserved,Soft core,Soft core
GCF_026074015.1,OQH86_RS09305,MKVQPSVKKICEKCKVIRRNGRVMVICENLRHKQRQG,37,50s ribosomal protein l36, ,Derived by automated computational analysis using gene prediction method: Protein Homology.,OG0000030,Conserved,rpmJ,Conserved,Soft core,Soft core
GCF_026074015.1,OQH86_RS09850,MTIFEWILAIPALALAVAFLFSGIISAGIDFDAEDGVMTH,40,hypothetical protein, ,Derived by automated computational analysis using gene prediction method: GeneMarkS-2+.,OG0000082,Soft core,group_2186,Soft core,Soft core,Soft core
GCF_026074015.1,OQH86_RS10700,MSRYRCPVCEYVYDESKGAPREGFPAGTPWDAVPDDWCCPDCGVREKLDFEPMPATAGSES,61,rubredoxin, ,Derived by automated computational analysis using gene prediction method: Protein Homology.,OG0000053,Core,group_2279,Soft core,Soft core,Soft core
GCF_026074015.1,OQH86_RS10705,MNDYKLYQCAQCGFEYDEAVGWPEDGIEPGTRWDDIPEDWSCPDCGAAKSDFFMVEVERR,60,rubredoxin, ,Derived by automated computational analysis using gene prediction method: Protein Homology.,OG0000007,Conserved,group_2155,Soft core,Soft core,Soft core
GCF_026074015.1,OQH86_RS10845,MRPPSLPKVGPWTEEDAAHLEKVLATFPVWNSEQIAVARRAFQSAVDNIAAQERQGEAA,59,hypothetical protein, ,Derived by automated computational analysis using gene prediction method: GeneMarkS-2+.,OG0000477,Cloud,group_795,Cloud,,Cloud
GCF_026074015.1,OQH86_RS10855,MSNSSREFQNELQAKLDEVTGGIAHPAPSAFDIEAYIFMLTDEEFNDLVRRTRPRKDETGERP,63,hypothetical protein, ,Derived by automated computational analysis using gene prediction method: GeneMarkS-2+.,OG0000328,Cloud,group_487,Cloud,,Cloud
GCF_026074015.1,OQH86_RS10890,MIPDPPTGMGPWEQVRQLEFLRAYKDDLPTLRIESTIADRHYTTFWISHYKNGGRP,56,hypothetical protein, ,Derived by automated computational analysis using gene prediction method: Protein Homology.,OG0000898,Cloud,group_986,Cloud,Cloud,Cloud
GCF_026074015.1,OQH86_RS10895,MNFHSNGVQATDFHVDRLRNRVVIDFLRLNEDAAEGDPNEWEIVFSESRPLDELRDLLKEAS,62,hypothetical protein, ,Derived by automated computational analysis using gene prediction method: GeneMarkS-2+.,OG0000628,Cloud,group_578,Cloud,,Cloud
GCF_026074015.1,OQH86_RS10940,MSYVILQTDKGSTTPDDVRGPYDTRQDAAEDLHYLIDAELHLRKGVTYQLGRVEVEK,57,hypothetical protein, ,Derived by automated computational analysis using gene prediction method: GeneMarkS-2+.,OG0000627,Cloud,group_909,Cloud,,Cloud
GCF_026074015.1,OQH86_RS10950,MTSLVKFRYHFTFTATAFGITAAGLVFAGFLTLTALSDVLERHPGTRNS,49,hypothetical protein, ,Derived by automated computational analysis using gene prediction method: GeneMarkS-2+.,OG0000608,Cloud,group_1404,Cloud,,Cloud
GCF_026074015.1,OQH86_RS10960,MSEQFNARDFDDDYKIDMVQAYPDISQTPNRGSKHFYFSYEELQECFARILAAKNLAPVHRLYLDEKSRA,70,hypothetical protein, ,Derived by automated computational analysis using gene prediction method: GeneMarkS-2+.,OG0002191,,,,,Probably not conserved
GCF_026074015.1,OQH86_RS10965,MSDLPIGIGWKREGDKVVAHVIEAHPGGRRSELVKVTYTLEQAAENAKQLLAAMGGKS,58,hypothetical protein, ,Derived by automated computational analysis using gene prediction method: GeneMarkS-2+.,OG0002192,,group_852,Cloud,,Probably not conserved
GCF_026074015.1,OQH86_RS10985,MSEIETAAVAMMREQVAEDLESMHRGDMSFNEFCMFNFSRFGSLFGDWMAEQMSDTPEEQ,60,hypothetical protein, ,Derived by automated computational analysis using gene prediction method: GeneMarkS-2+.,OG0002193,,group_721,Cloud,,Probably not conserved
GCF_026074015.1,OQH86_RS11000,MQNITIGRYEHESVAREYAGWIEGIRNDGSTWIMWLDENGSPTQYFAHRDVDGGIEGEAVALS,63,hypothetical protein, ,Derived by automated computational analysis using gene prediction method: GeneMarkS-2+.,OG0000886,Cloud,group_488,Cloud,,Cloud
GCF_026074015.1,OQH86_RS11025,MTADQSNRIALAENLVTEAEARVVRAENELLAAQVGCDAAHQRLQCAQSEVATC,54,hypothetical protein, ,Derived by automated computational analysis using gene prediction method: GeneMarkS-2+.,OG0002194,,group_1106,Cloud,,Probably not conserved
GCF_026074015.1,OQH86_RS11105,MSFKPITLISPKGNEYVTDNAIEFNNLTNKGYTPKQNVKPETVLARAAESKSDTK,55,hypothetical protein, ,Derived by automated computational analysis using gene prediction method: GeneMarkS-2+.,OG0002195,,group_1054,Cloud,,Probably not conserved
GCF_026074015.1,OQH86_RS11775,MATDPAPRSERKKILLRLDPAVHDALARWAADDLRSTNAQIEFLLRRALTEHGRMPKNAGKMHGPGRPPA,70,hypothetical protein, ,Derived by automated computational analysis using gene prediction method: Protein Homology.,OG0000114,Soft core,,,Cloud,Cloud
GCF_026074015.1,OQH86_RS12055,MSDLDSNTPSEPESQSEETKRKFREALERKNHQNAKSTDHRDGQSKVHNTHGPADHKREFRRKSG,65,duf5302 domain-containing protein, ,Derived by automated computational analysis using gene prediction method: Protein Homology.,OG0000031,Conserved,group_2470,Core,Cloud,Cloud
GCF_026074015.1,OQH86_RS12140,MAAVCDVCAKGPGFGKSVSHSHRRTNRRWNPNIQSVRTEVAPGNTRKVNVCTSCLKAGKVARG,63,50s ribosomal protein l28, ,Derived by automated computational analysis using gene prediction method: Protein Homology.,OG0000032,Conserved,rpmB,Conserved,Cloud,Cloud
GCF_026074015.1,OQH86_RS12180,MAVPKRKMSRSNTRSRRSQWKTTVPTLVTCPNRGCGEQTLPHIACPSCGTYKGRQVTAAV,60,50s ribosomal protein l32, ,Derived by automated computational analysis using gene prediction method: Protein Homology.,OG0000033,Conserved,group_2479,Conserved,Cloud,Cloud
GCF_026074015.1,OQH86_RS12415,MNLLSYLIPALKLAGRWIAMFLVIAVIIVGTLYLSLFIVPVLIWHT,46,hypothetical protein, ,Derived by automated computational analysis using gene prediction method: GeneMarkS-2+.,OG0000310,Cloud,group_2354,Cloud,Cloud,Cloud
GCF_026074015.1,OQH86_RS12425,MATRETHTAKILKLLKAKGKVSNLELRKVAWRYPARVLDLKHEGHLIRSVHDKGPLWFYIYDGEQDEQVT,70,hypothetical protein, ,Derived by automated computational analysis using gene prediction method: GeneMarkS-2+.,OG0000505,Cloud,,,Cloud,Cloud
GCF_026074015.1,OQH86_RS12660,MGKSIEKNKSVPEEPREESTDKQTFFLPFKRKVIEAETLEEVVELMMKEEDGDAN,55,hypothetical protein, ,Derived by automated computational analysis using gene prediction method: GeneMarkS-2+.,OG0000414,Cloud,group_2442,Cloud,Cloud,Cloud
GCF_026074015.1,OQH86_RS12690,MDVPASVKDDLLIFRYQQVFNLSYNDVLREPEEALERAILIWSLYDERDKLEEKRRQRNN,60,hypothetical protein, ,Derived by automated computational analysis using gene prediction method: GeneMarkS-2+.,OG0002196,,group_722,Cloud,,Probably not conserved
GCF_026074015.1,OQH86_RS12730,MNHKYDQPTSAPTSKVAAAGIGGSVAIVLIWLAGQFGVELSAEVASAITAIVAFAAGYFKRSSTN,65,hypothetical protein, ,Derived by automated computational analysis using gene prediction method: GeneMarkS-2+.,OG0000532,Cloud,group_2428,Cloud,Cloud,Cloud
GCF_026074015.1,OQH86_RS12765,MTLQAEAVTTIEKLVEDAHEMASAVDDLREENPALAMIMLVSLNAYLEHIQFRISQAVQHSP,62,hypothetical protein, ,Derived by automated computational analysis using gene prediction method: GeneMarkS-2+.,OG0000533,Cloud,group_2427,Cloud,Cloud,Cloud
GCF_026074015.1,OQH86_RS12775,MIKRLPSVALSMIGIAIALSIMVPIIQAAAPLIIAVVIVVTVSVIAWRVAKFYMRL,56,hypothetical protein, ,Derived by automated computational analysis using gene prediction method: GeneMarkS-2+.,OG0000534,Cloud,group_2389,Cloud,Cloud,Cloud
GCF_026074015.1,OQH86_RS12780,MELLSALAFLFILGIPIWLVLLALAFFDKRLKRRAVNEYVQKVEQRAATYADEAEIIEQYFRRRYGS,67,hypothetical protein, ,Derived by automated computational analysis using gene prediction method: GeneMarkS-2+.,OG0002197,,group_190,Cloud,Cloud,Cloud
GCF_026074015.1,OQH86_RS13490,MQLVDSEVVRRCAVTAAAAAAVCRSNGPGVVDGDAVTGKSFFLQDGGWPGT,51,hypothetical protein, ,Derived by automated computational analysis using gene prediction method: GeneMarkS-2+.,OG0000147,Shell,group_2063,Shell,Shell,Shell
GCF_026074015.1,OQH86_RS13520,MKVPAFHSTVPSDLDVYHDNESCILAARIAVSHRAPGVDGRPWCTACASLD,51,hypothetical protein, ,Derived by automated computational analysis using gene prediction method: Protein Homology.,OG0000083,Soft core,group_2187,Soft core,Soft core,Soft core
GCF_026074015.1,OQH86_RS13840,MFWKIVLAVVLVWVALAVVGALIKGLFWVLVVGAVGFGIYFLVKAMSGSDDNSPASRF,58,hypothetical protein, ,Derived by automated computational analysis using gene prediction method: Protein Homology.,OG0000034,Conserved,group_2296,Soft core,Soft core,Soft core
GCF_026074015.1,OQH86_RS13865,MRLTEFHEMVREEFGQVRGDSMLIDHVLQSLDGMTAAEAVEAGWEPREVWRALCVEFDVPPARR,64,duf3046 domain-containing protein, ,Derived by automated computational analysis using gene prediction method: Protein Homology.,OG0000035,Conserved,group_2481,Conserved,Soft core,Soft core
GCF_026074015.1,OQH86_RS14140,MPGTLTSPQLTAADRCDRCGAGARVRAVLPTGGELLFCGHHATEHADRLREMNAVVSESEPAI,63,hypothetical protein, ,Derived by automated computational analysis using gene prediction method: Protein Homology.,OG0000036,Conserved,group_2483,Conserved,Soft core,Soft core
GCF_026074015.1,OQH86_RS14515,MKIRFELMIGILLVVGGGCLWLFARDAEFFWFRGGPLGVILAIIGAFDIVNAVRTRETAIPERRND,66,hypothetical protein, ,Derived by automated computational analysis using gene prediction method: Protein Homology.,OG0000101,Soft core,group_2126,Soft core,Soft core,Soft core
GCF_026074015.1,OQH86_RS14990,MAGIDSKFDKAYAGKSVEELADAPVAALNGVSDSDAEHLKAAFNIKTVRDLGTNKFFLWAQATAKLAE,68,hypothetical protein, ,Derived by automated computational analysis using gene prediction method: Protein Homology.,OG0000070,Soft core,group_2484,Soft core,Soft core,Soft core
GCF_026074015.1,OQH86_RS15120,MKNLEPWEFAGMLTHLRAYLANARRFLRGWSYREVDGSSEDR,42,hypothetical protein, ,Derived by automated computational analysis using gene prediction method: GeneMarkS-2+.,OG0000258,Shell,group_2129,Shell,Shell,Shell
GCF_026074015.1,OQH86_RS15385,MDRTPTYENKGPDVQISSHDASPAFALGLMAFWPTRRSACFDQACC,46,hypothetical protein, ,Derived by automated computational analysis using gene prediction method: GeneMarkS-2+.,OG0000513,Cloud,group_2039,Cloud,Cloud,Cloud
GCF_026074015.1,OQH86_RS15795,MAQEQTQRAGGGEDDETTGGDGSAGQERREKLAAETDDLLDEIDDVLEENAEDFVRAYVQKGGQ,64,ubiquitin-like protein pup, ,Derived by automated computational analysis using gene prediction method: Protein Homology.,OG0000037,Conserved,group_340,Soft core,Soft core,Soft core
GCF_026074015.1,OQH86_RS16325,MAIDSTLLSILACPQDKGPLLLVGDELLYNPRLRRAYPIENGIPVLLIDEARDVADDEHEKLLARAEG,68,trm112 family protein, ,Derived by automated computational analysis using gene prediction method: Protein Homology.,OG0000038,Conserved,group_54,Soft core,Core,Soft core
GCF_026074015.1,OQH86_RS16420,MPKMKSHSGASKRFKVSGSGKLMRQKAGRRHLLEHKSSRVTRRLDGVAVVSPDDAPRIKRMLGI,64,50s ribosomal protein l35, ,Derived by automated computational analysis using gene prediction method: Protein Homology.,OG0000039,Conserved,group_2130,Soft core,Core,Soft core
GCF_026074015.1,OQH86_RS16770,MHVEVDLDLCQGHAACELEAPEIFVVPKRGKVSLLDSDPPESLRGEAEMAVRYCPTGALRIVD,63,ferredoxin, ,Derived by automated computational analysis using gene prediction method: Protein Homology.,OG0000001,Conserved,group_2270,Soft core,Soft core,Soft core
GCF_026074015.1,OQH86_RS16960,MSVLFTYLLFIGAGIAVGGAYSMFKVNKLASGILLALAVLAAVAGALRL,49,hypothetical protein, ,Derived by automated computational analysis using gene prediction method: Protein Homology.,OG0000040,Conserved,group_2410,Soft core,Core,Soft core
GCF_026074015.1,OQH86_RS17190,MNESSSGLFSDLSASEPVVDAKSAEQLAAERETAAAERSNTDTAEQRQSQLFSG,54,hypothetical protein, ,Derived by automated computational analysis using gene prediction method: Protein Homology.,OG0000084,Soft core,group_2262,Soft core,Soft core,Soft core
GCF_026074015.1,OQH86_RS17195,MLGIALGLGSAAVGIGLGLLGAGAGILLSDKTVKTARRELTA,42,hypothetical protein, ,Derived by automated computational analysis using gene prediction method: GeneMarkS-2+.,OG0000102,Soft core,group_2160,Soft core,Soft core,Soft core
GCF_026074015.1,OQH86_RS17300,MHAEVGDRLHVQGRVVGQAEVTAEVLEVHGEDGGPPYLVRYDNGHEALVFPGSDGWIDHPGKGS,64,duf1918 domain-containing protein, ,Derived by automated computational analysis using gene prediction method: Protein Homology.,OG0000041,Conserved,group_2499,Soft core,Core,Soft core
GCF_026074015.1,OQH86_RS17315,MTTYRYLDADRNLLEEKDFETEQDAQEYRLSVLGAEHIEPTDE,43,hypothetical protein, ,Derived by automated computational analysis using gene prediction method: Protein Homology.,OG0000054,Core,group_2400,Soft core,Soft core,Soft core
GCF_026074015.1,OQH86_RS17910,MTEEEVRETIRARAAQAVGPDLDERWIELINNVIRNKAPDTN,42,hypothetical protein, ,Derived by automated computational analysis using gene prediction method: GeneMarkS-2+.,OG0000383,Cloud,group_1815,Cloud,,Cloud
GCF_026074015.1,OQH86_RS17915,MPSEKFYDSAVAVEGDANTPIITVAWALPGKSAHPGPQINGTTFDRSALNRMIRTLRKARDQVFGIDD,68,hypothetical protein, ,Derived by automated computational analysis using gene prediction method: GeneMarkS-2+.,OG0002198,,group_117,Cloud,,Probably not conserved
GCF_026074015.1,OQH86_RS17930,MSAPVPPTHIDLREFKFSGVEAKEPNAFQRMHKRGYPVGAIAEFFRCTVATVRHDLALP,59,hypothetical protein, ,Derived by automated computational analysis using gene prediction method: GeneMarkS-2+.,OG0002199,,group_796,Cloud,,Probably not conserved
GCF_026074015.1,OQH86_RS17935,MEFPYEGDLLAVFEGVALPRVIQEGLDYISPFLGKPSIQVQIDEVLDYAWWSRRMMQREQRCPASR,66,hypothetical protein, ,Derived by automated computational analysis using gene prediction method: GeneMarkS-2+.,OG0000927,Cloud,group_262,Cloud,,Cloud
GCF_026074015.1,OQH86_RS17940,MGDRQHLADVEVLMCPSLEDMLFDARNLLTKARVMYDYDAVIFYSKRVESLKAQIASGGKHE,62,hypothetical protein, ,Derived by automated computational analysis using gene prediction method: GeneMarkS-2+.,OG0002200,,group_579,Cloud,,Probably not conserved
GCF_026074015.1,OQH86_RS18010,MATHIWPHRDRGLYFIAYRLFTRKAGVKLDSSGNGWLLTAGLLTFGIGIGWLA,53,hypothetical protein, ,Derived by automated computational analysis using gene prediction method: GeneMarkS-2+.,OG0000615,Cloud,group_1164,Cloud,,Cloud
GCF_026074015.1,OQH86_RS18090,MVQLRNLGAGAKDSFWSGLLVDASLVASCIGGSIALVAWIG,41,hypothetical protein, ,Derived by automated computational analysis using gene prediction method: GeneMarkS-2+.,OG0002201,,group_1869,Cloud,,Probably not conserved
GCF_026074015.1,OQH86_RS18285,MTDEDRLWYFDVSDGSVTQGKGASSLTRMGPYPDRDSAEHALKIAAERNKAADRADEDWNN,61,hypothetical protein, ,Derived by automated computational analysis using gene prediction method: Protein Homology.,OG0000042,Conserved,group_592,Soft core,Shell,Shell
GCF_026074015.1,OQH86_RS18490,MDCVAAPIRVAAFVHRSSPQVMHARRYLRWELVGGMSFLSLAGGSTITAA,50,hypothetical protein, ,Derived by automated computational analysis using gene prediction method: GeneMarkS-2+.,OG0000286,Shell,group_1308,Shell,Shell,Shell
GCF_026074015.1,OQH86_RS18515,MKLALTEFKNSKATIRIIMSDGAKLNGTVTDFTEDTLVLNSPNGVYYINPSHIIRLFEPSDRAAK,65,hypothetical protein, ,Derived by automated computational analysis using gene prediction method: GeneMarkS-2+.,OG0000085,Soft core,group_2248,Soft core,Soft core,Soft core
GCF_026074015.1,OQH86_RS18655,MVPIDEVFAFEDIARAHAKMEAGTARGKLVVVL,33,zinc-binding dehydrogenase, ,Derived by automated computational analysis using gene prediction method: Protein Homology.,OG0000922,Cloud,group_1940,Cloud,,Cloud
GCF_026074015.1,OQH86_RS18685,MTVAGVVSVVLIAVAAALVIYLLVALVDPERF,32,k(+)-transporting atpase subunit f, ,Derived by automated computational analysis using gene prediction method: Protein Homology.,OG0000055,Core,kdpF,Soft core,Soft core,Soft core
GCF_026074015.1,OQH86_RS33840,MSEATAPVIRHQLALIAVGMLDVADVACC,29,ms4533a family cys-rich leader peptide, ,Derived by automated computational analysis using gene prediction method: Protein Homology.,OG0000133,Shell,group_1948,Soft core,Shell,Shell
GCF_026074015.1,OQH86_RS18825,MDRIADWWDSFELWMAGLPFIPQVALVLIVVVPLCRLVAIGLDRALAAVLALPLFGWLRRNSREVEES,68,hypothetical protein, ,Derived by automated computational analysis using gene prediction method: Protein Homology.,OG0000056,Core,group_2078,Soft core,Soft core,Soft core
GCF_026074015.1,OQH86_RS19230,MRPILANGIDEWLGYIASSSPGTPVVQVLASAARVALNSPAATPDAIALIRRLQRIVPGDPALRNAW,67,hypothetical protein, ,Derived by automated computational analysis using gene prediction method: GeneMarkS-2+.,OG0000234,Shell,group_157,Shell,Shell,Shell
GCF_026074015.1,OQH86_RS19330,MKKALPKTLKSLARTVGILALAIVVVSVVERFTGAHQPTTGPASLTGPDQSL,52,hypothetical protein, ,Derived by automated computational analysis using gene prediction method: Protein Homology.,OG0000111,Soft core,group_2264,Soft core,Soft core,Soft core
GCF_026074015.1,OQH86_RS19340,MSFLPFPIVIEGIETTGSAAIDGLGRLSVLLYDLLGGTGSATIDAGS,47,hypothetical protein, ,Derived by automated computational analysis using gene prediction method: Protein Homology.,OG0000125,Shell,group_2228,Shell,Shell,Shell
GCF_026074015.1,OQH86_RS19350,MYGYLWGALPGPRPVKALLAIVLVVAVVLLLMEFVFPWVSEHMPYSDVTV,50,hypothetical protein, ,Derived by automated computational analysis using gene prediction method: Protein Homology.,OG0000214,Shell,group_1309,Shell,Shell,Shell
GCF_026074015.1,OQH86_RS19380,MIAAPTTGALAVVLNTVLQMFNAGSSFLYTDNSPIGGGGETPTTPAP,47,hypothetical protein, ,Derived by automated computational analysis using gene prediction method: Protein Homology.,OG0000086,Soft core,group_2210,Soft core,Soft core,Soft core
GCF_026074015.1,OQH86_RS19385,MPTIPLTGDPIVINIIVQLLSAGSSNALALGGVGSSGLGSTGLGSFDSASLGSAA,55,hypothetical protein, ,Derived by automated computational analysis using gene prediction method: Protein Homology.,OG0000087,Soft core,group_1002,Soft core,Soft core,Soft core
GCF_026074015.1,OQH86_RS19905,MYIHTCTYDTEDRNMGSINTLSAVIDIIKVVQPLIAKLNLS,41,hypothetical protein, ,Derived by automated computational analysis using gene prediction method: GeneMarkS-2+.,OG0000109,Soft core,group_2041,Soft core,Soft core,Soft core
GCF_026074015.1,OQH86_RS20215,MGTLQSGINLAEKFSKKAKDGEDSLEKSLNSHIQVVTEMRDFFQQCVDRYGEVDDSNASALASVETPR,68,hypothetical protein, ,Derived by automated computational analysis using gene prediction method: GeneMarkS-2+.,OG0000123,Soft core,group_2307,Soft core,Soft core,Soft core
GCF_026074015.1,OQH86_RS20300,MSTALLTIYVLIWPALVLVVLGVISKGFFKDWATARRNGEDLV,43,putative transporter small subunit, ,Derived by automated computational analysis using gene prediction method: Protein Homology.,OG0000088,Soft core,group_2364,Soft core,Soft core,Soft core
GCF_026074015.1,OQH86_RS20990,MAAMKPRTGDGPLEATKEGRGIVMRVPLEGGGRLVVELTPDEAAALGVELTNVTS,55,duf3117 domain-containing protein, ,Derived by automated computational analysis using gene prediction method: Protein Homology.,OG0000043,Conserved,group_1003,Soft core,Soft core,Soft core
GCF_026074015.1,OQH86_RS21095,MTEQDATFDPEAPESDALEQSTPVDPNAPEEPDLTDIPLDAPVADVVDQRVEVAVDDDYRPS,62,hypothetical protein, ,Derived by automated computational analysis using gene prediction method: Protein Homology.,OG0000057,Core,group_2211,Soft core,Soft core,Soft core
GCF_026074015.1,OQH86_RS21120,MYNWDLQNQIVAFVDSLRPMAGYYHDLYYGSLYAFADQQSHLLTLLGFPPVP,52,hypothetical protein, ,Derived by automated computational analysis using gene prediction method: Protein Homology.,OG0000058,Core,group_1175,Soft core,Soft core,Soft core
GCF_026074015.1,OQH86_RS21140,MGKVKASKVSQLKPKKKCCRKKTRCIKCPVVIMRMKKLENEGASKKELKAGLKKARAA,58,hypothetical protein, ,Derived by automated computational analysis using gene prediction method: Protein Homology.,OG0000044,Conserved,group_2365,Soft core,Soft core,Soft core
GCF_026074015.1,OQH86_RS21225,MGSLMSIVELALKGMGSLGAGDQLFETFIGSVQANTGSLKPLG,43,hypothetical protein, ,Derived by automated computational analysis using gene prediction method: GeneMarkS-2+.,OG0000103,Soft core,group_2163,Cloud,Soft core,Cloud
GCF_026074015.1,OQH86_RS21315,MTAKLTTAFRGTLWWVRSVMGDLDYQRYVEHTRRHHADSPVISEREFWRRRHAAADANPGARCC,64,ybdd/yjix family protein, ,Derived by automated computational analysis using gene prediction method: Protein Homology.,OG0000045,Conserved,group_2343,Soft core,Conserved,Soft core
GCF_026074015.1,OQH86_RS21570,MSTNSDRRPRLPVRIAYLAAGVLFVAAMLLLASVVNPDRDRDFSMNHVPAGTSTTAFAATSDLG,64,hypothetical protein, ,Derived by automated computational analysis using gene prediction method: Protein Homology.,OG0000104,Soft core,group_2149,Soft core,Soft core,Soft core
GCF_026074015.1,OQH86_RS21975,MAEGIVKWFNSEKGFGFIAPEDGSADVFVHYSEIQSGGFRTLEENQRVAFEIGQGNKGPQATGVTIV,67,cold-shock protein, ,Derived by automated computational analysis using gene prediction method: Protein Homology.,OG0000046,Conserved,group_132,Soft core,Soft core,Soft core
GCF_026074015.1,OQH86_RS21980,MTTAEYTVSGMTCGHCVGSVKEEIGNIAGVTAVDVELASGRVVVTSDAPVSAADVVAAVDEAGYAVVPS,69,heavy-metal-associated domain-containing protein, ,Derived by automated computational analysis using gene prediction method: Protein Homology.,OG0000006,Conserved,group_2139,Soft core,Soft core,Soft core
GCF_026074015.1,OQH86_RS22105,MKHTMSDDELRRAIREIQDRAHDARKRGDDVAAEELDRTVKGYQEQMMQRL,51,hypothetical protein, ,Derived by automated computational analysis using gene prediction method: Protein Homology.,OG0000059,Core,group_2336,Soft core,Soft core,Soft core
GCF_026074015.1,OQH86_RS22180,MSEQPDTPKKPSVDKKRLARIFGDVFPETTSDERGPEGSSRSSDDDWLRSQRPPHHGG,58,hypothetical protein, ,Derived by automated computational analysis using gene prediction method: Protein Homology.,OG0000089,Soft core,group_2328,Soft core,Soft core,Soft core
GCF_026074015.1,OQH86_RS22210,MAVPKRKMSRSNTRSRRAQWKATAPDLVEVTAFGQTHRVPRRLVKAVRLGVIDPSRI,57,50s ribosomal protein l32, ,Derived by automated computational analysis using gene prediction method: Protein Homology.,OG0000060,Soft core,group_2302,Soft core,Soft core,Soft core
GCF_026074015.1,OQH86_RS22230,MARNEIRPIVKLKSTAGTGYTYVTRKNRRNDPDRLVLKKYDPVLRKHVDFREEK,54,50s ribosomal protein l33, ,Derived by automated computational analysis using gene prediction method: Protein Homology.,OG0000047,Conserved,group_2199,Soft core,Soft core,Soft core
GCF_026074015.1,OQH86_RS22395,MHLTATTSTTTGAAGNSDPKDAESTLDMSGRPAALRARSAAATRPGGADVTA,52,hypothetical protein, ,Derived by automated computational analysis using gene prediction method: GeneMarkS-2+.,OG0000131,Shell,group_2058,Shell,Shell,Shell
GCF_026074015.1,OQH86_RS22860,MGFLDNVKGLVEKGQELAAENSDKVHDAIDKVADIADDKTGNKYGDQIDKAAEAAKKAVPEKQ,63,antitoxin, ,Derived by automated computational analysis using gene prediction method: Protein Homology.,OG0000010,Conserved,group_425,Soft core,Soft core,Soft core
GCF_026074015.1,OQH86_RS23390,MANNSKQHYVDPGWPETADGDHAVTELSSTRAGGLSPFGEDTTFPVPVESLPYVHPHTVINR,62,hypothetical protein, ,Derived by automated computational analysis using gene prediction method: Protein Homology.,OG0000048,Conserved,group_501,Soft core,Soft core,Soft core
GCF_026074015.1,OQH86_RS23400,MADKAPGKNMKKPAQSIKERRAEKRAKTAESSEFIRKRKRS,41,hypothetical protein, ,Derived by automated computational analysis using gene prediction method: Protein Homology.,OG0000004,Core,group_2142,Soft core,Soft core,Soft core
GCF_026074015.1,OQH86_RS24335,MGRGRAKAKQTKVARELKYSVPTTDFDSLQRELAGGSNNSHRSSVRSDQTSDREGHAREDDYDDWRR,67,duf3073 domain-containing protein, ,Derived by automated computational analysis using gene prediction method: Protein Homology.,OG0000049,Conserved,group_133,Soft core,Soft core,Soft core
GCF_026074015.1,OQH86_RS24515,MRNNLQELRTAAGLSQQACADALGITRQTVISIEKGHFDPRLSLAFRIAEYFDKRVDDIFSS,62,helix-turn-helix transcriptional regulator, ,Derived by automated computational analysis using gene prediction method: Protein Homology.,OG0000105,Soft core,group_502,Soft core,Soft core,Soft core
GCF_026074015.1,OQH86_RS24640,MTSPMNTRKLTRARSGAMFGGVCAGIARYFGWKSSTVRLLFVLSCLLPGPQFLIYIVMWIFIPREQI,67,pspc domain-containing protein, ,Derived by automated computational analysis using gene prediction method: Protein Homology.,OG0000106,Soft core,group_134,Soft core,Soft core,Soft core
GCF_026074015.1,OQH86_RS25140,MPSEPYSNLGQVVAQFPAHPGESTHTVEADFERMNPGKRVGK,42,hypothetical protein, ,Derived by automated computational analysis using gene prediction method: GeneMarkS-2+.,OG0000562,Cloud,group_2340,Cloud,Cloud,Cloud
GCF_026074015.1,OQH86_RS25435,MTVLCRAGKLQAGVLVADDDQGWASPFRSIAPTKMALLARALQDGLIAIDEL,52,hypothetical protein, ,Derived by automated computational analysis using gene prediction method: Protein Homology.,OG0000156,Shell,group_2040,Shell,Shell,Shell
GCF_026074015.1,OQH86_RS25490,MSDWVKKVEAEAKGLLAEAEEELTVLEGVDTIDPLADDDPAPEDGTKPTSD,51,hypothetical protein, ,Derived by automated computational analysis using gene prediction method: Protein Homology.,OG0000090,Soft core,group_2192,Soft core,Soft core,Soft core
GCF_026074015.1,OQH86_RS25690,MAATTPVSGYVIVPHRSDVDAVGNREVEVDELPEQYSKPGTPPITGGPTVPS,52,hypothetical protein, ,Derived by automated computational analysis using gene prediction method: GeneMarkS-2+.,OG0000204,Shell,group_2298,Shell,Shell,Shell
GCF_026074015.1,OQH86_RS26275,MSDADADADGDGDGDGDGEYRIRDTNRPVESRGDFRRACTSICLQLQLLT,50,hypothetical protein, ,Derived by automated computational analysis using gene prediction method: GeneMarkS-2+.,OG0000349,Cloud,group_2314,Cloud,Cloud,Cloud
GCF_026074015.1,OQH86_RS26280,MNPSVMKQRIPNGEVPTVEEFVTAPPALRALPIPRIEAVDGRVQIN,46,hypothetical protein, ,Derived by automated computational analysis using gene prediction method: GeneMarkS-2+.,OG0000260,Shell,group_2250,Shell,Shell,Shell
GCF_026074015.1,OQH86_RS26545,MAQGIVKWFNGEKGFGFIAPDDGTPDVFVHYSEISGNGYKSLDENQRVEFEVGQGQKGPQATNVRAV,67,cold-shock protein, ,Derived by automated computational analysis using gene prediction method: Protein Homology.,OG0000003,Conserved,group_1991,Soft core,Soft core,Soft core
GCF_026074015.1,OQH86_RS26710,MAVPDYESDLTITDACAPGLAVTARGRTPNAARALATDAAEALCSIFEETNAMTSGGFTFTVDPPGN,67,hypothetical protein, ,Derived by automated computational analysis using gene prediction method: Protein Homology.,OG0000262,Shell,group_2251,Shell,Shell,Shell
GCF_026074015.1,OQH86_RS26745,MKKTDFAPISCIHRWEIESRHRTSEGTVTYLRCHCGSWQTLLAEWVSGGAGSAVAAPIKVRSR,63,hypothetical protein, ,Derived by automated computational analysis using gene prediction method: GeneMarkS-2+.,OG0000116,Soft core,group_2290,Soft core,Soft core,Soft core
GCF_026074015.1,OQH86_RS26785,MPTVIRTVHDLVRHARGPTHHHHHQSVQEARRMRAHHILVTHSLA,45,hypothetical protein, ,Derived by automated computational analysis using gene prediction method: GeneMarkS-2+.,OG0000112,Soft core,group_2176,Soft core,Soft core,Soft core
GCF_026074015.1,OQH86_RS27000,MVGTPVIVTIVSVCVGFVIFMLAASGARGKWDRRLVIALFIGAVVCLTVVPVSVALSAGV,60,hypothetical protein, ,Derived by automated computational analysis using gene prediction method: Protein Homology.,OG0000091,Soft core,group_2382,Soft core,Soft core,Soft core
GCF_026074015.1,OQH86_RS27105,MNETQPHNLERERWRTLPTPPSTELIEMVGDGPSSADFDPAAPMAQQG,48,hypothetical protein, ,Derived by automated computational analysis using gene prediction method: Protein Homology.,OG0000128,Shell,group_2355,Shell,Shell,Shell
GCF_026074015.1,OQH86_RS27615,MTEPDPGTVETDFPKTGAPAQRALIAAGYTHLAQLTSVSEKEVGALHGMGPKALRILREALAERGLSFAD,70,dna-binding protein, ,Derived by automated computational analysis using gene prediction method: Protein Homology.,OG0000050,Conserved,,,Soft core,Soft core
GCF_026074015.1,OQH86_RS27705,MLGNVKCSHPSGYLHGEVLAVDAAMNLITAKVDDFENVREGVPGSTLVRGGYVPL,55,hypothetical protein, ,Derived by automated computational analysis using gene prediction method: GeneMarkS-2+.,OG0000198,Shell,group_2094,Shell,Shell,Shell
GCF_026074015.1,OQH86_RS28145,MGSSDTDLKALDSVITVAGALAAIFGGIAGVAGLATFLGTGGGS,44,hypothetical protein, ,Derived by automated computational analysis using gene prediction method: GeneMarkS-2+.,OG0000065,Soft core,group_2088,Shell,Shell,Shell
GCF_026074015.1,OQH86_RS28285,MNSSDLGSVSALLPMMLTAFKSIITMPFALSVDFGLDVPFNPFK,44,hypothetical protein, ,Derived by automated computational analysis using gene prediction method: GeneMarkS-2+.,OG0000186,Shell,group_2240,Shell,Shell,Shell
GCF_026074015.1,OQH86_RS28385,MNAPTRYQFLIDGEVSDRVKAAFPELSVASAAGGFTSLYGPVADHTAMRSIMARLDSLGLTVAEMRRLPD,70,hypothetical protein, ,Derived by automated computational analysis using gene prediction method: Protein Homology.,OG0000092,Soft core,,,Soft core,Soft core
GCF_026074015.1,OQH86_RS28450,MTAVLDYTSAGPFTRIDGVDMLALESLPTDPMQICRVVPYLVVQPTDARSLNLPTD,56,hypothetical protein, ,Derived by automated computational analysis using gene prediction method: GeneMarkS-2+.,OG0002202,,group_987,Cloud,,Probably not conserved
GCF_026074015.1,OQH86_RS28660,MSVVLISLLVAAGLTVLATSDGAGLDFGSRQLNRQLKTRTHR,42,hypothetical protein, ,Derived by automated computational analysis using gene prediction method: GeneMarkS-2+.,OG0000107,Soft core,group_1760,Soft core,Soft core,Soft core
GCF_026074015.1,OQH86_RS28805,MKIVVLSFLVALTLMTVGIIAARNRSTRPAVTGAVAAASTVLAAAWTLFAVAFVLA,56,hypothetical protein, ,Derived by automated computational analysis using gene prediction method: Protein Homology.,OG0000110,Soft core,group_2239,Soft core,Soft core,Soft core
GCF_026074015.1,OQH86_RS29260,MHPKRSNGDDKPRGDREELTVTARRIEDEVSAACGSTSATAGVMREGLADCSAQRVRT,58,hypothetical protein, ,Derived by automated computational analysis using gene prediction method: GeneMarkS-2+.,OG0000282,Shell,group_815,Shell,Shell,Shell
GCF_026074015.1,OQH86_RS29315,MDSRQLFALGALGTGMLSLALQLTPLCLGAEDAEQYVFVRTANATAVLSLALLSAAFVFWPPAG,64,hypothetical protein, ,Derived by automated computational analysis using gene prediction method: GeneMarkS-2+.,OG0000140,Shell,group_2266,Shell,Shell,Shell
GCF_026074015.1,OQH86_RS29670,MNHRESFQAVKWGTPRRTRRHRQLIRGRIAGGGATVEVSSEVLAYY,46,hypothetical protein, ,Derived by automated computational analysis using gene prediction method: GeneMarkS-2+.,OG0000141,Shell,group_2265,Shell,Shell,Shell
GCF_026074015.1,OQH86_RS29765,MRRASRAQRMELIAGFISVFALMALIGAVVAIVKGDPGVMPSLVLLGCVVALGLAFRGYRNAVRAERRE,69,hypothetical protein, ,Derived by automated computational analysis using gene prediction method: Protein Homology.,OG0000051,Conserved,group_2375,Soft core,Shell,Shell
GCF_026074015.1,OQH86_RS30315,MAKGKRTFQPNNRRRARVHGFRLRMRTRAGRAIVSARRRKGRDSLTA,47,50s ribosomal protein l34, ,Derived by automated computational analysis using gene prediction method: Protein Homology.,OG0000052,Conserved,rpmH,Conserved,Shell,Shell
GCF_026074015.1,OQH86_RS30745,MKLMGAAKALVDKGKEAASKNADKIENAIDKTAASAEARTGGKLTSQIQKAALAAKRAIPPKK,63,antitoxin, ,Derived by automated computational analysis using gene prediction method: Protein Homology.,OG0000218,Shell,group_2424,Shell,Cloud,Shell
GCF_026074015.1,OQH86_RS30865,MNAVSGDLLRYAQQVLTGTGHAPDQVASVVAGTGEDAAARALRAGWECAANPVVGACEQTEDGS,64,hypothetical protein, ,Derived by automated computational analysis using gene prediction method: Protein Homology.,OG0000134,Shell,group_2356,Shell,,Shell
GCF_026074015.1,OQH86_RS30900,MAVASATVLGVTVGVLLAEVVAGVVVGAGTAVVFRFVLRSIITRK,45,hypothetical protein, ,Derived by automated computational analysis using gene prediction method: GeneMarkS-2+.,OG0000124,Shell,group_2500,Shell,Cloud,Shell
GCF_026074015.1,OQH86_RS30960,MSATAGKPVPPMLATLGQPPTGERWAFESKWDATARVHRNSRTIAAQLARGWSINP,56,hypothetical protein, ,Derived by automated computational analysis using gene prediction method: GeneMarkS-2+.,OG0000295,Cloud,group_988,Cloud,,Cloud
GCF_026074015.1,OQH86_RS30965,MSETAEPDETQGWSPAPDEGQAGTVMTKDGQWAYRYKDGAELIMMKMPERPAST,54,hypothetical protein, ,Derived by automated computational analysis using gene prediction method: Protein Homology.,OG0000119,Shell,group_2399,Cloud,Cloud,Cloud
GCF_026074015.1,OQH86_RS31105,MSKDQTSRRRRPDLTFHPDILGIPAQFRVVDTRRAEEAGPDTAGDAVRDIGAQKN,55,hypothetical protein, ,Derived by automated computational analysis using gene prediction method: GeneMarkS-2+.,OG0000217,Shell,group_2236,Cloud,Cloud,Cloud
GCF_026074015.1,OQH86_RS31385,MTYRLFHADFDVIDHLVAELGAKSRSHLIAAALTGYFFKDDEPAT,45,hypothetical protein, ,Derived by automated computational analysis using gene prediction method: GeneMarkS-2+.,OG0000701,Cloud,group_1606,Cloud,,Cloud
GCF_026074015.1,OQH86_RS31425,MANDPHLTLPEVQTVLRHRHLSATEIYLQPRIEDMHDKLQEHFSKSRPERTYTAGYRDEDVRAVFGG,67,hypothetical protein, ,Derived by automated computational analysis using gene prediction method: Protein Homology.,OG0002203,,group_191,Cloud,,Probably not conserved
GCF_026074015.1,OQH86_RS33860,MTMELKPIVRDGKVPGSTRASRIVVPGQGIDVFGGQIHHIAEIAEPGIRHR,51,hypothetical protein, ,Derived by automated computational analysis using gene prediction method: GeneMarkS-2+.,OG0002204,,group_1288,Cloud,,Probably not conserved
GCF_026074015.1,OQH86_RS31500,MPLIQVTLAAGRSPEQLDALGKALTTAAEQSIGAPRETIRVVLTECEPALWFAGGESLAALRASGKR,67,4-oxalocrotonate tautomerase family protein, ,Derived by automated computational analysis using gene prediction method: Protein Homology.,OG0000315,Cloud,group_192,Cloud,,Cloud
GCF_026074015.1,OQH86_RS31635,MNDDERDAWQLHHHGADWDEIGTEMGCSPTAAQTLAAAYEKRTDNAAAQTQNTLF,55,hypothetical protein, ,Derived by automated computational analysis using gene prediction method: Protein Homology.,OG0000063,Soft core,group_2464,Shell,,Shell
GCF_026074015.1,OQH86_RS31745,MTALDIPVRISRNSALRTLTEDLPAPVVADLLGLHIHSVSRWADYARRDWARYLDARTNGPNRR,64,hypothetical protein, ,Derived by automated computational analysis using gene prediction method: GeneMarkS-2+.,OG0000297,Cloud,group_2476,Cloud,,Cloud
GCF_026074015.1,OQH86_RS32050,MSDDHKTHTHPDHVHGENCGHEAIPHDDHVDYVHDGHRHAPHGDHYDEH,49,zinc transporter permease, ,Derived by automated computational analysis using gene prediction method: Protein Homology.,OG0000644,Cloud,group_1405,Cloud,,Cloud
GCF_026074015.1,OQH86_RS32115,MDTVHNLGERGMAFRSLAEGFDTTTAGGEFLSTSWPRSLKWNAA,44,hypothetical protein, ,Derived by automated computational analysis using gene prediction method: Protein Homology.,OG0002205,,group_1698,Cloud,,Probably not conserved
GCF_026074015.1,OQH86_RS32125,MTSIPHAAHDATSDVDRGEQTIPVDDDALENEPITIDNNVV,41,hypothetical protein, ,Derived by automated computational analysis using gene prediction method: GeneMarkS-2+.,OG0000199,Shell,group_1843,Cloud,Cloud,Cloud
GCF_026074015.1,OQH86_RS32170,MSTVPVVGTELGRDCLQCRCPLFITVLEFYAGSPPELTDRRESFVDCRSGCRGVIEQPVGIDISR,65,hypothetical protein, ,Derived by automated computational analysis using gene prediction method: GeneMarkS-2+.,OG0000248,Shell,group_2223,Cloud,Cloud,Cloud
GCF_026074015.1,OQH86_RS32175,MIVLGIILALIGYFTAISILTTVGIILVVVGAILTLLGTMGRAVGGRKVWY,51,duf6131 family protein, ,Derived by automated computational analysis using gene prediction method: Protein Homology.,OG0000000,Conserved,group_1248,Cloud,Cloud,Cloud
GCF_026074015.1,OQH86_RS32205,MGSEDLLTPKQVSELFRVTPKTVARWADEGKIGFTSTIGGHRRYHRTEIRMLLHSLHTPGPKTDPTAP,68,bldc family transcriptional regulator, ,Derived by automated computational analysis using gene prediction method: Protein Homology.,OG0000068,Soft core,group_2014,Cloud,Cloud,Cloud
GCF_026074015.1,OQH86_RS32250,MLGFDAAASSGETVGTGRSSSVTTGWRRPPRSAFAQVSGSFAQWAHQAIDAKPM,54,hypothetical protein, ,Derived by automated computational analysis using gene prediction method: GeneMarkS-2+.,OG0000307,Cloud,group_2256,Cloud,Cloud,Cloud
GCF_026074015.1,OQH86_RS32325,MQRTSGGVSLRCFEASRGPFIDVALVVMAAVVLGLTVGWLLTNVATGLAITLGTAAAFRFVLGTLTT,67,hypothetical protein, ,Derived by automated computational analysis using gene prediction method: GeneMarkS-2+.,OG0000124,Shell,group_193,Cloud,,Cloud
GCF_026074015.1,OQH86_RS32410,MTTKFTISLPDEDAHLLDEYVRDHGLRGRSAGIRAALRLLSTSGLERDYAAAFAEGDVDEVWDAVTADTE,70,ribbon-helix-helix domain-containing protein, ,Derived by automated computational analysis using gene prediction method: Protein Homology.,OG0000213,Shell,,,,Probably not conserved
GCF_026074015.1,OQH86_RS32565,MDLSGRKDEEEKLSMTHNTRIKPSTKDRLRRGVDKLRYETGDREISEASMTEAALDEYLKARGL,64,hypothetical protein, ,Derived by automated computational analysis using gene prediction method: Protein Homology.,OG0000212,Shell,group_2308,Shell,Cloud,Shell
GCF_026074015.1,OQH86_RS32610,MAFDLACLRQEENQYLSIPREKLLDLSEEVQRLLGWGSGANLMGYVERGGQMIDAHVLLENGAVELPTAR,70,hypothetical protein, ,Derived by automated computational analysis using gene prediction method: GeneMarkS-2+.,OG0002206,,,,,Probably not conserved
GCF_026074015.1,OQH86_RS32635,MEDNRIRSALDATPDTDYLEQTIPADPNAVDAVDLEALTTELDTPWPAPEGDLLEQSTPAPLDDER,66,hypothetical protein, ,Derived by automated computational analysis using gene prediction method: Protein Homology.,OG0000199,Shell,group_2217,Cloud,,Cloud
GCF_026074015.1,OQH86_RS32660,MDVDDLDVVVWPESEEREAWWRQVVTGGSAGAATSTMTPNRSIEDASSRILHAA,54,hypothetical protein, ,Derived by automated computational analysis using gene prediction method: GeneMarkS-2+.,OG0000129,Shell,,,,Probably not conserved
GCF_026074015.1,OQH86_RS32665,MNVQTSRSNSWPAVHSGSMSTAEIKARIESMYADRGALVPKGTGTKS,47,hypothetical protein, ,Derived by automated computational analysis using gene prediction method: Protein Homology.,OG0000002,Conserved,group_1493,Cloud,,Cloud
GCF_026074015.1,OQH86_RS32670,MRAEPGTHADSQQACRWIAATACTDDDVAHMRRRYGFPTAP,41,hypothetical protein, ,Derived by automated computational analysis using gene prediction method: GeneMarkS-2+.,OG0000489,Cloud,group_1838,Cloud,,Cloud
GCF_026074015.1,OQH86_RS32685,MTGLVKIATATASNGFDDDGAITCTIIVDGKVLTENTSKGAGASASCAESDFDTK,55,hypothetical protein, ,Derived by automated computational analysis using gene prediction method: GeneMarkS-2+.,OG0002207,,group_1055,Cloud,,Probably not conserved
GCF_026074015.1,OQH86_RS32690,MTAPCRSHDPEWWFSSAREELSRAMSLCRSCSHMSECLAGALARGEAAGVWGGRYLV,57,whib family transcriptional regulator, ,Derived by automated computational analysis using gene prediction method: Protein Homology.,OG0000284,Cloud,group_910,Cloud,,Cloud
GCF_026074015.1,OQH86_RS32740,MPLLHVTQTPGQSAEAKRELLKKLTAAYVEATGAKPASVWVTIEEVSKDDWAIGGETLTERASKPA,66,4-oxalocrotonate tautomerase family protein, ,Derived by automated computational analysis using gene prediction method: Protein Homology.,OG0000224,Shell,group_213,Shell,,Shell
GCF_026074015.1,OQH86_RS32790,MPRPNLAEFCRDAVTVPCKNEAPLFQIAKDFWQVTEVGTSIGVPVTARLRTS,52,hypothetical protein, ,Derived by automated computational analysis using gene prediction method: GeneMarkS-2+.,OG0002208,,group_1217,Cloud,,Probably not conserved
GCF_026074015.1,OQH86_RS32970,MHFTFLYDGAAQRTAEYPTLEEAVRSIELGQVDRTLWSIQYTDREGGIRVYRFPTDRGVGGE,62,hypothetical protein, ,Derived by automated computational analysis using gene prediction method: Protein Homology.,OG0000387,Cloud,group_525,Cloud,,Cloud
GCF_026074015.1,OQH86_RS32975,MRPIASFSAMFVWAILLIAVVGIAVSLTQGAWAPTVAWAIARKRGRGWSDTSATPADR,58,hypothetical protein, ,Derived by automated computational analysis using gene prediction method: GeneMarkS-2+.,OG0002209,,,,,Probably not conserved
GCF_026074015.1,OQH86_RS32985,MDVIVWTESEERQRWWRQVMGLALAIERFEAEEPIARGLSATSRMRVSVRSIHGVTAA,58,hypothetical protein, ,Derived by automated computational analysis using gene prediction method: Protein Homology.,OG0000129,Shell,group_2349,Cloud,,Cloud
GCF_026074015.1,OQH86_RS33025,MARGTVKWFNGEKGFGFISHDDGSGDVFVHYSGIAGSGYKSLEEGQFVEFEIGDGAKGPQAVDVRAL,67,cold-shock protein, ,Derived by automated computational analysis using gene prediction method: Protein Homology.,OG0000069,Soft core,group_2643,Cloud,,Cloud
GCF_026074015.1,OQH86_RS33030,MDALQGLIVEILDGLGLGAVADQIGDELVNVVPLLSQANSGVYERVSLYAGCPVLGG,57,hypothetical protein, ,Derived by automated computational analysis using gene prediction method: GeneMarkS-2+.,OG0002210,,group_2607,Cloud,,Probably not conserved
GCF_026074015.1,OQH86_RS33060,MSDRFDEELAMLTDVRRYLRSVEVTELSISTSVIDRVLDERNDSRAGRADEPRC,54,hypothetical protein, ,Derived by automated computational analysis using gene prediction method: Protein Homology.,OG0000117,Shell,group_2642,Cloud,,Cloud
GCF_026074015.1,OQH86_RS33400,MVSLLRTTLLKHAQQRSDITEPTVLGLLAITGVLEERLTRLEASIQPAATP,51,hypothetical protein, ,Derived by automated computational analysis using gene prediction method: GeneMarkS-2+.,OG0002211,,,,,Probably not conserved
GCF_026074015.1,OQH86_RS33430,MTNKPRVVKHSIFGVLALAVAALDFTIGTKHVITARIIALTASVYSFTKAASFRKAPSDRENRP,64,hypothetical protein, ,Derived by automated computational analysis using gene prediction method: Protein Homology.,OG0000215,Shell,group_2477,Cloud,Cloud,Cloud
GCF_026074015.1,OQH86_RS33440,MNDDEHDAWQLHHHGASWDEIGTEMGCSPTTAQTLAAAYEKRTDIAAAQTQNALF,55,hypothetical protein, ,Derived by automated computational analysis using gene prediction method: Protein Homology.,OG0000063,Soft core,group_2159,Cloud,Cloud,Cloud
GCF_026074015.1,OQH86_RS33550,MGENFTPRERSAVEAAAYQATKHTQKITDADLVAVVEGLTGTSVAQTPRIDIAFPAAGDPDELFH,65,hypothetical protein, ,Derived by automated computational analysis using gene prediction method: Protein Homology.,OG0000121,Shell,group_2426,Cloud,Cloud,Cloud
GCF_026074015.1,OQH86_RS33675,MPTPSKGDRTRVVSRVPDPVYAELEKRRKAAGVSSVSQYVADLLAATTGHKNLVVELDQEVLQLTA,66,hypothetical protein, ,Derived by automated computational analysis using gene prediction method: Protein Homology.,OG0000139,Shell,group_216,Shell,Cloud,Shell
GCF_026074015.1,OQH86_RS33680,MSLFTSTRLHPYYARTAVAAPGGAGTAQLVRLALYLAMCTGTNAIH,46,hypothetical protein, ,Derived by automated computational analysis using gene prediction method: GeneMarkS-2+.,OG0000259,Shell,group_2153,Shell,Cloud,Shell
GCF_026074015.1,OQH86_RS33735,MTKRSREWDTVIKAIATAGWSYRPCKHGLYVYPADRALRPVTVAGTPGEFRSLANTRAQLRRAGLAGI,68,hypothetical protein, ,Derived by automated computational analysis using gene prediction method: GeneMarkS-2+.,OG0000596,Cloud,,,,Probably not conserved
GCF_026810085.1,OYT95_RS00380,MAGIESKFDKAYETKPVEELASAPVAALQGVSDSDAEHLAAAFNIKTVKDLGTNKYFLWAQAVAKLAE,68,hypothetical protein, ,Derived by automated computational analysis using gene prediction method: Protein Homology.,OG0000070,Soft core,group_2484,Soft core,Cloud,Cloud
GCF_026810085.1,OYT95_RS00670,MRTKTRLTCPCGTAITGTDVDDLVAKTQMHLTESHPGMDYSRDEILFIAY,50,duf1059 domain-containing protein, ,Derived by automated computational analysis using gene prediction method: Protein Homology.,OG0000249,Shell,group_1349,Cloud,,Cloud
GCF_026810085.1,OYT95_RS00990,MLADKRTTLARTRTITLIIAATVWLTLSAGAMISAAEGSASLATYMRFAVSMISIAGDESGAPGVRTQ,68,hypothetical protein, ,Derived by automated computational analysis using gene prediction method: GeneMarkS-2+.,OG0002212,,group_118,Cloud,,Probably not conserved
GCF_026810085.1,OYT95_RS01000,MSTNPILAQRNASLLLAERNAPRLTIARWVRRECVLVLPSLSVAWQL,47,hypothetical protein, ,Derived by automated computational analysis using gene prediction method: GeneMarkS-2+.,OG0002213,,group_1530,Cloud,,Probably not conserved
GCF_026810085.1,OYT95_RS01005,MRSQPPSPVWAAGQRSGTPPTPATFVCVIVVVATVMTVATALARVLSLVPGVHAGTR,57,hypothetical protein, ,Derived by automated computational analysis using gene prediction method: GeneMarkS-2+.,OG0002214,,group_911,Cloud,,Probably not conserved
GCF_026810085.1,OYT95_RS44410,MVTPNDNLDSMQFYQRRGFRLSAVRCDAVDETRRTLKPDIPDVGYY,46,hypothetical protein, ,Derived by automated computational analysis using gene prediction method: Protein Homology.,OG0002215,,group_1597,Cloud,,Probably not conserved
GCF_026810085.1,OYT95_RS01270,MKTNAALLVTVSLVLGSVVAGQTALNRPGKRRRPRGVPFHLNG,43,hypothetical protein, ,Derived by automated computational analysis using gene prediction method: GeneMarkS-2+.,OG0002216,,group_1753,Cloud,,Probably not conserved
GCF_026810085.1,OYT95_RS01275,MPSSGASTGAQHPLFADTDDPTTSPREPSQGPLEAGCPAEPRRLTIAGWGVHVVFL,56,hypothetical protein, ,Derived by automated computational analysis using gene prediction method: GeneMarkS-2+.,OG0002217,,group_989,Cloud,,Probably not conserved
GCF_026810085.1,OYT95_RS01335,MGSSEIFTDLVAWGAEGFLNGNPVQSAVGAVLFLGLGLWDLVTGAPIVI,49,hypothetical protein, ,Derived by automated computational analysis using gene prediction method: Protein Homology.,OG0000061,Soft core,group_2418,Shell,,Shell
GCF_026810085.1,OYT95_RS01425,MKRFGTADEVATAVSWVAGTDASFVTGQTIHVNGGGVMP,39,sdr family oxidoreductase, ,Derived by automated computational analysis using gene prediction method: Protein Homology.,OG0000419,Cloud,group_1929,Cloud,,Cloud
GCF_026810085.1,OYT95_RS01580,MDLTSYVSNHGREFAKHAEAGGDDAPCTLVQHLTGSLESGIRTTQRVKQTTRRLTRRVR,59,hypothetical protein, ,Derived by automated computational analysis using gene prediction method: GeneMarkS-2+.,OG0002218,,group_797,Cloud,,Probably not conserved
GCF_026810085.1,OYT95_RS01710,MATTSIAPTTPTGRQTPRRSGTMSTAEIKSRIEAMFADDRRPTRPAVTN,49,hypothetical protein, ,Derived by automated computational analysis using gene prediction method: Protein Homology.,OG0000002,Conserved,group_2516,Shell,,Shell
GCF_026810085.1,OYT95_RS01805,MNIHKALLMMMLGGTTGLHVLLRRRTPRSRGRGAPFHAHG,40,hypothetical protein, ,Derived by automated computational analysis using gene prediction method: GeneMarkS-2+.,OG0000127,Shell,group_2457,Shell,,Shell
GCF_026810085.1,OYT95_RS01810,MYESYRGADAHAILDALDKEYHLDTPWFTPARWLEGHGVDF,41,hypothetical protein, ,Derived by automated computational analysis using gene prediction method: GeneMarkS-2+.,OG0000278,Shell,group_2313,Shell,,Shell
GCF_026810085.1,OYT95_RS01930,MAQGIVKWFNGEKGFGFIAPDDGTPDVFVHYSEISGSGFKSLDENQRVEFEVGQGQKGPQATNVRTV,67,cold-shock protein, ,Derived by automated computational analysis using gene prediction method: Protein Homology.,OG0000003,Conserved,"group_1996, group_1997",Shell,,Shell
GCF_026810085.1,OYT95_RS01940,MQPVVGGVDSKFTVLSRLGEFTCTSRVLVHHHSRLAVNEQRICRACV,47,duf4193 family protein, ,Derived by automated computational analysis using gene prediction method: Protein Homology.,OG0002219,,group_1531,Cloud,,Probably not conserved
GCF_026810085.1,OYT95_RS02045,MDAEIAALTAQIESTRGHAGHTQDGELGAGLRGQLAEAHQLVAGLIARYPDLRGTERPSRD,61,hypothetical protein, ,Derived by automated computational analysis using gene prediction method: GeneMarkS-2+.,OG0002220,,group_657,Cloud,,Probably not conserved
GCF_026810085.1,OYT95_RS02110,MDPTPTAILESRLVQQMIAICEAFAHLDVSVDRGRAKRATAYGGDYFSLADGHD,54,hypothetical protein, ,Derived by automated computational analysis using gene prediction method: GeneMarkS-2+.,OG0002221,,group_1107,Cloud,,Probably not conserved
GCF_026810085.1,OYT95_RS02180,MRAHLIRRYQFLDTDRVDHAIDAAHHRFDGCQIRDFVPLLVQRAATRALDDSLTITPSTAYPTVPEAP,68,hypothetical protein, ,Derived by automated computational analysis using gene prediction method: GeneMarkS-2+.,OG0000062,Soft core,group_119,Cloud,,Cloud
GCF_026810085.1,OYT95_RS02715,MPGTLTSPPLTAADRCDRCGAGARVRAVLPTGGELLFCGHHANEHADRLREMNATIVSEAEAAI,64,hypothetical protein, ,Derived by automated computational analysis using gene prediction method: Protein Homology.,OG0000036,Conserved,group_2483,Conserved,Shell,Shell
GCF_026810085.1,OYT95_RS02770,MLATLLDGARHSGLRPVEVRGLADVGYERAEAIGVVLPRQIAD,43,hypothetical protein, ,Derived by automated computational analysis using gene prediction method: GeneMarkS-2+.,OG0002222,,group_1754,Cloud,,Probably not conserved
GCF_026810085.1,OYT95_RS03010,MRLTEFHQLVREEFGQMRGDALLVDHVLLSLGGKTAAEAIEDGREPREVWRELCVEFDVPPQRR,64,duf3046 domain-containing protein, ,Derived by automated computational analysis using gene prediction method: Protein Homology.,OG0000035,Conserved,group_2481,Conserved,Soft core,Soft core
GCF_026810085.1,OYT95_RS03035,MFWKIVLAVAAIWIALAVVGALVKGLFWILVVSAVVFGVYLLIKAMSGSGEKSDITRS,58,hypothetical protein, ,Derived by automated computational analysis using gene prediction method: Protein Homology.,OG0000034,Conserved,group_808,Shell,Soft core,Shell
GCF_026810085.1,OYT95_RS03225,MRLLRGLLDVVLGILTAILGTVLGIVAAVVWLVGGVLCVTVILLPLGLPVVRLARRLFTLARKLMHLP,68,hypothetical protein, ,Derived by automated computational analysis using gene prediction method: Protein Homology.,OG0000152,Shell,group_2196,Shell,Shell,Shell
GCF_026810085.1,OYT95_RS03255,MAEVFTLGAVLAGGVGVMGLAVALFGGAEPHCLCAFDGDTEACDTPQL,48,hypothetical protein, ,Derived by automated computational analysis using gene prediction method: Protein Homology.,OG0000360,Cloud,group_2300,Cloud,Cloud,Cloud
GCF_026810085.1,OYT95_RS03880,MAVPKRRMSRSNTRSRRSQWKTTVPTLVTCPNRGCGEKTLPHVACPSCGTYKGRQVTAAV,60,50s ribosomal protein l32, ,Derived by automated computational analysis using gene prediction method: Protein Homology.,OG0000033,Conserved,group_2479,Conserved,Soft core,Soft core
GCF_026810085.1,OYT95_RS03920,MAAVCDVCAKGPGFGKSVSHSHRRTNRRWNPNIQTVRAEVAPGNTRKVNVCTSCLKAGKVARG,63,50s ribosomal protein l28, ,Derived by automated computational analysis using gene prediction method: Protein Homology.,OG0000032,Conserved,rpmB,Conserved,Soft core,Soft core
GCF_026810085.1,OYT95_RS04010,MTDASNEDTKKKFREALERKNHQAGLSTDHKDGHSKAHEAHGPADHKREFRRKTG,55,duf5302 domain-containing protein, ,Derived by automated computational analysis using gene prediction method: Protein Homology.,OG0000031,Conserved,group_2470,Core,Shell,Shell
GCF_026810085.1,OYT95_RS04395,MTFTVTHRSFDQLAEFAVTDFGDDDSYSIHESGALVIVRAARELIYAPGSWFLVEREDGQEDGSPGNYM,69,hypothetical protein, ,Derived by automated computational analysis using gene prediction method: GeneMarkS-2+.,OG0000151,Shell,group_2,Shell,Shell,Shell
GCF_026810085.1,OYT95_RS04650,MLVIGILLALSLASVAWLCVSTAHGGRSGLAGPPRSHLHSD,41,hypothetical protein, ,Derived by automated computational analysis using gene prediction method: GeneMarkS-2+.,OG0000182,Shell,group_2124,Shell,Shell,Shell
GCF_026810085.1,OYT95_RS05140,MFRIFRAVALALLAVGAYVVVSEHEPATVELPSPSFVPAAADLTTV,46,hypothetical protein, ,Derived by automated computational analysis using gene prediction method: GeneMarkS-2+.,OG0000220,Shell,group_2379,Shell,Shell,Shell
GCF_026810085.1,OYT95_RS05240,MAESSESDPVAAAVDGKGTLTDLWMDDSISTLNARTLATMITSTTQEAARLATGQRNRVMTTLQDGFGKV,70,ybab/ebfc family nucleoid-associated protein, ,Derived by automated computational analysis using gene prediction method: Protein Homology.,OG0000915,Cloud,,,Cloud,Cloud
GCF_026810085.1,OYT95_RS05250,MAVRSVGRADLHALHDQWNGRGVRHVDLERQMVQTVNRGDGGRGERMDSATGEGPSS,57,hypothetical protein, ,Derived by automated computational analysis using gene prediction method: GeneMarkS-2+.,OG0002223,,group_912,Cloud,,Probably not conserved
GCF_026810085.1,OYT95_RS05665,MGRDYAAKGDAVRDALGVVEVALGQWAADAESFGHAFRAAAARYSGTDANVTADVNGVQW,60,hypothetical protein, ,Derived by automated computational analysis using gene prediction method: Protein Homology.,OG0002224,,group_723,Cloud,,Probably not conserved
GCF_026810085.1,OYT95_RS05670,MSDGLEVDVAVVTDAGARLLRSAEVLSQQAAETARLEFGGPRLRREG,47,hypothetical protein, ,Derived by automated computational analysis using gene prediction method: GeneMarkS-2+.,OG0002225,,group_1532,Cloud,,Probably not conserved
GCF_026810085.1,OYT95_RS05705,MQAKWDNAHDDLLQVPQTISKVVQEGAVDMQTAEDRNAAACSDPI,45,hypothetical protein, ,Derived by automated computational analysis using gene prediction method: GeneMarkS-2+.,OG0002226,,group_1644,Cloud,,Probably not conserved
GCF_026810085.1,OYT95_RS05715,MVRELPDSGCRASILTSPKIESAALQISRGVDPKTFTETWKHDRCPECATPATESTRAT,59,type vii secretion protein ecce, ,Derived by automated computational analysis using gene prediction method: Protein Homology.,OG0002227,,group_798,Cloud,,Probably not conserved
GCF_026810085.1,OYT95_RS05760,MKVQPSVKKICEKCKVIRRNGRVMVICENLRHKQRQG,37,50s ribosomal protein l36, ,Derived by automated computational analysis using gene prediction method: Protein Homology.,OG0000030,Conserved,rpmJ,Conserved,Shell,Shell
GCF_026810085.1,OYT95_RS05795,MAELKVTQIKSTIGTKQNQRNSLRTLGLKGIRQTVVREDNAQNRGLINVVRHLVTVEEV,59,50s ribosomal protein l30, ,Derived by automated computational analysis using gene prediction method: Protein Homology.,OG0000029,Conserved,rpmD,Conserved,Shell,Shell
GCF_026810085.1,OYT95_RS05820,MAKKALVNKANKKPKFAVRAYTRCQRCGRPHSVFRKFGLCRICVREMAHAGELPGVHKSSW,61,type z 30s ribosomal protein s14, ,Derived by automated computational analysis using gene prediction method: Protein Homology.,OG0000028,Conserved,group_2294,Conserved,Shell,Shell
GCF_026810085.1,OYT95_RS06195,MSDRDNNVLENDLVEESLVEEVSIDGMCGVY,31,mycofactocin precursor mfta, ,"Mycofactocin is a small molecule electron carrier derived from the final two amino acids, Val-Tyr, of MftA, the mycofactocin precursor. It plays a role in redox homeostasis and the metabolism of alcohols and aldehydes in Actinobacteria, including Mycobacterium tuberculosis; Derived by automated computational analysis using gene prediction method: Protein Homology.",OG0000009,Conserved,group_2326,Conserved,Shell,Shell
GCF_026810085.1,OYT95_RS06705,MAAMKPRTGDGPLEATKEGRGIVMRVPLEGGGRLVVELTPEEAAALGEELKGVTS,55,duf3117 domain-containing protein, ,Derived by automated computational analysis using gene prediction method: Protein Homology.,OG0000043,Conserved,group_1006,Shell,Shell,Shell
GCF_026810085.1,OYT95_RS06925,MTSFDAADSPEVPEADRLEQELAVDDDSSDEVEEVSSLEVNEADVAEQSRAVPVDEDYPRG,61,hypothetical protein, ,Derived by automated computational analysis using gene prediction method: Protein Homology.,OG0000057,Core,group_2212,Shell,Shell,Shell
GCF_026810085.1,OYT95_RS06965,MYNWDVQNAIVAFVDTLRPSWPAQHDLYYGVLYGFADMQSHLLTLLGYPPVA,52,hypothetical protein, ,Derived by automated computational analysis using gene prediction method: Protein Homology.,OG0000058,Core,group_1177,Shell,Shell,Shell
GCF_026810085.1,OYT95_RS06985,MKASKVSGLKPKKKCCRSKTRCIKCPVVIMRMKKLENEGASKKELKKGLKKARAA,55,hypothetical protein, ,Derived by automated computational analysis using gene prediction method: GeneMarkS-2+.,OG0000044,Conserved,group_2219,Shell,Shell,Shell
GCF_026810085.1,OYT95_RS07020,MKRSSGQLRLPVVTLFTLNPEVLPMELLVNFVYTVASVLYTALFVNGS,48,hypothetical protein, ,Derived by automated computational analysis using gene prediction method: GeneMarkS-2+.,OG0002228,,group_1468,Cloud,,Probably not conserved
GCF_026810085.1,OYT95_RS07140,MDLAFLSEFFSAFSDLAGALDFFSGSADALGGGADAATAAAATIG,45,hypothetical protein, ,Derived by automated computational analysis using gene prediction method: Protein Homology.,OG0000181,Shell,group_2197,Shell,Shell,Shell
GCF_026810085.1,OYT95_RS07195,MAEPVKGPASYFPSIEEKYGRPISEWQTLIRSSELTKHMELVSWLKSEHGLGHGHANALVAHTLKEDAAG,70,duf4287 domain-containing protein, ,Derived by automated computational analysis using gene prediction method: Protein Homology.,OG0000027,Conserved,,,Shell,Shell
GCF_026810085.1,OYT95_RS07265,MNRVVGAVRTAWWWTGSLMGDHDYSRYVEHLRRNHPDAEVPTEREYWKARYADADTNPGARCC,63,ybdd/yjix family protein, ,Derived by automated computational analysis using gene prediction method: Protein Homology.,OG0000045,Conserved,group_2289,Shell,Core,Shell
GCF_026810085.1,OYT95_RS07405,MSEDRRISRLLPVRRVLAAAGIAGLVAGGGMAATADPATPDSTVAAPLVSAGFGAPDAVSSGS,63,hypothetical protein, ,Derived by automated computational analysis using gene prediction method: Protein Homology.,OG0000180,Shell,group_2175,Shell,Shell,Shell
GCF_026810085.1,OYT95_RS08015,MDDSFEQELERRLLLLESPGGGGMILPDLPWRDVAAAIAGIVATISVMLWWGY,53,hypothetical protein, ,Derived by automated computational analysis using gene prediction method: Protein Homology.,OG0000272,Shell,group_2312,Shell,Shell,Shell
GCF_026810085.1,OYT95_RS08075,MTATLDATIPQPGHIAGRWLTGFGGRGVVRLWRDDDGERRAWIWSGTTTCRT,52,hypothetical protein, ,Derived by automated computational analysis using gene prediction method: GeneMarkS-2+.,OG0002229,,group_1218,Cloud,,Probably not conserved
GCF_026810085.1,OYT95_RS08245,MAEGIVKWFNSEKGFGFIAPEDGSADVFVHYSEIQSGGFRTLEENQRVSFEIGQGNKGPQATGVTLI,67,cold-shock protein, ,Derived by automated computational analysis using gene prediction method: Protein Homology.,OG0000046,Conserved,group_2233,Shell,Shell,Shell
GCF_026810085.1,OYT95_RS08250,MSKDFPQFAGFYDERVVPTGSGTVVVSVTGSVTVLPGQGAPWAPEGIVAPVAPGVYANFIP,61,hypothetical protein, ,Derived by automated computational analysis using gene prediction method: GeneMarkS-2+.,OG0002230,,group_658,Cloud,,Probably not conserved
GCF_026810085.1,OYT95_RS08405,MSDAELRKAIRVLRERADDARHRGNDDDANGIERTIRTYQEEMTQRL,47,hypothetical protein, ,Derived by automated computational analysis using gene prediction method: Protein Homology.,OG0000059,Core,group_1481,Shell,Shell,Shell
GCF_026810085.1,OYT95_RS08525,MAVPKRRMSRSNTRSRRSQWKAQATDLVDVTVGGATHRVPRRRVKAVKLGLVDPAGK,57,50s ribosomal protein l32, ,Derived by automated computational analysis using gene prediction method: Protein Homology.,OG0000060,Soft core,group_2234,Shell,Shell,Shell
GCF_026810085.1,OYT95_RS08545,MATRNEIRPIVKLKSTAGTGYTYVTRKNRRNDPDRLVMKKFDPVVRKHVDFREEK,55,50s ribosomal protein l33, ,Derived by automated computational analysis using gene prediction method: Protein Homology.,OG0000047,Conserved,group_2305,Shell,Shell,Shell
GCF_026810085.1,OYT95_RS09195,MHVTETPTPTVSRTMWTTEEIKARLEEMNIPRSRTRRGPRWGNRDR,46,hypothetical protein, ,Derived by automated computational analysis using gene prediction method: Protein Homology.,OG0000179,Shell,group_2404,Shell,Shell,Shell
GCF_026810085.1,OYT95_RS09300,MGAENSERTFHGAAPLGDDEVSVIVTDGVAAFLDGYRARAN,41,hypothetical protein, ,Derived by automated computational analysis using gene prediction method: Protein Homology.,OG0000766,Cloud,group_2304,Cloud,Cloud,Cloud
GCF_026810085.1,OYT95_RS09570,MSAEEVDGERAARVGAELAGIAGEAGIGPSELVDDHPSTARTASGGH,47,hypothetical protein, ,Derived by automated computational analysis using gene prediction method: GeneMarkS-2+.,OG0000765,Cloud,group_1533,Cloud,Cloud,Cloud
GCF_026810085.1,OYT95_RS09625,MWWIAWVVLAWIALSVPLAILIGKAIRQKDLHELPAKEDATRKNDPPDRTVA,52,hypothetical protein, ,Derived by automated computational analysis using gene prediction method: Protein Homology.,OG0000079,Soft core,group_2417,Shell,Shell,Shell
GCF_026810085.1,OYT95_RS09785,MSTALEESRRHALELTNEKIQAVKDFFTNIFRLDTTHRTEA,41,hypothetical protein, ,Derived by automated computational analysis using gene prediction method: GeneMarkS-2+.,OG0000178,Shell,group_2433,Shell,Shell,Shell
GCF_026810085.1,OYT95_RS10080,MGCTPTPLGLWELGSGRIRSLNPATANLEGFLDGAEASARTAAEFFTASAVNRPALVWA,59,hypothetical protein, ,Derived by automated computational analysis using gene prediction method: GeneMarkS-2+.,OG0002231,,group_799,Cloud,,Probably not conserved
GCF_026810085.1,OYT95_RS10170,MIAIGVVLIVIGLVVKISSLWIAGLVVGVVGLVLLLVGLRGRKVGGRQYWY,51,hypothetical protein, ,Derived by automated computational analysis using gene prediction method: Protein Homology.,OG0000000,Conserved,group_2200,Cloud,Cloud,Cloud
GCF_026810085.1,OYT95_RS10650,MGKFLVPGVVSAVVGVALGTVATLGITAAAQDNTRPEIDRSGNADSSLLNQVEYGSR,57,duf2613 domain-containing protein, ,Derived by automated computational analysis using gene prediction method: Protein Homology.,OG0000016,Conserved,group_860,Shell,Shell,Shell
GCF_026810085.1,OYT95_RS10950,MRIGRLVTLIVIIWLIIGAIAVWQRGYFKDATADCASAGTIAVTVIAGPLNYAGVNPKIDCEVPQPSQ,68,hypothetical protein, ,Derived by automated computational analysis using gene prediction method: Protein Homology.,OG0000017,Conserved,group_2272,Shell,Shell,Shell
GCF_026810085.1,OYT95_RS10955,MIVLGIILLVIGLVAGISILTTIGIILLVIGLVLLLLGTTGRAVGGRKYWY,51,duf6131 family protein, ,Derived by automated computational analysis using gene prediction method: Protein Homology.,OG0000193,Shell,group_2133,Shell,Shell,Shell
GCF_026810085.1,OYT95_RS11020,MKANSDRHDQHLPEHQRIADLVDDMEDRLVAEREAKGIAGNASERKQAEQVEPDDQAPE,59,hypothetical protein, ,Derived by automated computational analysis using gene prediction method: Protein Homology.,OG0000177,Shell,group_2271,Shell,Shell,Shell
GCF_026810085.1,OYT95_RS11350,MARGDHPQRTPFYGVVLIVVALAAAMTANRTAPVWVQVPVYVLAVLAAMTGFVMTFRDLS,60,hypothetical protein, ,Derived by automated computational analysis using gene prediction method: Protein Homology.,OG0000209,Shell,group_2174,Shell,Shell,Shell
GCF_026810085.1,OYT95_RS11435,MSFVDTLKGLLGKGREAASQNADKVHGAIDKAADVADSKTGGKYSDKIDKAADAAKKAVPPKE,63,antitoxin, ,Derived by automated computational analysis using gene prediction method: Protein Homology.,OG0000010,Conserved,group_2241,Shell,Shell,Shell
GCF_026810085.1,OYT95_RS11490,MLGIMLGLGGAAIGLGIGVMALGVGLLLSDATIKHDVGELPD,42,hypothetical protein, ,Derived by automated computational analysis using gene prediction method: GeneMarkS-2+.,OG0000176,Shell,group_1761,Shell,Shell,Shell
GCF_026810085.1,OYT95_RS11815,MANNSKKQYVDPGWPETADGDSAVTELSSSRAGGLSPFGEDTEFPLPADSLPYAHPHTVINR,62,hypothetical protein, ,Derived by automated computational analysis using gene prediction method: Protein Homology.,OG0000048,Conserved,group_2147,Shell,Shell,Shell
GCF_026810085.1,OYT95_RS11950,MSGSTGLEPSLADQDVILRERATGTVYRAYQDRGSGLRERLERV,44,hypothetical protein, ,Derived by automated computational analysis using gene prediction method: GeneMarkS-2+.,OG0000862,Cloud,group_1699,Cloud,Cloud,Cloud
GCF_026810085.1,OYT95_RS12140,MTPKDASGPKTTTTDSGAPGADKDVMSDPAEDDKTSGADWSGEGGATPEGPATDTDTDTED,61,hypothetical protein, ,Derived by automated computational analysis using gene prediction method: Protein Homology.,OG0000020,Core,group_2276,Shell,Shell,Shell
GCF_026810085.1,OYT95_RS12440,MGRGRAKAKQTKVARELKYSVPTTDFDSLQRELSGGSSNSHRDEVFADQRADREGHSREDDDDWRR,66,duf3073 domain-containing protein, ,Derived by automated computational analysis using gene prediction method: Protein Homology.,OG0000049,Conserved,group_209,Shell,Shell,Shell
GCF_026810085.1,OYT95_RS12560,MSSRIATTLAAIAMTLSLGALAAPAAVAAPLAPAPTPAVGSISVCLNLPLGSASISFCI,59,hypothetical protein, ,Derived by automated computational analysis using gene prediction method: Protein Homology.,OG0000175,Shell,group_2150,Shell,Shell,Shell
GCF_026810085.1,OYT95_RS13035,MTTHNAQNAPPDGEVLVLGAGSGGAIAGGLIATLALSALTLLSSLPT,47,hypothetical protein, ,Derived by automated computational analysis using gene prediction method: Protein Homology.,OG0000146,Shell,group_2277,Shell,Shell,Shell
GCF_026810085.1,OYT95_RS13040,MPASSTSHASATTTASRGGATMSTEEIKARIEAMFADEATDTSPALVE,48,hypothetical protein, ,Derived by automated computational analysis using gene prediction method: Protein Homology.,OG0000002,Conserved,group_2311,Shell,Shell,Shell
GCF_026810085.1,OYT95_RS13075,MQVNSCRSAVLDAVESLPALERETLALVYYRGMSCDEVADTMQTSVATVRDRLHEGARKLLAGVGGL,67,sigma factor-like helix-turn-helix dna-binding protein, ,Derived by automated computational analysis using gene prediction method: Protein Homology.,OG0000174,Shell,group_2332,Shell,Shell,Shell
GCF_026810085.1,OYT95_RS13135,MNAQTAPATTVSDVVYGLLELAAKTGEANPVEWVAARIASVPSDSVRTEYQAAFDALLGR,60,hypothetical protein, ,Derived by automated computational analysis using gene prediction method: GeneMarkS-2+.,OG0002232,,group_724,Cloud,,Probably not conserved
GCF_026810085.1,OYT95_RS13205,MAAKTTAENDIADEDLEPLADETARQAQRVVAAYAEDADECRMLLSMLGIGPTSKLD,57,hypothetical protein, ,Derived by automated computational analysis using gene prediction method: Protein Homology.,OG0000015,Conserved,group_859,Shell,Shell,Shell
GCF_026810085.1,OYT95_RS13280,MEVRVDFDRCEANGVCVGIAPDIFELDDDDQLHISSAVPPADREEDVRTAIAQCPRAALTEHP,63,ferredoxin, ,Derived by automated computational analysis using gene prediction method: Protein Homology.,OG0000005,Conserved,group_2144,Shell,Shell,Shell
GCF_026810085.1,OYT95_RS13565,MAQGVVKWFNSEKGFGFIAPDDGSADVFVHYSEISGSGYKSLEENQRVEFEVGQGQKGPQAQNVRAV,67,cold-shock protein, ,Derived by automated computational analysis using gene prediction method: Protein Homology.,OG0000003,Conserved,group_141,Shell,Shell,Shell
GCF_026810085.1,OYT95_RS14325,MTPNTLTAPSFHSPPPGEASVRERDGGTARLRLWGSLTAAGRAGLES,47,hypothetical protein, ,Derived by automated computational analysis using gene prediction method: Protein Homology.,OG0000225,Shell,group_2145,Shell,Shell,Shell
GCF_026810085.1,OYT95_RS14715,MALAYAPGSSVDTTRLAVISFAIVLFAMLALYLVGFDQGAISRSGMYMHELMHDGRHLLGLPCH,64,cbtb domain-containing protein, ,Derived by automated computational analysis using gene prediction method: Protein Homology.,OG0000008,Conserved,group_2468,Conserved,Soft core,Soft core
GCF_026810085.1,OYT95_RS14740,MVYVSSPSKSVESLGIVLIAVGVVLLALLTLYLVGFDQGAISRSGMYLHELMHDGRHLLGVPCH,64,cbtb domain-containing protein, ,Derived by automated computational analysis using gene prediction method: Protein Homology.,OG0000173,Shell,group_2252,Shell,Shell,Shell
GCF_026810085.1,OYT95_RS15100,MSDSLKDRVREKLLRQLAEDGGHPVQEAEGDDPRLVSIDADLAALEQASDGDVVIEELAAKYWVP,65,hypothetical protein, ,Derived by automated computational analysis using gene prediction method: Protein Homology.,OG0000014,Conserved,group_2342,Conserved,Soft core,Soft core
GCF_026810085.1,OYT95_RS15105,MAMQVFSLIAILGALIVLIPTALRVFGKSDNVKAPDETEE,40,hypothetical protein, ,Derived by automated computational analysis using gene prediction method: Protein Homology.,OG0000172,Shell,group_2042,Shell,Shell,Shell
GCF_026810085.1,OYT95_RS15135,MAQGTVKWFNAEKGFGFIAPEDGSADVFVHYSEIQGSGFRTLEENQRVEFEVGQGTKGPQATGVRAV,67,cold-shock protein, ,Derived by automated computational analysis using gene prediction method: Protein Homology.,OG0000013,Conserved,group_128,Conserved,Shell,Shell
GCF_026810085.1,OYT95_RS15300,MSELTSWEYATVPLLTHATKQILDQWGTDGWELVTVLPGPTGEQHVAYLKRPKG,54,duf4177 domain-containing protein, ,Derived by automated computational analysis using gene prediction method: Protein Homology.,OG0000012,Conserved,group_2273,Conserved,Shell,Shell
GCF_026810085.1,OYT95_RS15890,MAKYRVIDPQGSVVETKEISSADDAHAWFVDVRADNSELGWRMEVDEDGTWAFFDDTEGATEK,63,hypothetical protein, ,Derived by automated computational analysis using gene prediction method: Protein Homology.,OG0000066,Soft core,group_2173,Shell,Shell,Shell
GCF_026810085.1,OYT95_RS16325,MGIADKASNKAEDLKGQAKEATGKATGDPDLRDEGKADQASSAVKDAGEKVKDAAKNLKDKLT,63,csbd family protein, ,Derived by automated computational analysis using gene prediction method: Protein Homology.,OG0000011,Conserved,group_2411,Conserved,Shell,Shell
GCF_026810085.1,OYT95_RS16905,MFVCICKAVTEDEVHEHCADGADSADAIGERCGAGWGCGTCVDRLKEILERSAVSTAA,58,(2fe-2s)-binding protein, ,Derived by automated computational analysis using gene prediction method: Protein Homology.,OG0000150,Shell,group_2172,Shell,Shell,Shell
GCF_026810085.1,OYT95_RS17195,MSLYLQPRQSGTAPTPYERKLAGAIEEVFGTGVHHLEGLVKGLNALGIHSPGGDAWTTDTFTDEIRRMGA,70,recombinase-like helix-turn-helix domain-containing protein, ,Derived by automated computational analysis using gene prediction method: Protein Homology.,OG0000171,Shell,,,Shell,Shell
GCF_026810085.1,OYT95_RS17605,MSDRDASIFESERELDEESVRKAQRTVAHHSIDAEDCRMLLAALGIPLVRDHDNESLSGTAGAESL,66,hypothetical protein, ,Derived by automated computational analysis using gene prediction method: Protein Homology.,OG0000170,Shell,group_2353,Shell,Shell,Shell
GCF_026810085.1,OYT95_RS18110,MSDKFSRMADVKTFELPFSVPAMETSLYTLKKVLPDPGTEWFRATVRKALGAATNRNPDVVTAR,64,hypothetical protein, ,Derived by automated computational analysis using gene prediction method: GeneMarkS-2+.,OG0002233,,group_412,Cloud,,Probably not conserved
GCF_026810085.1,OYT95_RS18115,MGQFDPATSRRTFRLHATDLGEVSLLPPETAPGVDVHIIPLNIAVVETELRQGKPTPSSAPTSPST,66,hypothetical protein, ,Derived by automated computational analysis using gene prediction method: GeneMarkS-2+.,OG0002234,,group_263,Cloud,,Probably not conserved
GCF_026810085.1,OYT95_RS18205,MDSFIHLAGDSWNFWSPFPPAVTFWLIDVMGQLSRAGIILGGS,43,hypothetical protein, ,Derived by automated computational analysis using gene prediction method: Protein Homology.,OG0000266,Cloud,group_2107,Cloud,Cloud,Cloud
GCF_026810085.1,OYT95_RS19105,MAKGKRTFQPNNRRRARVHGFRLRMRTRAGRAIVSARRRKGRESLTA,47,50s ribosomal protein l34, ,Derived by automated computational analysis using gene prediction method: Protein Homology.,OG0000052,Conserved,rpmH,Conserved,Shell,Shell
GCF_026810085.1,OYT95_RS19275,MIDTCHGTLIVHALYGAECTDESCVELSEVRHALIIDCDEFGDCVCSAEFAEQLRHAS,58,hypothetical protein, ,Derived by automated computational analysis using gene prediction method: Protein Homology.,OG0000169,Shell,group_2231,Shell,Cloud,Shell
GCF_026810085.1,OYT95_RS19595,MTAESTTHREVGARIAELTTAFPPRSTEPREFQRARFDAGLSWVHFPLGLGGLGLV,56,hypothetical protein, ,Derived by automated computational analysis using gene prediction method: GeneMarkS-2+.,OG0002235,,group_990,Cloud,,Probably not conserved
GCF_026810085.1,OYT95_RS19820,MSTSSVTVTGMTCNHCVSSVTEEISALPGVTNVNVDLATGKVVIDSTTDLDPSAVAGAVEEAGYSVAG,68,heavy metal-associated domain-containing protein, ,Derived by automated computational analysis using gene prediction method: Protein Homology.,OG0000006,Conserved,group_2406,Shell,,Shell
GCF_026810085.1,OYT95_RS19900,MHTGAWLGRPGPALTAALTPETGARAAAVAGTIRTDGAAVAATLLLDTIVRTSDRS,56,hypothetical protein, ,Derived by automated computational analysis using gene prediction method: GeneMarkS-2+.,OG0002236,,group_991,Cloud,,Probably not conserved
GCF_026810085.1,OYT95_RS20005,MDVRVDYGMCQDHGQCAIASPRVFQMDDDGKLVYDKHPEDSQRDEVEEAADVCPVQAIFLDES,63,ferredoxin, ,Derived by automated computational analysis using gene prediction method: Protein Homology.,OG0000001,Conserved,group_489,Cloud,,Cloud
GCF_026810085.1,OYT95_RS20050,MAAAWCRLSEIKLAGQERAGEKERRRSHDEDARVQKIYAGANEVMKGIIAKSL,53,hypothetical protein, ,Derived by automated computational analysis using gene prediction method: GeneMarkS-2+.,OG0000264,Shell,group_1165,Cloud,,Cloud
GCF_026810085.1,OYT95_RS20380,MHPVAKRQRLEVLIGVLGFFTVMAFVAAVVEVVRGDPGVTPALVLLGCLVLSGLAIAARNRVR,63,hypothetical protein, ,Derived by automated computational analysis using gene prediction method: Protein Homology.,OG0000051,Conserved,group_490,Cloud,Cloud,Cloud
GCF_026810085.1,OYT95_RS20500,MPAGTYAVITQCKEGASTNPYVKLGPLAQVTLTGTPAPGGGGSANLGLEDLLSLFSGFGS,60,hypothetical protein, ,Derived by automated computational analysis using gene prediction method: GeneMarkS-2+.,OG0002237,,group_725,Cloud,,Probably not conserved
GCF_026810085.1,OYT95_RS20530,MLYADHTKFDQCAFHAMAPLPDFDTVIVVAATNQKHIDRLRDAGNDVVVAKPPRRH,56,hypothetical protein, ,Derived by automated computational analysis using gene prediction method: Protein Homology.,OG0002238,,group_992,Cloud,,Probably not conserved
GCF_026810085.1,OYT95_RS20660,MRIVIDRPRCEGHGLCEEIAPDLMHLDDEGELILDVEELPEGSPELADAGAAVRVCPVAALRLA,64,ferredoxin, ,Derived by automated computational analysis using gene prediction method: Protein Homology.,OG0000001,Conserved,group_413,Cloud,Cloud,Cloud
GCF_026810085.1,OYT95_RS20685,MKLHINTGFNVGLTKEKIVGALIHCIPYVGFPRVLNGLTLVKQVMAERGLVPESPTV,57,carboxymuconolactone decarboxylase family protein, ,Derived by automated computational analysis using gene prediction method: GeneMarkS-2+.,OG0002239,,group_913,Cloud,,Probably not conserved
GCF_026810085.1,OYT95_RS20870,MLVHASGSASVPGVIVTAVALAALPVLWCMPETAPRRASQTGDNSHCDPPQRQW,54,hypothetical protein, ,Derived by automated computational analysis using gene prediction method: GeneMarkS-2+.,OG0000540,Cloud,group_1108,Cloud,,Cloud
GCF_026810085.1,OYT95_RS21285,MIILGIILAIIGLVVSVPVLLYIGIALIIIGVVLEVMGMAGHAVAGRRHYY,51,duf6131 family protein, ,Derived by automated computational analysis using gene prediction method: Protein Homology.,OG0000000,Conserved,group_1289,Cloud,,Cloud
GCF_026810085.1,OYT95_RS21290,MSIGKKIRHKAETAEGAAKKTVGKALGNERMEAEGRSQEAKGKMKQAGDQAKQAGQKIKSIFKH,64,csbd family protein, ,Derived by automated computational analysis using gene prediction method: Protein Homology.,OG0000073,Shell,group_414,Cloud,,Cloud
GCF_026810085.1,OYT95_RS21470,MGDLLITVLLLGSFIGAALMIRYINTRTARPATARQRTRVTAADEKFPRESRSARL,56,hypothetical protein, ,Derived by automated computational analysis using gene prediction method: GeneMarkS-2+.,OG0000242,Shell,group_2082,Cloud,,Cloud
GCF_026810085.1,OYT95_RS21475,MQFSVVLQLAGLIALSAFGTMLLAVGAFGSGGLCLAGATWWFWRLYRTND,50,hypothetical protein, ,Derived by automated computational analysis using gene prediction method: Protein Homology.,OG0000271,Cloud,group_1298,Cloud,,Cloud
GCF_026810085.1,OYT95_RS21865,MLDRLYAAVLAVAGLGYGGYILLDELTGGSDTPGEDDHHLRRESSEHVSTT,51,hypothetical protein, ,Derived by automated computational analysis using gene prediction method: Protein Homology.,OG0000168,Shell,group_2371,Cloud,,Cloud
GCF_026810085.1,OYT95_RS21930,MPSARGPVEIVDGDDADPVALARLQVLPGDACRRLRDHVTDVHHFFPTEFTGAEPCH,57,hypothetical protein, ,Derived by automated computational analysis using gene prediction method: GeneMarkS-2+.,OG0002240,,group_914,Cloud,,Probably not conserved
GCF_026810085.1,OYT95_RS22750,MTTWHGTATNSTLHPANDPATNAAVETAYKAKYCSQPAALDPMVANTAAETTVRLDAAG,59,duf2255 family protein, ,Derived by automated computational analysis using gene prediction method: Protein Homology.,OG0002241,,group_800,Cloud,,Probably not conserved
GCF_026810085.1,OYT95_RS22860,MPADSDTADAIESLKKLKLLRSQPNTTVCVNHDIDDWNRLRLNGRQVVQARHSTAGRGLGELRGR,65,hypothetical protein, ,Derived by automated computational analysis using gene prediction method: GeneMarkS-2+.,OG0002242,,group_334,Cloud,,Probably not conserved
GCF_026810085.1,OYT95_RS23435,MANIVDRPKDVKDRIEWVGDHSVVGLEGVVDLWMVATCWELTVAAAGP,48,hypothetical protein, ,Derived by automated computational analysis using gene prediction method: GeneMarkS-2+.,OG0002243,,group_1469,Cloud,,Probably not conserved
GCF_026810085.1,OYT95_RS23495,MESTSQPSPRECPDCHALTADLEAHKLWHSRLVHDIATAVDKDISRRAHT,50,hypothetical protein, ,Derived by automated computational analysis using gene prediction method: Protein Homology.,OG0000227,Shell,group_1293,Shell,,Shell
GCF_026810085.1,OYT95_RS23830,MEFLAIIVALTTAILIVPGAYLLLCAVILVERCRLEADHDR,41,hypothetical protein, ,Derived by automated computational analysis using gene prediction method: GeneMarkS-2+.,OG0000539,Cloud,group_1870,Cloud,,Cloud
GCF_026810085.1,OYT95_RS23995,METETTRNILTNEELPVVEALRKAPAGRHAQPSELFNVALFVASDEANFVHGAVYMADGGWTTH,64,sdr family oxidoreductase, ,Derived by automated computational analysis using gene prediction method: Protein Homology.,OG0002244,,group_415,Cloud,,Probably not conserved
GCF_026810085.1,OYT95_RS24215,MTFRLPTTLATDSDAAAIAARMKYYDRPYLGKEANVEAHSDSWSSTGDRVGGGGPVHRG,59,hypothetical protein, ,Derived by automated computational analysis using gene prediction method: GeneMarkS-2+.,OG0000240,Shell,group_801,Cloud,,Cloud
GCF_026810085.1,OYT95_RS24295,MTRAPGAGAAADTAPPPNAVDATVAITAAIIAIRDSLMDE,40,hypothetical protein, ,Derived by automated computational analysis using gene prediction method: GeneMarkS-2+.,OG0002245,,group_1917,Cloud,,Probably not conserved
GCF_026810085.1,OYT95_RS25235,MARRQGAHPEGVDRYVIAASLLDGDLRSLNLSGTLVGCDRGAYPWSRTTCHQILGVNPGADG,62,hypothetical protein, ,Derived by automated computational analysis using gene prediction method: GeneMarkS-2+.,OG0002246,,group_580,Cloud,,Probably not conserved
GCF_026810085.1,OYT95_RS25850,MSTDFKLFRCVQCGFEYDEAEGWPEDGIEPGTRWDDIPEDWSCPDCGAAKADFDMVEVSRA,61,rubredoxin, ,Derived by automated computational analysis using gene prediction method: Protein Homology.,OG0000007,Conserved,group_2335,Shell,Shell,Shell
GCF_026810085.1,OYT95_RS25855,MAAYQCPVCDYVYDEASGAPREGFPAGTSWADVPDDWCCPDCGVREKIDFDPKVA,55,rubredoxin, ,Derived by automated computational analysis using gene prediction method: Protein Homology.,OG0000053,Core,group_2321,Shell,Shell,Shell
GCF_026810085.1,OYT95_RS26490,MNPVNDPDVVYLADHSVLLAIPAFVPAFLVAGLVIYLAVRDRKAEAAENAESAKHGPSEKDEEN,64,hypothetical protein, ,Derived by automated computational analysis using gene prediction method: Protein Homology.,OG0000167,Shell,group_2396,Shell,Shell,Shell
GCF_026810085.1,OYT95_RS27020,MATIEEFEQTVTDKVIAGLHDKFADYERRGVGLAELGDPDRFVERILAAMPAPHPWYEQFGTAWSSTPA,69,hypothetical protein, ,Derived by automated computational analysis using gene prediction method: Protein Homology.,OG0000166,Shell,group_2132,Shell,Shell,Shell
GCF_026810085.1,OYT95_RS44490,MLTEGFVSAWGRLHVDLCRLSTSICHS,27,putative leader peptide, ,Derived by automated computational analysis using gene prediction method: Protein Homology.,OG0000132,Shell,group_1953,Cloud,Cloud,Cloud
GCF_026810085.1,OYT95_RS27955,MTFDSNTPRQFTRSDNQKMLAGVCGGIAEYFSVDVNLVRLLTVVATLVTGGTAALVYLAAWMLMPAGH,68,pspc domain-containing protein, ,Derived by automated computational analysis using gene prediction method: Protein Homology.,OG0000021,Conserved,group_2380,Conserved,Shell,Shell
GCF_026810085.1,OYT95_RS28110,MIVLGLILLLIGWLTGLTWLWTIGIILLVIGAILWILGATGRAVGGRRRWY,51,duf6131 family protein, ,Derived by automated computational analysis using gene prediction method: Protein Homology.,OG0000000,Conserved,group_2247,Shell,Shell,Shell
GCF_026810085.1,OYT95_RS28165,MSVIHLRDSASDAHPAAGLHVDQARSAAKSIRHYHDMLCEGCSKTIEFLDEVGLVGGPSRLLLRRAHIV,69,hypothetical protein, ,Derived by automated computational analysis using gene prediction method: GeneMarkS-2+.,OG0002247,,group_45,Cloud,,Probably not conserved
GCF_026810085.1,OYT95_RS28395,MGSVIKKRRKRMSKKKHRKLLRRTRVQRRKLGK,33,aurkaip1/cox24 domain-containing protein, ,Derived by automated computational analysis using gene prediction method: Protein Homology.,OG0000022,Conserved,group_1939,Conserved,Conserved,Conserved
GCF_026810085.1,OYT95_RS28540,MIYLLALIGLVTVAVLLWKAFGPNTRPVLSNRVQGPDDDPDFLWKVDRETRRKKSDEPDAGPADPAG,67,hypothetical protein, ,Derived by automated computational analysis using gene prediction method: Protein Homology.,OG0000023,Conserved,group_2246,Shell,Conserved,Shell
GCF_026810085.1,OYT95_RS28615,MGALSPSHWAIIAVVLVVLFGSKKLPDAARGLGRSMRILKTEVGELQADAPELEK,55,sec-independent protein translocase subunit tata, ,Derived by automated computational analysis using gene prediction method: Protein Homology.,OG0000019,Conserved,group_2146,Shell,Shell,Shell
GCF_026810085.1,OYT95_RS28775,MASSTDVRPKITLACEVCKHRNYITKKNRRNDPDRLEIKKFCPNCGTHQSHRESK,55,50s ribosomal protein l33, ,Derived by automated computational analysis using gene prediction method: Protein Homology.,OG0000024,Conserved,rpmG,Conserved,Conserved,Conserved
GCF_026810085.1,OYT95_RS28880,MSEVFAVSADVVEEATAAAVVAASGFATGSGFFAGSGFATGSVWVTEVSDRGGFGVA,57,hypothetical protein, ,Derived by automated computational analysis using gene prediction method: GeneMarkS-2+.,OG0002248,,group_915,Cloud,,Probably not conserved
GCF_026810085.1,OYT95_RS28915,MSEKKIDRVKTESALEVLRESPTIALITVAPALVVFGVVWWLFGFWSALVLVLILGVVAVVGRKLF,66,hypothetical protein, ,Derived by automated computational analysis using gene prediction method: Protein Homology.,OG0000025,Conserved,group_2209,Conserved,Shell,Shell
GCF_026810085.1,OYT95_RS29115,MNSTITGLIVGLLLAIAGILGGFSGFVFAVLLGALGMAVGAHRDGHLDLGAILRSRGRG,59,hypothetical protein, ,Derived by automated computational analysis using gene prediction method: Protein Homology.,OG0000026,Conserved,group_2303,Conserved,Shell,Shell
GCF_026810085.1,OYT95_RS29155,MGSGPVKAIMWSLLFVGLVGAGVGISELHVPWTVASLIVASVSGLVLLRIRADAHPELHSDRRMAAG,67,hypothetical protein, ,Derived by automated computational analysis using gene prediction method: Protein Homology.,OG0000165,Shell,group_2193,Shell,Shell,Shell
GCF_026810085.1,OYT95_RS30190,MAQRAGVHIATHVRGAASGRQLVGDLDVDFLFGHSAEEMVGEHVSSVLENCD,52,hypothetical protein, ,Derived by automated computational analysis using gene prediction method: GeneMarkS-2+.,OG0002249,,group_1219,Cloud,,Probably not conserved
GCF_026810085.1,OYT95_RS30450,MTDERPGKKQTPPEKATRPTPKEATPDVSKTDLAAVVDALTATNEKNFDF,50,hypothetical protein, ,Derived by automated computational analysis using gene prediction method: Protein Homology.,OG0000164,Shell,group_2447,Shell,Shell,Shell
GCF_026810085.1,OYT95_RS30590,MADKSPRNSMSKKSGKSLKEKRAEKKMKTTGQSDPEIVSHVKKR,44,hypothetical protein, ,Derived by automated computational analysis using gene prediction method: Protein Homology.,OG0000004,Core,group_2437,Shell,Shell,Shell
GCF_026810085.1,OYT95_RS30715,MTTHRDDAAPLTEPDDDLGGDPVCWLDRVCPDCGSFLTDRTAGTCPRCGAARDR,54,hypothetical protein, ,Derived by automated computational analysis using gene prediction method: Protein Homology.,OG0000163,Shell,group_2435,Shell,Cloud,Shell
GCF_026810085.1,OYT95_RS31605,MKTTRHSDPRYRAMRCVGPDDAMEAMLEASGLWVAFENAGPTSGHQSWKSDKQQQVYEQAQDEGRLF,67,hypothetical protein, ,Derived by automated computational analysis using gene prediction method: GeneMarkS-2+.,OG0002250,,group_194,Cloud,,Probably not conserved
GCF_026810085.1,OYT95_RS31615,MPQSKDFPMPLITLREAAERTGFTTDHLRKRVHAGELTGFRRGKRLILVDSDEIDALTSRL,61,excisionase family dna-binding protein, ,Derived by automated computational analysis using gene prediction method: Protein Homology.,OG0000499,Cloud,group_659,Cloud,Cloud,Cloud
GCF_026810085.1,OYT95_RS31630,MTGVRTELRMVHLPRLGHCVRIHQGSGRTVHLPVDAAYAVIDAVADGLDNLEKRGSG,57,hypothetical protein, ,Derived by automated computational analysis using gene prediction method: GeneMarkS-2+.,OG0002251,,group_916,Cloud,,Probably not conserved
GCF_026810085.1,OYT95_RS31640,MQADRQREEHERWIADNPEAAREDPNLTDYYTKLERDRWRERQTFRDDVIERQP,54,hypothetical protein, ,Derived by automated computational analysis using gene prediction method: GeneMarkS-2+.,OG0002252,,group_1109,Cloud,,Probably not conserved
GCF_026810085.1,OYT95_RS31660,MTTYLSTRQVAEITGFCEETIRRHAVKYAQTKKSKRPKGLKGTQPNGRDWRFKPEDVHKFMDGT,64,helix-turn-helix domain-containing protein, ,Derived by automated computational analysis using gene prediction method: Protein Homology.,OG0000207,Shell,group_416,Cloud,,Cloud
GCF_026810085.1,OYT95_RS31665,MNSIIRTTTSNGTEVTVERAEGTIWIEVDGTDACEARTEIAMSVDSLRELLASGILQQLTASTAREAA,68,hypothetical protein, ,Derived by automated computational analysis using gene prediction method: GeneMarkS-2+.,OG0000632,Cloud,group_120,Cloud,Cloud,Cloud
GCF_026810085.1,OYT95_RS31670,MPTEAEIEAARTENGGWTREQLAEWGVSWPPPRGWKKALITTSAKR,46,hypothetical protein, ,Derived by automated computational analysis using gene prediction method: GeneMarkS-2+.,OG0002253,,group_1598,Cloud,,Probably not conserved
GCF_026810085.1,OYT95_RS31675,MSLHSVSDVAEHLSVTADDVINAAGLTLGELEHAAEQHGFCVTCYRLVPVLSDREVQIITARLS,64,hypothetical protein, ,Derived by automated computational analysis using gene prediction method: GeneMarkS-2+.,OG0000901,Cloud,group_2434,Cloud,Cloud,Cloud
GCF_026810085.1,OYT95_RS31740,MVGKFERRKDTVQELTESAATHVGQIATIIAGAVRDVTREIGDWVSDGIEMREAAKKARDDEGDAEPVD,69,hypothetical protein, ,Derived by automated computational analysis using gene prediction method: Protein Homology.,OG0000149,Shell,group_2446,Shell,Shell,Shell
GCF_026810085.1,OYT95_RS32155,MRALPTSHAARLQRSRTGDASSFPAGRQGERGIMPAPKTHRSARHA,46,hypothetical protein, ,Derived by automated computational analysis using gene prediction method: GeneMarkS-2+.,OG0000208,Shell,group_2409,Shell,Shell,Shell
GCF_026810085.1,OYT95_RS32180,MIPVLLYFGVPAAVIAVTLWVGFLGWRFYVKEVLRGDSDTAEAGERDHG,49,hypothetical protein, ,Derived by automated computational analysis using gene prediction method: Protein Homology.,OG0000223,Shell,group_2268,Shell,Shell,Shell
GCF_026810085.1,OYT95_RS32195,MNDHHVQLFSELHSTAGSQAGGEDAGEALRPVDPEHRTATEVHRALFSDQ,50,hypothetical protein, ,Derived by automated computational analysis using gene prediction method: GeneMarkS-2+.,OG0000162,Shell,group_2285,Shell,Shell,Shell
GCF_026810085.1,OYT95_RS32345,MSESERTDLDVDDELDAGQVWRAQRVVAAQSLDAEDCRMLLSMLGIAGNPDAPEVD,56,hypothetical protein, ,Derived by automated computational analysis using gene prediction method: Protein Homology.,OG0000161,Shell,group_2171,Shell,Shell,Shell
GCF_026810085.1,OYT95_RS32435,MDRMASWWDGFELWIAGLPFVPQVALVLLVMVPVCRGLAWLLDRGLAAVFVLLRRDVSKVEEP,63,hypothetical protein, ,Derived by automated computational analysis using gene prediction method: Protein Homology.,OG0000056,Core,group_427,Shell,Shell,Shell
GCF_026810085.1,OYT95_RS32635,MTGAGILAVALIAIAAALVVYLLIALIDPERF,32,k(+)-transporting atpase subunit f, ,Derived by automated computational analysis using gene prediction method: Protein Homology.,OG0000055,Core,group_2327,Shell,Soft core,Shell
GCF_026810085.1,OYT95_RS32880,MPRYKVTLRNGTSSDKTFESDFQAVNETHRPTEPGAGIVKIDRYEEGGEVSGLWSAPATSRRSRT,65,hypothetical protein, ,Derived by automated computational analysis using gene prediction method: Protein Homology.,OG0000113,Soft core,group_2295,Shell,Shell,Shell
GCF_026810085.1,OYT95_RS32885,MCSDLTKLGDDELLARLDEHRALLGESIANDYGCETVRGVTSRITEFEAELDRRGSATTRDAT,63,hypothetical protein, ,Derived by automated computational analysis using gene prediction method: Protein Homology.,OG0000192,Shell,group_2325,Shell,Shell,Shell
GCF_026810085.1,OYT95_RS32970,MTDEDHLWYYNVDDGTVTQGKAASSMSRMGPYPDRASAEKALQIAAERNKAADRADEEWNN,61,hypothetical protein, ,Derived by automated computational analysis using gene prediction method: Protein Homology.,OG0000042,Conserved,group_2293,Shell,Soft core,Shell
GCF_026810085.1,OYT95_RS33530,MATYRYLDKDRNVLEEQDFGTVQDAEEHRLSVLGAEIIEEVEDSGTPES,49,hypothetical protein, ,Derived by automated computational analysis using gene prediction method: Protein Homology.,OG0000054,Core,group_2183,Shell,Soft core,Shell
GCF_026810085.1,OYT95_RS33535,MHVAVGDRLHVQGRVVGVHETTAEVVEVHGENGEPPYLVRYDDGHEALVFPGSDAWVEHPKS,62,duf1918 domain-containing protein, ,Derived by automated computational analysis using gene prediction method: Protein Homology.,OG0000041,Conserved,group_504,Shell,Soft core,Shell
GCF_026810085.1,OYT95_RS33715,MSVVLVYVLFIAAGIAAGGAYSMWKFNKLASGVLLALAVLAAVAGVLRLM,50,hypothetical protein, ,Derived by automated computational analysis using gene prediction method: Protein Homology.,OG0000040,Conserved,group_1297,Shell,Core,Shell
GCF_026810085.1,OYT95_RS33755,MPLIQISQTPGLTAEQKRATIEAVTQAYADATGKDPAKVWVTITEVPRDSWGVGGTPLG,59,2-hydroxymuconate tautomerase family protein, ,Derived by automated computational analysis using gene prediction method: Protein Homology.,OG0000160,Shell,group_2162,Shell,Shell,Shell
GCF_026810085.1,OYT95_RS34040,MPKSKTHSGTAKRFKVSGSGKILRQKAGRRHLLEHKATKVTRRLDGVAVVSKADTPRIKRLLDI,64,50s ribosomal protein l35, ,Derived by automated computational analysis using gene prediction method: Protein Homology.,OG0000039,Conserved,rpmI,Shell,Soft core,Shell
GCF_026810085.1,OYT95_RS34115,MVIDPTLLGILACPQDKGPLLLVGDELLYNPRLRRAYPIENGIPVLLIDEARDVGADEHETLLARAAGEA,70,trm112 family protein, ,Derived by automated computational analysis using gene prediction method: Protein Homology.,OG0000038,Conserved,,,Soft core,Soft core
GCF_026810085.1,OYT95_RS34510,MSSSDTADPTEFPASMGKVSRRELASHGYTRFDHLTTVTAKELLKIHGVGPKAIRILEEELAERGLGFAK,70,hypothetical protein, ,Derived by automated computational analysis using gene prediction method: Protein Homology.,OG0000050,Conserved,,,Shell,Shell
GCF_026810085.1,OYT95_RS34625,MAQEQTKRTGGGDEDDTPGADGAAGQERREKLAEDTDDLLDEIDDVLEENAEDFVRAYVQKGGQ,64,ubiquitin-like protein pup, ,Derived by automated computational analysis using gene prediction method: Protein Homology.,OG0000037,Conserved,group_343,Shell,Shell,Shell
GCF_026810085.1,OYT95_RS34950,MTPIEAVRGVLRMMDRVDEVTNAGSARGWRISLGVCAGLLLGFF,44,hypothetical protein, ,Derived by automated computational analysis using gene prediction method: GeneMarkS-2+.,OG0002254,,group_1700,Cloud,,Probably not conserved
GCF_026810085.1,OYT95_RS35135,MNTTTKARRKILLVRLVVAGSIVTLPAGLAAGPAVASIAAPAVVSAAASTGPLPSSWSRFAGLRSPSSV,69,hypothetical protein, ,Derived by automated computational analysis using gene prediction method: GeneMarkS-2+.,OG0002255,,group_46,Cloud,,Probably not conserved
GCF_026810085.1,OYT95_RS35145,MKTKSPQRELAYRLAERDELVVEILELEGRLARATRRLEELSAEIKPSGHVE,52,hypothetical protein, ,Derived by automated computational analysis using gene prediction method: GeneMarkS-2+.,OG0000250,Shell,group_1220,Cloud,,Cloud
GCF_026810085.1,OYT95_RS35150,MTDTVVDAVAALHVTEYWVVEVDRHDGTCCTFGPFTAEAAWARMEHRTAPTRFAAVVGKR,60,hypothetical protein, ,Derived by automated computational analysis using gene prediction method: Protein Homology.,OG0000254,Cloud,group_726,Cloud,,Cloud
GCF_026810085.1,OYT95_RS35195,MARRIPIVDDPLLAADGSVGGPRTLGDRDRDRDRVRVTHPHHHVRPPAEGGRAEATARQHRVTAAAR,67,hypothetical protein, ,Derived by automated computational analysis using gene prediction method: GeneMarkS-2+.,OG0002256,,group_195,Cloud,,Probably not conserved
GCF_026810085.1,OYT95_RS35265,MHEDVRSSVVGCDESEAVLTVEPLHNVLCHADTAYKLDPGIRIEFSISMPLILPAGGGSDDRT,63,hypothetical protein, ,Derived by automated computational analysis using gene prediction method: GeneMarkS-2+.,OG0002257,,group_491,Cloud,,Probably not conserved
GCF_026810085.1,OYT95_RS35315,MLDMYKAGQLKLDEIITRTYSLDELDQGYADMHACLNIRGVIIY,44,hypothetical protein, ,Derived by automated computational analysis using gene prediction method: GeneMarkS-2+.,OG0002258,,group_1701,Cloud,,Probably not conserved
GCF_026810085.1,OYT95_RS35335,MRTRCRTASVSYASCADANAAGVAPIYQGEPGYSTKLDRDKDGIACDM,48,excalibur calcium-binding domain-containing protein, ,Derived by automated computational analysis using gene prediction method: Protein Homology.,OG0000255,Shell,group_1470,Cloud,,Cloud
GCF_026810085.1,OYT95_RS35345,MQLRSIKAADTLGITAETTVDRTAYPMLGPWAGVSRRANLAITLVARPTGNG,52,hypothetical protein, ,Derived by automated computational analysis using gene prediction method: GeneMarkS-2+.,OG0000734,Cloud,group_1221,Cloud,,Cloud
GCF_026810085.1,OYT95_RS35425,MDRTRSALGCGDLMICPPGHDAWILGDEPCVFIDWTGVAHYAER,44,hypothetical protein, ,Derived by automated computational analysis using gene prediction method: GeneMarkS-2+.,OG0002259,,group_1702,Cloud,,Probably not conserved
GCF_026810085.1,OYT95_RS35585,MVELDGKPIVTTTAVQRLMVEDAIDRQIEITVWRNGALVDVFARPRELAA,50,hypothetical protein, ,Derived by automated computational analysis using gene prediction method: GeneMarkS-2+.,OG0000525,Cloud,group_1350,Cloud,,Cloud
GCF_026810085.1,OYT95_RS35655,MARITDSLGANLLNTLRVSVVGTVLYAGLVMGVVVVAVWKFPMPGL,46,hypothetical protein, ,Derived by automated computational analysis using gene prediction method: Protein Homology.,OG0000126,Shell,group_1599,Cloud,,Cloud
GCF_026810085.1,OYT95_RS35850,MSAGIYRTFQVFGEVPSGGIGYVAKRVICWGEMDPASLWDCPDVVVTTLEER,52,hypothetical protein, ,Derived by automated computational analysis using gene prediction method: GeneMarkS-2+.,OG0002260,,group_1222,Cloud,,Probably not conserved
GCF_026810085.1,OYT95_RS35855,MVEFALRWLPFGGPRADDILVTFGISTLTFARRLQEVLASDHPPRLSLAERNGLREMAAALGRPSERP,68,hypothetical protein, ,Derived by automated computational analysis using gene prediction method: GeneMarkS-2+.,OG0000196,Shell,group_121,Cloud,,Cloud
GCF_026810085.1,OYT95_RS35900,MTVRGAAFLGVGSMVGAGIFALLGEAGAVAGSAVWLSFLLAGVVATCRAMPSRSWERGTPPTPEAM,66,hypothetical protein, ,Derived by automated computational analysis using gene prediction method: GeneMarkS-2+.,OG0002261,,group_264,Cloud,,Probably not conserved
GCF_026810085.1,OYT95_RS35920,MAGGQTPHRRRLCHQTRAEWTTLFAGAEACVTPVNAVEEVTSDPHVRAREIMLDQNGIKFPRLRRD,66,coa transferase, ,Derived by automated computational analysis using gene prediction method: Protein Homology.,OG0002262,,group_265,Cloud,,Probably not conserved
GCF_026810085.1,OYT95_RS35930,MTGPAIQQAITAIAAGQCHRVALVNGNNGATANSTYGGFVGKAMVDIAMIATMIRRRART,60,hypothetical protein, ,Derived by automated computational analysis using gene prediction method: GeneMarkS-2+.,OG0000506,Cloud,group_727,Cloud,,Cloud
GCF_026810085.1,OYT95_RS36265,MTAAEAFAAGVKLAGALETALVPFADSAFHSDYSGRCSTPDQR,43,hypothetical protein, ,Derived by automated computational analysis using gene prediction method: GeneMarkS-2+.,OG0002263,,group_1755,Cloud,,Probably not conserved
GCF_026810085.1,OYT95_RS36475,MTIDHDKSELPLFSAQRTLTHSTPEPVHEAPRTGDSPIPTSAEIHRPLFSDE,52,hypothetical protein, ,Derived by automated computational analysis using gene prediction method: Protein Homology.,OG0000222,Shell,group_1223,Cloud,,Cloud
GCF_026810085.1,OYT95_RS36595,MNDDQRRALEHVRDTCAMLHSFLTTYPSNRPPERVRSATFAQLTDDLLDAVTAAQNAGVPEQRIFDSM,68,hypothetical protein, ,Derived by automated computational analysis using gene prediction method: Protein Homology.,OG0000135,Shell,group_2184,Cloud,,Cloud
GCF_026810085.1,OYT95_RS36605,MNRTELPQTLRRSSKEVQAAFAAAHEMAVRRYGEGEEAQRAAYGELKQSYELATDHWVPKQD,62,chab family protein, ,Derived by automated computational analysis using gene prediction method: Protein Homology.,OG0000159,Shell,group_509,Cloud,,Cloud
GCF_026810085.1,OYT95_RS36695,MGGAFVPADYPASATLNLSEALEFPEGGGELVVVFGEQFVRHGVPIGQDRTE,52,hypothetical protein, ,Derived by automated computational analysis using gene prediction method: GeneMarkS-2+.,OG0000949,Cloud,group_1224,Cloud,,Cloud
GCF_026810085.1,OYT95_RS36970,MLERLYAALLAAAGLSFGDYIALEDAVSDPDELPRTAIIAHPHL,44,hypothetical protein, ,Derived by automated computational analysis using gene prediction method: GeneMarkS-2+.,OG0000353,Cloud,group_1703,Cloud,,Cloud
GCF_026810085.1,OYT95_RS37015,MRPPDAAPGVIRHRCCGDGPLITDTKPGTDDLPASALAWPERHGWAVTPDPLCPNHS,57,hypothetical protein, ,Derived by automated computational analysis using gene prediction method: GeneMarkS-2+.,OG0000702,Cloud,group_917,Cloud,,Cloud
GCF_026810085.1,OYT95_RS37080,MGLSRLVLDLPRSWPNRDALEAAAVELRERGIGDWSALTV,40,hypothetical protein, ,Derived by automated computational analysis using gene prediction method: GeneMarkS-2+.,OG0000279,Cloud,group_1918,Cloud,,Cloud
GCF_026810085.1,OYT95_RS37225,MTYVKSRKRDRADDAVSAVREVAVEHRWAVFDLVGETTSRFGGPTVVSAMSRAQSTIVFTFAARDQLYLP,70,hypothetical protein, ,Derived by automated computational analysis using gene prediction method: GeneMarkS-2+.,OG0002264,,,,,Probably not conserved
GCF_026810085.1,OYT95_RS37230,MTPRGEMWIVLSNGGDRKGAFAIHGATAPALIVAVVLLSV,40,hypothetical protein, ,Derived by automated computational analysis using gene prediction method: GeneMarkS-2+.,OG0002265,,group_1919,Cloud,,Probably not conserved
GCF_026810085.1,OYT95_RS37345,MRQESSHPRESTGPLPADAIVWPEPSPLDSWWKHVVNDHAAAVPEREPLTDAGK,54,hypothetical protein, ,Derived by automated computational analysis using gene prediction method: Protein Homology.,OG0000191,Shell,group_2419,Cloud,Cloud,Cloud
GCF_026810085.1,OYT95_RS37595,MRLSTRNQLSGTITEVTLGSVMATVKVKLDGGEQIVTASITKEAVEELGLKSGVAATVLVKSTEVMLGVE,70,tobe domain-containing protein, ,Derived by automated computational analysis using gene prediction method: Protein Homology.,OG0000064,Soft core,,,Cloud,Cloud
GCF_026810085.1,OYT95_RS37635,MTGDGLCSFNPIYAQGMTVAALEALTLHRHLQRGTEPHARGFFRDVAKVWEMSVGGDLAFPK,62,hypothetical protein, ,Derived by automated computational analysis using gene prediction method: GeneMarkS-2+.,OG0000846,Cloud,group_581,Cloud,,Cloud
GCF_026810085.1,OYT95_RS37645,MRTAFCNALFSVFDHRICCRRIPEWTAHVGQPWDTYDVAPWNLYNAIWRIQHWIRSGVDADR,62,hypothetical protein, ,Derived by automated computational analysis using gene prediction method: Protein Homology.,OG0000219,Shell,group_2337,Shell,Cloud,Shell
GCF_026810085.1,OYT95_RS37715,MSTNTYPTIETIRIGQSGHECRYCGHTVAKDGPGYRHTTTGQYRCDPASRALNESRLSNSMVRS,64,hypothetical protein, ,Derived by automated computational analysis using gene prediction method: Protein Homology.,OG0000148,Shell,group_2334,Shell,Cloud,Shell
GCF_026810085.1,OYT95_RS38030,MNMGKKIRHKVETAEGAAKKAVGRATGNAHLEAEGSKEQAKGNAKQMGDKVKDAGKKIKNVLKH,64,csbd family protein, ,Derived by automated computational analysis using gene prediction method: Protein Homology.,OG0000073,Shell,group_2267,Shell,Cloud,Shell
GCF_026810085.1,OYT95_RS38040,MSEMVPADDTRRIALVDLLDRVLGGGVVITGEITLSLADVDMVRISLRTLIASVSALVPDPVGQETADD,69,gas vesicle protein, ,Derived by automated computational analysis using gene prediction method: Protein Homology.,OG0000145,Shell,group_2318,Shell,,Shell
GCF_026810085.1,OYT95_RS38140,MSADEVTQAEKAGAARYSRSLLSVYDTVVVRWSSTLVWCCPSERRLANYNSSAGCSG,57,hypothetical protein, ,Derived by automated computational analysis using gene prediction method: GeneMarkS-2+.,OG0000943,Cloud,,,,Probably not conserved
GCF_026810085.1,OYT95_RS44550,MNSLFNRPIKLFRNRGDDLDGLHTALTAVFCEVEITVVGTVAVFAARRPLRPGS,54,hypothetical protein, ,Derived by automated computational analysis using gene prediction method: GeneMarkS-2+.,OG0002266,,,,,Probably not conserved
GCF_026810085.1,OYT95_RS38155,MLGIADDARVRDLTAEQRGQITDAIAATAGPIPVPRMSGSER,42,hypothetical protein, ,Derived by automated computational analysis using gene prediction method: GeneMarkS-2+.,OG0000950,Cloud,,,,Probably not conserved
GCF_026810085.1,OYT95_RS38160,MTITPAAPSGLSTGELTRSRTAPGGDSETVAARMSSDLDEGAHLAKPSEY,50,hypothetical protein, ,Derived by automated computational analysis using gene prediction method: GeneMarkS-2+.,OG0002267,,,,,Probably not conserved
GCF_026810085.1,OYT95_RS38170,MMVIRSGCWSGPESVALAAMQMSLMQSDIDATKPDEPLVIGHAVLGDAVAGIRTVAAEERSDRPFRD,67,hypothetical protein, ,Derived by automated computational analysis using gene prediction method: GeneMarkS-2+.,OG0002268,,,,,Probably not conserved
GCF_026810085.1,OYT95_RS38195,MPTIRPQMTVVHRPSPPRVFTVLDRARTDSAAGRGGVVYRG,41,hypothetical protein, ,Derived by automated computational analysis using gene prediction method: GeneMarkS-2+.,OG0002269,,,,,Probably not conserved
GCF_026810085.1,OYT95_RS38210,MSDRTAADLERELAMLAYVRDRLRDSEGNDVRIPTTAVDQVLDELNSLERSPWDRN,56,hypothetical protein, ,Derived by automated computational analysis using gene prediction method: Protein Homology.,OG0000117,Shell,,,,Probably not conserved
GCF_026810085.1,OYT95_RS38255,MSVPRARSLAYWEQCVWIETHDHLSPGRSLVSAEKQASLADHCVGIGDEAATST,54,hypothetical protein, ,Derived by automated computational analysis using gene prediction method: GeneMarkS-2+.,OG0000275,Shell,,,,Probably not conserved
GCF_026810085.1,OYT95_RS38265,MTNQIPGNPRPERIPNPWPEKQLSTTDIAGVVEALTGQRLLPRPGAENDPRIQ,53,hypothetical protein, ,Derived by automated computational analysis using gene prediction method: GeneMarkS-2+.,OG0000252,Cloud,,,,Probably not conserved
GCF_026810085.1,OYT95_RS38270,MTSLPRLAAAARSVRCTDWPARRSRLGRYWAGAALRERERFA,42,hypothetical protein, ,Derived by automated computational analysis using gene prediction method: GeneMarkS-2+.,OG0000942,Cloud,,,,Probably not conserved
GCF_026810085.1,OYT95_RS38310,MTTASMTPASSITTRPMRRPGAMSTAEIKSRIEAMFADDRIPARPAATADRRRGIAS,57,hypothetical protein, ,Derived by automated computational analysis using gene prediction method: Protein Homology.,OG0000002,Conserved,,,,Probably not conserved
GCF_026810085.1,OYT95_RS38425,MAVETALIAGCVSLPTRSAIDVELGSSAKIVRLLGIRCVRHSRPGRNALACPAGTS,56,hypothetical protein, ,Derived by automated computational analysis using gene prediction method: GeneMarkS-2+.,OG0002270,,,,,Probably not conserved
GCF_026810085.1,OYT95_RS38590,MLSAIDQIPDHSEFGASHGHRQECRLGLADAAGGELAGSEQS,42,hypothetical protein, ,Derived by automated computational analysis using gene prediction method: GeneMarkS-2+.,OG0002271,,,,,Probably not conserved
GCF_026810085.1,OYT95_RS38655,MTAGRYQFRCIAQQLLDDRAEKAERAAAAQPYLDRGYTILAEVPQYGTDVLLPGG,55,hypothetical protein, ,Derived by automated computational analysis using gene prediction method: GeneMarkS-2+.,OG0000857,Cloud,,,,Probably not conserved
GCF_026810085.1,OYT95_RS38700,MNARTAADLERELAMLAFVRVRLRASEGEDVRLPTTAVDQVLDKLNSLARLPRVPN,56,hypothetical protein, ,Derived by automated computational analysis using gene prediction method: Protein Homology.,OG0000117,Shell,,,,Probably not conserved
GCF_026810085.1,OYT95_RS38715,MASSSGEQLWQTLSDSGLALVCIRGPQCRRADLLLPGNESVGELTWLARDTEEIAEQYRDHR,62,hypothetical protein, ,Derived by automated computational analysis using gene prediction method: Protein Homology.,OG0000143,Shell,group_2488,Shell,,Shell
GCF_026810085.1,OYT95_RS38725,MARITENLGASLLNTLRVGVVSTVLYAGLIMGVVVVAVWKFPMPGV,46,hypothetical protein, ,Derived by automated computational analysis using gene prediction method: Protein Homology.,OG0000126,Shell,group_2480,Cloud,,Cloud
GCF_026810085.1,OYT95_RS39345,MLLERLADRVMAAPTPGSRAWYAHRSTAADSVKERVLVRIAIAHQAHFDLAEDIARARAAGAERADR,67,hypothetical protein, ,Derived by automated computational analysis using gene prediction method: GeneMarkS-2+.,OG0002272,,group_196,Cloud,,Probably not conserved
GCF_026810085.1,OYT95_RS39405,MTKYFTEDESVDTINGRMGIDADDRAAVVMESLVRHLHSASPSWVCSAR,49,hypothetical protein, ,Derived by automated computational analysis using gene prediction method: GeneMarkS-2+.,OG0002273,,group_1406,Cloud,,Probably not conserved
GCF_026810085.1,OYT95_RS39700,MFGLAALVPGLSMGWNWVTGHGTTTATAISSLIILMFGGSAATTYACRGLWNRFRRPSHN,60,hypothetical protein, ,Derived by automated computational analysis using gene prediction method: Protein Homology.,OG0000904,Cloud,group_728,Cloud,,Cloud
GCF_026810085.1,OYT95_RS39770,MRVGTQVLVRRQPEAATGVIVEDYAELTDTAGRGHDWAPVHRWAVALDDGRLVFADTRDLTVDIGAADSE,70,hypothetical protein, ,Derived by automated computational analysis using gene prediction method: Protein Homology.,OG0000236,Shell,,,,Probably not conserved
GCF_026810085.1,OYT95_RS39795,MAQGIVKWFNGEKGFGFIAPDDGTPDVFVHYSEISGSGFKSLDENQRVEFEVGQGQKGPQATNVRTV,67,cold-shock protein, ,Derived by automated computational analysis using gene prediction method: Protein Homology.,OG0000003,Conserved,"group_1996, group_1997",Shell,,Shell
GCF_026810085.1,OYT95_RS39890,MVKLSVDLHRCQGYANCVVASPDVFDLSDEGKVEILQTQIPDDDVPVVEEAVRSCPAAALSMEEAH,66,ferredoxin, ,Derived by automated computational analysis using gene prediction method: Protein Homology.,OG0000001,Conserved,group_2255,Cloud,,Cloud
GCF_026810085.1,OYT95_RS39940,MTAQQTTNLPARAASEGARATTARRAISTYMVELIKIFFLVFTWDGQVEKAYTQDSPDQTIDKGSV,66,hypothetical protein, ,Derived by automated computational analysis using gene prediction method: GeneMarkS-2+.,OG0002274,,group_266,Cloud,,Probably not conserved
GCF_026810085.1,OYT95_RS40290,MLGDLEETDPEAEEGQRRIAGYALQEIDRIIADLAEPIPPSPPPP,45,hypothetical protein, ,Derived by automated computational analysis using gene prediction method: GeneMarkS-2+.,OG0002275,,group_1645,Cloud,,Probably not conserved
GCF_026810085.1,OYT95_RS40910,MLRRTVQQGGSLHSDVAGWTQRRAAYGRQGGVDAVAALIGRFPLNC,46,hypothetical protein, ,Derived by automated computational analysis using gene prediction method: GeneMarkS-2+.,OG0002276,,group_1600,Cloud,,Probably not conserved
GCF_026810085.1,OYT95_RS40950,MVASLILNGITYDISRTRFEATRELLTRFAEGHTRGVTRSLTHGGARHHL,50,hypothetical protein, ,Derived by automated computational analysis using gene prediction method: GeneMarkS-2+.,OG0000130,Shell,group_1351,Cloud,,Cloud
GCF_026810085.1,OYT95_RS41170,MKVTVDTAVCADHGQCIFSAPQVFQFDDDGKLVWESAPDESLRASVEEAADVCPVQTIRVDD,62,ferredoxin, ,Derived by automated computational analysis using gene prediction method: Protein Homology.,OG0000001,Conserved,group_582,Cloud,,Cloud
GCF_026810085.1,OYT95_RS41355,MGRQAAVVLDVLALVAVVVGVDVLFFRHHFWERLLVNVGIVLVFAAFYLRFLKGS,55,hypothetical protein, ,Derived by automated computational analysis using gene prediction method: Protein Homology.,OG0000623,Cloud,group_1056,Cloud,,Cloud
GCF_026810085.1,OYT95_RS41420,MYRQRQPPSPRGRDRPEHRPRPERKISVLGIYEASEVNALVEDYLAKKGNNALERWIKPAVDRHDVR,67,hypothetical protein, ,Derived by automated computational analysis using gene prediction method: GeneMarkS-2+.,OG0002277,,group_197,Cloud,,Probably not conserved
GCF_026810085.1,OYT95_RS41660,MKKTAKEIREWAIGEGREVSFRGRISAAIVRAFHDAAAKLPAVGG,45,histone-like nucleoid-structuring protein lsr2, ,Derived by automated computational analysis using gene prediction method: Protein Homology.,OG0000314,Cloud,group_1646,Cloud,,Cloud
GCF_026810085.1,OYT95_RS41665,MTVHTLVRSTGRRGWTLRCDVCEHTFVAAVASRPEAVAFAETNGWIVGERTWCPMCAATHTARRTA,66,hypothetical protein, ,Derived by automated computational analysis using gene prediction method: GeneMarkS-2+.,OG0000154,Shell,group_267,Cloud,,Cloud
GCF_026810085.1,OYT95_RS41705,MRAAYFAITTLPFTRQVSSMPPLAGVTVPVTLEKIEYLATATELDVS,47,hypothetical protein, ,Derived by automated computational analysis using gene prediction method: GeneMarkS-2+.,OG0000622,Cloud,group_1534,Cloud,,Cloud
GCF_026810085.1,OYT95_RS41830,MTDRPQPNNLLDCAHSVRPPSTKHKVRKQITQGVTTVEVLGLHTYFPN,48,hypothetical protein, ,Derived by automated computational analysis using gene prediction method: GeneMarkS-2+.,OG0002278,,group_1471,Cloud,,Probably not conserved
GCF_026810085.1,OYT95_RS41970,MGLFTDDKGRPELVVHPDIVLGRATFRPVDDEPEPEETPKQRARRELKKRMTEERLAKQKTEGTNPEKG,69,hypothetical protein, ,Derived by automated computational analysis using gene prediction method: Protein Homology.,OG0000273,Cloud,group_3,Cloud,,Cloud
GCF_026810085.1,OYT95_RS42255,MVQIRMPSSAGRGYYDKKIAEGKSPRATTRSLKRHLSDHVWRIMLADERRSCRQREEESDRAA,63,hypothetical protein, ,Derived by automated computational analysis using gene prediction method: GeneMarkS-2+.,OG0002279,,group_492,Cloud,,Probably not conserved
GCF_026810085.1,OYT95_RS42440,MVNAPDPGLDLNVLRGLRAPSAKAGPSAVADIAATPASIPIAMRFEPLIVAKVFRRATV,59,hypothetical protein, ,Derived by automated computational analysis using gene prediction method: GeneMarkS-2+.,OG0002280,,group_802,Cloud,,Probably not conserved
GCF_026810085.1,OYT95_RS42690,MEEHGLPPRSREFTVEALVTITTKVSVSVSARSEEVAEDEVLARALGRRIGGFRRHGLDLREYTVTEVQG,70,hypothetical protein, ,Derived by automated computational analysis using gene prediction method: GeneMarkS-2+.,OG0002281,,,,,Probably not conserved
GCF_026810085.1,OYT95_RS42700,MTTTTNTNIPTPAEVYMSQGERALNRGTHFIEESIWVYLMRTGTASIGGCSIR,53,hypothetical protein, ,Derived by automated computational analysis using gene prediction method: GeneMarkS-2+.,OG0002282,,group_1166,Cloud,,Probably not conserved
GCF_026810085.1,OYT95_RS43120,MYRWFPDASLTVVQALLKTRSGKILRKTMRQIADHEEYRALHHRGRRRPRRAEATVTCAPATGIGRR,67,hypothetical protein, ,Derived by automated computational analysis using gene prediction method: GeneMarkS-2+.,OG0000277,Cloud,group_2007,Cloud,,Cloud
GCF_026810085.1,OYT95_RS43205,MAVVKANLGACQGYANCVVAADDYFDIDDDGVVELLSVEVPESERGRVDSAARSCPVSALWIED,64,ferredoxin, ,Derived by automated computational analysis using gene prediction method: Protein Homology.,OG0000001,Conserved,group_2005,Shell,,Shell
GCF_026810085.1,OYT95_RS44590,MLVATDLSDPAGQAVRRAAQLAGQHGALVTAPI,33,universal stress protein, ,Derived by automated computational analysis using gene prediction method: Protein Homology.,OG0000646,Cloud,group_1941,Cloud,,Cloud
GCF_026810085.1,OYT95_RS43230,MTADRPIVVGTDGSPSSLQAVSWLAGSLQGSTSQNLLHHALGPGHDLPHAG,51,hypothetical protein, ,Derived by automated computational analysis using gene prediction method: GeneMarkS-2+.,OG0000354,Cloud,group_2089,Cloud,,Cloud
GCF_026810085.1,OYT95_RS43330,MRWAAIEAIQLHPGTAKIVDDKYVAKVAAARKLLTLTNYGLRATGYGKGRIMP,53,hypothetical protein, ,Derived by automated computational analysis using gene prediction method: GeneMarkS-2+.,OG0000526,Cloud,group_2392,Cloud,,Cloud
GCF_026810085.1,OYT95_RS43395,MAVGTNLLTKLTLAAIAGSVSFALRLAAWLAPQVAITVVTVWALLIR,47,hypothetical protein, ,Derived by automated computational analysis using gene prediction method: GeneMarkS-2+.,OG0000919,Cloud,group_1535,Cloud,,Cloud
GCF_026810085.1,OYT95_RS43405,MTAVAATPDTNVNVEVSSRLALVFGDAAMMIAAETAFLHPPAARANPGGR,50,hypothetical protein, ,Derived by automated computational analysis using gene prediction method: GeneMarkS-2+.,OG0002283,,group_1352,Cloud,,Probably not conserved
GCF_026810085.1,OYT95_RS43515,MRGHLASGHWSQSFWLKPVGFFDRNPALDVAPTPEACDHHHSHHEDSDD,49,hypothetical protein, ,Derived by automated computational analysis using gene prediction method: GeneMarkS-2+.,OG0000398,Cloud,group_2148,Cloud,,Cloud
GCF_026810085.1,OYT95_RS43535,MTPRIHIDTAACNGYGNCLVAAPDVFDLDPDTNIAFTQPGHPTEADHDSLREAEADCPVRAIRISES,67,ferredoxin, ,Derived by automated computational analysis using gene prediction method: Protein Homology.,OG0000005,Conserved,group_164,Cloud,,Cloud
GCF_026810085.1,OYT95_RS43610,MASAEPVAPSVGAKKLPQFSARVDPELLRQVKIEVATRGTTLQAATAEAFRLWLSSK,57,hypothetical protein, ,Derived by automated computational analysis using gene prediction method: GeneMarkS-2+.,OG0002284,,group_918,Cloud,,Probably not conserved
GCF_026810085.1,OYT95_RS43690,MDEIDRNILRELHRDAELTNKALARRMGIAESTSFTVFGPCVSGA,45,asnc family transcriptional regulator, ,Derived by automated computational analysis using gene prediction method: Protein Homology.,OG0002285,,group_1647,Cloud,,Probably not conserved
GCF_026810085.1,OYT95_RS43700,MAGSGRDHGSGSAAPTVRTDWAPVRRWAIAVDDGRLVFADDGDVEPAQPDES,52,hypothetical protein, ,Derived by automated computational analysis using gene prediction method: GeneMarkS-2+.,OG0000236,Shell,group_1225,Cloud,,Cloud
GCF_026810085.1,OYT95_RS43720,MRTLTGAEHFASLRSYLATTAKHGIDGLDALIRLATGEPWTPQTT,45,hypothetical protein, ,Derived by automated computational analysis using gene prediction method: GeneMarkS-2+.,OG0002286,,group_1648,Cloud,,Probably not conserved
GCF_026810085.1,OYT95_RS43950,MPGDPEPFGNVDDGCAVTHLGDGASSDLHGHTGGNGGIGFERLS,44,hypothetical protein, ,Derived by automated computational analysis using gene prediction method: GeneMarkS-2+.,OG0002287,,group_1704,Cloud,,Probably not conserved
GCF_026810085.1,OYT95_RS43990,MIDFHNSQVEDYAAYCMAPSASSIRRHVRRGGEARVRPTDALRNLYALLVRAGVVEIVD,59,hypothetical protein, ,Derived by automated computational analysis using gene prediction method: GeneMarkS-2+.,OG0000231,Shell,group_803,Cloud,,Cloud
GCF_026810085.1,OYT95_RS44000,MPKPHPEEFGRTSGSEESCLLNWLCKTDVEDGKRPGVSKDESDELGEACKRIRLLE,56,hypothetical protein, ,Derived by automated computational analysis using gene prediction method: GeneMarkS-2+.,OG0002288,,group_993,Cloud,,Probably not conserved
GCF_026810085.1,OYT95_RS44160,MSGEQAAPVRWWRLAPWSGNRLMRGSDRFESSAWAPGRGR,40,hypothetical protein, ,Derived by automated computational analysis using gene prediction method: GeneMarkS-2+.,OG0000742,Cloud,group_1920,Cloud,,Cloud
GCF_026810085.1,OYT95_RS44190,MFTVTRGDRTAVFDSFECAAQAMAPQCGTAGYRILGHGVEADKQMYCCAHCAHESGHTDLADRTGG,66,hypothetical protein, ,Derived by automated computational analysis using gene prediction method: Protein Homology.,OG0002289,,group_268,Cloud,,Probably not conserved
GCF_026810085.1,OYT95_RS44210,MDLVLVGDASVGEASVGELTWLARTAGEVAEQYRDDKTGDDSPLI,45,hypothetical protein, ,Derived by automated computational analysis using gene prediction method: GeneMarkS-2+.,OG0000143,Shell,group_1649,Cloud,,Cloud
GCF_026810085.1,OYT95_RS44235,MSDRLLLPRYAVSGDPWFGTVEVTIEELAEYRDVKPANILLSETVSP,47,hypothetical protein, ,Derived by automated computational analysis using gene prediction method: Protein Homology.,OG0000136,Shell,group_1536,Cloud,,Cloud
GCF_026810085.1,OYT95_RS44240,MGIERISLELPTGSAPDEVEAKAAASLRAQGIRAFSDLSLQTTLTTGNPDISRHTLTYWVDDHPHD,66,hypothetical protein, ,Derived by automated computational analysis using gene prediction method: Protein Homology.,OG0000279,Cloud,group_269,Cloud,,Cloud
GCF_026810085.1,OYT95_RS44265,MSDRTAAVIERELAMLAHVRDRLRASEGSDFRIATTAVDQVLDELNRLERSPWDPT,56,hypothetical protein, ,Derived by automated computational analysis using gene prediction method: Protein Homology.,OG0000117,Shell,group_994,Cloud,,Cloud
GCF_026810085.1,OYT95_RS44325,MPPLRGGLGAAFVGGDPDTALGSLERLAAAELLRRLPVPTLAAD,44,hypothetical protein, ,Derived by automated computational analysis using gene prediction method: GeneMarkS-2+.,OG0002290,,group_1705,Cloud,,Probably not conserved
GCF_026810085.1,OYT95_RS44330,MDPARLGEPRAAGAAAVVGDKIVVTGGQTNGKLVPNTEVFDDTM,44,hypothetical protein, ,Derived by automated computational analysis using gene prediction method: GeneMarkS-2+.,OG0002291,,group_1706,Cloud,,Probably not conserved
GCF_026810085.1,OYT95_RS44340,MRPPPGRLAWEQVVIVCAVPAPRGLAAAANDLTPERLGPAVFADAGDESLELTAPGHGVAARG,63,hypothetical protein, ,Derived by automated computational analysis using gene prediction method: GeneMarkS-2+.,OG0002292,,group_493,Cloud,,Probably not conserved
GCF_026810085.1,OYT95_RS44345,MAYAIVAPPLTVAVGAAEAMPAPKAMTGAITAEATAATRKVLFFIVLTYQFLMGLAQRRARRWNLLW,67,hypothetical protein, ,Derived by automated computational analysis using gene prediction method: GeneMarkS-2+.,OG0002293,,group_198,Cloud,,Probably not conserved
GCF_026810085.1,OYT95_RS44350,MNTGEDIVCVNSRDYYPDGVWVTADIVGVHNIGEPCDPTTDQASQTPDGLPILCVQGQGWTPGP,64,hypothetical protein, ,Derived by automated computational analysis using gene prediction method: GeneMarkS-2+.,OG0002294,,group_417,Cloud,,Probably not conserved
GCF_026810085.1,OYT95_RS44385,MTSPNEFEAPATDRTDATPQAAAPTCCSTERQTTRCDLSEKSTCCGPAATAGGGCGCQ,58,hypothetical protein, ,Derived by automated computational analysis using gene prediction method: GeneMarkS-2+.,OG0000243,Shell,group_853,Cloud,,Cloud
GCF_026810085.1,OYT95_RS44400,MVIRRPLDDRARRERAIRAARTTSELEGSRSTDLTRADQDAYVRGEIDIEQLGSRVRARYNLA,63,hypothetical protein, ,Derived by automated computational analysis using gene prediction method: Protein Homology.,OG0000377,Cloud,group_2618,Cloud,,Cloud
GCF_029457415.1,P0M12_RS00105,MAIVSYTDEDGVHFTDEFSKTYEKHLKAVADKGAVKPAETPKPEPVKPVSKPDVKSDLKVS,61,hypothetical protein, ,Derived by automated computational analysis using gene prediction method: GeneMarkS-2+.,OG0000355,Cloud,group_2024,Cloud,,Cloud
GCF_029457415.1,P0M12_RS00160,MFRLADQVGMSPAGLRENGWSIASDEVGVVREESSGPVVAVGTPERRLRAVDVGQ,55,hypothetical protein, ,Derived by automated computational analysis using gene prediction method: GeneMarkS-2+.,OG0002295,,,,,Probably not conserved
GCF_029457415.1,P0M12_RS00245,MSALTTCNNCGHLAQSDREVMEWALTREMPRRIPNKWDVKDLVGTVFAVIESLGYSKPSEESL,63,hypothetical protein, ,Derived by automated computational analysis using gene prediction method: GeneMarkS-2+.,OG0000951,Cloud,,,,Probably not conserved
GCF_029457415.1,P0M12_RS00285,MSERLERAQVWVDTALESIGQSDHESATGELLIAVDQLITEIRELRIELGK,51,hypothetical protein, ,Derived by automated computational analysis using gene prediction method: GeneMarkS-2+.,OG0000952,Cloud,,,,Probably not conserved
GCF_029457415.1,P0M12_RS00345,MTNRELEAAADRLLAADPEWCEERVTFADPAGTAADMDVLINGEGWFPDFLARKFRIRR,59,hypothetical protein, ,Derived by automated computational analysis using gene prediction method: GeneMarkS-2+.,OG0000631,Cloud,group_2025,Cloud,Cloud,Cloud
GCF_029457415.1,P0M12_RS00365,MKAAEKFGMTEYMTPAEAAEIARCNRTHVYAALTSGELEGHQRKRRNKIKGPWLISPEALDRWIRGE,67,helix-turn-helix domain-containing protein, ,Derived by automated computational analysis using gene prediction method: Protein Homology.,OG0000207,Shell,group_2026,Cloud,Cloud,Cloud
GCF_029457415.1,P0M12_RS00390,MKLALTEFKNSKATIRIIMSDGAKLNGTVTDFTEDTLVLNSPNGVYYINPSHIVRLFEPSDRAAK,65,hypothetical protein, ,Derived by automated computational analysis using gene prediction method: GeneMarkS-2+.,OG0000085,Soft core,group_2248,Soft core,Shell,Soft core
GCF_029457415.1,P0M12_RS00595,MTVAGVVSVVLIAVAAALVIYLLVALVDPERF,32,k(+)-transporting atpase subunit f, ,Derived by automated computational analysis using gene prediction method: Protein Homology.,OG0000055,Core,kdpF,Soft core,Shell,Shell
GCF_029457415.1,P0M12_RS30405,MSEATAPVIRHQLALIAVGMLDVADVACC,29,ms4533a family cys-rich leader peptide, ,Derived by automated computational analysis using gene prediction method: Protein Homology.,OG0000133,Shell,group_1948,Soft core,Shell,Shell
GCF_029457415.1,P0M12_RS00735,MDRIADWWDSFELWMAGLPFIPQVALVLIVVVPLCRLVAIGLDRVLAAVLALPLFGWLRRNSREVEES,68,hypothetical protein, ,Derived by automated computational analysis using gene prediction method: Protein Homology.,OG0000056,Core,group_2078,Soft core,Soft core,Soft core
GCF_029457415.1,P0M12_RS01130,MSLVNDTETALVPVLRDLMGPGADPLEVRLLAIAANTAQRMAVVAWVDGDSPA,53,hypothetical protein, ,Derived by automated computational analysis using gene prediction method: GeneMarkS-2+.,OG0002296,,,,,Probably not conserved
GCF_029457415.1,P0M12_RS01135,MRPILANGIDEWLGYIASSSPGTPVVQVLASAARVALNSPAATPDAIALIRRLQRIVPGDPALRNAW,67,hypothetical protein, ,Derived by automated computational analysis using gene prediction method: GeneMarkS-2+.,OG0000234,Shell,group_157,Shell,Shell,Shell
GCF_029457415.1,P0M12_RS01235,MKKALPKTLKSLARTVGILALAIIVASVVERFTGAHQPTTGPASLTGPDQSL,52,hypothetical protein, ,Derived by automated computational analysis using gene prediction method: Protein Homology.,OG0000111,Soft core,group_2264,Soft core,Soft core,Soft core
GCF_029457415.1,P0M12_RS01245,MCGGRSVPRNPAGPTPFWNLRVTCDGCDRGSAVLLEEFDTWVLSVVDGSLAVDVTAPVIRSDGTLARA,68,duf6226 family protein, ,Derived by automated computational analysis using gene prediction method: Protein Homology.,OG0002297,,group_122,Cloud,,Probably not conserved
GCF_029457415.1,P0M12_RS01275,MIAAPTTGALAVVLNTVLQMFNAGSSFLYTDNSPIGGGGETPTTPAP,47,hypothetical protein, ,Derived by automated computational analysis using gene prediction method: Protein Homology.,OG0000086,Soft core,group_2210,Soft core,Soft core,Soft core
GCF_029457415.1,P0M12_RS01280,MPTIPLTGDPIVINIIVQLLSAGSSNALALGGVGSSGLGSTGLGSFDSASLGSAA,55,hypothetical protein, ,Derived by automated computational analysis using gene prediction method: Protein Homology.,OG0000087,Soft core,group_1002,Soft core,Soft core,Soft core
GCF_029457415.1,P0M12_RS01800,MYIHTCTYDTEDRNMGSINTLSAVIDIIKVVQPLIAKLNLS,41,hypothetical protein, ,Derived by automated computational analysis using gene prediction method: GeneMarkS-2+.,OG0000109,Soft core,group_2041,Soft core,Soft core,Soft core
GCF_029457415.1,P0M12_RS02110,MGTLQSGINLAETFSKKAKDGEDSLEKSLNSHIQVVTEMRDFFQQCVDRYGEVDDSNASALASVETPR,68,hypothetical protein, ,Derived by automated computational analysis using gene prediction method: GeneMarkS-2+.,OG0000123,Soft core,group_2307,Soft core,Soft core,Soft core
GCF_029457415.1,P0M12_RS02190,MSTALLTIYVLIWPALVLVVLGVISKGFFKDWATARRNGEDLV,43,putative transporter small subunit, ,Derived by automated computational analysis using gene prediction method: Protein Homology.,OG0000088,Soft core,group_2364,Soft core,Soft core,Soft core
GCF_029457415.1,P0M12_RS02880,MAAMKPRTGDGPLEATKEGRGIVMRVPLEGGGRLVVELTPDEAAALGVELTNVTS,55,duf3117 domain-containing protein, ,Derived by automated computational analysis using gene prediction method: Protein Homology.,OG0000043,Conserved,group_1003,Soft core,Soft core,Soft core
GCF_029457415.1,P0M12_RS02985,MTEQDATFDPEAPESDALEQSTPVDPNAPEEPDLTDIPLDAPVADVVDQRVEVAVDDDYRPS,62,hypothetical protein, ,Derived by automated computational analysis using gene prediction method: Protein Homology.,OG0000057,Core,group_2211,Soft core,Soft core,Soft core
GCF_029457415.1,P0M12_RS03010,MYNWDLQNQIVAFVDSLRPMAGYYHDLYYGSLYAFADQQSHLLTLLGFPPVP,52,hypothetical protein, ,Derived by automated computational analysis using gene prediction method: Protein Homology.,OG0000058,Core,group_1175,Soft core,Soft core,Soft core
GCF_029457415.1,P0M12_RS03030,MGKVKASKVSQLKPKKKCCRKKTRCIKCPVVIMRMKKLENEGASKKELKAGLKKARAA,58,hypothetical protein, ,Derived by automated computational analysis using gene prediction method: Protein Homology.,OG0000044,Conserved,group_2365,Soft core,Soft core,Soft core
GCF_029457415.1,P0M12_RS03115,MGSMEGILGAVVQGLGSLFSADGLLKTFMGSVETISKDPTP,41,hypothetical protein, ,Derived by automated computational analysis using gene prediction method: GeneMarkS-2+.,OG0000103,Soft core,group_2051,Soft core,Soft core,Soft core
GCF_029457415.1,P0M12_RS03205,MTAKLTTAFRGTLWWVRSVMGDLDYQRYVEHTRRHHADSPVISEREFWRRRHAAADANPGARCC,64,ybdd/yjix family protein, ,Derived by automated computational analysis using gene prediction method: Protein Homology.,OG0000045,Conserved,group_2343,Soft core,Conserved,Soft core
GCF_029457415.1,P0M12_RS03455,MSTNSDRRPRLPVRIAYLAAGVLFVAAMLLLASVVNPDRDRDFSMNHIPAGTSTTAFAATSDLG,64,hypothetical protein, ,Derived by automated computational analysis using gene prediction method: Protein Homology.,OG0000104,Soft core,group_2149,Soft core,Soft core,Soft core
GCF_029457415.1,P0M12_RS03850,MAEGIVKWFNSEKGFGFIAPEDGSADVFVHYSEIQSGGFRTLEENQRVAFEIGQGNKGPQATGVTIV,67,cold-shock protein, ,Derived by automated computational analysis using gene prediction method: Protein Homology.,OG0000046,Conserved,group_132,Soft core,Soft core,Soft core
GCF_029457415.1,P0M12_RS03855,MTTAEYTVSGMTCGHCVGSVKEEIGNIAGVTAVDVELASGRVVVTSDAPVSAADVVAAVDEAGYAVVPS,69,heavy-metal-associated domain-containing protein, ,Derived by automated computational analysis using gene prediction method: Protein Homology.,OG0000006,Conserved,group_2139,Soft core,Soft core,Soft core
GCF_029457415.1,P0M12_RS03975,MKHTMSDDELRRAIREIQDRAHDARKRGDDVAAEELDRTVKGYQEQMMQRL,51,hypothetical protein, ,Derived by automated computational analysis using gene prediction method: Protein Homology.,OG0000059,Core,group_2336,Soft core,Soft core,Soft core
GCF_029457415.1,P0M12_RS04050,MSEQPDTPKKPSVDKKRLARIFGDVFPETTSDERGPEGSSRSSDDDWLRSQRPPHHGG,58,hypothetical protein, ,Derived by automated computational analysis using gene prediction method: Protein Homology.,OG0000089,Soft core,group_2328,Soft core,Soft core,Soft core
GCF_029457415.1,P0M12_RS04080,MAVPKRKMSRSNTRSRRAQWKATAPDLVEVTAFGQTHRVPRRLVKAVRLGVIDPSRI,57,50s ribosomal protein l32, ,Derived by automated computational analysis using gene prediction method: Protein Homology.,OG0000060,Soft core,group_2302,Soft core,Soft core,Soft core
GCF_029457415.1,P0M12_RS04100,MARNEIRPIVKLKSTAGTGYTYVTRKNRRNDPDRLVLKKYDPVLRKHVDFREEK,54,50s ribosomal protein l33, ,Derived by automated computational analysis using gene prediction method: Protein Homology.,OG0000047,Conserved,group_2199,Soft core,Soft core,Soft core
GCF_029457415.1,P0M12_RS04265,MHLTATTSTTTGAAGNSDPKDAESTLDMSGRPAALRARSAAATRPGGADVTA,52,hypothetical protein, ,Derived by automated computational analysis using gene prediction method: GeneMarkS-2+.,OG0000131,Shell,group_2058,Shell,Shell,Shell
GCF_029457415.1,P0M12_RS04730,MGFLDNVKGLVEKGQELAAENSDKVHDAIDKVADIADDKTGNKYGDQIDKAAEAAKKAVPEKQ,63,antitoxin, ,Derived by automated computational analysis using gene prediction method: Protein Homology.,OG0000010,Conserved,group_425,Soft core,Soft core,Soft core
GCF_029457415.1,P0M12_RS05265,MANNSKQHYVDPGWPETADGDHAVTELSSTRAGGLSPFGEDTTFPVPVESLPYVHPHTVINR,62,hypothetical protein, ,Derived by automated computational analysis using gene prediction method: Protein Homology.,OG0000048,Conserved,group_501,Soft core,Soft core,Soft core
GCF_029457415.1,P0M12_RS05275,MADKAPGKNMKKPAQSIKERRAEKRAKSAESSEFIRKRKRS,41,hypothetical protein, ,Derived by automated computational analysis using gene prediction method: Protein Homology.,OG0000004,Core,group_2142,Soft core,Soft core,Soft core
GCF_029457415.1,P0M12_RS06225,MGRGRAKAKQTKVARELKYSVPTTDFDSLQRELAGGSTNSHRSSVRSDQTSDREGHAREDDYDDWRR,67,duf3073 domain-containing protein, ,Derived by automated computational analysis using gene prediction method: Protein Homology.,OG0000049,Conserved,group_133,Soft core,Soft core,Soft core
GCF_029457415.1,P0M12_RS06405,MRNNLQELRTAAGLSQQACADALGITRQTVISIEKGHFDPRLSLAFRIAEYFDKRVDDIFSS,62,helix-turn-helix transcriptional regulator, ,Derived by automated computational analysis using gene prediction method: Protein Homology.,OG0000105,Soft core,group_502,Soft core,Soft core,Soft core
GCF_029457415.1,P0M12_RS06530,MTSPMNTRKLTRARSGAMFGGVCAGIARYFGWKSSTVRLLFVLSCLLPGPQFLIYIVMWIFIPREQI,67,pspc domain-containing protein, ,Derived by automated computational analysis using gene prediction method: Protein Homology.,OG0000106,Soft core,group_134,Soft core,Soft core,Soft core
GCF_029457415.1,P0M12_RS06550,MAEGERPPGVLDDSTYQSPDGLRKFGRTKSEVWFRNKKAYNASRIDDAAVEAANG,55,hypothetical protein, ,Derived by automated computational analysis using gene prediction method: GeneMarkS-2+.,OG0000185,Shell,group_2143,Shell,Shell,Shell
GCF_029457415.1,P0M12_RS07280,MTVLCRAGKLQAGVLVADDDQGWASPFRSIAPTKMALLARALQDGLIAIDEL,52,hypothetical protein, ,Derived by automated computational analysis using gene prediction method: Protein Homology.,OG0000156,Shell,group_2040,Shell,Shell,Shell
GCF_029457415.1,P0M12_RS07330,MSDWVKKVEAEAKGLLAEAEEELTVLEGVDTIDPLADDDPAPEDGTKPTSD,51,hypothetical protein, ,Derived by automated computational analysis using gene prediction method: Protein Homology.,OG0000090,Soft core,group_2192,Soft core,Soft core,Soft core
GCF_029457415.1,P0M12_RS07530,MAATTPVSGYVIVPHPSDVDAVGNREVEVDELPEQYSKPGTPPIAGGPTVPS,52,hypothetical protein, ,Derived by automated computational analysis using gene prediction method: GeneMarkS-2+.,OG0000204,Shell,group_2298,Shell,Shell,Shell
GCF_029457415.1,P0M12_RS08115,MSDADADADGDGDGDGDGEYRIRDTNRPVESRGDFRRACTSICLQLQLLT,50,hypothetical protein, ,Derived by automated computational analysis using gene prediction method: GeneMarkS-2+.,OG0000349,Cloud,group_2314,Cloud,Cloud,Cloud
GCF_029457415.1,P0M12_RS08120,MNPSVMKQRIPNGEVPTVEEFVTAPPALRALPIPRIEAVDGRVQIN,46,hypothetical protein, ,Derived by automated computational analysis using gene prediction method: GeneMarkS-2+.,OG0000260,Shell,group_2250,Shell,Shell,Shell
GCF_029457415.1,P0M12_RS08395,MAQGIVKWFNGEKGFGFIAPDDGTPDVFVHYSEISGNGYKSLDENQRVEFEVGQGQKGPQATNVRAV,67,cold-shock protein, ,Derived by automated computational analysis using gene prediction method: Protein Homology.,OG0000003,Conserved,group_1991,Soft core,Soft core,Soft core
GCF_029457415.1,P0M12_RS08605,MIALWPPLYIAMSHQHGLVIGVPISVWYLILVSAAAIAAVTGLWVTECRQGAVD,54,hypothetical protein, ,Derived by automated computational analysis using gene prediction method: GeneMarkS-2+.,OG0000350,Cloud,group_2059,Cloud,Cloud,Cloud
GCF_029457415.1,P0M12_RS08645,MKKTDFAPISCIHRWEIESRHRTSEGTVTYLRCHCGSWQTLLAEWVSGGAGSAVAAPIKVRSR,63,hypothetical protein, ,Derived by automated computational analysis using gene prediction method: GeneMarkS-2+.,OG0000116,Soft core,group_2290,Soft core,Soft core,Soft core
GCF_029457415.1,P0M12_RS08685,MPTVIRTVHDLVRHARGPTHHHHHQSVHEARRMRAHHILVTHSLA,45,hypothetical protein, ,Derived by automated computational analysis using gene prediction method: GeneMarkS-2+.,OG0000112,Soft core,group_2176,Soft core,Soft core,Soft core
GCF_029457415.1,P0M12_RS08890,MVGTPVIVTIVSVCVGFVIFMLAASGARGKWDRRLVIALFIGAVVCLTVVPVSVALSAGV,60,hypothetical protein, ,Derived by automated computational analysis using gene prediction method: Protein Homology.,OG0000091,Soft core,group_2382,Soft core,Soft core,Soft core
GCF_029457415.1,P0M12_RS09005,MNETQPHNLERERWRTLPTPPSTELIEMVGDGPSSADFDPAAPVAQQG,48,hypothetical protein, ,Derived by automated computational analysis using gene prediction method: Protein Homology.,OG0000128,Shell,group_2355,Shell,Shell,Shell
GCF_029457415.1,P0M12_RS09495,MTEPDPGTVETDFPKTGAPAQRALIAAGYTHLAQLTSVSEKELGALHGMGPKALRILREALAERGLSFAD,70,hypothetical protein, ,Derived by automated computational analysis using gene prediction method: Protein Homology.,OG0000050,Conserved,,,Soft core,Soft core
GCF_029457415.1,P0M12_RS09580,MLGNVKCSHPSGYLHGEVLAVDAAMNLITAKVDDFENVREGVPGSTLVGGGYVPL,55,hypothetical protein, ,Derived by automated computational analysis using gene prediction method: GeneMarkS-2+.,OG0000198,Shell,group_2094,Shell,Shell,Shell
GCF_029457415.1,P0M12_RS10020,MGSSDTDLKALDSVITVAGALAAIFGGIAGVAGLATFLGTGGGS,44,hypothetical protein, ,Derived by automated computational analysis using gene prediction method: GeneMarkS-2+.,OG0000065,Soft core,group_2088,Shell,Shell,Shell
GCF_029457415.1,P0M12_RS10255,MNAPTRYQFLIDGEVSDRVKAAFPELSVASAAGGFTSLYGPVADHTAMRSIMARLDSLGLTVAEMRRLPD,70,hypothetical protein, ,Derived by automated computational analysis using gene prediction method: Protein Homology.,OG0000092,Soft core,,,Soft core,Soft core
GCF_029457415.1,P0M12_RS10265,MHDRFTVTAPFGALGHLALRLAVGPYLRRLLEQRAAHIKGRAEVGTPFIE,50,hypothetical protein, ,Derived by automated computational analysis using gene prediction method: Protein Homology.,OG0000261,Shell,group_2085,Shell,Shell,Shell
GCF_029457415.1,P0M12_RS10525,MSVVLISLLVAAGLTVLATSDGAGLDFGSRQLNRQLKTRTHR,42,hypothetical protein, ,Derived by automated computational analysis using gene prediction method: GeneMarkS-2+.,OG0000107,Soft core,group_1760,Soft core,Soft core,Soft core
GCF_029457415.1,P0M12_RS10670,MKIVVLSFLVALTLMTVGIIAARNHSTRPAVTGAVTAASTVLAAAWTLFAVAFVLA,56,hypothetical protein, ,Derived by automated computational analysis using gene prediction method: Protein Homology.,OG0000110,Soft core,group_2239,Soft core,Soft core,Soft core
GCF_029457415.1,P0M12_RS11185,MDSRQLFALGALGTGMLSLALQLTPLCLGAEDAEQYVFVRTANATAVLSLALLSAAFVFWPPAG,64,hypothetical protein, ,Derived by automated computational analysis using gene prediction method: GeneMarkS-2+.,OG0000140,Shell,group_2266,Shell,Shell,Shell
GCF_029457415.1,P0M12_RS11580,MNHRESFQAVKWGTPRRTRRHRQLIRGRIAGGGATVEVSSEVLAYY,46,hypothetical protein, ,Derived by automated computational analysis using gene prediction method: GeneMarkS-2+.,OG0000141,Shell,group_2265,Shell,Shell,Shell
GCF_029457415.1,P0M12_RS11675,MRRASRAQRMELIAGFISVFALMALIGAVVAIVKGDPGVMPSLVLLGCVVALGLAFRGYRNAVRAERRE,69,hypothetical protein, ,Derived by automated computational analysis using gene prediction method: Protein Homology.,OG0000051,Conserved,group_2375,Soft core,Soft core,Soft core
GCF_029457415.1,P0M12_RS12200,MAKGKRTFQPNNRRRARVHGFRLRMRTRAGRAIVSARRRKGRDSLTA,47,50s ribosomal protein l34, ,Derived by automated computational analysis using gene prediction method: Protein Homology.,OG0000052,Conserved,rpmH,Conserved,Shell,Shell
GCF_029457415.1,P0M12_RS12615,MAAEARIVDTVSVEDSRASDPRVASKTEQKDAPKAGAVDLTSADTVGLTSVKQAQRSVPRWAYSEVPLSR,70,hypothetical protein, ,Derived by automated computational analysis using gene prediction method: Protein Homology.,OG0000283,Shell,,,Cloud,Cloud
GCF_029457415.1,P0M12_RS12620,MGLLRGAAVAVAAGGTAEQVAKAEAILAEARRALFEMLAEKSADAQQAHTESTDTLPAE,59,hypothetical protein, ,Derived by automated computational analysis using gene prediction method: Protein Homology.,OG0000228,Shell,group_2177,Shell,Shell,Shell
GCF_029457415.1,P0M12_RS12690,MSNISFDSVSNSAPANALQGVGTNALVDNPFTFEPVAEATSAHALQGVGTNALVDNPFSFQS,62,streptamidine-related ripp repeat protein, ,Derived by automated computational analysis using gene prediction method: Protein Homology.,OG0000093,Soft core,group_2291,Soft core,Soft core,Soft core
GCF_029457415.1,P0M12_RS12885,MFNDVINNVIHPMVTNFQQLGPQQFIPQQFIPRGVFQQAPQAAEQAVTIFGS,52,hypothetical protein, ,Derived by automated computational analysis using gene prediction method: Protein Homology.,OG0000075,Soft core,group_2178,Soft core,Soft core,Soft core
GCF_029457415.1,P0M12_RS13480,MEHDHILMIPGKTDYLYSSAGVRMPAWRVTLSSEQKKLLSVFESARDVVSDELDVMEQSDRHGNAA,66,hypothetical protein, ,Derived by automated computational analysis using gene prediction method: GeneMarkS-2+.,OG0000641,Cloud,group_255,Cloud,Cloud,Cloud
GCF_029457415.1,P0M12_RS13795,MGIADKAQNKAEDLGGKAKEAAGSATGDRDLENEGKGDQVKSAVKDAGEKVKDAASSIKDKLT,63,csbd family protein, ,Derived by automated computational analysis using gene prediction method: Protein Homology.,OG0000011,Conserved,group_2411,Conserved,Soft core,Soft core
GCF_029457415.1,P0M12_RS13815,MADLTLLTDDELRERRIALSRSLTTAADLIPTPPPSFFEKLKQDIDAAAAEWIARRS,57,hypothetical protein, ,Derived by automated computational analysis using gene prediction method: Protein Homology.,OG0000076,Soft core,group_2322,Soft core,Soft core,Soft core
GCF_029457415.1,P0M12_RS14610,MSEITSWEYTVTPLLVHNPKAILDNWGVDGWELVAVLPSASGEQHVAYMKRPKG,54,hypothetical protein, ,Derived by automated computational analysis using gene prediction method: Protein Homology.,OG0000012,Conserved,group_2273,Conserved,Soft core,Soft core
GCF_029457415.1,P0M12_RS14810,MISKTLRTVSARFALLVAEDDGMSTAEYAIGTIAAAAFGAVLYTVVTGDSIVSALTGIIDKALKTAV,67,duf4244 domain-containing protein, ,Derived by automated computational analysis using gene prediction method: Protein Homology.,OG0000094,Soft core,group_2136,Soft core,Soft core,Soft core
GCF_029457415.1,P0M12_RS14830,MAQGTVKWFNAEKGFGFIAPEDGSADVFVHYSEIQGNGFRTLEENQRVEFEVGQGTKGPQATGVRAV,67,cold-shock protein, ,Derived by automated computational analysis using gene prediction method: Protein Homology.,OG0000013,Conserved,group_128,Conserved,Soft core,Soft core
GCF_029457415.1,P0M12_RS14865,MADSLKARVKEKLLRQLAEDGRHPIQEAEGDDPRLVSINDDLEALEQAEEGDPIVEELAERYWVP,65,hypothetical protein, ,Derived by automated computational analysis using gene prediction method: Protein Homology.,OG0000014,Conserved,group_2342,Conserved,Soft core,Soft core
GCF_029457415.1,P0M12_RS15025,MGSADVMAWLAEGYLAGDPIRYPLYVGSMFLAMPFQLIGVILGHPF,46,hypothetical protein, ,Derived by automated computational analysis using gene prediction method: Protein Homology.,OG0000061,Soft core,group_1542,Soft core,Soft core,Soft core
GCF_029457415.1,P0M12_RS15390,MGDFPAVVAAVGVAGLGYVRLDQSAHPTASPALSVSGAPLPEAGDLDGSRSGRLAERVVSDV,62,hypothetical protein, ,Derived by automated computational analysis using gene prediction method: GeneMarkS-2+.,OG0002298,,group_583,Cloud,,Probably not conserved
GCF_029457415.1,P0M12_RS15500,MRIHIDEDKCVGGGQCVLAAPEVFDQRDEDGIVILLQDAPSSDLAAQVHEAALLCPALAIVVEE,64,ferredoxin, ,Derived by automated computational analysis using gene prediction method: Protein Homology.,OG0000352,Cloud,group_401,Cloud,Cloud,Cloud
GCF_029457415.1,P0M12_RS15565,MATTAAVQNPTRSRARTMSLSEYVAEHPAQRVFPPTSERAARMAMLIMFALMAVTLVVLVLDEAGIFG,68,hypothetical protein, ,Derived by automated computational analysis using gene prediction method: GeneMarkS-2+.,OG0000095,Soft core,group_53,Soft core,Soft core,Soft core
GCF_029457415.1,P0M12_RS15715,MTSAVEYPGVVTTSNCAEGGSHSLSAGIFVTVAVYRIAGRPEMVKFVGPP,50,hypothetical protein, ,Derived by automated computational analysis using gene prediction method: Protein Homology.,OG0000239,Shell,group_2037,Shell,Shell,Shell
GCF_029457415.1,P0M12_RS15820,MALAYSPDTSIDSTRLAFLAAAVVLFAMLALYLVGFDQGAISRTGMYMHELMHDGRHLMGLPCH,64,cbtb domain-containing protein, ,Derived by automated computational analysis using gene prediction method: Protein Homology.,OG0000008,Conserved,group_2468,Conserved,Soft core,Soft core
GCF_029457415.1,P0M12_RS16340,MNAYICPICDYTYTESTGAAREGFPPGTPWSSIPDDWCCPDCGVREKVDFTLVTQS,56,rubredoxin, ,Derived by automated computational analysis using gene prediction method: Protein Homology.,OG0000096,Soft core,group_2166,Soft core,Soft core,Soft core
GCF_029457415.1,P0M12_RS16345,MSETATAYKLFRCLQCGFEYDEAIGWPDDGIEPGTRWDEIPEDWSCPDCGAAKVDFEMVEVDR,63,rubredoxin, ,Derived by automated computational analysis using gene prediction method: Protein Homology.,OG0000097,Soft core,group_421,Soft core,Soft core,Soft core
GCF_029457415.1,P0M12_RS16885,MKNPNLTPSRVLAVVLAAALVIFVIARRRDDGALSRGEWLSDTVGPDDLAG,51,hypothetical protein, ,Derived by automated computational analysis using gene prediction method: Protein Homology.,OG0000077,Soft core,group_2167,Soft core,Soft core,Soft core
GCF_029457415.1,P0M12_RS16975,MEVRVDLDRCEANGVCVGIAPDIFDLDDNEELVISSVRPPEDRWEDVRSAIAQCPRAALTEHP,63,ferredoxin, ,Derived by automated computational analysis using gene prediction method: Protein Homology.,OG0000005,Conserved,group_423,Soft core,Soft core,Soft core
GCF_029457415.1,P0M12_RS17040,MAENTTVETEIADEDLEPVADETARQAQRVVAAYAEDADECRMLLSMLGISPAAKLD,57,hypothetical protein, ,Derived by automated computational analysis using gene prediction method: Protein Homology.,OG0000015,Conserved,group_2168,Soft core,Soft core,Soft core
GCF_029457415.1,P0M12_RS17730,MTKFLVPGVASAVIGAVLGAGVIFGVTAAASDNTRPEIDRSGNADSSVLNQVEYGSR,57,duf2613 domain-containing protein, ,Derived by automated computational analysis using gene prediction method: Protein Homology.,OG0000016,Conserved,group_855,Soft core,Soft core,Soft core
GCF_029457415.1,P0M12_RS17865,MVGLIVLAALVLASVLVGFVFRRPIAEAKSAVLAFDDASSQPQRD,45,hypothetical protein, ,Derived by automated computational analysis using gene prediction method: GeneMarkS-2+.,OG0000098,Soft core,group_2198,Soft core,Soft core,Soft core
GCF_029457415.1,P0M12_RS17875,MGSSDADLALIKQIQPVITGVAGLISGIGAIVGLGVALQSFS,42,hypothetical protein, ,Derived by automated computational analysis using gene prediction method: Protein Homology.,OG0000065,Soft core,group_1769,Shell,Shell,Shell
GCF_029457415.1,P0M12_RS17930,MPERGQSRVDAGIIAVVAVITGVFVALTGHGLVAALATVVGLALGMAIVRYLIKGR,56,hypothetical protein, ,Derived by automated computational analysis using gene prediction method: Protein Homology.,OG0000078,Soft core,group_2220,Soft core,Soft core,Soft core
GCF_029457415.1,P0M12_RS18020,MMRIVTLIVLIWLIVGAVAAGQRGYYSSSPTNCAGVGTIALTVIAGPLNYFGVNPKVTDCTLPQPTE,67,hypothetical protein, ,Derived by automated computational analysis using gene prediction method: Protein Homology.,OG0000017,Conserved,group_129,Soft core,Soft core,Soft core
GCF_029457415.1,P0M12_RS18025,MIILGVILLIIGFVVNIPILWTIGVVLLVIGIILYALGAAGHAIGGRRHYY,51,duf6131 family protein, ,Derived by automated computational analysis using gene prediction method: Protein Homology.,OG0000000,Conserved,group_1229,Soft core,Soft core,Soft core
GCF_029457415.1,P0M12_RS18070,MTDKDDNDQSPKGGHPGPVDKGGDGGMATREQAPELVEETSGEKSDDE,48,hypothetical protein, ,Derived by automated computational analysis using gene prediction method: Protein Homology.,OG0000018,Core,group_2221,Soft core,Soft core,Soft core
GCF_029457415.1,P0M12_RS18150,MSIRRCSLASGRALRTARFGVATFRRGRKAIDRRPSGLVWIERALAAPAGSV,52,hypothetical protein, ,Derived by automated computational analysis using gene prediction method: GeneMarkS-2+.,OG0000142,Shell,group_2080,Shell,Shell,Shell
GCF_029457415.1,P0M12_RS18170,MIVLGIILALIGFFTGLSILTTVGIILVVVGAVLSILGATGRAVGGRKVWY,51,duf6131 family protein, ,Derived by automated computational analysis using gene prediction method: Protein Homology.,OG0000000,Conserved,group_1230,Soft core,Soft core,Soft core
GCF_029457415.1,P0M12_RS18460,MPAPIMAPAAALAEPVVWNEDPQRQGWWKRILAATPPENPTNEEFQP,47,hypothetical protein, ,Derived by automated computational analysis using gene prediction method: Protein Homology.,OG0000118,Soft core,group_2222,Soft core,Soft core,Soft core
GCF_029457415.1,P0M12_RS18515,MENLNQVGLGSAVGVQNPCIVFGNHSAIAPAMGRHCPQNR,40,hypothetical protein, ,Derived by automated computational analysis using gene prediction method: GeneMarkS-2+.,OG0000343,Cloud,group_2215,Shell,Cloud,Cloud
GCF_029457415.1,P0M12_RS18530,MCSIPIAILVGRGIARRDRAEFDGRNQQWADEVVRSIEKQSEQDNADRRKPPLIS,55,hypothetical protein, ,Derived by automated computational analysis using gene prediction method: Protein Homology.,OG0000079,Soft core,group_2275,Shell,Shell,Shell
GCF_029457415.1,P0M12_RS18560,MGALSPTHWAIVAVVLVVLFGSKKLPDAARGLGRSMRILKSEVGELQSDTDLALEQRD,58,sec-independent protein translocase subunit tata, ,Derived by automated computational analysis using gene prediction method: Protein Homology.,OG0000019,Conserved,tatA,Soft core,Soft core,Soft core
GCF_029457415.1,P0M12_RS18605,MAQGSVKWFNGEKGFGFIEQEGGGPDVFVHYSEIQGSGYKSLDEGQKVEFEIGQGQKGPQAQNVRAI,67,cold-shock protein, ,Derived by automated computational analysis using gene prediction method: Protein Homology.,OG0000069,Soft core,group_130,Soft core,Soft core,Soft core
GCF_029457415.1,P0M12_RS18660,MTTIDIPPTQGESTTGIGITVASATLTTEEVKRRIAMMYGDPVTEEPVALAH,52,hypothetical protein, ,Derived by automated computational analysis using gene prediction method: Protein Homology.,OG0000002,Conserved,group_2274,Soft core,Soft core,Soft core
GCF_029457415.1,P0M12_RS18685,MSEQNSTDRTDQTDEPQTTGTDHGPGTGSDSAPKDVQTDPSGERTWADEGGASSTGPATDTD,62,pi-type proteinase, ,Derived by automated computational analysis using gene prediction method: Protein Homology.,OG0000020,Core,group_2297,Soft core,Soft core,Soft core
GCF_029457415.1,P0M12_RS18715,MGGSADALNRALERVDRDFASPIGVGVRRTLRGTMRQIAKPARTQYTRLRARFPGAKTYTEI,62,hypothetical protein, ,Derived by automated computational analysis using gene prediction method: GeneMarkS-2+.,OG0000115,Soft core,group_2190,Soft core,Soft core,Soft core
GCF_029457415.1,P0M12_RS18720,MTTSTVGLLAGLLLGVAAAAGGFTGFLIALVLGVIGYLVGGQRDGEFDLGVMLKGRGRG,59,hypothetical protein, ,Derived by automated computational analysis using gene prediction method: Protein Homology.,OG0000099,Soft core,group_732,Soft core,Soft core,Soft core
GCF_029457415.1,P0M12_RS18740,MDVAVALCVTLLLATVTSMAIAIVVTLIMCASVSVVSRMW,40,hypothetical protein, ,Derived by automated computational analysis using gene prediction method: GeneMarkS-2+.,OG0000187,Shell,group_2158,Soft core,Shell,Shell
GCF_029457415.1,P0M12_RS18750,MSDFIDKAKHRAEDLIGEAKEKFGNATGNDDLAAEGVADQGEAKVKKAGDTVSDKVSDIKDKFTS,65,csbd family protein, ,Derived by automated computational analysis using gene prediction method: Protein Homology.,OG0000074,Soft core,group_2191,Soft core,Soft core,Soft core
GCF_029457415.1,P0M12_RS19200,MSKEVSAGLAVGAMVLVAGLIWTGFPLDMYSIVAVIFAMCGGFITWIYVRANEESTGDAATKERSQ,66,hypothetical protein, ,Derived by automated computational analysis using gene prediction method: Protein Homology.,OG0000144,Shell,group_2282,Shell,Shell,Shell
GCF_029457415.1,P0M12_RS19525,MGSLGNLLKANGMGWGILQLLPLVNMLKTLQGLDTASSNS,40,hypothetical protein, ,Derived by automated computational analysis using gene prediction method: GeneMarkS-2+.,OG0000080,Soft core,group_2512,Soft core,Soft core,Soft core
GCF_029457415.1,P0M12_RS19530,MGSFEDFSGVVKTFIPVLKDLFTALGGGSLTPGTGSAADK,40,hypothetical protein, ,Derived by automated computational analysis using gene prediction method: GeneMarkS-2+.,OG0000108,Soft core,group_2511,Soft core,Soft core,Soft core
GCF_029457415.1,P0M12_RS19535,MFGSLSTLGPLLTALGAFLKSVPTESLSGKGEGSSTGSLSGLSSGSAE,48,hypothetical protein, ,Derived by automated computational analysis using gene prediction method: Protein Homology.,OG0000081,Soft core,group_2510,Soft core,Soft core,Soft core
GCF_029457415.1,P0M12_RS30430,MKAVEGGFDTAWSRRHVDLCRTAGSFCTN,29,putative leader peptide, ,Derived by automated computational analysis using gene prediction method: Protein Homology.,OG0000132,Shell,group_1947,Shell,Shell,Shell
GCF_029457415.1,P0M12_RS19745,MGSLDTGSLSTESLEDLNLGKISELLKLGITAVSFITALNSLS,43,hypothetical protein, ,Derived by automated computational analysis using gene prediction method: GeneMarkS-2+.,OG0000067,Soft core,group_2503,Soft core,Soft core,Soft core
GCF_029457415.1,P0M12_RS19910,MDEGTWTRGRAWALSIALVALPYYRDTNEQITAWAKHAIAQVVDDVHTEL,50,hypothetical protein, ,Derived by automated computational analysis using gene prediction method: Protein Homology.,OG0000155,Shell,group_2238,Shell,Shell,Shell
GCF_029457415.1,P0M12_RS19995,MTFESNTPRPFTRSNDKKMFAGVCGGIADYFGADVNLVRLLAVIAAICTGGTAALVYLAAWMLMPLG,67,pspc domain-containing protein, ,Derived by automated computational analysis using gene prediction method: Protein Homology.,OG0000021,Conserved,group_2380,Conserved,Soft core,Soft core
GCF_029457415.1,P0M12_RS20525,MGSSHDGKPAVAGTQFLTVAEVATLMRVSKMTVYRLVHSGELPAVRVGRSFRVHAKAVHDYLETSYFDAG,70,helix-turn-helix domain-containing protein, ,Derived by automated computational analysis using gene prediction method: Protein Homology.,OG0000071,Soft core,,,Soft core,Soft core
GCF_029457415.1,P0M12_RS20530,MGSVIKKRRKRMSKKKHRKLLRRTRVQRRKLGK,33,aurkaip1/cox24 domain-containing protein, ,Derived by automated computational analysis using gene prediction method: Protein Homology.,OG0000022,Conserved,group_1939,Conserved,Conserved,Conserved
GCF_029457415.1,P0M12_RS20585,MSSQEALRTESTHDAPLRQRGSRTEVILFAILGASVLVTLLMLMIPGIVSG,51,hypothetical protein, ,Derived by automated computational analysis using gene prediction method: Protein Homology.,OG0000100,Soft core,group_1231,Soft core,Soft core,Soft core
GCF_029457415.1,P0M12_RS20715,MLYLLALVGLVTLIVLMWKAFGPDPSTRTPVSGVRGPDDDPEFLWNVNQQTRRKRTEGPDVPPTDAST,68,hypothetical protein, ,Derived by automated computational analysis using gene prediction method: Protein Homology.,OG0000023,Conserved,group_2362,Soft core,Conserved,Soft core
GCF_029457415.1,P0M12_RS20720,MSAPTFNTAADALMTPGQVAALFHVDPKTVTRWAHAGRLGSLRTPGGHRRFRETEVMQLLRSLTTEADNN,70,bldc family transcriptional regulator, ,Derived by automated computational analysis using gene prediction method: Protein Homology.,OG0000068,Soft core,,,Soft core,Soft core
GCF_029457415.1,P0M12_RS20920,MASSTDVRPKITLACEVCKHRNYITKKNRRNDPDRLELKKFCPNCGTHQSHRESK,55,50s ribosomal protein l33, ,Derived by automated computational analysis using gene prediction method: Protein Homology.,OG0000024,Conserved,rpmG,Conserved,Soft core,Soft core
GCF_029457415.1,P0M12_RS21055,MAGKKLDRTNARTALEVVRESPTIAFITVAPAVVVFGVVWWLFGFWAAILLALVFGVAAVATQKLR,66,hypothetical protein, ,Derived by automated computational analysis using gene prediction method: Protein Homology.,OG0000025,Conserved,group_2209,Conserved,Soft core,Soft core
GCF_029457415.1,P0M12_RS21200,MNSTTVGLLVGLLLALAGIMGGFSGFVFAVLLGAAGMAIGAHRDGHLDLGAILRSRGRG,59,hypothetical protein, ,Derived by automated computational analysis using gene prediction method: Protein Homology.,OG0000026,Conserved,group_2303,Conserved,Soft core,Soft core
GCF_029457415.1,P0M12_RS21325,MRLSTRNQLTGTITEVNLGTVMATVKVKLDGGNQIVTSSITRDAALDLDLEPGQAATVFVKSTEVTIGVE,70,tobe domain-containing protein, ,Derived by automated computational analysis using gene prediction method: Protein Homology.,OG0000064,Soft core,,,Soft core,Soft core
GCF_029457415.1,P0M12_RS21330,MTEPAKGPASYFPSIEKKYGRPIGEWQELIRSSDLTKHMELVNWLKSEHGMGHGHANALVAHTLKEG,67,duf4287 domain-containing protein, ,Derived by automated computational analysis using gene prediction method: Protein Homology.,OG0000027,Conserved,group_2329,Soft core,Soft core,Soft core
GCF_029457415.1,P0M12_RS21345,MSDRDNKALENDLIEESLVEEVSIDGMCGVY,31,mycofactocin precursor mfta, ,"Mycofactocin is a small molecule electron carrier derived from the final two amino acids, Val-Tyr, of MftA, the mycofactocin precursor. It plays a role in redox homeostasis and the metabolism of alcohols and aldehydes in Actinobacteria, including Mycobacterium tuberculosis.; Mycofactocin is a small molecule electron carrier derived from the final two amino acids, Val-Tyr, of MftA, the mycofactocin precursor. It plays a role in redox homeostasis and the metabolism of alcohols and aldehydes in Actinobacteria, including Mycobacterium tuberculosis; Derived by automated computational analysis using gene prediction method: Protein Homology.",OG0000009,Conserved,group_2326,Conserved,Soft core,Soft core
GCF_029457415.1,P0M12_RS21685,MAKKALVNKANKKPKFAVRAYTRCQRCGRPHSVFRKFGLCRICVREMAHAGELPGVRKSSW,61,type z 30s ribosomal protein s14, ,Derived by automated computational analysis using gene prediction method: Protein Homology.,OG0000028,Conserved,group_2294,Conserved,Soft core,Soft core
GCF_029457415.1,P0M12_RS21710,MADLKVTQIKSIIGTKQNQKDSLRTLGLKGIRQTVVREDNAQNRGLINVVRHLVTVEEV,59,50s ribosomal protein l30, ,Derived by automated computational analysis using gene prediction method: Protein Homology.,OG0000029,Conserved,rpmD,Conserved,Soft core,Soft core
GCF_029457415.1,P0M12_RS21740,MKVQPSVKKICEKCKVIRRNGRVMVICENLRHKQRQG,37,50s ribosomal protein l36, ,Derived by automated computational analysis using gene prediction method: Protein Homology.,OG0000030,Conserved,rpmJ,Conserved,Soft core,Soft core
GCF_029457415.1,P0M12_RS22215,MTIFEWILAIPALALAVAFLFSGIISAGIDFDAEDGVMTH,40,hypothetical protein, ,Derived by automated computational analysis using gene prediction method: GeneMarkS-2+.,OG0000082,Soft core,group_2186,Soft core,Soft core,Soft core
GCF_029457415.1,P0M12_RS23080,MSSYRCPVCEYVYDESKGAPREGFPAGTPWDAVPDDWCCPDCGVREKLDFEPMPATAGSES,61,rubredoxin, ,Derived by automated computational analysis using gene prediction method: Protein Homology.,OG0000053,Core,group_2279,Soft core,Soft core,Soft core
GCF_029457415.1,P0M12_RS23085,MNDYKLYQCAQCGFEYDEAVGWPEDGIEPGTRWDDIPEDWSCPDCGAAKSDFFMVEVERR,60,rubredoxin, ,Derived by automated computational analysis using gene prediction method: Protein Homology.,OG0000007,Conserved,group_2155,Soft core,Soft core,Soft core
GCF_029457415.1,P0M12_RS23765,MATDPAPRSERKKILLRLDPAVHDALARWAADDLRSTNAQIEFLLRRALTEHGRMPKNAGKMHGPGRPPA,70,hypothetical protein, ,Derived by automated computational analysis using gene prediction method: Protein Homology.,OG0000114,Soft core,,,Soft core,Soft core
GCF_029457415.1,P0M12_RS24045,MSDLDSNTPSAPESQSEETKRKFREALERKNHQNAKSTDHRDGQSKVHNTHGPADHKREFRRKSG,65,duf5302 domain-containing protein, ,Derived by automated computational analysis using gene prediction method: Protein Homology.,OG0000031,Conserved,group_2470,Core,Soft core,Soft core
GCF_029457415.1,P0M12_RS24130,MAAVCDVCAKGPGFGKSVSHSHRRTNRRWNPNIQSVRTEVAPGNTRKVNVCTSCLKAGKVARG,63,50s ribosomal protein l28, ,Derived by automated computational analysis using gene prediction method: Protein Homology.,OG0000032,Conserved,rpmB,Conserved,Soft core,Soft core
GCF_029457415.1,P0M12_RS24170,MAVPKRKMSRSNTRSRRSQWKTTVPTLVTCPNRGCGEQTLPHIACPSCGTYKGRQVTAAV,60,50s ribosomal protein l32, ,Derived by automated computational analysis using gene prediction method: Protein Homology.,OG0000033,Conserved,group_2479,Conserved,Soft core,Soft core
GCF_029457415.1,P0M12_RS24415,MNLHPYLIPALKLAGRWIAMFLVIAVIIVGTLYLSLFIVPVLIWHT,46,hypothetical protein, ,Derived by automated computational analysis using gene prediction method: GeneMarkS-2+.,OG0000310,Cloud,group_2354,Cloud,Cloud,Cloud
GCF_029457415.1,P0M12_RS24515,MVDYTQKAADAVSSQTQKQNNDLGQGEKQRQRVLKQEAEDALKARLRQVKDSNQR,55,hypothetical protein, ,Derived by automated computational analysis using gene prediction method: GeneMarkS-2+.,OG0002299,,group_1057,Cloud,,Probably not conserved
GCF_029457415.1,P0M12_RS25270,MQLLDSEVVRRCAVTAAAAAAVCRSNGPGVVDGDAVTGKSFFLPDGGWPGT,51,hypothetical protein, ,Derived by automated computational analysis using gene prediction method: GeneMarkS-2+.,OG0000147,Shell,group_2063,Shell,Shell,Shell
GCF_029457415.1,P0M12_RS25300,MKVPAFHSTVPSDLDVYHDNESCILAARIAVSHRAPGVDGRPWCTACASLD,51,hypothetical protein, ,Derived by automated computational analysis using gene prediction method: Protein Homology.,OG0000083,Soft core,group_2187,Soft core,Soft core,Soft core
GCF_029457415.1,P0M12_RS25620,MFWKIVLAVVLVWVALAVVGALIKGLFWVLVVGAVGFGIYFLVKAMSGSDDNSPASRF,58,hypothetical protein, ,Derived by automated computational analysis using gene prediction method: Protein Homology.,OG0000034,Conserved,group_2296,Soft core,Soft core,Soft core
GCF_029457415.1,P0M12_RS25645,MRLTEFHEMVREEFGQVRGDSMLIDHVLQSLDGMTAAEAVEAGWEPREVWRALCVEFDVPPARR,64,duf3046 domain-containing protein, ,Derived by automated computational analysis using gene prediction method: Protein Homology.,OG0000035,Conserved,group_2481,Conserved,Soft core,Soft core
GCF_029457415.1,P0M12_RS25920,MPGTLTSPQLTAADRCDRCGAGARVRAVLPTGGELLFCGHHATEHADRLREMNAVVSESEPAI,63,hypothetical protein, ,Derived by automated computational analysis using gene prediction method: Protein Homology.,OG0000036,Conserved,group_2483,Conserved,Soft core,Soft core
GCF_029457415.1,P0M12_RS26295,MKIRFELMIGILLVVGGGCLWLFARDAEFFWFRGGPLGVILAIIGAFDIVNAVRTRETAIPERRND,66,hypothetical protein, ,Derived by automated computational analysis using gene prediction method: Protein Homology.,OG0000101,Soft core,group_2126,Soft core,Soft core,Soft core
GCF_029457415.1,P0M12_RS26775,MAGIDSKFDKAYAGKSVEELADAPVAALNGVSDSDAEHLKAAFNIKTVRDLGTNKFFLWAQATAKLAE,68,hypothetical protein, ,Derived by automated computational analysis using gene prediction method: Protein Homology.,OG0000070,Soft core,group_2484,Soft core,Soft core,Soft core
GCF_029457415.1,P0M12_RS27445,MNESTPNPTIPLWMDITFTVFVLAWIFITISALVAIVRPISTAWGANSGGRHW,53,hypothetical protein, ,Derived by automated computational analysis using gene prediction method: GeneMarkS-2+.,OG0002300,,group_2628,Cloud,,Probably not conserved
GCF_029457415.1,P0M12_RS27450,MIAVPVLGALVWLLFGRPPRDSRSRT,26,hypothetical protein, ,Derived by automated computational analysis using gene prediction method: Protein Homology.,OG0002301,,group_2629,Cloud,,Probably not conserved
GCF_029457415.1,P0M12_RS27575,MAQEQTQRAGGGEDDETTGGDGSAGQERREKLAAETDDLLDEIDDVLEENAEDFVRAYVQKGGQ,64,ubiquitin-like protein pup, ,Derived by automated computational analysis using gene prediction method: Protein Homology.,OG0000037,Conserved,group_340,Soft core,Soft core,Soft core
GCF_029457415.1,P0M12_RS28095,MAIDSTLLSILACPQDKGPLLLVGDELLYNPRLRRAYPIENGIPVLLIDEARDVADDEHEKLLARAEG,68,trm112 family protein, ,Derived by automated computational analysis using gene prediction method: Protein Homology.,OG0000038,Conserved,group_54,Soft core,Core,Soft core
GCF_029457415.1,P0M12_RS28190,MPKMKSHSGASKRFKVSGSGKLMRQKAGRRHLLEHKSSRVTRRLDGVAVVSPDDAPRIKRMLGI,64,50s ribosomal protein l35, ,Derived by automated computational analysis using gene prediction method: Protein Homology.,OG0000039,Conserved,group_2130,Soft core,Core,Soft core
GCF_029457415.1,P0M12_RS28545,MHVEVDLDLCQGHAACELEAPEIFVVPKRGKVSLLDSDPPESLRGEAEMAVRYCPTGALRIVD,63,ferredoxin, ,Derived by automated computational analysis using gene prediction method: Protein Homology.,OG0000001,Conserved,group_2270,Soft core,Soft core,Soft core
GCF_029457415.1,P0M12_RS28725,MSVLFTYLLFIGAGIAVGGAYSMFKVNKLASGILLALAVLAAVAGALRL,49,hypothetical protein, ,Derived by automated computational analysis using gene prediction method: Protein Homology.,OG0000040,Conserved,group_2410,Soft core,Conserved,Soft core
GCF_029457415.1,P0M12_RS28955,MNESSSGLFSDLSASEPVVDAKSAEQLAAERETAAAERSNTDTAEQRQSRLFSG,54,hypothetical protein, ,Derived by automated computational analysis using gene prediction method: Protein Homology.,OG0000084,Soft core,group_2262,Soft core,Soft core,Soft core
GCF_029457415.1,P0M12_RS28960,MLGIALGLGSAAVGIGLGLLGAGAGILLSDKTVKTARRELTA,42,hypothetical protein, ,Derived by automated computational analysis using gene prediction method: GeneMarkS-2+.,OG0000102,Soft core,group_2160,Soft core,Soft core,Soft core
GCF_029457415.1,P0M12_RS29065,MHAEVGDRLHVQGRVVGQAEVTAEVLEVHGEDGGPPYLVRYDNGHEALVFPGSDGWIDHPGKGS,64,duf1918 domain-containing protein, ,Derived by automated computational analysis using gene prediction method: Protein Homology.,OG0000041,Conserved,group_2499,Soft core,Conserved,Soft core
GCF_029457415.1,P0M12_RS29080,MTTYRYLDADRNLLEEKDFETEQDAQEYRLSVLGAEHIEPTDE,43,hypothetical protein, ,Derived by automated computational analysis using gene prediction method: Protein Homology.,OG0000054,Core,group_2400,Soft core,Core,Core
GCF_029457415.1,P0M12_RS29305,MIRSHVTDSLDGLPAHTYNTHSNGVWRSATLVADRHTCGRPCPEEGVTSELHHSRSTPEEGRES,64,hypothetical protein, ,Derived by automated computational analysis using gene prediction method: Protein Homology.,OG0000246,Shell,group_360,Shell,Shell,Shell
GCF_029457415.1,P0M12_RS29760,MTDEDRLWYFDVSDGSVTQGKGASSLTRMGPYPDRDSAEHALKIAAERNKAADRADEDWNN,61,hypothetical protein, ,Derived by automated computational analysis using gene prediction method: Protein Homology.,OG0000042,Conserved,group_592,Soft core,Soft core,Soft core
GCF_029457415.1,P0M12_RS29975,MIRFLSRTEVAERIGVKPTSLGRYKLPEPDAMTGDVRGWTVETIDAWNAERTKRS,55,xre family transcriptional regulator, ,Derived by automated computational analysis using gene prediction method: Protein Homology.,OG0000237,Shell,group_2023,Cloud,Cloud,Cloud
GCF_029457415.1,P0M12_RS29980,MNAYRTTDTTGFDMIVMGTSADHAREVATQILQDLAADHPNMIGSKTVIAMVASI,55,hypothetical protein, ,Derived by automated computational analysis using gene prediction method: GeneMarkS-2+.,OG0000381,Cloud,group_2259,Cloud,Cloud,Cloud
GCF_029457415.1,P0M12_RS29985,MTNQDKTSLTIFALIAATLAVTHQPWQYWAVAGVAAAGVAAVSWRTRRA,49,hypothetical protein, ,Derived by automated computational analysis using gene prediction method: GeneMarkS-2+.,OG0000630,Cloud,group_2260,Cloud,Cloud,Cloud
GCF_029457415.1,P0M12_RS30095,MAIVSYTDEDGVHFTDEFSKTYEKHLKAVADKGAVKPAETPKPEPVKPVSKPDVKSDLKVS,61,hypothetical protein, ,Derived by automated computational analysis using gene prediction method: GeneMarkS-2+.,OG0000355,Cloud,group_2024,Cloud,Cloud,Cloud
GCF_029457415.1,P0M12_RS30230,MSALTTCNNCGHLAQSDREVMEWALTREMPRRIPNKWDVKDLVGTVFAVIESLGYSKPSEESL,63,hypothetical protein, ,Derived by automated computational analysis using gene prediction method: GeneMarkS-2+.,OG0000951,Cloud,,,,Probably not conserved
GCF_029457415.1,P0M12_RS30270,MSERLERAQVWVDTALESIGQSDHESATGELLIAVDQLITEIRELRIELGK,51,hypothetical protein, ,Derived by automated computational analysis using gene prediction method: GeneMarkS-2+.,OG0000952,Cloud,,,,Probably not conserved
GCF_029457415.1,P0M12_RS30330,MTNRELEAAADRLLAADPEWCEERVTFADPAGTAADMDVLINGEGWFPDFLARKFRIRR,59,hypothetical protein, ,Derived by automated computational analysis using gene prediction method: GeneMarkS-2+.,OG0000631,Cloud,group_2025,Cloud,Cloud,Cloud
GCF_029457415.1,P0M12_RS30350,MKAAEKFGMTEYMTPAEAAEIARCNRTHVYAALTSGELEGHQRKRRNKIKGPWLISPEALDRWIRGE,67,helix-turn-helix domain-containing protein, ,Derived by automated computational analysis using gene prediction method: Protein Homology.,OG0000207,Shell,group_2026,Cloud,,Cloud
GCF_029457415.1,P0M12_RS30385,MIRFLSRTEVAERIGVKPTSLGRYKLPEPDAMTGDVRGWTVETIDAWNAERTKRS,55,xre family transcriptional regulator, ,Derived by automated computational analysis using gene prediction method: Protein Homology.,OG0000237,Shell,group_2023,Cloud,,Cloud
GCF_029457415.1,P0M12_RS30390,MNAYRTTDTTGFDMIVMGTSADHAREVATQILQDLAADHPNMIGSKTVIAMVASI,55,hypothetical protein, ,Derived by automated computational analysis using gene prediction method: GeneMarkS-2+.,OG0000381,Cloud,group_2259,Cloud,,Cloud
GCF_029457415.1,P0M12_RS30395,MTNQDKTSLTIFALIAATLAVTHQPWQYWAVAGVAAAGVAAVSWRTRRA,49,hypothetical protein, ,Derived by automated computational analysis using gene prediction method: GeneMarkS-2+.,OG0000630,Cloud,group_2260,Cloud,,Cloud
GCF_029958325.1,QIE55_RS00025,MKIVVLSFLMALTLMTVGIIAARNCSTRPAVTGAVTAASTVLAAAWTLFAVAFVLA,56,hypothetical protein, ,Derived by automated computational analysis using gene prediction method: Protein Homology.,OG0000110,Soft core,group_2239,Soft core,Cloud,Cloud
GCF_029958325.1,QIE55_RS00180,MDRYKITMPDGSSTEEPFDSDKQAIACAVDANRGVSKHLVVEKYAADGRLIPTAQAPAKHKGHHKNRSNS,70,hypothetical protein, ,Derived by automated computational analysis using gene prediction method: Protein Homology.,OG0000113,Soft core,,,Cloud,Cloud
GCF_029958325.1,QIE55_RS00900,MRRASRAQRMELIAGFISVFALMALIGAVVAIVKGDPGVMPSLVLLGCVVALGLAFRGYRNAVRAERRE,69,hypothetical protein, ,Derived by automated computational analysis using gene prediction method: Protein Homology.,OG0000051,Conserved,group_2375,Soft core,Cloud,Cloud
GCF_029958325.1,QIE55_RS01460,MAKGKRTFQPNNRRRARVHGFRLRMRTRAGRAIVSARRRKGRDSLTA,47,50s ribosomal protein l34, ,Derived by automated computational analysis using gene prediction method: Protein Homology.,OG0000052,Conserved,rpmH,Conserved,Shell,Shell
GCF_029958325.1,QIE55_RS01950,MSNISFDSVSNSAPANALQGVGTNALVDNPFTFEPVAEATSAHALQGVGTNALVDNPFSFQS,62,streptamidine-related ripp repeat protein, ,Derived by automated computational analysis using gene prediction method: Protein Homology.,OG0000093,Soft core,group_2291,Soft core,Soft core,Soft core
GCF_029958325.1,QIE55_RS02005,MCVDVDVNVKNCGILAAVLVGLVAKLGEKKIVSRITRGACDMVGPAIVVVVIGAAAVFE,59,hypothetical protein, ,Derived by automated computational analysis using gene prediction method: GeneMarkS-2+.,OG0000324,Cloud,group_2179,Cloud,Cloud,Cloud
GCF_029958325.1,QIE55_RS02140,MFNDVFNNVIHPMVTNFQQLGPQQFIPQQFIPQGLFQQAPQAAEQAVTIFGS,52,hypothetical protein, ,Derived by automated computational analysis using gene prediction method: Protein Homology.,OG0000075,Soft core,group_2178,Soft core,Soft core,Soft core
GCF_029958325.1,QIE55_RS02760,MPATAPIRVVELSVTRKTIPLAAVNETAKVIAPRIGLPAAASSADSTPEARQNAMAAISR,60,hypothetical protein, ,Derived by automated computational analysis using gene prediction method: GeneMarkS-2+.,OG0000329,Cloud,group_674,Shell,Cloud,Cloud
GCF_029958325.1,QIE55_RS02770,MTIVLFPYGKASTLGWELCFVDQQLKAEVGATAHDRVAGYVALRR,45,hypothetical protein, ,Derived by automated computational analysis using gene prediction method: GeneMarkS-2+.,OG0000479,Cloud,group_1613,Cloud,Cloud,Cloud
GCF_029958325.1,QIE55_RS03015,MGIADKAQNKAEDLGGKAKEAAGSATGDRDLENEGKGDQVKSAVKDAGEKVKDAASSIKDKLT,63,csbd family protein, ,Derived by automated computational analysis using gene prediction method: Protein Homology.,OG0000011,Conserved,group_2411,Conserved,Soft core,Soft core
GCF_029958325.1,QIE55_RS03035,MADLTLLTDDELRERRIALSRSLTTAADLIPTPPPSFFEKLKQDIDAAAAEWIARRS,57,hypothetical protein, ,Derived by automated computational analysis using gene prediction method: Protein Homology.,OG0000076,Soft core,group_2322,Soft core,Soft core,Soft core
GCF_029958325.1,QIE55_RS03820,MSEITSWEYTVTPLLVHNPKAILDNWGVDGWELVAVLPSASGEQHVAYMKRPKG,54,hypothetical protein, ,Derived by automated computational analysis using gene prediction method: Protein Homology.,OG0000012,Conserved,group_2273,Conserved,Soft core,Soft core
GCF_029958325.1,QIE55_RS04020,MISKTFRTMSARFALLVTEDDGMSTAEYAIGTIAAAAFGAVLYTVVTGDSIVSALTGIIDKALKTAV,67,duf4244 domain-containing protein, ,Derived by automated computational analysis using gene prediction method: Protein Homology.,OG0000094,Soft core,group_2136,Soft core,Soft core,Soft core
GCF_029958325.1,QIE55_RS04040,MAQGTVKWFNAEKGFGFIAPEDGSADVFVHYSEIQGNGFRTLEENQRVEFEVGQGTKGPQATGVRAV,67,cold-shock protein, ,Derived by automated computational analysis using gene prediction method: Protein Homology.,OG0000013,Conserved,group_128,Conserved,Soft core,Soft core
GCF_029958325.1,QIE55_RS04075,MADSLKARVKEKLLRQLAEDGRHPIQEAEGDDPRLVSINDDLEALEQAEEGDPIVEELAERYWVP,65,hypothetical protein, ,Derived by automated computational analysis using gene prediction method: Protein Homology.,OG0000014,Conserved,group_2342,Conserved,Soft core,Soft core
GCF_029958325.1,QIE55_RS04215,MGSADVMAWLAEGYLAGDPIRYPLYVGSMFLAMPFQLIGVILGHPF,46,hypothetical protein, ,Derived by automated computational analysis using gene prediction method: Protein Homology.,OG0000061,Soft core,group_1542,Soft core,Soft core,Soft core
GCF_029958325.1,QIE55_RS04310,MPGSVIEKARAEAEGLFRDYEGNRYWFCCKGCGPRFDANPRKYADVS,47,yhs domain-containing protein, ,Derived by automated computational analysis using gene prediction method: Protein Homology.,OG0000257,Shell,group_1484,Shell,Shell,Shell
GCF_029958325.1,QIE55_RS04555,MATTAAVQNPTRSRARTMSLSEYVAEHPAQRVFPPTSERAARMAMLIMFALMAVTLVVLVLDEAGIFG,68,hypothetical protein, ,Derived by automated computational analysis using gene prediction method: GeneMarkS-2+.,OG0000095,Soft core,group_53,Soft core,Soft core,Soft core
GCF_029958325.1,QIE55_RS04800,MALAYSPDTSIDSTRLAFLAAAVVLFAMLALYLVGFDQGAISRTGMYMHELMHDGRHLMGLPCH,64,cbtb domain-containing protein, ,Derived by automated computational analysis using gene prediction method: Protein Homology.,OG0000008,Conserved,group_2468,Conserved,Core,Conserved
GCF_029958325.1,QIE55_RS05230,MNAYICPICDYTYTESTGAAREGFPPGTAWSSIPDDWCCPDCGVREKVDFTLVTQS,56,rubredoxin, ,Derived by automated computational analysis using gene prediction method: Protein Homology.,OG0000096,Soft core,group_2166,Soft core,Soft core,Soft core
GCF_029958325.1,QIE55_RS05235,MSETATAYKLFRCLQCGFEYDEAIGWPDDGIEPGTRWDEIPEDWSCPDCGAAKVDFEMVEVDR,63,rubredoxin, ,Derived by automated computational analysis using gene prediction method: Protein Homology.,OG0000097,Soft core,group_421,Soft core,Soft core,Soft core
GCF_029958325.1,QIE55_RS05745,MKNPNLTPSRVLAVVLAAALVIFVIARRRDDGALSRGEWLSDSVGPDDLAG,51,hypothetical protein, ,Derived by automated computational analysis using gene prediction method: Protein Homology.,OG0000077,Soft core,group_2167,Soft core,Soft core,Soft core
GCF_029958325.1,QIE55_RS05835,MEVRVDLDRCEANGVCVGIAPDIFDLDDNEELVISSVRPPEDRWEDVRSAIAQCPRAALTEHP,63,ferredoxin, ,Derived by automated computational analysis using gene prediction method: Protein Homology.,OG0000005,Conserved,group_423,Soft core,Soft core,Soft core
GCF_029958325.1,QIE55_RS05900,MAENTTVETEIADEEIETVAEETARMAQHVVAAYAEDADECRMLLSMLGISPAAKLD,57,hypothetical protein, ,Derived by automated computational analysis using gene prediction method: Protein Homology.,OG0000015,Conserved,group_2168,Soft core,Soft core,Soft core
GCF_029958325.1,QIE55_RS06625,MTKFLVPGVASAVIGAVLGAGVIFGVTAAASDNTRPEIDRSGNADSSVLNQVEYGSR,57,duf2613 domain-containing protein, ,Derived by automated computational analysis using gene prediction method: Protein Homology.,OG0000016,Conserved,group_855,Soft core,Soft core,Soft core
GCF_029958325.1,QIE55_RS06760,MVGLIVLAALVLASVLVGFVFRRPIAEAKSAVLAFDDASPQPQRD,45,hypothetical protein, ,Derived by automated computational analysis using gene prediction method: GeneMarkS-2+.,OG0000098,Soft core,group_2198,Soft core,Soft core,Soft core
GCF_029958325.1,QIE55_RS06770,MGSTADDLKAWEAIGKGIGGVAGLFAGVIAIISAVTAAQSLS,42,hypothetical protein, ,Derived by automated computational analysis using gene prediction method: GeneMarkS-2+.,OG0000065,Soft core,group_2206,Cloud,Shell,Cloud
GCF_029958325.1,QIE55_RS06825,MPERGQSRVDAGIIAVVAVITGVFVALTGHGLVAALATVLGLALGMAIVRYLIKGR,56,hypothetical protein, ,Derived by automated computational analysis using gene prediction method: Protein Homology.,OG0000078,Soft core,group_2220,Soft core,Soft core,Soft core
GCF_029958325.1,QIE55_RS06915,MMRIVTLIVLIWLIVGAVAAGQRGYYSSSPTNCAGVGTIALTVIAGPLNYFGVNPKVTDCTLPQPTE,67,hypothetical protein, ,Derived by automated computational analysis using gene prediction method: Protein Homology.,OG0000017,Conserved,group_129,Soft core,Soft core,Soft core
GCF_029958325.1,QIE55_RS06920,MIILGVILLIIGFVVNIPILWTIGVVLLVIGIILYALGAAGHAIGGRRHYY,51,duf6131 family protein, ,Derived by automated computational analysis using gene prediction method: Protein Homology.,OG0000000,Conserved,group_1229,Soft core,Soft core,Soft core
GCF_029958325.1,QIE55_RS07035,MTEKDNNDQSPKGGHPGPVDKGGDGGMATREQAPELVEETSEKKSDDK,48,hypothetical protein, ,Derived by automated computational analysis using gene prediction method: Protein Homology.,OG0000018,Core,group_2221,Soft core,Soft core,Soft core
GCF_029958325.1,QIE55_RS07125,MIVLGIILALIGFFTGLSILTTVGIILVVVGAVLSILGATGRAVGGRKVWY,51,duf6131 family protein, ,Derived by automated computational analysis using gene prediction method: Protein Homology.,OG0000000,Conserved,group_1230,Soft core,Soft core,Soft core
GCF_029958325.1,QIE55_RS07240,MNNTGGAVDVWEVDGIDAASLVQSPEGHYYFPGVIAAAELRLAQQDLPPVHLP,53,hypothetical protein, ,Derived by automated computational analysis using gene prediction method: GeneMarkS-2+.,OG0000556,Cloud,group_1121,Cloud,Cloud,Cloud
GCF_029958325.1,QIE55_RS07255,MEPLKSADLRWWPVDELPEKLVDHERFVIEAHHAGQLAPIHSYGF,45,hypothetical protein, ,Derived by automated computational analysis using gene prediction method: GeneMarkS-2+.,OG0000559,Cloud,group_2079,Cloud,Cloud,Cloud
GCF_029958325.1,QIE55_RS07410,MPAPIMAPAAALAEPVVWNEDPQRQRWWTRILAAGSPENSSNDEFQP,47,hypothetical protein, ,Derived by automated computational analysis using gene prediction method: Protein Homology.,OG0000118,Soft core,group_2222,Soft core,Soft core,Soft core
GCF_029958325.1,QIE55_RS07425,MVDTTPDVPISPVDAASFQLGVDVQPYLVTIAGLLSRAALSTATVDRI,48,hypothetical protein, ,Derived by automated computational analysis using gene prediction method: GeneMarkS-2+.,OG0002302,,,,,Probably not conserved
GCF_029958325.1,QIE55_RS07485,MWWIVGGVLLVWVVCSIPIAILVGRGIARRDRAEFDGRNQQWADEVVRSIEKQSDQDNADRRKPPLIS,68,hypothetical protein, ,Derived by automated computational analysis using gene prediction method: Protein Homology.,OG0000079,Soft core,group_2275,Shell,Shell,Shell
GCF_029958325.1,QIE55_RS07515,MGALSPTHWAIVAVVLVVLFGSKKLPDAARGLGRSMRILKTEVGELHSDTDLALEKRD,58,sec-independent protein translocase subunit tata, ,Derived by automated computational analysis using gene prediction method: Protein Homology.,OG0000019,Conserved,tatA,Soft core,Soft core,Soft core
GCF_029958325.1,QIE55_RS07560,MAQGSVKWFNGEKGFGFIEQEGGGPDVFVHYSEIQGSGYKSLDEGQKVEFEIGQGQKGPQAQNVRAI,67,cold-shock protein, ,Derived by automated computational analysis using gene prediction method: Protein Homology.,OG0000069,Soft core,group_130,Soft core,Soft core,Soft core
GCF_029958325.1,QIE55_RS07605,MSADSRGTSAQTRREYQMFVLQQRLLFGSIVAGTALGVLAINYF,44,hypothetical protein, ,Derived by automated computational analysis using gene prediction method: GeneMarkS-2+.,OG0000122,Soft core,group_2138,Soft core,Soft core,Soft core
GCF_029958325.1,QIE55_RS07615,MTTIDIPPTQGESTTGIGITVASATLTTEEVKRRIAMMYGDPVTEEPVALAH,52,hypothetical protein, ,Derived by automated computational analysis using gene prediction method: Protein Homology.,OG0000002,Conserved,group_2274,Soft core,Soft core,Soft core
GCF_029958325.1,QIE55_RS07640,MSERNSTDRTDQTDEPQTTGTDHGPGTGADAAHKDVQTDPSGERTWADEGGASSNGPATDTD,62,pi-type proteinase, ,Derived by automated computational analysis using gene prediction method: Protein Homology.,OG0000020,Core,group_2297,Soft core,Soft core,Soft core
GCF_029958325.1,QIE55_RS07670,MGGSADALNRALERVDRDFAFPIGVVVRTSLRGTMRQIAKPVRAQYTRVRARFPGAKTYTEI,62,hypothetical protein, ,Derived by automated computational analysis using gene prediction method: GeneMarkS-2+.,OG0000115,Soft core,group_2190,Soft core,Soft core,Soft core
GCF_029958325.1,QIE55_RS07675,MTTSTVGLLAGLLLGVAAAAGGFTGFLIALVLGVIGYLVGGQRDGEFDLGVMLKGRGRG,59,hypothetical protein, ,Derived by automated computational analysis using gene prediction method: Protein Homology.,OG0000099,Soft core,group_732,Soft core,Soft core,Soft core
GCF_029958325.1,QIE55_RS07700,MSDFIDKAKHRAEDLIGEAKEKIGNATGNDDLAAEGVADQGEAKVKKAGDTVSDKVSDIKDKFTS,65,csbd family protein, ,Derived by automated computational analysis using gene prediction method: Protein Homology.,OG0000074,Soft core,group_2191,Soft core,Soft core,Soft core
GCF_029958325.1,QIE55_RS08075,MSKEVSAGLAVGAMVLVAGLIWTGLPLDAYSVVAVIFAICGGFITWIYLRENVDGVPHTATKEGSR,66,hypothetical protein, ,Derived by automated computational analysis using gene prediction method: Protein Homology.,OG0000144,Shell,group_2282,Shell,Shell,Shell
GCF_029958325.1,QIE55_RS08400,MGSLGNLLKANGMGWGILQLLPLVNMLKTLQGLDTASSNS,40,hypothetical protein, ,Derived by automated computational analysis using gene prediction method: GeneMarkS-2+.,OG0000080,Soft core,group_2512,Soft core,Soft core,Soft core
GCF_029958325.1,QIE55_RS08405,MGSFEDFSGVVKTFIPVLKDLFTALGGGSLTPGSGSAADK,40,hypothetical protein, ,Derived by automated computational analysis using gene prediction method: GeneMarkS-2+.,OG0000108,Soft core,group_2511,Soft core,Soft core,Soft core
GCF_029958325.1,QIE55_RS08410,MFGSLSTLGPLLTALGAFLKSVPTESLSGEGEGSSTGSLSGLSSGSAE,48,hypothetical protein, ,Derived by automated computational analysis using gene prediction method: Protein Homology.,OG0000081,Soft core,group_2510,Soft core,Soft core,Soft core
GCF_029958325.1,QIE55_RS08620,MGSLDTGSLSTESLEDLNLGKISELLKLGITAVSFITALNSLS,43,hypothetical protein, ,Derived by automated computational analysis using gene prediction method: GeneMarkS-2+.,OG0000067,Soft core,group_2503,Soft core,Soft core,Soft core
GCF_029958325.1,QIE55_RS08865,MDTASLIDVIGSFDVASLTAPLASVQELISTAFSVVSAFIDVGVSGSAASAGSIQTALGSIAAQ,64,hypothetical protein, ,Derived by automated computational analysis using gene prediction method: Protein Homology.,OG0000206,Shell,group_338,Cloud,Shell,Shell
GCF_029958325.1,QIE55_RS08880,MGSLMDILGGPNGDGAPMQALLTMLLGLDNVGANLFGSLADTAGGIFGSLDTLSFTPPVVP,61,hypothetical protein, ,Derived by automated computational analysis using gene prediction method: GeneMarkS-2+.,OG0000188,Shell,group_2425,Shell,Shell,Shell
GCF_029958325.1,QIE55_RS08885,MLEGSVMDAAGSVGAIIGQGLGSVSGLAVKGLEALAALSGGELKAAK,47,hypothetical protein, ,Derived by automated computational analysis using gene prediction method: Protein Homology.,OG0000138,Shell,group_2381,Shell,Shell,Shell
GCF_029958325.1,QIE55_RS08890,MTFESNTPRPFTRSNDKKMFAGVCGGIADYFGADVNLVRLLAVIAAICTGGTAALVYLAAWMLMPLG,67,pspc domain-containing protein, ,Derived by automated computational analysis using gene prediction method: Protein Homology.,OG0000021,Conserved,group_2380,Conserved,Soft core,Soft core
GCF_029958325.1,QIE55_RS09215,MSVGSARRAVAGLSVFAVAAGFAAVTGLGVAGAAPVTAEFNSDGYKVTR,49,hypothetical protein, ,Derived by automated computational analysis using gene prediction method: GeneMarkS-2+.,OG0002303,,group_1407,Cloud,,Probably not conserved
GCF_029958325.1,QIE55_RS09400,MGSSHDGKPAVAGTQFLTVAEVATLMRVSKMTVYRLVHSGELPAVRVGRSFRVHAKAVHDYLETSYFDAG,70,helix-turn-helix domain-containing protein, ,Derived by automated computational analysis using gene prediction method: Protein Homology.,OG0000071,Soft core,,,Soft core,Soft core
GCF_029958325.1,QIE55_RS09405,MGSVIKKRRKRMSKKKHRKLLRRTRVQRRKLGK,33,aurkaip1/cox24 domain-containing protein, ,Derived by automated computational analysis using gene prediction method: Protein Homology.,OG0000022,Conserved,group_1939,Conserved,Conserved,Conserved
GCF_029958325.1,QIE55_RS09460,MSSQEALRTESTHDAPLRQRGSRTEVILFAILGASVLVTLLVLMIPGIVSG,51,hypothetical protein, ,Derived by automated computational analysis using gene prediction method: Protein Homology.,OG0000100,Soft core,group_1231,Soft core,Soft core,Soft core
GCF_029958325.1,QIE55_RS09590,MLYLLALVGLVTLIVLMWKAFGPDPSTRTPVSGVRGPDDDPEFLWNVNQQTRRKRTEGPDVPPTDTST,68,hypothetical protein, ,Derived by automated computational analysis using gene prediction method: Protein Homology.,OG0000023,Conserved,group_2362,Soft core,Conserved,Soft core
GCF_029958325.1,QIE55_RS09595,MSAPTFNTAADALMTPGQVAALFHVDPKTVTRWAHAGRLGSLRTPGGHRRFRETEVMQLLRSLTTEADNN,70,bldc family transcriptional regulator, ,Derived by automated computational analysis using gene prediction method: Protein Homology.,OG0000068,Soft core,,,Soft core,Soft core
GCF_029958325.1,QIE55_RS09800,MASSTDVRPKITLACEVCKHRNYITKKNRRNDPDRLELKKFCPNCGTHQSHRESK,55,50s ribosomal protein l33, ,Derived by automated computational analysis using gene prediction method: Protein Homology.,OG0000024,Conserved,rpmG,Conserved,Soft core,Soft core
GCF_029958325.1,QIE55_RS09935,MAGKKLDRTNARTALEVVRESPTIAFITVAPAVVVFGVVWWLFGFWAAILLALVFGVAAVATQKLR,66,hypothetical protein, ,Derived by automated computational analysis using gene prediction method: Protein Homology.,OG0000025,Conserved,group_2209,Conserved,Soft core,Soft core
GCF_029958325.1,QIE55_RS10080,MNSTTVGLLVGLLLALAGIMGGFSGFVFAVLLGAAGMAIGAHRDGHLDLGAILRSRGRG,59,hypothetical protein, ,Derived by automated computational analysis using gene prediction method: Protein Homology.,OG0000026,Conserved,group_2303,Conserved,Soft core,Soft core
GCF_029958325.1,QIE55_RS10205,MRLSTRNQLTGTITEVNLGTVMATVKVKLDGGNQIVTSSITRDAALDLDLEPGQAATVFVKSTEVTIGVE,70,tobe domain-containing protein, ,Derived by automated computational analysis using gene prediction method: Protein Homology.,OG0000064,Soft core,,,Soft core,Soft core
GCF_029958325.1,QIE55_RS10210,MTEPVKGPASYFPSIEKKYGRPIGEWQELIRSSDLTKHMELVNWLKSEHGMGHGHANALVAHTLKEG,67,duf4287 domain-containing protein, ,Derived by automated computational analysis using gene prediction method: Protein Homology.,OG0000027,Conserved,group_2329,Soft core,Soft core,Soft core
GCF_029958325.1,QIE55_RS10225,MSDRDNKALENDLVEESLVEEVSIDGMCGVY,31,mycofactocin precursor mfta, ,"Mycofactocin is a small molecule electron carrier derived from the final two amino acids, Val-Tyr, of MftA, the mycofactocin precursor. It plays a role in redox homeostasis and the metabolism of alcohols and aldehydes in Actinobacteria, including Mycobacterium tuberculosis; Derived by automated computational analysis using gene prediction method: Protein Homology.",OG0000009,Conserved,group_2326,Conserved,Soft core,Soft core
GCF_029958325.1,QIE55_RS10580,MAKKALVNKANKKPKFAVRAYTRCQRCGRPHSVFRKFGLCRICVREMAHAGELPGVRKSSW,61,type z 30s ribosomal protein s14, ,Derived by automated computational analysis using gene prediction method: Protein Homology.,OG0000028,Conserved,group_2294,Conserved,Soft core,Soft core
GCF_029958325.1,QIE55_RS10605,MADLKVTQIKSIIGTKQNQKDSLRTLGLKGIRQTVVREDNAQNRGLINVVRHLVTVEEV,59,50s ribosomal protein l30, ,Derived by automated computational analysis using gene prediction method: Protein Homology.,OG0000029,Conserved,rpmD,Conserved,Soft core,Soft core
GCF_029958325.1,QIE55_RS10635,MKVQPSVKKICEKCKVIRRNGRVMVICENLRHKQRQG,37,50s ribosomal protein l36, ,Derived by automated computational analysis using gene prediction method: Protein Homology.,OG0000030,Conserved,rpmJ,Conserved,Soft core,Soft core
GCF_029958325.1,QIE55_RS10750,MLASAGGLGFVGVGVGSDADRRYGPDLTDPSVSLSADVVSDGGSWRDSSLAAAALRSRKSSS,62,hypothetical protein, ,Derived by automated computational analysis using gene prediction method: GeneMarkS-2+.,OG0000344,Cloud,group_2244,Cloud,Cloud,Cloud
GCF_029958325.1,QIE55_RS11075,MTIFEWILAIPALALAVAFLFSGIITAGIDFDTEDGVMTH,40,hypothetical protein, ,Derived by automated computational analysis using gene prediction method: GeneMarkS-2+.,OG0000082,Soft core,group_2186,Soft core,Soft core,Soft core
GCF_029958325.1,QIE55_RS11930,MSSYRCPVCEYVYDESKGAPREGFPAGTPWDAVPDDWCCPDCGVREKLDFEPMPATAGSES,61,rubredoxin, ,Derived by automated computational analysis using gene prediction method: Protein Homology.,OG0000053,Core,group_2279,Soft core,Soft core,Soft core
GCF_029958325.1,QIE55_RS11935,MNDYKLYQCAQCGFEYDEAVGWPEDGIEPGTRWDDIPEDWSCPDCGAAKSDFFMVEVERR,60,rubredoxin, ,Derived by automated computational analysis using gene prediction method: Protein Homology.,OG0000007,Conserved,group_2155,Soft core,Soft core,Soft core
GCF_029958325.1,QIE55_RS12605,MATDPAPRSERKKILLRLDPAVHDALARWAADDLRSTNAQIEFLLRRALTEHGRMPKNAGKMHGPGRPPA,70,hypothetical protein, ,Derived by automated computational analysis using gene prediction method: Protein Homology.,OG0000114,Soft core,,,Soft core,Soft core
GCF_029958325.1,QIE55_RS12825,MKEVPGRCAGSGRHAHVLRLGVVVEGAADDAYQTDGMIGLGCGACSYNTG,50,hypothetical protein, ,Derived by automated computational analysis using gene prediction method: GeneMarkS-2+.,OG0000808,Cloud,group_1353,Cloud,Cloud,Cloud
GCF_029958325.1,QIE55_RS12890,MSDLDSNTPSEPESQSEETKRKFREALERKNHQNAKSTDHRDGQSKVHNTHGPADHKREFRRKSG,65,duf5302 domain-containing protein, ,Derived by automated computational analysis using gene prediction method: Protein Homology.,OG0000031,Conserved,group_2470,Core,Soft core,Soft core
GCF_029958325.1,QIE55_RS12970,MAAVCDVCAKGPGFGKSVSHSHRRTNRRWNPNIQSVRTEVAPGNTRKVNVCTSCLKAGKVARG,63,50s ribosomal protein l28, ,Derived by automated computational analysis using gene prediction method: Protein Homology.,OG0000032,Conserved,rpmB,Conserved,Soft core,Soft core
GCF_029958325.1,QIE55_RS13010,MAVPKRKMSRSNTRSRRSQWKTTVPTLVTCPNRGCGEQTLPHIACPSCGTYKGRQVTAAV,60,50s ribosomal protein l32, ,Derived by automated computational analysis using gene prediction method: Protein Homology.,OG0000033,Conserved,group_2479,Conserved,Soft core,Soft core
GCF_029958325.1,QIE55_RS13805,MRLTEFHEMVREEFGQVRGDSMLIDHVLQSLDGMTAAEAVEAGWEPREVWRALCVEFDVPPARR,64,duf3046 domain-containing protein, ,Derived by automated computational analysis using gene prediction method: Protein Homology.,OG0000035,Conserved,group_2481,Conserved,Soft core,Soft core
GCF_029958325.1,QIE55_RS13830,MFWKIVLAVVLVWVALAVVGALIKGLFWVLVVGAVGFGIYFLVKAMSGSDDNSPASRF,58,hypothetical protein, ,Derived by automated computational analysis using gene prediction method: Protein Homology.,OG0000034,Conserved,group_2296,Soft core,Soft core,Soft core
GCF_029958325.1,QIE55_RS14150,MTTEVDMKVPAFHSTVPSDLDVYHDNESCILAARIAVPHRAPGVDGRPWCTACASLD,57,hypothetical protein, ,Derived by automated computational analysis using gene prediction method: Protein Homology.,OG0000083,Soft core,group_2187,Soft core,Soft core,Soft core
GCF_029958325.1,QIE55_RS14550,MPGTLTSPQLTAADRCDRCGAGARVRAVLPTGGELLFCGHHATEHADRLREMNAVVSESEPAI,63,hypothetical protein, ,Derived by automated computational analysis using gene prediction method: Protein Homology.,OG0000036,Conserved,group_2483,Conserved,Soft core,Soft core
GCF_029958325.1,QIE55_RS14685,MNYTSGFTLKPDATDTIREMYFSGESESTSRISKIFTAVFGRLGARVTRKFMAKDLEDIAAKAESLAGK,69,hypothetical protein, ,Derived by automated computational analysis using gene prediction method: GeneMarkS-2+.,OG0000474,Cloud,group_2169,Cloud,Cloud,Cloud
GCF_029958325.1,QIE55_RS14910,MKIRFELMIGILLVVGGGCLWLFARDAEFFWFRGGPLGVILAIIGAFDIVNAVRTRETAIPERRND,66,hypothetical protein, ,Derived by automated computational analysis using gene prediction method: Protein Homology.,OG0000101,Soft core,group_2126,Soft core,Soft core,Soft core
GCF_029958325.1,QIE55_RS15395,MAGIDSKFDKAYAGKSVEELADAPVAALNGVSDSDAEHLKAAFNIKTVRDLGTNKFFLWAQATAKLAE,68,hypothetical protein, ,Derived by automated computational analysis using gene prediction method: Protein Homology.,OG0000070,Soft core,group_2484,Soft core,Soft core,Soft core
GCF_029958325.1,QIE55_RS15585,MTEIEFIEVDPVTLESKDVAAQLKSDEERVEDMKKFIQNLFKNAGGAE,48,hypothetical protein, ,Derived by automated computational analysis using gene prediction method: GeneMarkS-2+.,OG0002304,,group_2630,Cloud,,Probably not conserved
GCF_029958325.1,QIE55_RS16080,MTKVVIAGGTGALGRRISDDLADRGYDVVVLTRSPKPGRHRQVQWDGSR,49,nad-dependent epimerase/dehydratase family protein, ,Derived by automated computational analysis using gene prediction method: Protein Homology.,OG0000870,Cloud,group_2631,Cloud,,Cloud
GCF_029958325.1,QIE55_RS16265,MAQEQTQRAGGGEDDETTGGDGSAGQERREKLAAETDDLLDEIDDVLEENAEDFVRAYVQKGGQ,64,ubiquitin-like protein pup, ,Derived by automated computational analysis using gene prediction method: Protein Homology.,OG0000037,Conserved,group_340,Soft core,Soft core,Soft core
GCF_029958325.1,QIE55_RS17035,MTVLGPFDTASTPHFVVAGITYEIDEEYVAVVNAADAEITSPQDFPRDPLPNL,53,hypothetical protein, ,Derived by automated computational analysis using gene prediction method: Protein Homology.,OG0000298,Cloud,group_2131,Cloud,Cloud,Cloud
GCF_029958325.1,QIE55_RS17170,MAIDSTLLSILACPQDKGPLLLVGDELLYNPRLRRAYPIENGIPVLLIDEARDVADDEHEKLLARAEG,68,trm112 family protein, ,Derived by automated computational analysis using gene prediction method: Protein Homology.,OG0000038,Conserved,group_54,Soft core,Core,Soft core
GCF_029958325.1,QIE55_RS17265,MPKMKSHSGASKRFKVSGSGKLMRQKAGRRHLLEHKSSRVTRRLDGVAVVSPDDAPRIKRMLGI,64,50s ribosomal protein l35, ,Derived by automated computational analysis using gene prediction method: Protein Homology.,OG0000039,Conserved,group_2130,Soft core,Conserved,Soft core
GCF_029958325.1,QIE55_RS17615,MHVEVDLDLCQGHAACELEAPEIFVVPKRGKVSLLDSDPPESLRGEAEMAVRYCPTGALRIVD,63,ferredoxin, ,Derived by automated computational analysis using gene prediction method: Protein Homology.,OG0000001,Conserved,group_2270,Soft core,Soft core,Soft core
GCF_029958325.1,QIE55_RS17800,MSVLFTYLLFIGAGIAVGGAYSMFKVNKLASGILLALAVLAAVAGALRL,49,hypothetical protein, ,Derived by automated computational analysis using gene prediction method: Protein Homology.,OG0000040,Conserved,group_2410,Soft core,Conserved,Soft core
GCF_029958325.1,QIE55_RS18030,MNESSNGLFSDLSASEPVVDAKSAEQLAAERETAAAERSNTDTAEQRQSQLFSG,54,hypothetical protein, ,Derived by automated computational analysis using gene prediction method: Protein Homology.,OG0000084,Soft core,group_2262,Soft core,Soft core,Soft core
GCF_029958325.1,QIE55_RS18035,MLGIALGLGSAAVGIGLGLLGAGAGILLSDKTVKTARRDLTA,42,hypothetical protein, ,Derived by automated computational analysis using gene prediction method: GeneMarkS-2+.,OG0000102,Soft core,group_2160,Soft core,Soft core,Soft core
GCF_029958325.1,QIE55_RS18140,MHAEVGDRLHVQGRVVGQAEVTAEVLEVHGEDGGPPYLVRYDNEHEALVFPGSDGWIDHPGKGS,64,duf1918 domain-containing protein, ,Derived by automated computational analysis using gene prediction method: Protein Homology.,OG0000041,Conserved,group_2499,Soft core,Conserved,Soft core
GCF_029958325.1,QIE55_RS18155,MTTYRYLDADRNLLEEKDFETEQDAQEYRLSVLGAEHIEPADE,43,hypothetical protein, ,Derived by automated computational analysis using gene prediction method: Protein Homology.,OG0000054,Core,group_2400,Soft core,Core,Core
GCF_029958325.1,QIE55_RS18820,MTDEDRLWYFDVSDGSVTQGKGASSLTRMGPYPDRDSAEHALKIAAERNKAADRADEDWNN,61,hypothetical protein, ,Derived by automated computational analysis using gene prediction method: Protein Homology.,OG0000042,Conserved,group_592,Soft core,Core,Soft core
GCF_029958325.1,QIE55_RS19035,MKLALTEFKNSKATIRIIMSDGAKLNGTVTDFTEDTLVLNSPNGVYYINPSHIIRLFEPSDRAAK,65,hypothetical protein, ,Derived by automated computational analysis using gene prediction method: GeneMarkS-2+.,OG0000085,Soft core,group_2248,Soft core,Soft core,Soft core
GCF_029958325.1,QIE55_RS19200,MTVAGVVSVVLIAVAAALVIYLLVALVDPERF,32,k(+)-transporting atpase subunit f, ,Derived by automated computational analysis using gene prediction method: Protein Homology.,OG0000055,Core,kdpF,Soft core,Soft core,Soft core
GCF_029958325.1,QIE55_RS19340,MDRIADWWDSFELWMAGLPFIPQVALVLIVVVPLCRLVAVGLDRALAAVLALPLFGWLRRNSREVEES,68,hypothetical protein, ,Derived by automated computational analysis using gene prediction method: Protein Homology.,OG0000056,Core,group_2078,Soft core,Soft core,Soft core
GCF_029958325.1,QIE55_RS19760,MKKALPKTLKSLARTAGILALAIVVVSVVERFTGAHQPTTGPASLTGPDQSL,52,hypothetical protein, ,Derived by automated computational analysis using gene prediction method: Protein Homology.,OG0000111,Soft core,group_2264,Soft core,Soft core,Soft core
GCF_029958325.1,QIE55_RS19770,MSFLPFPIVIEGIETTGSAAIDGLGRLSVLLYDLLGGTGSATINAGS,47,hypothetical protein, ,Derived by automated computational analysis using gene prediction method: Protein Homology.,OG0000125,Shell,group_2228,Shell,Shell,Shell
GCF_029958325.1,QIE55_RS19805,MIAAPTTGALAVVLNTVLQMFNAGSSFLYTNNSPIGGGGGETPTTPAP,48,hypothetical protein, ,Derived by automated computational analysis using gene prediction method: Protein Homology.,OG0000086,Soft core,group_2210,Soft core,Soft core,Soft core
GCF_029958325.1,QIE55_RS19810,MPTIPLTGDPIVINIIVQLLSAGSSNALALGGVGSSGLGSTGLGSFDSASLGSAA,55,hypothetical protein, ,Derived by automated computational analysis using gene prediction method: Protein Homology.,OG0000087,Soft core,group_1002,Soft core,Soft core,Soft core
GCF_029958325.1,QIE55_RS20315,MYIQTCTYDTEDRNMGSINTLSAVIDIIKVVQPLIAKLNLS,41,hypothetical protein, ,Derived by automated computational analysis using gene prediction method: GeneMarkS-2+.,OG0000109,Soft core,group_2041,Soft core,Soft core,Soft core
GCF_029958325.1,QIE55_RS20565,MTRRIITVEGVYEPASECNAVGLLIDQLWPRGVKRENLQYASHRHRILDPLFY,53,hypothetical protein, ,Derived by automated computational analysis using gene prediction method: GeneMarkS-2+.,OG0000312,Cloud,group_2363,Cloud,Cloud,Cloud
GCF_029958325.1,QIE55_RS20665,MGTLKSGQDLAAKFSKKAVGGEDSLEKSLNSHIQVVTEMRDFFQQCVDRYGEVDDSNASALTSAETPR,68,hypothetical protein, ,Derived by automated computational analysis using gene prediction method: GeneMarkS-2+.,OG0000123,Soft core,group_123,Cloud,Soft core,Cloud
GCF_029958325.1,QIE55_RS20675,MGTLQSGINLAAKFSKKAVGGEDSLEKSLNSHIQVVTEMRDFFQKCLDSYNGVDASNAVMLAGQDLQGS,69,hypothetical protein, ,Derived by automated computational analysis using gene prediction method: GeneMarkS-2+.,OG0000123,Soft core,group_2307,Soft core,Shell,Soft core
GCF_029958325.1,QIE55_RS20745,MSTALLTIYVLIWPALVLVVLGVISKGFFKDWATARRNGEDLV,43,putative transporter small subunit, ,Derived by automated computational analysis using gene prediction method: Protein Homology.,OG0000088,Soft core,group_2364,Soft core,Soft core,Soft core
GCF_029958325.1,QIE55_RS21440,MAAMKPRTGDGPLEATKEGRGIVMRVPLEGGGRLVVELTPDEAAALGVELTNVTS,55,duf3117 domain-containing protein, ,Derived by automated computational analysis using gene prediction method: Protein Homology.,OG0000043,Conserved,group_1003,Soft core,Soft core,Soft core
GCF_029958325.1,QIE55_RS21545,MTEQDATFDPEAPESDALEQSTPVDPNAPEEPDLTDIPLDAPVADVVDQRVEVAVDDDYRPS,62,hypothetical protein, ,Derived by automated computational analysis using gene prediction method: Protein Homology.,OG0000057,Core,group_2211,Soft core,Soft core,Soft core
GCF_029958325.1,QIE55_RS21570,MYNWDLQNQIVAFVDSLRPMAGYYHDMYYGSLYAFADQQSHLLTLLGFPPVP,52,hypothetical protein, ,Derived by automated computational analysis using gene prediction method: Protein Homology.,OG0000058,Core,group_1175,Soft core,Soft core,Soft core
GCF_029958325.1,QIE55_RS21590,MGKIKASKVSKLKPKKKCCRKKTRCIKCPVVIMRMKKLENEGASKKELKAGLKKARAA,58,hypothetical protein, ,Derived by automated computational analysis using gene prediction method: Protein Homology.,OG0000044,Conserved,group_2365,Soft core,Soft core,Soft core
GCF_029958325.1,QIE55_RS21675,MGSMEGILGAVVQGLGSLFSADGLLKTFMGSVETISKDPTP,41,hypothetical protein, ,Derived by automated computational analysis using gene prediction method: GeneMarkS-2+.,OG0000103,Soft core,group_2051,Soft core,Soft core,Soft core
GCF_029958325.1,QIE55_RS21765,MTAKLTTAFRGTLWWVRSVMGDLDYQRYVEHTRRHHADSPVISEREFWRRRHAAADANPGARCC,64,ybdd/yjix family protein, ,Derived by automated computational analysis using gene prediction method: Protein Homology.,OG0000045,Conserved,group_2343,Soft core,Conserved,Soft core
GCF_029958325.1,QIE55_RS22015,MSTNSDRRPRLPVRIAYLTAGVLFVAAMLLLASVVNPDRDRDFSMNHVPAGTSATSVVATTDLG,64,hypothetical protein, ,Derived by automated computational analysis using gene prediction method: Protein Homology.,OG0000104,Soft core,group_2149,Soft core,Soft core,Soft core
GCF_029958325.1,QIE55_RS22280,MNASDCLGAVDRKSAVAIALLEPLLVERLLAEPLPVGRLLAEPLLAELLALDPLPEPLGPVIP,63,hypothetical protein, ,Derived by automated computational analysis using gene prediction method: GeneMarkS-2+.,OG0000327,Cloud,group_2140,Cloud,Cloud,Cloud
GCF_029958325.1,QIE55_RS22415,MAEGIVKWFNSEKGFGFIAPEDGSADVFVHYSEIQSGGFRTLEENQRVAFEIGQGNKGPQATGVTIV,67,cold-shock protein, ,Derived by automated computational analysis using gene prediction method: Protein Homology.,OG0000046,Conserved,group_132,Soft core,Soft core,Soft core
GCF_029958325.1,QIE55_RS22420,MTTAEYTVSGMTCGHCVGSVKEEIGNIAGVTAVDVELASGRVVVTSDAPVSAADVVAAVDEAGYAVVPS,69,heavy-metal-associated domain-containing protein, ,Derived by automated computational analysis using gene prediction method: Protein Homology.,OG0000006,Conserved,group_2139,Soft core,Soft core,Soft core
GCF_029958325.1,QIE55_RS22540,MSDDELRRAIREIQDRAHDARKRGDDVAAEELDRTVRGYQEQMAQRL,47,hypothetical protein, ,Derived by automated computational analysis using gene prediction method: Protein Homology.,OG0000059,Core,group_2336,Soft core,Soft core,Soft core
GCF_029958325.1,QIE55_RS22615,MSEQPDTPKKPPVDKKRLAHIFGDVFPETTSDERGPEGSSRSSDDDWLRSQRPPHHGG,58,hypothetical protein, ,Derived by automated computational analysis using gene prediction method: Protein Homology.,OG0000089,Soft core,group_2328,Soft core,Soft core,Soft core
GCF_029958325.1,QIE55_RS22645,MAVPKRKMSRSNTRSRRAQWKATAPDLVEVTAFGQTHRVPRRLVKAVRLGVIDPSRI,57,50s ribosomal protein l32, ,Derived by automated computational analysis using gene prediction method: Protein Homology.,OG0000060,Soft core,group_2302,Soft core,Soft core,Soft core
GCF_029958325.1,QIE55_RS22665,MARNEIRPIVKLKSTAGTGYTYVTRKNRRNDPDRLVLKKYDPVVRKHVDFREEK,54,50s ribosomal protein l33, ,Derived by automated computational analysis using gene prediction method: Protein Homology.,OG0000047,Conserved,group_2199,Soft core,Soft core,Soft core
GCF_029958325.1,QIE55_RS23330,MGFLDNVKGLVEKGQELAAENSDKVHDAIDKVADIADDKTGNKYGDQIDKAAEVAKKAVPEKQ,63,antitoxin, ,Derived by automated computational analysis using gene prediction method: Protein Homology.,OG0000010,Conserved,group_425,Soft core,Soft core,Soft core
GCF_029958325.1,QIE55_RS23860,MANNSKQHYVDPGWPETADGDHAVTELSSTRAGGLSPFGEDTTFPVPVESLPYVHPHTVINR,62,hypothetical protein, ,Derived by automated computational analysis using gene prediction method: Protein Homology.,OG0000048,Conserved,group_501,Soft core,Soft core,Soft core
GCF_029958325.1,QIE55_RS23870,MADKAPGKNMKKPAQSIKERRAEKRAKTTESSEFIRKRKRS,41,hypothetical protein, ,Derived by automated computational analysis using gene prediction method: Protein Homology.,OG0000004,Core,group_2142,Soft core,Soft core,Soft core
GCF_029958325.1,QIE55_RS24805,MGRGRAKAKQTKVARELKYSVPTTDFDSLQRELAGGSTNSHRSSVRSDQTSDREGHAREDDYDDWRR,67,duf3073 domain-containing protein, ,Derived by automated computational analysis using gene prediction method: Protein Homology.,OG0000049,Conserved,group_133,Soft core,Soft core,Soft core
GCF_029958325.1,QIE55_RS24985,MRNNLQELRTAAGLSQQACADALGITRQTVISIEKGHFDPRLSLAFRIAEYFDKRVDDVFSS,62,helix-turn-helix transcriptional regulator, ,Derived by automated computational analysis using gene prediction method: Protein Homology.,OG0000105,Soft core,group_502,Soft core,Soft core,Soft core
GCF_029958325.1,QIE55_RS25120,MTSPMKTRKLTRARSGAMFGGVCAGIARYFGWKSSTVRLLFVLSCLLPGPQFLIYIVMWIFIPREQI,67,pspc domain-containing protein, ,Derived by automated computational analysis using gene prediction method: Protein Homology.,OG0000106,Soft core,group_134,Soft core,Soft core,Soft core
GCF_029958325.1,QIE55_RS26460,MSDWEKKFEAEAKGLLAEVEEELTVLEGVDTIDPFGEDDPDPVAGDDPSAGNDDTKPASD,60,hypothetical protein, ,Derived by automated computational analysis using gene prediction method: Protein Homology.,OG0000090,Soft core,group_2192,Soft core,Soft core,Soft core
GCF_029958325.1,QIE55_RS27050,MAQGIVKWFNGEKGFGFIAPDDGTPDVFVHYSEISGNGYKSLDENQRVEFEVGQGQKGPQATNVRAV,67,cold-shock protein, ,Derived by automated computational analysis using gene prediction method: Protein Homology.,OG0000003,Conserved,group_1991,Soft core,Soft core,Soft core
GCF_029958325.1,QIE55_RS27210,MGSINAFNEWVNQATYAGDPFATAIAIVQFFAVSLVNLFTGGPIL,45,hypothetical protein, ,Derived by automated computational analysis using gene prediction method: GeneMarkS-2+.,OG0000137,Shell,group_2383,Shell,Shell,Shell
GCF_029958325.1,QIE55_RS27235,MKKTEITPIGCIHRWEVESRHRTSEGTVTYLRCHCGSWQTLLAEWMSGGAASAVAAPIKVRSR,63,hypothetical protein, ,Derived by automated computational analysis using gene prediction method: Protein Homology.,OG0000116,Soft core,group_2290,Soft core,Soft core,Soft core
GCF_029958325.1,QIE55_RS27275,MPTVIRTVHDLVRHARGPSHHHHHQSVHEARRMRAHHILVTHSLA,45,hypothetical protein, ,Derived by automated computational analysis using gene prediction method: GeneMarkS-2+.,OG0000112,Soft core,group_2176,Soft core,Soft core,Soft core
GCF_029958325.1,QIE55_RS27480,MVGTPVIVTIVSVCVGFVIFMLGASGARGKWDRRLVIALFVGAVVCLTVVPVSVALSAGV,60,hypothetical protein, ,Derived by automated computational analysis using gene prediction method: Protein Homology.,OG0000091,Soft core,group_2382,Soft core,Soft core,Soft core
GCF_029958325.1,QIE55_RS28080,MTEPDPGTVETDFPKTGAPAQRALTGAGYTHLAQLTSVSEKELGALHGMGPKALRILREALAERGLSFAD,70,dna-binding protein, ,Derived by automated computational analysis using gene prediction method: Protein Homology.,OG0000050,Conserved,,,Soft core,Soft core
GCF_029958325.1,QIE55_RS28525,MTIAQVRIGDADIEILGVSADPVRIGDVVSVVPRSAGTEDSLFTTYGFEKESRDA,55,hypothetical protein, ,Derived by automated computational analysis using gene prediction method: GeneMarkS-2+.,OG0000476,Cloud,group_1014,Cloud,Cloud,Cloud
GCF_029958325.1,QIE55_RS28690,MNSSDLGSVSALLPMMLTAFKSIITMPVALSVDFGLDVPFNPFK,44,hypothetical protein, ,Derived by automated computational analysis using gene prediction method: GeneMarkS-2+.,OG0000186,Shell,"group_2240, group_2414", Cloud,Shell,Shell
GCF_029958325.1,QIE55_RS28790,MNAPTRYQFLIDGEVSDRVKAAFPELSVASAAGGFTSLYGPVADHTAMRSIMARLDSLGLTVAELRRLPD,70,hypothetical protein, ,Derived by automated computational analysis using gene prediction method: Protein Homology.,OG0000092,Soft core,,,Shell,Shell
GCF_029958325.1,QIE55_RS29050,MSVVLISLLVAAGLTVLATSDGAGLDFGSRQLNRQLKTRTHR,42,hypothetical protein, ,Derived by automated computational analysis using gene prediction method: GeneMarkS-2+.,OG0000107,Soft core,group_1760,Soft core,Shell,Soft core
GCF_029958325.1,QIE55_RS29180,MISKGCPIESRQIPGSSAALAVDQVLVAADLLQFGKCGTWTVSESAGIGRPRRAHCRSGVV,61,hypothetical protein, ,Derived by automated computational analysis using gene prediction method: GeneMarkS-2+.,OG0000953,Cloud,,,,Probably not conserved
GCF_029958325.1,QIE55_RS29185,MSEARAQVLLRALAIAVQESRMVTDAGGSKTKNADRSLGS,40,hypothetical protein, ,Derived by automated computational analysis using gene prediction method: GeneMarkS-2+.,OG0000954,Cloud,,,,Probably not conserved
GCF_029958325.1,QIE55_RS29215,MTNPIQTGGGPSVGFMAVIALVAACVTIYFALLAGSVPTVVRVLITVIALAISGGALGNTVISLVRRSA,69,hypothetical protein, ,Derived by automated computational analysis using gene prediction method: GeneMarkS-2+.,OG0000955,Cloud,,,,Probably not conserved
GCF_029958325.1,QIE55_RS29300,MNSTQLAGYRKIELQVRAGNSRAIGLYRSIGFERTGRVDKHPLGGDAMVTFARALP,56,hypothetical protein, ,Derived by automated computational analysis using gene prediction method: GeneMarkS-2+.,OG0002305,,,,,Probably not conserved
GCF_029958325.1,QIE55_RS29325,MAARRQNPDDYGPYLEAMGHGMPPHGGFAIGLERWVARLLEHPIRHPVPSGYPSDFSLRKLSN,63,amino acid--trna ligase-related protein, ,Derived by automated computational analysis using gene prediction method: Protein Homology.,OG0002306,,,,,Probably not conserved
GCF_029958325.1,QIE55_RS29385,MNYWWPEDNRWCAATGYDEVETIIAAASLELLREIDEGPRLETIILKS,48,hypothetical protein, ,Derived by automated computational analysis using gene prediction method: GeneMarkS-2+.,OG0002307,,,,,Probably not conserved
GCF_029958325.1,QIE55_RS29445,MFLVATGIQFAVARAQIRTIFIGGATSTALSMLALYGAVQSDAAALSDHANQVRSGVSINRSFRLEQQ,68,hypothetical protein, ,Derived by automated computational analysis using gene prediction method: GeneMarkS-2+.,OG0002308,,,,,Probably not conserved
GCF_029958325.1,QIE55_RS29580,MQDVRRGMSDLDLVEERERLESLDEMSRCEEMRLGIVLDELACR,44,hypothetical protein, ,Derived by automated computational analysis using gene prediction method: GeneMarkS-2+.,OG0000238,Shell,,,,Probably not conserved
GCF_029958325.1,QIE55_RS29590,MPFIASNGPRPSQTSSTTNNPLAGLAWPANTDKKVDQSMVVNISMPQPAVTDVDPREAGKVLSYGAGIR,69,hypothetical protein, ,Derived by automated computational analysis using gene prediction method: GeneMarkS-2+.,OG0002309,,,,,Probably not conserved
GCF_029958325.1,QIE55_RS29615,MQQGDHVRIGTEGVSVFTIVSVDEDAHSAIIESTADAPGKYPFPAKLDNLAPVV,54,hypothetical protein, ,Derived by automated computational analysis using gene prediction method: Protein Homology.,OG0000072,Soft core,,,,Probably not conserved
GCF_029958325.1,QIE55_RS29635,MKHLALDEIQITPQAEPAPARSSEVLAFIAREGRKLQINHLICAAYATRRVNGVEDSRSTPKVRRAR,67,hypothetical protein, ,Derived by automated computational analysis using gene prediction method: GeneMarkS-2+.,OG0000492,Cloud,,,,Probably not conserved
GCF_029958325.1,QIE55_RS29785,MTVLEVDRPENFDRRRKGKGDDLDAINAALAVKSTRHTTILKSKFDAVESLRVLRVTHAHAV,62,hypothetical protein, ,Derived by automated computational analysis using gene prediction method: GeneMarkS-2+.,OG0000956,Cloud,,,,Probably not conserved
GCF_029958325.1,QIE55_RS29805,MLNSAGWIGHNGSLPGYKTVSVYPPAKDTTLFVFINTDIDGQTDLTSALMAPITTLISPDNVYG,64,hypothetical protein, ,Derived by automated computational analysis using gene prediction method: GeneMarkS-2+.,OG0000957,Cloud,,,,Probably not conserved
GCF_029958325.1,QIE55_RS29860,MKYSAAPTRHTFPRTRFPLSSSVDLYLVFFSLSDGPIDGDVSTSVRLGSLKYSL,54,hypothetical protein, ,Derived by automated computational analysis using gene prediction method: GeneMarkS-2+.,OG0000598,Cloud,group_2227,Cloud,,Cloud
GCF_029958325.1,QIE55_RS29875,MTHNTRIKPSTKDRLRRGVDKLRYETGDREISEASMTEAALDEYLKARGL,50,hypothetical protein, ,Derived by automated computational analysis using gene prediction method: Protein Homology.,OG0000212,Shell,group_2308,Shell,,Shell
GCF_029958325.1,QIE55_RS29885,MPIPRAMSTRLARLTEDSLTLARAAIVDFAAETPRPVWDSAKCA,44,hypothetical protein, ,Derived by automated computational analysis using gene prediction method: GeneMarkS-2+.,OG0000629,Cloud,group_1682,Cloud,,Cloud
GCF_029958325.1,QIE55_RS29900,MMLLFRERAATTVTIAALIAGAVASSWIYLNGIFFPTTSPVSATSYVALTTITPALPPVT,60,hypothetical protein, ,Derived by automated computational analysis using gene prediction method: GeneMarkS-2+.,OG0000351,Cloud,group_2257,Cloud,,Cloud
GCF_029958325.1,QIE55_RS29910,MNSSDLGSVSALLPMMLTAFKSIITMPVALSVDFGLDVPFNPFK,44,hypothetical protein, ,Derived by automated computational analysis using gene prediction method: GeneMarkS-2+.,OG0000186,Shell,"group_2240, group_2414", Cloud,,Shell
GCF_029958325.1,QIE55_RS29915,MFDMLVDAGTREGLPPAFGVSNLDYCVYKIQPMSSATDTLAVAHGRIGELHTASRQPYGS,60,hypothetical protein, ,Derived by automated computational analysis using gene prediction method: GeneMarkS-2+.,OG0000605,Cloud,group_2016,Cloud,,Cloud
GCF_029958325.1,QIE55_RS29940,MIPSSTGKPVRPMLAALGHPPTGECSAFESKWDGVRAIATTGTKLPALWSRNGNN,55,hypothetical protein, ,Derived by automated computational analysis using gene prediction method: GeneMarkS-2+.,OG0000295,Cloud,,,,Probably not conserved
GCF_029958325.1,QIE55_RS30090,MSIVDRYWDAESLLGGGLAVVVLSAVNGLPSLVVAALRNAKRNRADVVGAKTPSCQPHS,59,hypothetical protein, ,Derived by automated computational analysis using gene prediction method: GeneMarkS-2+.,OG0000958,Cloud,,,,Probably not conserved
GCF_029958325.1,QIE55_RS30145,MISKGCPIESRQIPGSSAALAVDQVLVAADLLQFGKCGTWTVSESAGIGRPRRAHCRSGVV,61,hypothetical protein, ,Derived by automated computational analysis using gene prediction method: GeneMarkS-2+.,OG0000953,Cloud,,,,Probably not conserved
GCF_029958325.1,QIE55_RS30150,MSEARAQVLLRALAIAVQESRMVTDAGGSKTKNADRSLGS,40,hypothetical protein, ,Derived by automated computational analysis using gene prediction method: GeneMarkS-2+.,OG0000954,Cloud,,,,Probably not conserved
GCF_029958325.1,QIE55_RS30180,MTNPIQTGGGPSVGFMAVIALVAACVTIYFALLAGSVPTVVRVLITVIALAISGGALGNTVISLVRRSA,69,hypothetical protein, ,Derived by automated computational analysis using gene prediction method: GeneMarkS-2+.,OG0000955,Cloud,,,,Probably not conserved
GCF_029958325.1,QIE55_RS30310,MTVLEVDRPENFDRRRKGKGDDLDAINAALAVKSTRHTTILKSKFDAVESLRVLRVTHAHAV,62,hypothetical protein, ,Derived by automated computational analysis using gene prediction method: GeneMarkS-2+.,OG0000956,Cloud,,,,Probably not conserved
GCF_029958325.1,QIE55_RS30330,MLNSAGWIGHNGSLPGYKTVSVYPPAKDTTLFVFINTDIDGQTDLTSALMAPITTLISPDNVYG,64,hypothetical protein, ,Derived by automated computational analysis using gene prediction method: GeneMarkS-2+.,OG0000957,Cloud,,,,Probably not conserved
GCF_029958325.1,QIE55_RS30375,MTTKFTISLPDEDAHLLDEYVRDHGLRGRSAGIRAALRLLSTSGLERDYAAAFAEGDVDEVWDAVTADTE,70,ribbon-helix-helix domain-containing protein, ,Derived by automated computational analysis using gene prediction method: Protein Homology.,OG0000213,Shell,,,,Probably not conserved
GCF_029958325.1,QIE55_RS30405,MSIVDRYWDAESLLGGGLAVVVLSAVNGLPSLVVAALRNAKRNRADVVGAKTPSCQPHS,59,hypothetical protein, ,Derived by automated computational analysis using gene prediction method: GeneMarkS-2+.,OG0000958,Cloud,,,,Probably not conserved
GCF_029958325.1,QIE55_RS30555,MIPSSTGKPVRPMLAALGHPPTGECSAFESKWDGVRAIATTGTKLPALWSRNGNN,55,hypothetical protein, ,Derived by automated computational analysis using gene prediction method: GeneMarkS-2+.,OG0000295,Cloud,,,,Probably not conserved
GCF_029958325.1,QIE55_RS30580,MFDMLVDAGTREGLPPAFGVSNLDYCVYKIQPMSSATDTLAVAHGRIGELHTASRQPYGS,60,hypothetical protein, ,Derived by automated computational analysis using gene prediction method: GeneMarkS-2+.,OG0000605,Cloud,group_2016,Cloud,,Cloud
GCF_029958325.1,QIE55_RS30585,MNSSDLGSVSALLPMMLTAFKSIITMPVALSVDFGLDVPFNPFK,44,hypothetical protein, ,Derived by automated computational analysis using gene prediction method: GeneMarkS-2+.,OG0000186,Shell,"group_2240, group_2414", Cloud,,Shell
GCF_029958325.1,QIE55_RS30880,MSDDEHDAWQMHIGGESWDEIGIEMGCSVAAAQSLASAYERRTDAAAQNDQCTLF,55,hypothetical protein, ,Derived by automated computational analysis using gene prediction method: Protein Homology.,OG0000063,Soft core,,,Cloud,Cloud
GCF_029958325.1,QIE55_RS30940,MTKRTELLKEIRAFAKEAGLEIDETEGGNHTKVVVGGRRTVVARHSEIPELTAKAIRKQLGMTEARKGKK,70,toxin hica, ,Derived by automated computational analysis using gene prediction method: Protein Homology.,OG0000484,Cloud,,,,Probably not conserved
GCF_029958325.1,QIE55_RS30945,MKKTKPGRRVAEAQVSLAGWGPTIRYLLLQLSPHAQCAVVMSAFGGATAAAMGVVDGLQLLVGLMW,66,hypothetical protein, ,Derived by automated computational analysis using gene prediction method: GeneMarkS-2+.,OG0002310,,,,,Probably not conserved
GCF_029958325.1,QIE55_RS30965,MDEIAQPDQVQAWSPAPDKGQAGTVMLEGGQWAYRYKEGAEPIIMKMPERPAAT,54,hypothetical protein, ,Derived by automated computational analysis using gene prediction method: Protein Homology.,OG0000119,Shell,,,Cloud,Cloud
GCF_030656675.1,Q5707_RS01100,MLLDLVRPAEAEQPLPAVVWIHGGGWRLQDQTACPDLVQHFAEHGYVMVSIDYRLVPETRHLGPAQR,67,alpha/beta hydrolase fold domain-containing protein, ,Derived by automated computational analysis using gene prediction method: Protein Homology.,OG0000486,Cloud,group_148,Cloud,Cloud,Cloud
GCF_030656675.1,Q5707_RS01110,MSDRDASIFESERELDEESVRKAQRTVAHHSIDAEDCRMLLAALGIPLVRDLDNESVSGAAGAESL,66,hypothetical protein, ,Derived by automated computational analysis using gene prediction method: Protein Homology.,OG0000170,Shell,group_2353,Shell,Shell,Shell
GCF_030656675.1,Q5707_RS01295,MNSHTAAPDTLDLVHGLWMTPHSWKGAWLTRSSICSTNLSNAER,44,hypothetical protein, ,Derived by automated computational analysis using gene prediction method: GeneMarkS-2+.,OG0000332,Cloud,group_2286,Cloud,Cloud,Cloud
GCF_030656675.1,Q5707_RS01515,MSLYLQPRQSGTAPTPYERKLAGAIEEVFGTGVHHLEGLVKGLNALGIHSPGGDAWTTDTFTDEIRRMGA,70,hypothetical protein, ,Derived by automated computational analysis using gene prediction method: Protein Homology.,OG0000171,Shell,,,Shell,Shell
GCF_030656675.1,Q5707_RS01815,MFVCICKAVTEDEVHEHCAAGADSADAIGERCGAGWGCGTCVDRLKEILERSAADSVAA,59,(2fe-2s)-binding protein, ,Derived by automated computational analysis using gene prediction method: Protein Homology.,OG0000150,Shell,group_2172,Shell,Shell,Shell
GCF_030656675.1,Q5707_RS02335,MGIADKASNKAEDLKGQAKEATGKATGDPDLRDEGKADQASSAVKDAGEKVKDAAKNVKDKLT,63,csbd family protein, ,Derived by automated computational analysis using gene prediction method: Protein Homology.,OG0000011,Conserved,group_2411,Conserved,Shell,Shell
GCF_030656675.1,Q5707_RS02740,MAKYRVIDPQGSVVETKEIPSAGDAHAWFVDVRADNSELGWRMEVDEDGTWAFFDDTEGATEK,63,hypothetical protein, ,Derived by automated computational analysis using gene prediction method: Protein Homology.,OG0000066,Soft core,group_2173,Shell,Shell,Shell
GCF_030656675.1,Q5707_RS03135,MSELTSWEYATVPLLTHATKQILDQWGTDGWELVTVLPGPTGEQHVAYLKRPKG,54,duf4177 domain-containing protein, ,Derived by automated computational analysis using gene prediction method: Protein Homology.,OG0000012,Conserved,group_2273,Conserved,Shell,Shell
GCF_030656675.1,Q5707_RS03300,MAQGTVKWFNAEKGFGFIAPEDGSADVFVHYSEIQGSGFRTLEENQRVEFEVGQGTKGPQATGVRAV,67,cold-shock protein, ,Derived by automated computational analysis using gene prediction method: Protein Homology.,OG0000013,Conserved,group_128,Conserved,Shell,Shell
GCF_030656675.1,Q5707_RS03335,MAMQVFSLIAILGALIVLIPTALRVFGKSDNVKAPDETEE,40,hypothetical protein, ,Derived by automated computational analysis using gene prediction method: Protein Homology.,OG0000172,Shell,group_2042,Shell,Shell,Shell
GCF_030656675.1,Q5707_RS03340,MSDSLKDRVREKLLRQLAEDGGHPVQEAEGDDPRLVSIDADLAALEQASDGDVVIEELAAKYWVP,65,hypothetical protein, ,Derived by automated computational analysis using gene prediction method: Protein Homology.,OG0000014,Conserved,group_2342,Conserved,Soft core,Soft core
GCF_030656675.1,Q5707_RS03700,MVYVSSPSKSVESLGIVLIAVGVVLLALLTLYLVGFDQGAISRSGMYLHELMHDGRHLLGVPCH,64,cbtb domain-containing protein, ,Derived by automated computational analysis using gene prediction method: Protein Homology.,OG0000173,Shell,group_2252,Shell,Shell,Shell
GCF_030656675.1,Q5707_RS03725,MALAYAPGSSVDTTRLAVISFAIVLFAMLALYLVGFDQGAISRSGMYMHELMHDGRHLLGLPCH,64,cbtb domain-containing protein, ,Derived by automated computational analysis using gene prediction method: Protein Homology.,OG0000008,Conserved,group_2468,Conserved,Soft core,Soft core
GCF_030656675.1,Q5707_RS03745,MPEKPHQFGRIHRTKLPVRLPHLERQRVDLLVGQLKKPDARVENYPTGSHRLPCP,55,hypothetical protein, ,Derived by automated computational analysis using gene prediction method: GeneMarkS-2+.,OG0000520,Cloud,group_1042,Cloud,Cloud,Cloud
GCF_030656675.1,Q5707_RS04140,MTPNTLTAPSFHSPPPGGASVRDRDGGTARLRLWGSLTEAGRAGLES,47,hypothetical protein, ,Derived by automated computational analysis using gene prediction method: Protein Homology.,OG0000225,Shell,group_2145,Shell,Shell,Shell
GCF_030656675.1,Q5707_RS04915,MAQGVVKWFNSEKGFGFIAPDDGSADVFVHYSEISGSGYKSLEENQRVEFEVGQGQKGPQAQNVRAV,67,cold-shock protein, ,Derived by automated computational analysis using gene prediction method: Protein Homology.,OG0000003,Conserved,group_141,Shell,Shell,Shell
GCF_030656675.1,Q5707_RS05200,MEVRVDFDRCEANGVCVGIAPDIFELDDDDQLHISSAVPPADREEDVRTAIAQCPRAALTEHP,63,ferredoxin, ,Derived by automated computational analysis using gene prediction method: Protein Homology.,OG0000005,Conserved,group_2144,Shell,Shell,Shell
GCF_030656675.1,Q5707_RS05275,MAAKTTAENDIADEDLEPLADETARQAQRVVAAYAEDADECRMLLSMLGIGPTSKLD,57,hypothetical protein, ,Derived by automated computational analysis using gene prediction method: Protein Homology.,OG0000015,Conserved,group_859,Shell,Shell,Shell
GCF_030656675.1,Q5707_RS05335,MQVNSCRSVVLDAVEALPALERETLALVYYRGMSCDEVADTMQISVATVRDRLHEGARRLLAGVGDL,67,sigma factor-like helix-turn-helix dna-binding protein, ,Derived by automated computational analysis using gene prediction method: Protein Homology.,OG0000174,Shell,group_2332,Shell,Shell,Shell
GCF_030656675.1,Q5707_RS05370,MPASSTSHASATTTASRGGATMSTEEIKARIEAMFADEAADTSPALVE,48,hypothetical protein, ,Derived by automated computational analysis using gene prediction method: Protein Homology.,OG0000002,Conserved,group_2311,Shell,Shell,Shell
GCF_030656675.1,Q5707_RS05375,MTTHNPQNAPHDGEVLVLGARSGGAIAGGLIATLALSALTLLSSLPT,47,hypothetical protein, ,Derived by automated computational analysis using gene prediction method: Protein Homology.,OG0000146,Shell,group_2277,Shell,Shell,Shell
GCF_030656675.1,Q5707_RS05415,MTDTTKTIRPFRIDIAQEQLDDLADRLSRTRFGTPLPGDD,40,hypothetical protein, ,Derived by automated computational analysis using gene prediction method: GeneMarkS-2+.,OG0000639,Cloud,group_1899,Cloud,Cloud,Cloud
GCF_030656675.1,Q5707_RS05845,MSSRIATTLAAIAMTLSLGALAAPAAVAAPLAPAPTPAVGSIAVCLNLPLGSASISFCI,59,hypothetical protein, ,Derived by automated computational analysis using gene prediction method: Protein Homology.,OG0000175,Shell,group_2150,Shell,Shell,Shell
GCF_030656675.1,Q5707_RS05965,MGRGRAKAKQTKVARELKYSVPTTDFDSLQRELSGGSSNSHRDEVFADQRADREGHSREDDDDWRR,66,duf3073 domain-containing protein, ,Derived by automated computational analysis using gene prediction method: Protein Homology.,OG0000049,Conserved,group_209,Shell,Shell,Shell
GCF_030656675.1,Q5707_RS06240,MTPKDASGPKTTTTDSGAPGADKDVMSDPAEDDKSSGADWSGEGGATPEGPATDTDTDTED,61,hypothetical protein, ,Derived by automated computational analysis using gene prediction method: Protein Homology.,OG0000020,Core,group_2276,Shell,Shell,Shell
GCF_030656675.1,Q5707_RS06530,MANNSKKQYVDPGWPETADGDSAVTELSSSRAGGLSPFGEDTEFPLPADSLPYAHPHTVINR,62,hypothetical protein, ,Derived by automated computational analysis using gene prediction method: Protein Homology.,OG0000048,Conserved,group_2147,Shell,Shell,Shell
GCF_030656675.1,Q5707_RS06575,MHGQLTGYFGAGGGVGGVLRQLGEEPVAVAGARQIGFGRRVLPQTGRGRSPRQKRRIPQGGGAERIG,67,hypothetical protein, ,Derived by automated computational analysis using gene prediction method: Protein Homology.,OG0000333,Cloud,group_2242,Cloud,Cloud,Cloud
GCF_030656675.1,Q5707_RS06865,MLGIMLGLGGAAIGLGIGVMALGVGLLLSDATIKHDVGELPD,42,hypothetical protein, ,Derived by automated computational analysis using gene prediction method: GeneMarkS-2+.,OG0000176,Shell,group_1761,Shell,Shell,Shell
GCF_030656675.1,Q5707_RS06920,MSFVDTLKGLLGKGREAASQNADKVHGAIDKAADVADSKTGGKYSDKIDKAADAAKKAVPPKE,63,antitoxin, ,Derived by automated computational analysis using gene prediction method: Protein Homology.,OG0000010,Conserved,group_2241,Shell,Shell,Shell
GCF_030656675.1,Q5707_RS07000,MARGDHPQRTPFYGVVLIVVALAAAMIVNRTAPVWVQVPVYVLAVLAAMAGFVMTFRDLS,60,hypothetical protein, ,Derived by automated computational analysis using gene prediction method: Protein Homology.,OG0000209,Shell,group_2174,Shell,Shell,Shell
GCF_030656675.1,Q5707_RS07330,MKANSDRHDQHLPEHQRIADLVDDMEDRLVAEREAKGIAGNASERKQAEQVEPDDQAPE,59,hypothetical protein, ,Derived by automated computational analysis using gene prediction method: Protein Homology.,OG0000177,Shell,group_2271,Shell,Shell,Shell
GCF_030656675.1,Q5707_RS07395,MIVLGIILLVIGLVAGISILTTIGIILLVIGLVLLLLGTTGRAVGGRKYWY,51,duf6131 family protein, ,Derived by automated computational analysis using gene prediction method: Protein Homology.,OG0000193,Shell,group_2133,Shell,Shell,Shell
GCF_030656675.1,Q5707_RS07400,MRIGRLVTLIVIIWLIIGAVAVWQRGYFKDTTADCASAGTIAVTVIAGPLNYAGVNPKIDCEVPQPSQ,68,hypothetical protein, ,Derived by automated computational analysis using gene prediction method: Protein Homology.,OG0000017,Conserved,group_2272,Shell,Shell,Shell
GCF_030656675.1,Q5707_RS07690,MGKFLVPGVVSAVVGVALGTVATLGITAAAQDNTRPEIDRSGNADSSLLNQVEYGSR,57,duf2613 domain-containing protein, ,Derived by automated computational analysis using gene prediction method: Protein Homology.,OG0000016,Conserved,group_860,Shell,Shell,Shell
GCF_030656675.1,Q5707_RS08115,MVVIHAHDHTAESSFGLGILYQQELQIGDEQAEHLNGQWQAALKAARPLWR,51,hypothetical protein, ,Derived by automated computational analysis using gene prediction method: GeneMarkS-2+.,OG0000388,Cloud,group_1244,Cloud,Cloud,Cloud
GCF_030656675.1,Q5707_RS08140,MATRFAFGAATAATVPTAIVTGSALIAAAAGLLVLLAVAVAVAVAVASILI,51,hypothetical protein, ,Derived by automated computational analysis using gene prediction method: GeneMarkS-2+.,OG0002311,,group_2369,Cloud,,Probably not conserved
GCF_030656675.1,Q5707_RS08230,MAEWVPPVTSVGGVGIGVDVPALLFGEMVAVLAYDVGFVAGEAAASGGAAGTG,53,hypothetical protein, ,Derived by automated computational analysis using gene prediction method: GeneMarkS-2+.,OG0002312,,group_1167,Cloud,,Probably not conserved
GCF_030656675.1,Q5707_RS08445,MSVGNRGYARVSSADQNPDHQVDALRRADVEAENVHVDHLVLVRRRWRGG,50,hypothetical protein, ,Derived by automated computational analysis using gene prediction method: GeneMarkS-2+.,OG0000400,Cloud,group_2113,Cloud,Cloud,Cloud
GCF_030656675.1,Q5707_RS08595,MSTALEESRRHAIELTNEKIQAVKDFFTNIFRLDTTHRTEA,41,hypothetical protein, ,Derived by automated computational analysis using gene prediction method: GeneMarkS-2+.,OG0000178,Shell,group_2433,Shell,Shell,Shell
GCF_030656675.1,Q5707_RS08995,MRTWSDEEGWGVIDSEATPGGAWAHFSNVAGSGFRSLTPGLQVTFEPVTMVDGTQDGYHYRALDVRRVE,69,cold shock domain-containing protein, ,Derived by automated computational analysis using gene prediction method: Protein Homology.,OG0000863,Cloud,group_2403,Cloud,,Cloud
GCF_030656675.1,Q5707_RS09160,MFDEHGEPLDPAVSSSAVKNMLDQIEWWGTTLRDARAVRPNAA,43,hypothetical protein, ,Derived by automated computational analysis using gene prediction method: GeneMarkS-2+.,OG0002313,,group_1756,Cloud,,Probably not conserved
GCF_030656675.1,Q5707_RS09295,MIMHVTETPTPTVSRTMWTTEEIKARLEEMNIPRSRTRRGPRWGNRDR,48,hypothetical protein, ,Derived by automated computational analysis using gene prediction method: Protein Homology.,OG0000179,Shell,group_2404,Shell,Shell,Shell
GCF_030656675.1,Q5707_RS09415,MASEGAVGVGWELGVMGLYLHASIAFGAPEDTATAAGVRTTAFYTGADTGAG,52,hypothetical protein, ,Derived by automated computational analysis using gene prediction method: GeneMarkS-2+.,OG0000302,Cloud,group_2213,Cloud,Cloud,Cloud
GCF_030656675.1,Q5707_RS09585,MTTLITLACMLLLAAAVAHYGPKEGGTGVFRLEQFRIGAPLGGIFTDQPSSPEDPDWPGSGDQRAGGGSS,70,hypothetical protein, ,Derived by automated computational analysis using gene prediction method: Protein Homology.,OG0000194,Shell,,,Shell,Shell
GCF_030656675.1,Q5707_RS09890,MAARNEIRPIVKLKSTAGTGYTYVTRKNRRNDPDRLVMKKYDPVVRKHVDFREEK,55,50s ribosomal protein l33, ,Derived by automated computational analysis using gene prediction method: Protein Homology.,OG0000047,Conserved,group_2305,Shell,Shell,Shell
GCF_030656675.1,Q5707_RS09910,MAVPKRRMSRSNTRSRRSQWKAQAPDLVEVTVGGATHRVPRRLVKAVKLGLVDPAGK,57,50s ribosomal protein l32, ,Derived by automated computational analysis using gene prediction method: Protein Homology.,OG0000060,Soft core,group_2234,Shell,Soft core,Soft core
GCF_030656675.1,Q5707_RS09940,MSRSDEPDSPSETDEQAVPSRAPIDRARLERIFGDVFPDTTADEREPGEGPAAAAGDEWLRRQRPPHHG,69,hypothetical protein, ,Derived by automated computational analysis using gene prediction method: Protein Homology.,OG0000089,Soft core,group_47,Cloud,Soft core,Cloud
GCF_030656675.1,Q5707_RS10035,MSDAELRKAIRVLRERADDARHRGNDDDANGIERTIRTYQEEMTQRL,47,hypothetical protein, ,Derived by automated computational analysis using gene prediction method: Protein Homology.,OG0000059,Core,group_1481,Shell,Soft core,Shell
GCF_030656675.1,Q5707_RS10190,MAEGIVKWFNSEKGFGFIAPEDGSADVFVHYSEIQSGGFRTLEENQRVSFEIGQGNKGPQATGVTLI,67,cold-shock protein, ,Derived by automated computational analysis using gene prediction method: Protein Homology.,OG0000046,Conserved,group_2233,Shell,Soft core,Shell
GCF_030656675.1,Q5707_RS10290,MDFAELAEDIAHEAEQALFLARQIKQIDERVANLYADADRPASLPLLPAWGR,52,hypothetical protein, ,Derived by automated computational analysis using gene prediction method: GeneMarkS-2+.,OG0002314,,group_1226,Cloud,,Probably not conserved
GCF_030656675.1,Q5707_RS10425,MREHAANQAHDRYQPVFDRTVERQTAGTDIQRSPEDRCTAIPAPPAEHKPVDWKYRKTTEI,61,hypothetical protein, ,Derived by automated computational analysis using gene prediction method: GeneMarkS-2+.,OG0002315,,group_660,Cloud,,Probably not conserved
GCF_030656675.1,Q5707_RS10980,MSEDRRISRLLPVRRVLAAAGIAGLVAGGGMAAAADPATPDSAVAAPLVSAGFGAPDAVSSGS,63,hypothetical protein, ,Derived by automated computational analysis using gene prediction method: Protein Homology.,OG0000180,Shell,group_2175,Shell,Shell,Shell
GCF_030656675.1,Q5707_RS11120,MRAVRTAWWWTGSLMGDHDYSRYVEHLRRNHPDAEVPTEREYWKARYADADANPGARCC,59,ybdd/yjix family protein, ,Derived by automated computational analysis using gene prediction method: Protein Homology.,OG0000045,Conserved,group_2289,Shell,Core,Shell
GCF_030656675.1,Q5707_RS11195,MAEPVKGPASYFPSIEEKYGRPISEWQTLIRSSELTKHMELVSWLKSEHGLGHGHANALVAYTLKEDAAG,70,duf4287 domain-containing protein, ,Derived by automated computational analysis using gene prediction method: Protein Homology.,OG0000027,Conserved,,,Shell,Shell
GCF_030656675.1,Q5707_RS11250,MDLAFLSEFFSAFSDLAGALDFFSGSADALGGGADAATAAAATIG,45,hypothetical protein, ,Derived by automated computational analysis using gene prediction method: Protein Homology.,OG0000181,Shell,group_2197,Shell,Shell,Shell
GCF_030656675.1,Q5707_RS11400,MKASKVSGLKPKKKCCRSKTRCIKCPVVIMRMKKLENEGASKKELKKGLKKARAA,55,hypothetical protein, ,Derived by automated computational analysis using gene prediction method: GeneMarkS-2+.,OG0000044,Conserved,group_2219,Shell,Soft core,Shell
GCF_030656675.1,Q5707_RS11420,MYNWDVQNAIVAFVETLRPSWPAQHDLYYSVLYGFADMQSHLLTLLGYPPVA,52,hypothetical protein, ,Derived by automated computational analysis using gene prediction method: Protein Homology.,OG0000058,Core,group_1177,Shell,Shell,Shell
GCF_030656675.1,Q5707_RS11460,MTSFDAADSPEVPEADRLEQELAVDDDSSDEVEEVSSLEVNEADVAEQSRAVPVDEDYPRE,61,hypothetical protein, ,Derived by automated computational analysis using gene prediction method: Protein Homology.,OG0000057,Core,group_2212,Shell,Shell,Shell
GCF_030656675.1,Q5707_RS11505,MPILLLHAVIAGFSVVSGWLSAPLKRPVAALAHSYAVMRWSALIAVEDAAEHR,53,hypothetical protein, ,Derived by automated computational analysis using gene prediction method: Protein Homology.,OG0000251,Shell,group_1124,Cloud,Cloud,Cloud
GCF_030656675.1,Q5707_RS11715,MAAMKPRTGDGPLEATKEGRGIVMRVPLEGGGRLVVELTPEEAAALGEELKGVTS,55,duf3117 domain-containing protein, ,Derived by automated computational analysis using gene prediction method: Protein Homology.,OG0000043,Conserved,group_1006,Shell,Shell,Shell
GCF_030656675.1,Q5707_RS12200,MTVGRGFGLGGTAAKATTAAAKADDAAAPARNLRILWVIGYSFESGGPA,49,hypothetical protein, ,Derived by automated computational analysis using gene prediction method: GeneMarkS-2+.,OG0000914,Cloud,group_1396,Cloud,Cloud,Cloud
GCF_030656675.1,Q5707_RS12220,MSDRDNNVLENDLVEESLVEEVSIDGMCGVY,31,mycofactocin precursor mfta, ,"Mycofactocin is a small molecule electron carrier derived from the final two amino acids, Val-Tyr, of MftA, the mycofactocin precursor. It plays a role in redox homeostasis and the metabolism of alcohols and aldehydes in Actinobacteria, including Mycobacterium tuberculosis; Derived by automated computational analysis using gene prediction method: Protein Homology.",OG0000009,Conserved,group_2326,Conserved,Shell,Shell
GCF_030656675.1,Q5707_RS12605,MAKKALVNKANKKPKFAVRAYTRCQRCGRPHSVFRKFGLCRICVREMAHAGELPGVHKSSW,61,type z 30s ribosomal protein s14, ,Derived by automated computational analysis using gene prediction method: Protein Homology.,OG0000028,Conserved,group_2294,Conserved,Shell,Shell
GCF_030656675.1,Q5707_RS12630,MAELKVTQIKSTIGTKQNQKNSLRTLGLKGIRQTVVREDNAQNRGLINVVRHLVTVEEV,59,50s ribosomal protein l30, ,Derived by automated computational analysis using gene prediction method: Protein Homology.,OG0000029,Conserved,rpmD,Conserved,Soft core,Soft core
GCF_030656675.1,Q5707_RS12665,MKVQPSVKKICEKCKVIRRNGRVMVICENLRHKQRQG,37,50s ribosomal protein l36, ,Derived by automated computational analysis using gene prediction method: Protein Homology.,OG0000030,Conserved,rpmJ,Conserved,Soft core,Soft core
GCF_030656675.1,Q5707_RS12785,MRADLEMFRERIDERKARDEEAAANRSGRGRTESAAAPPAAAQPRTLDDDEFYRPRSWLV,60,hypothetical protein, ,Derived by automated computational analysis using gene prediction method: Protein Homology.,OG0000263,Shell,group_2245,Shell,Shell,Shell
GCF_030656675.1,Q5707_RS13295,MFKLIRAVALALLAVGAYVVVSEHEPATVELPSPSFAPATAKLTTV,46,hypothetical protein, ,Derived by automated computational analysis using gene prediction method: GeneMarkS-2+.,OG0000220,Shell,group_2379,Shell,Shell,Shell
GCF_030656675.1,Q5707_RS13785,MLVIGILLTLSLASVAWLCVSTAHGGRSGLAGPPRSHLHSD,41,hypothetical protein, ,Derived by automated computational analysis using gene prediction method: GeneMarkS-2+.,OG0000182,Shell,group_2124,Shell,Shell,Shell
GCF_030656675.1,Q5707_RS14015,MTFTVTHRSFDQLAEFAVTDFGDDDSYSIHESGALVIVRAARELIYAPGSWFLVEREDGQEDGSPGNYM,69,hypothetical protein, ,Derived by automated computational analysis using gene prediction method: GeneMarkS-2+.,OG0000151,Shell,group_2,Shell,Shell,Shell
GCF_030656675.1,Q5707_RS14400,MTDASNEDTKKKFREALERKNHQAGLSTDHKDGHSKAHEAHGPADHKREFRRKTG,55,duf5302 domain-containing protein, ,Derived by automated computational analysis using gene prediction method: Protein Homology.,OG0000031,Conserved,group_2470,Core,Soft core,Soft core
GCF_030656675.1,Q5707_RS14490,MAAVCDVCAKGPGFGKSVSHSHRRTNRRWNPNIQTVRAEVAPGNTRKVNVCTSCLKAGKVARG,63,50s ribosomal protein l28, ,Derived by automated computational analysis using gene prediction method: Protein Homology.,OG0000032,Conserved,rpmB,Conserved,Soft core,Soft core
GCF_030656675.1,Q5707_RS14530,MAVPKRRMSRSNTRSRRSQWKTTVPTLVTCPNRGCGEKTLPHVACPSCGTYKGRQVTAAV,60,50s ribosomal protein l32, ,Derived by automated computational analysis using gene prediction method: Protein Homology.,OG0000033,Conserved,group_2479,Conserved,Soft core,Soft core
GCF_030656675.1,Q5707_RS15040,MRGTLDARRQRAEAAECSALDEQYRCASRERLAIARKLHDVLAHSL,46,hypothetical protein, ,Derived by automated computational analysis using gene prediction method: Protein Homology.,OG0000345,Cloud,group_2188,Cloud,Cloud,Cloud
GCF_030656675.1,Q5707_RS15160,MIAWQGVAETLPQSLAACASGRELRASGYPQDVAIAAEVDRSTAVPVLEDRVFRTASQ,58,hypothetical protein, ,Derived by automated computational analysis using gene prediction method: GeneMarkS-2+.,OG0000487,Cloud,group_820,Cloud,Cloud,Cloud
GCF_030656675.1,Q5707_RS15165,MPSSKLMVDPFGEGSTNLRGAAVRRIVFGDKLICPIVTRLRPTAFAPGRPQSKRRP,56,hypothetical protein, ,Derived by automated computational analysis using gene prediction method: GeneMarkS-2+.,OG0000334,Cloud,group_2101,Cloud,Cloud,Cloud
GCF_030656675.1,Q5707_RS15215,MRSREAPPLDALIDCIAVARKAGVDELATLDDATALAEAHEVWQLLSLAEYLALVG,56,hypothetical protein, ,Derived by automated computational analysis using gene prediction method: GeneMarkS-2+.,OG0000120,Shell,group_967,Cloud,Cloud,Cloud
GCF_030656675.1,Q5707_RS15220,MRLLRGLLDVVLGILTAILGTVLGIVAAVVWLVGGVLCVTVILLPLGLPVVRLARRLFTLARKLMHLP,68,hypothetical protein, ,Derived by automated computational analysis using gene prediction method: Protein Homology.,OG0000152,Shell,group_2196,Shell,Shell,Shell
GCF_030656675.1,Q5707_RS15400,MFWKIVLAVAAIWIALAVVGALVKGLFWILVVSAVVFGVYLLIKAMSGSGEKSDITRS,58,hypothetical protein, ,Derived by automated computational analysis using gene prediction method: Protein Homology.,OG0000034,Conserved,group_808,Shell,Shell,Shell
GCF_030656675.1,Q5707_RS15425,MRLTEFHQLVREEFGQMRGDALLVDHVLLSLGGKTAAEAIEDGREPREVWRELCVEFDVPPQRR,64,duf3046 domain-containing protein, ,Derived by automated computational analysis using gene prediction method: Protein Homology.,OG0000035,Conserved,group_2481,Conserved,Shell,Shell
GCF_030656675.1,Q5707_RS15705,MPGTLTSPPLTAADRCDRCGAGARVRAVLPTGGELLFCGHHANEHADRLREMNATIVSEAEAAI,64,hypothetical protein, ,Derived by automated computational analysis using gene prediction method: Protein Homology.,OG0000036,Conserved,group_2483,Conserved,Shell,Shell
GCF_030656675.1,Q5707_RS16245,MYESYRGADAHAILDALDKEYHLDTPWFTPARWLEGHGVDF,41,hypothetical protein, ,Derived by automated computational analysis using gene prediction method: GeneMarkS-2+.,OG0000278,Shell,group_2313,Shell,Cloud,Shell
GCF_030656675.1,Q5707_RS16330,MLASIAAQCADRDMIRYLLDGGPYIVSTLRGLRDDQLHGLWRPEWTPVPSALLDALSATKGPTLI,65,hypothetical protein, ,Derived by automated computational analysis using gene prediction method: GeneMarkS-2+.,OG0000335,Cloud,group_2243,Cloud,Cloud,Cloud
GCF_030656675.1,Q5707_RS16415,MTLSRASSPLGLPSDAAIGRAFLDELLAPLRELRDGLRLDEHDPSTAPIVRCSR,54,hypothetical protein, ,Derived by automated computational analysis using gene prediction method: GeneMarkS-2+.,OG0000303,Cloud,group_2482,Cloud,Cloud,Cloud
GCF_030656675.1,Q5707_RS16590,MQRRVQLTRTTILARAAEQFDRHGYTHAALHEITGVSHATKGGLYFHFRSKRTSPGRRLTSV,62,tetr family transcriptional regulator, ,Derived by automated computational analysis using gene prediction method: Protein Homology.,OG0000409,Cloud,group_564,Cloud,Cloud,Cloud
GCF_030656675.1,Q5707_RS16625,MGGAFVPADYPGTATLNLREASSSGRAEANSPSYSASSSFRHRVTIGQDRTE,52,hypothetical protein, ,Derived by automated computational analysis using gene prediction method: GeneMarkS-2+.,OG0000949,Cloud,group_1227,Cloud,,Cloud
GCF_030656675.1,Q5707_RS16660,MDSFIHLAGDSWNFWSPFPPAVTFWLIDVMGQLSRAGIILGGS,43,hypothetical protein, ,Derived by automated computational analysis using gene prediction method: Protein Homology.,OG0000266,Cloud,group_2107,Cloud,Cloud,Cloud
GCF_030656675.1,Q5707_RS16785,MQRVRYSAVVHRAGSREKRLGQEMPAEYSLFEAVWWMSDEAIRSDRSQRQSGGE,54,hypothetical protein, ,Derived by automated computational analysis using gene prediction method: GeneMarkS-2+.,OG0000403,Cloud,group_2506,Cloud,Cloud,Cloud
GCF_030656675.1,Q5707_RS16810,MVDFERRWYRHRGGPADDIRTGFGLPATTFFRRLEDLLETDPPDTITQSEASEMLRVCRRRLWLNE,66,duf3263 domain-containing protein, ,Derived by automated computational analysis using gene prediction method: Protein Homology.,OG0000196,Shell,group_270,Cloud,,Cloud
GCF_030656675.1,Q5707_RS16820,MRYVPATDIVAQRDTASPRQLCSLAPLPAEAIARLHSDGQRDNLLHRT,48,ribose-phosphate pyrophosphokinase, ,Derived by automated computational analysis using gene prediction method: Protein Homology.,OG0000935,Cloud,group_1458,Cloud,Cloud,Cloud
GCF_030656675.1,Q5707_RS16845,MPKTIIPIVAALWLVLAALAAWSTIAFAFAVASLATVVLGCYLLSSAVTGPRHR,54,hypothetical protein, ,Derived by automated computational analysis using gene prediction method: Protein Homology.,OG0000523,Cloud,group_2509,Cloud,Cloud,Cloud
GCF_030656675.1,Q5707_RS16880,MRQLDLLGSELATADRELAIEAFADPVVRHLMTIPGVDAVVGLSVVAAVGDFGWFASAEKLVA,63,transposase, ,Derived by automated computational analysis using gene prediction method: GeneMarkS-2+.,OG0002316,,group_494,Cloud,,Probably not conserved
GCF_030656675.1,Q5707_RS16940,MTQRLLTVPIVFKSDALPYTAPFHLGGQIGVHLSWTPTLGRWWRILAE,48,hypothetical protein, ,Derived by automated computational analysis using gene prediction method: GeneMarkS-2+.,OG0000336,Cloud,group_2519,Cloud,Cloud,Cloud
GCF_030656675.1,Q5707_RS17640,MDVQVLSFVTNKRYEVDKAARTRGVGWGQEVADSCAAPSRPVCRTIGS,48,hypothetical protein, ,Derived by automated computational analysis using gene prediction method: GeneMarkS-2+.,OG0000772,Cloud,group_1472,Cloud,Cloud,Cloud
GCF_030656675.1,Q5707_RS17770,MSGHPAVVSAVQDTVARDGTSRSASRLLSEEKPVHRELKAELASPLGTEDGSPS,54,hypothetical protein, ,Derived by automated computational analysis using gene prediction method: Protein Homology.,OG0000276,Shell,group_2204,Shell,Cloud,Shell
GCF_030656675.1,Q5707_RS17915,MDLTAIGVGFGYVVVVLTILVVVVGVSALFVFSIKSDFIPPESPGTPTGRKRIGRAE,57,hypothetical protein, ,Derived by automated computational analysis using gene prediction method: Protein Homology.,OG0000195,Shell,group_868,Shell,Cloud,Shell
GCF_030656675.1,Q5707_RS18060,MIILGIILAIIGAVAGIPVLLYVGIALIVIGVVLEIMGMTGHAVAGRRHYY,51,duf6131 family protein, ,Derived by automated computational analysis using gene prediction method: Protein Homology.,OG0000000,Conserved,group_2027,Cloud,Cloud,Cloud
GCF_030656675.1,Q5707_RS18090,MSDGNTGAAGGGAIYALGIFGAWVWFWQQADAFWEYVLAIIQGLFWPAWMVYDVFKVLAG,60,hypothetical protein, ,Derived by automated computational analysis using gene prediction method: Protein Homology.,OG0000202,Shell,group_2473,Shell,Shell,Shell
GCF_030656675.1,Q5707_RS18375,MPKTIIPVIGALWLVLAAIGAWSTIAFAIAAPAAVLLGTYLLASAVTGSNGH,52,hypothetical protein, ,Derived by automated computational analysis using gene prediction method: Protein Homology.,OG0000205,Shell,group_2416,Cloud,Cloud,Cloud
GCF_030656675.1,Q5707_RS18670,MRTGTVRWFNAEQGFGFLAPADGSDDIFVHVSEIAGDGHRILEEGQRVSFTVCRTETGNQARDVRVA,67,cold shock domain-containing protein, ,Derived by automated computational analysis using gene prediction method: Protein Homology.,OG0000157,Shell,group_2429,Shell,Shell,Shell
GCF_030656675.1,Q5707_RS18705,MTKDTHGETDEPKGGRPGPADHGKDGGMATRENTPELADDSADAETETD,49,hypothetical protein, ,Derived by automated computational analysis using gene prediction method: Protein Homology.,OG0000018,Core,group_2420,Shell,Shell,Shell
GCF_030656675.1,Q5707_RS18745,MNTFTTPTSARNRGFAPSRGSMSTMEIKNRIEAMFREDDERQSKAIRAE,49,hypothetical protein, ,Derived by automated computational analysis using gene prediction method: GeneMarkS-2+.,OG0000190,Shell,group_2397,Shell,Shell,Shell
GCF_030656675.1,Q5707_RS18990,MHSVTTTRELLHDHTKVTRRFALADVALTTFVCLVCATGIGIITGSVLAAATGGLIVVLATALMVAAV,68,hypothetical protein, ,Derived by automated computational analysis using gene prediction method: Protein Homology.,OG0000158,Shell,group_2345,Shell,Shell,Shell
GCF_030656675.1,Q5707_RS19055,MADKSAVKSSKQSARALRERRAEKRAKAQESTKIIRKRKG,40,hypothetical protein, ,Derived by automated computational analysis using gene prediction method: Protein Homology.,OG0000004,Core,group_2338,Shell,Shell,Shell
GCF_030656675.1,Q5707_RS19080,METGTDETKTCSFCRGPIGYEIKDAHAGFASLPPGKRYRVFHCMNRCPRSAPDGLECGHRHEYL,64,hypothetical protein, ,Derived by automated computational analysis using gene prediction method: Protein Homology.,OG0000203,Shell,group_350,Shell,Shell,Shell
GCF_030656675.1,Q5707_RS19200,MSEMVPADDTRRIALVDLLDRVLGGGVVITGEITLSLADVDMVRISLRTLIASVSALVPDPAGPDPADD,69,gas vesicle protein, ,Derived by automated computational analysis using gene prediction method: Protein Homology.,OG0000145,Shell,group_2318,Shell,Shell,Shell
GCF_030656675.1,Q5707_RS19210,MNMGKKIRHKVETAEGATKKAVGRATGNAHLEAEGSKEQAKGNTKQMGDKFKDAGKKIKNAFKH,64,csbd family protein, ,Derived by automated computational analysis using gene prediction method: Protein Homology.,OG0000073,Shell,group_2267,Shell,Shell,Shell
GCF_030656675.1,Q5707_RS19435,MESVVLWVAWTNLSNGTSGVASVTKDKPGFAHTGTGVVTASAMGNLVEYVGARGIFNVP,59,hypothetical protein, ,Derived by automated computational analysis using gene prediction method: GeneMarkS-2+.,OG0000274,Shell,group_2317,Shell,Cloud,Shell
GCF_030656675.1,Q5707_RS19480,MSTNTYPTIETIRIGQSGHECRYCGHAVAKDGPGYRHTTTGQYRCDPASRALNEARLSNSMVRS,64,hypothetical protein, ,Derived by automated computational analysis using gene prediction method: Protein Homology.,OG0000148,Shell,group_2334,Shell,Shell,Shell
GCF_030656675.1,Q5707_RS19515,MRTAFCNTLFHVFDHRICCGRIPEWTAHVGQPWDTYDVAPWNLYNAIWRIQHWIRSGVDADR,62,hypothetical protein, ,Derived by automated computational analysis using gene prediction method: Protein Homology.,OG0000219,Shell,group_2337,Shell,Shell,Shell
GCF_030656675.1,Q5707_RS19560,MVYDRAVADQPRLLAAVRAATTLALDNQRLQGELEAQFAEVRRARAQTVEYPGSPTRRC,59,hypothetical protein, ,Derived by automated computational analysis using gene prediction method: GeneMarkS-2+.,OG0000488,Cloud,group_2093,Cloud,Cloud,Cloud
GCF_030656675.1,Q5707_RS19620,MGSSEVFTDLVAWGAEGFLNGNPVQSAVGTVLFLGLGLWDLVTGAPIVI,49,hypothetical protein, ,Derived by automated computational analysis using gene prediction method: Protein Homology.,OG0000061,Soft core,group_2418,Shell,Shell,Shell
GCF_030656675.1,Q5707_RS19725,MMVVALLVTVDEHVTVAEPICRVRDQGESGESGDRAGTDDTARD,44,hypothetical protein, ,Derived by automated computational analysis using gene prediction method: GeneMarkS-2+.,OG0000575,Cloud,group_2083,Cloud,Cloud,Cloud
GCF_030656675.1,Q5707_RS19870,MSLDDLMSDARQKGIRRFDEIELAVLETNRRVSLFTRAGGAGEGAPEQPGIA,52,duf421 domain-containing protein, ,Derived by automated computational analysis using gene prediction method: Protein Homology.,OG0000920,Cloud,group_1228,Cloud,Cloud,Cloud
GCF_030656675.1,Q5707_RS19910,MLDRLYAALLAAAGLSFGDYIALEDAVSDPDDPPRTVTDPTLTAHPLL,48,hypothetical protein, ,Derived by automated computational analysis using gene prediction method: GeneMarkS-2+.,OG0000353,Cloud,group_2439,Cloud,Cloud,Cloud
GCF_030656675.1,Q5707_RS20020,MEGFCTVTSLTLFLRLDAHAVLVTDTRLESTISAYGLGVGRWIFTLAVLLLAAGSAALLIALVGHIVRR,69,hypothetical protein, ,Derived by automated computational analysis using gene prediction method: Protein Homology.,OG0002317,,group_48,Cloud,,Probably not conserved
GCF_030656675.1,Q5707_RS20335,MNRTELPQTLRRSSKEVQAAFATAHEMAVRRYGEGEEAQRAAYGELKQSYELVTDHWVPKQD,62,chab family protein, ,Derived by automated computational analysis using gene prediction method: Protein Homology.,OG0000159,Shell,group_518,Shell,Cloud,Shell
GCF_030656675.1,Q5707_RS20345,MNNDQRRALEHVRDTCAMLDSFLTTHPSDRPPERVRSATFEQLTDDLLDAVTAAQNAGVPEQRIFDSM,68,hypothetical protein, ,Derived by automated computational analysis using gene prediction method: GeneMarkS-2+.,OG0000135,Shell,group_2185,Shell,Cloud,Shell
GCF_030656675.1,Q5707_RS20425,MADYDTALRVVWTFLKLDHVHGQGVLLDTLQQGGVSANSEQVPGRWH,47,hypothetical protein, ,Derived by automated computational analysis using gene prediction method: GeneMarkS-2+.,OG0000921,Cloud,group_2460,Cloud,Cloud,Cloud
GCF_030656675.1,Q5707_RS20450,MTEQTAANTGQVPDQGLADSDYYSADNLDRAAEFAAEQGI,40,hypothetical protein, ,Derived by automated computational analysis using gene prediction method: GeneMarkS-2+.,OG0002318,,group_1921,Cloud,,Probably not conserved
GCF_030656675.1,Q5707_RS20640,MAFFLSSIDAQFDPVGSTVGQAGRVRLTAENFEYAELRAEQVCIEPRNVYPGSG,54,hypothetical protein, ,Derived by automated computational analysis using gene prediction method: GeneMarkS-2+.,OG0002319,,group_1110,Cloud,,Probably not conserved
GCF_030656675.1,Q5707_RS20730,MTQRLYLMPQPTIAAINGGCADSSLSMAAAADFRIASDSIVFNTDFPTAGFPGDLAGI,58,enoyl-coa hydratase-related protein, ,Derived by automated computational analysis using gene prediction method: Protein Homology.,OG0000337,Cloud,group_2214,Cloud,Cloud,Cloud
GCF_030656675.1,Q5707_RS20780,MTIDHDKTELPLFSAQRTLTHRTQEPVTDAPRTDDSPTQTSAEIHRSLFSDE,52,hypothetical protein, ,Derived by automated computational analysis using gene prediction method: Protein Homology.,OG0000222,Shell,group_2253,Shell,Cloud,Shell
GCF_030656675.1,Q5707_RS20790,MAQGIVKWFNGEKGFGFIAPDDGTPDVFVHYSEISGSGFKSLDENQRVEFEVGQGQKGPQATNVRSV,67,cold-shock protein, ,Derived by automated computational analysis using gene prediction method: Protein Homology.,OG0000003,Conserved,"group_1996, group_1997",Shell,Cloud,Cloud
GCF_030656675.1,Q5707_RS20820,MVESGRVDPSDHVDQAAVGGHLEHEQLYQALRARDADGAEGLARRHVVGTRVEALRSLAAETETT,65,gntr family transcriptional regulator, ,Derived by automated computational analysis using gene prediction method: Protein Homology.,OG0000502,Cloud,group_2254,Cloud,Cloud,Cloud
GCF_030656675.1,Q5707_RS20860,MATTSIAPTTPTGRQTPRHSGTMSTAEIKSRIEAMFADDRRPTRPAVTN,49,hypothetical protein, ,Derived by automated computational analysis using gene prediction method: Protein Homology.,OG0000002,Conserved,group_2516,Shell,Shell,Shell
GCF_030656675.1,Q5707_RS20870,MYSKRAVQALTEPDSWDDRLDAEFDQCWTSADFAERQLARAENRVPKFVGK,51,hypothetical protein, ,Derived by automated computational analysis using gene prediction method: GeneMarkS-2+.,OG0000391,Cloud,group_2066,Cloud,Cloud,Cloud
GCF_030656675.1,Q5707_RS20885,MSTRIAAALSAVAITLSLGALTAPTASAAPAVPAATPAAGSVTICFGVPLGSASLNWCF,59,hypothetical protein, ,Derived by automated computational analysis using gene prediction method: Protein Homology.,OG0000233,Shell,group_2315,Cloud,Cloud,Cloud
GCF_030656675.1,Q5707_RS20895,MFWRYPSGLVVMVTVVALFLVELVARPALLTHGTPQESTT,40,hypothetical protein, ,Derived by automated computational analysis using gene prediction method: GeneMarkS-2+.,OG0000392,Cloud,group_2195,Cloud,Cloud,Cloud
GCF_030656675.1,Q5707_RS21030,MARITENLGASLLNTLRVGVVSTVLYAGLIMGVVVVAVWKFPMPGV,46,hypothetical protein, ,Derived by automated computational analysis using gene prediction method: Protein Homology.,OG0000126,Shell,group_2480,Cloud,,Cloud
GCF_030656675.1,Q5707_RS21050,MATTSIAPTTHTGRQTLRHSGTMSTAEIKSRIEAMFADDRRPTRPAVTN,49,hypothetical protein, ,Derived by automated computational analysis using gene prediction method: Protein Homology.,OG0000002,Conserved,group_1408,Cloud,,Cloud
GCF_030656675.1,Q5707_RS21230,MSTVVRVCSRLVSHDRTDRLGRSVARAAMEGDPLFGTVEVAIEELAELLERHTPPRDQDAAPH,63,hypothetical protein, ,Derived by automated computational analysis using gene prediction method: Protein Homology.,OG0000136,Shell,group_495,Cloud,,Cloud
GCF_030656675.1,Q5707_RS21245,MTATAQHTEQPLAPDLIEICTWGHDVAPPRHLRRPRPRTAAAVTELTEAADLRASS,56,hypothetical protein, ,Derived by automated computational analysis using gene prediction method: GeneMarkS-2+.,OG0002320,,group_995,Cloud,,Probably not conserved
GCF_030656675.1,Q5707_RS21295,MLFQLMCVLALVAVGTMLLAVGAFGSGLICLVGGAIWFWRLYCASDRDT,49,hypothetical protein, ,Derived by automated computational analysis using gene prediction method: Protein Homology.,OG0000271,Cloud,group_1409,Cloud,,Cloud
GCF_030656675.1,Q5707_RS21325,MAGLAAVGLVLALIMRHGRKPATGGEVPPLPAPVATTSIG,40,hypothetical protein, ,Derived by automated computational analysis using gene prediction method: GeneMarkS-2+.,OG0002321,,group_1922,Cloud,,Probably not conserved
GCF_030656675.1,Q5707_RS21425,MSTLVEIAVQIKVVFGVPISNADPLVMHTLGDYRVYLKLDAEQEIADPLRAAAS,54,hypothetical protein, ,Derived by automated computational analysis using gene prediction method: GeneMarkS-2+.,OG0002322,,group_1111,Cloud,,Probably not conserved
GCF_030656675.1,Q5707_RS21430,MLYATYIDATRDALAKVGVTADDALTLLVYAALDGLVLHQLVLNDVAASEKSLARLRQMLSRER,64,hypothetical protein, ,Derived by automated computational analysis using gene prediction method: GeneMarkS-2+.,OG0002323,,group_418,Cloud,,Probably not conserved
GCF_030656675.1,Q5707_RS21440,MGSSAVEQLWRTLSDYGLALVCVRGPQCEWADLMTVGDQAVGELTWLARETSEVAEQYHSPTSTAQ,66,hypothetical protein, ,Derived by automated computational analysis using gene prediction method: Protein Homology.,OG0000143,Shell,group_271,Cloud,,Cloud
GCF_030656675.1,Q5707_RS21490,MLTRREQDIAQLVSEGLTTKQIAEKAYISENTVKQHLKRVFAKTDVSNRAELVQLIWSAVDNRKGT,66,helix-turn-helix transcriptional regulator, ,Derived by automated computational analysis using gene prediction method: Protein Homology.,OG0000301,Cloud,group_272,Cloud,,Cloud
GCF_030656675.1,Q5707_RS21515,MIHAIVAYRITWTREGFLTEFEAGMEIAQLAQQCIAGHWRGGSGEKVLVDANPFNGQTVGEFRVQ,65,hypothetical protein, ,Derived by automated computational analysis using gene prediction method: GeneMarkS-2+.,OG0002324,,group_335,Cloud,,Probably not conserved
GCF_030656675.1,Q5707_RS21545,MSYQLLLDTGKCQGYANCLIEAPQIWDFDEENDIATLKDCQPGEDLRSVAEASVRCCPARAISMLEG,67,ferredoxin, ,Derived by automated computational analysis using gene prediction method: Protein Homology.,OG0000001,Conserved,group_199,Cloud,,Cloud
GCF_030656675.1,Q5707_RS21585,MTATPDERIFSYGNSARDSYTLHHSAYVDSTFLESEMRGVFSGT,44,hypothetical protein, ,Derived by automated computational analysis using gene prediction method: GeneMarkS-2+.,OG0002325,,group_1707,Cloud,,Probably not conserved
GCF_030656675.1,Q5707_RS21680,MTKEGEVFYTDRGITLVFVLSATVALIGAVAAYALPRSIRELTLPDADTRTSPTRSAANA,60,hypothetical protein, ,Derived by automated computational analysis using gene prediction method: GeneMarkS-2+.,OG0002326,,group_729,Cloud,,Probably not conserved
GCF_030656675.1,Q5707_RS21785,MNMYAEEWISTVSSLRPELSDPEVRLLTQAVFSMLNTVPTLNKGLDQESIVKTMSTAAVQALISPRAE,68,hypothetical protein, ,Derived by automated computational analysis using gene prediction method: GeneMarkS-2+.,OG0002327,,group_124,Cloud,,Probably not conserved
GCF_030656675.1,Q5707_RS21805,MGDRTATGLERELAMLAYVRDCLRVSEGEYFRIPTAALDELSSR,44,hypothetical protein, ,Derived by automated computational analysis using gene prediction method: Protein Homology.,OG0000117,Shell,group_1660,Cloud,,Cloud
GCF_030656675.1,Q5707_RS21825,MAQFLAWVAQDASVLGTCRGATGDTLVITRLDRLARSTAR,40,hypothetical protein, ,Derived by automated computational analysis using gene prediction method: GeneMarkS-2+.,OG0000776,Cloud,group_1881,Cloud,,Cloud
GCF_030656675.1,Q5707_RS21860,MPHFRYVGTHERIHLGTATRMINYGDIVAARTNPDPRYFELVEPDQITQRLSRRTVGAPERE,62,hypothetical protein, ,Derived by automated computational analysis using gene prediction method: Protein Homology.,OG0000232,Shell,group_519,Cloud,,Cloud
GCF_030656675.1,Q5707_RS21905,MPESSDYLVVALLVLASVPTAYRYPRQAYHREMQRRDIQRNG,42,hypothetical protein, ,Derived by automated computational analysis using gene prediction method: GeneMarkS-2+.,OG0000777,Cloud,group_2348,Cloud,Cloud,Cloud
GCF_030656675.1,Q5707_RS21910,MGRQAAVVLYVLALVAVVVGVDVLVFRHHFWERLLVNVGIVLVFAAFYLRFLKGS,55,hypothetical protein, ,Derived by automated computational analysis using gene prediction method: GeneMarkS-2+.,OG0000623,Cloud,group_1058,Cloud,,Cloud
GCF_030656675.1,Q5707_RS22075,MRHSSGPAGVITADFGMDNVAFLRKLVAYLEIAAPAPLRPDLVDRTSLVARRRLWLGT,58,hypothetical protein, ,Derived by automated computational analysis using gene prediction method: Protein Homology.,OG0000196,Shell,group_2104,Cloud,Cloud,Cloud
GCF_030656675.1,Q5707_RS22130,MTDQLHADLTERLGRAVARAAMDGGPLFGTVEITIAELAELLESRTPPGE,50,hypothetical protein, ,Derived by automated computational analysis using gene prediction method: Protein Homology.,OG0000136,Shell,group_2495,Shell,Cloud,Shell
GCF_030656675.1,Q5707_RS22190,MAGVSPGSPAAEAGLRRGDIMVELDGKPIVTTTAVQRLMVEDPIDRQIEITVWRNGALVDVFARPRELAA,70,pdz domain-containing protein, ,Derived by automated computational analysis using gene prediction method: Protein Homology.,OG0000525,Cloud,,,Cloud,Cloud
GCF_030656675.1,Q5707_RS22195,MAGAAPGSVRDGHHPAVATRQIIAALVSAGRVRRAWLRIAGMQVPLPPKLQGRIGSKTGL,60,hypothetical protein, ,Derived by automated computational analysis using gene prediction method: GeneMarkS-2+.,OG0000931,Cloud,group_713,Cloud,Cloud,Cloud
GCF_030656675.1,Q5707_RS22275,MTTGHRDVRPSAASSRAGVFAPAAFGSIATTGVVTLLALIAVLVLI,46,hypothetical protein, ,Derived by automated computational analysis using gene prediction method: GeneMarkS-2+.,OG0002328,,,,,Probably not conserved
GCF_030656675.1,Q5707_RS22285,MSTRIAAALSAIAITLSLGALTAPTASAAQAVPAATPTAGSVTICFGVPLGSASLNWCF,59,hypothetical protein, ,Derived by automated computational analysis using gene prediction method: Protein Homology.,OG0000233,Shell,group_782,Cloud,Cloud,Cloud
GCF_030656675.1,Q5707_RS22340,MLAASLLAALCGVLLLLAPGAGIVGIVPVIAWYAVVVGVVLIVGAVRIRS,50,duf308 domain-containing protein, ,Derived by automated computational analysis using gene prediction method: GeneMarkS-2+.,OG0000515,Cloud,group_2067,Cloud,Cloud,Cloud
GCF_030656675.1,Q5707_RS22425,MENFAIAGTTTRQFPLLISASAMIERAARETNLQLGHLDEKRAGAVIDAGKKIRQA,56,hypothetical protein, ,Derived by automated computational analysis using gene prediction method: GeneMarkS-2+.,OG0000339,Cloud,group_2095,Cloud,Cloud,Cloud
GCF_030656675.1,Q5707_RS22565,MFTRFRHRRFDRAKTVVDSSTQLVQWMIDGHRGDVAEVIQRVAHMVKVPA,50,hypothetical protein, ,Derived by automated computational analysis using gene prediction method: Protein Homology.,OG0000948,Cloud,group_1348,Cloud,Cloud,Cloud
GCF_030656675.1,Q5707_RS22640,MDNPFIPGLCHVGPSARRALIARATGDDKAYAAERQRQTAEYEKTGPPSLGSVIAPGHVHHSTPRAAGAD,70,hypothetical protein, ,Derived by automated computational analysis using gene prediction method: Protein Homology.,OG0000516,Cloud,,,Cloud,Cloud
GCF_030656675.1,Q5707_RS23365,MASLVARMFTPPLRELYAVLVRAGVVEIID,30,rv1535 domain-containing protein, ,Derived by automated computational analysis using gene prediction method: Protein Homology.,OG0000231,Shell,group_1946,Cloud,Cloud,Cloud
GCF_030656675.1,Q5707_RS23435,MAQGIVKWFNGEKGFGFIAPDDGTPDVFVHFSEIAGSGFRSLDENQRVEFEVGQGQKGPQATNVRSV,67,cold-shock protein, ,Derived by automated computational analysis using gene prediction method: Protein Homology.,OG0000003,Conserved,group_2028,Cloud,Cloud,Cloud
GCF_030656675.1,Q5707_RS23440,MTDRLLLPRYAVSGDPMFGTVEVTIGELAELLERQVPPRDQGAATH,46,hypothetical protein, ,Derived by automated computational analysis using gene prediction method: GeneMarkS-2+.,OG0000136,Shell,group_2077,Cloud,Cloud,Cloud
GCF_030656675.1,Q5707_RS23465,MITDDPDTITAAQVHRHLDEITEVDHAIQRHRHRDLADRPDRAPARDRRSDTR,53,hypothetical protein, ,Derived by automated computational analysis using gene prediction method: GeneMarkS-2+.,OG0000393,Cloud,group_1127,Cloud,Cloud,Cloud
GCF_030656675.1,Q5707_RS23485,MAQGTVKWFNGEKGFGFISPDDGGADLFVQFSEIQCSGYKSLQENQRVEFEVGRGQKGRQAQNVRPA,67,cold-shock protein, ,Derived by automated computational analysis using gene prediction method: Protein Homology.,OG0000340,Cloud,group_151,Cloud,Cloud,Cloud
GCF_030656675.1,Q5707_RS23650,MAQEQTKRTGGGDEDDTPGGDGAAGQERREKLAEDTDDLLDEIDDVLEENAEDFVRAYVQKGGQ,64,ubiquitin-like protein pup, ,Derived by automated computational analysis using gene prediction method: Protein Homology.,OG0000037,Conserved,group_343,Shell,Cloud,Cloud
GCF_030656675.1,Q5707_RS23765,MSTSDTAGHTEFPASMGKVSRRELASHGYTRFDQLTTVTANELSKIHGVGPKAIRILEEELAERGLGFAN,70,hypothetical protein, ,Derived by automated computational analysis using gene prediction method: Protein Homology.,OG0000050,Conserved,,,Shell,Shell
GCF_030656675.1,Q5707_RS24160,MVIDPTLLGILACPQDKGPLLLVGDELLYNPRLRRAYPIENGIPVLLIDEARDVGADEHETLLARAAGEA,70,trm112 family protein, ,Derived by automated computational analysis using gene prediction method: Protein Homology.,OG0000038,Conserved,,,Shell,Shell
GCF_030656675.1,Q5707_RS24235,MPKSKTHSGTAKRFKVSGSGKILRQKAGRRHLLEHKASKVTRRLDGVAVVSKADTPRIKRLLDI,64,50s ribosomal protein l35, ,Derived by automated computational analysis using gene prediction method: Protein Homology.,OG0000039,Conserved,rpmI,Shell,Soft core,Shell
GCF_030656675.1,Q5707_RS24425,MTSTTTTANGTTIGLERDGDLIGVTIAGTDATEGQTEMQLSVDSLRELLQSGALERLLNTN,61,hypothetical protein, ,Derived by automated computational analysis using gene prediction method: GeneMarkS-2+.,OG0000632,Cloud,group_661,Cloud,,Cloud
GCF_030656675.1,Q5707_RS24455,MRLQTRNFLPAVKRTGVHTLELNFAGQRYQLTESEARTLATDLLKLADPQGES,53,hypothetical protein, ,Derived by automated computational analysis using gene prediction method: GeneMarkS-2+.,OG0002329,,group_1168,Cloud,,Probably not conserved
GCF_030656675.1,Q5707_RS24470,MRYDMTVQQAADVLAVSTKTIRRRIADGTLPAHRVGPRLIRLRRIDLDRFALPIGA,56,excisionase family dna-binding protein, ,Derived by automated computational analysis using gene prediction method: Protein Homology.,OG0000200,Shell,group_996,Cloud,Cloud,Cloud
GCF_030656675.1,Q5707_RS24580,MPLIQISQTPGLTAEQKRATIEAVTKAYADATGKDPAKVWVTITEVPRDSWGVGGTPLG,59,2-hydroxymuconate tautomerase family protein, ,Derived by automated computational analysis using gene prediction method: Protein Homology.,OG0000160,Shell,group_2162,Shell,Shell,Shell
GCF_030656675.1,Q5707_RS24625,MSVVLVYVLFIAAGIAAGGAYSMWKFNKLASGVLLALAVLAAVAGVLRLM,50,hypothetical protein, ,Derived by automated computational analysis using gene prediction method: Protein Homology.,OG0000040,Conserved,group_1297,Shell,Soft core,Shell
GCF_030656675.1,Q5707_RS24795,MHVAVGDRLHVQGRVVGVHETTAEVVEVHGENGAPPYLVRYDDGHEALVFPGSDAWVEHPKS,62,duf1918 domain-containing protein, ,Derived by automated computational analysis using gene prediction method: Protein Homology.,OG0000041,Conserved,group_504,Shell,Soft core,Shell
GCF_030656675.1,Q5707_RS24800,MATYRYLDKDRNVLEEQDFGTVQDAEEHRLSVLGAEIIEEVEDSGTPES,49,hypothetical protein, ,Derived by automated computational analysis using gene prediction method: Protein Homology.,OG0000054,Core,group_2183,Shell,Soft core,Shell
GCF_030656675.1,Q5707_RS25360,MTDEDHLWYYNVEDGTVTQGKAASSMSRMGPYPDRASAEKALQIAAERNKAADRADEEWNN,61,hypothetical protein, ,Derived by automated computational analysis using gene prediction method: Protein Homology.,OG0000042,Conserved,group_2293,Shell,Soft core,Shell
GCF_030656675.1,Q5707_RS25445,MCSDLTKLGDDELLAQLDEHRALLGESIANDYGCETVRGVTSRITAFEAELDRRGSAVSRDAT,63,hypothetical protein, ,Derived by automated computational analysis using gene prediction method: Protein Homology.,OG0000192,Shell,group_2325,Shell,Shell,Shell
GCF_030656675.1,Q5707_RS25450,MPRYKVTLRNGTSSDKTFESDFQAVNETHRPTESGAGIVKIDRYEEDGEATGVWSAPATSRTSRT,65,hypothetical protein, ,Derived by automated computational analysis using gene prediction method: Protein Homology.,OG0000113,Soft core,group_2295,Shell,Shell,Shell
GCF_030656675.1,Q5707_RS25665,MTGAGILAVALVAIAAALVVYLLIALIDPERF,32,potassium-transporting atpase subunit f, ,Derived by automated computational analysis using gene prediction method: Protein Homology.,OG0000055,Core,group_2327,Shell,Soft core,Shell
GCF_030656675.1,Q5707_RS25845,MDRMASWWDGFELWIAGLPFVPQVALVLLVMVPVCRGLAWLLDRGLAAVFVLLRRDVSKVEEP,63,hypothetical protein, ,Derived by automated computational analysis using gene prediction method: Protein Homology.,OG0000056,Core,group_427,Shell,Shell,Shell
GCF_030656675.1,Q5707_RS25925,MSESERTDLDVDDELDAGQVWRAQRVVAAQSLDAEDCRMLLSMLGIAGNPDAPEVD,56,hypothetical protein, ,Derived by automated computational analysis using gene prediction method: Protein Homology.,OG0000161,Shell,group_2171,Shell,Shell,Shell
GCF_030656675.1,Q5707_RS26075,MNDHHVQLFSELHTTAGSQAGGEDAGEALRPVDPEHRTATEVHRALFSDQ,50,hypothetical protein, ,Derived by automated computational analysis using gene prediction method: GeneMarkS-2+.,OG0000162,Shell,group_2285,Shell,Shell,Shell
GCF_030656675.1,Q5707_RS26090,MIPTLLYYGVPTAVVTVTLWVGFLGWRFYVKEVLRGDRGDTTAGEPDHG,49,hypothetical protein, ,Derived by automated computational analysis using gene prediction method: Protein Homology.,OG0000223,Shell,group_2268,Shell,Shell,Shell
GCF_030656675.1,Q5707_RS26115,MRALPAAHAPRLQPSRTGAASSFPAGRQGECGIMPAPKTYRSTRHA,46,hypothetical protein, ,Derived by automated computational analysis using gene prediction method: GeneMarkS-2+.,OG0000208,Shell,group_2409,Shell,Shell,Shell
GCF_030656675.1,Q5707_RS26505,MVGKFERRKDTVQELTESAATHVGHIATIIAGAVRDVTREIGDWVSDGIEMREAAKKAREDEGEDKPVD,69,hypothetical protein, ,Derived by automated computational analysis using gene prediction method: Protein Homology.,OG0000149,Shell,group_2446,Shell,Shell,Shell
GCF_030656675.1,Q5707_RS27425,MTTHRDEAPPITDPDDDLGGDPVCWLDRVCPDCGLFLTDHTASTCPRCGSARDR,54,hypothetical protein, ,Derived by automated computational analysis using gene prediction method: Protein Homology.,OG0000163,Shell,group_2435,Shell,Shell,Shell
GCF_030656675.1,Q5707_RS27555,MADKSPRNSMSKKSGKSLKEKRADKKMKTNGQSDPEIVSHVKKR,44,hypothetical protein, ,Derived by automated computational analysis using gene prediction method: Protein Homology.,OG0000004,Core,group_2437,Shell,Shell,Shell
GCF_030656675.1,Q5707_RS27680,MTDERPGKNQTPPDKTTRPTPKEATPDVSKTDLAAVVDALTATNEKNFDF,50,hypothetical protein, ,Derived by automated computational analysis using gene prediction method: Protein Homology.,OG0000164,Shell,group_2447,Shell,Shell,Shell
GCF_030656675.1,Q5707_RS27835,MTRSPDFAARYSTYWTNASRQPVAAGGQSGKGIVFGDEGVGGDMGDRLPTRIW,53,hypothetical protein, ,Derived by automated computational analysis using gene prediction method: GeneMarkS-2+.,OG0002330,,group_1169,Cloud,,Probably not conserved
GCF_030656675.1,Q5707_RS27875,MDARENVYVADSDYNRVLKLAAGSTTHVELPFTGLLGPEGVAVDTAGNVYVTAPPTAAGC,60,hypothetical protein, ,Derived by automated computational analysis using gene prediction method: GeneMarkS-2+.,OG0000636,Cloud,group_2097,Cloud,Cloud,Cloud
GCF_030656675.1,Q5707_RS28010,MAAQGDLTEDAELFAHLVESTLTNLAHAHPGFRATGWLPADAHTSSMPLTS,51,hypothetical protein, ,Derived by automated computational analysis using gene prediction method: GeneMarkS-2+.,OG0002331,,group_1290,Cloud,,Probably not conserved
GCF_030656675.1,Q5707_RS28300,MNTGSIALHHAVGYRTVGVRQRLAQIDGVWHDSVLLERRRDT,42,hypothetical protein, ,Derived by automated computational analysis using gene prediction method: GeneMarkS-2+.,OG0000394,Cloud,group_2390,Cloud,Cloud,Cloud
GCF_030656675.1,Q5707_RS28945,MGSGPVKAIMWSLLFVGLVGAGVGISELHVPWTVASLIVASVSGLVLLRIRADAHPELHSDRRMAAG,67,hypothetical protein, ,Derived by automated computational analysis using gene prediction method: Protein Homology.,OG0000165,Shell,group_2193,Shell,Shell,Shell
GCF_030656675.1,Q5707_RS28985,MNSTITGLIVGLLLAIAGILGGFSGFVFAVLLGALGMAVGAHRDGHLDLGAILRSRGRG,59,hypothetical protein, ,Derived by automated computational analysis using gene prediction method: Protein Homology.,OG0000026,Conserved,group_2303,Conserved,Shell,Shell
GCF_030656675.1,Q5707_RS29180,MSEKKIDRVKTESALEVLRESPTIALITVAPALVVFGVVWWLFGFWSALVLVLILGVVAVVGRKLF,66,hypothetical protein, ,Derived by automated computational analysis using gene prediction method: Protein Homology.,OG0000025,Conserved,group_2209,Conserved,Soft core,Soft core
GCF_030656675.1,Q5707_RS29315,MASSTDVRPKITLACEVCKHRNYITKKNRRNDPDRLEIKKFCPNCGTHQSHRESK,55,50s ribosomal protein l33, ,Derived by automated computational analysis using gene prediction method: Protein Homology.,OG0000024,Conserved,rpmG,Conserved,Conserved,Conserved
GCF_030656675.1,Q5707_RS29465,MGALSPSHWAIIAVVLVVLFGSKKLPDAARGLGRSMRILKTEVGELQADAPELEK,55,sec-independent protein translocase subunit tata, ,Derived by automated computational analysis using gene prediction method: Protein Homology.,OG0000019,Conserved,group_2146,Shell,Shell,Shell
GCF_030656675.1,Q5707_RS29540,MIYLLALIGLVTVAVLLWKAFGPNTRPVLSNRVQGPDDDPDFLWKVDRETRRKKSDEPDAGPADPAG,67,hypothetical protein, ,Derived by automated computational analysis using gene prediction method: Protein Homology.,OG0000023,Conserved,group_2246,Shell,Conserved,Shell
GCF_030656675.1,Q5707_RS29685,MGSVIKKRRKRMSKKKHRKLLRRTRVQRRKLGK,33,aurkaip1/cox24 domain-containing protein, ,Derived by automated computational analysis using gene prediction method: Protein Homology.,OG0000022,Conserved,group_1939,Conserved,Conserved,Conserved
GCF_030656675.1,Q5707_RS29805,MRALDLLEVGALGDGEPDDETALARNGTRQPQDRNASSLTENVANAASVPAIEEKDGKNNGPNTIAAAMP,70,hypothetical protein, ,Derived by automated computational analysis using gene prediction method: GeneMarkS-2+.,OG0000292,Cloud,,,Cloud,Cloud
GCF_030656675.1,Q5707_RS29965,MIVLGLILLLIGWLTGLTWLWTIGIILLVIGAILWILGATGRAVGGRRRWY,51,duf6131 family protein, ,Derived by automated computational analysis using gene prediction method: Protein Homology.,OG0000000,Conserved,group_2247,Shell,Shell,Shell
GCF_030656675.1,Q5707_RS30125,MTFESNTPRQFTRSDNQKMLAGVCGGIAEYFSVDVNLVRLLTVVATLVTGGTAALVYLAAWMLMPAGH,68,pspc domain-containing protein, ,Derived by automated computational analysis using gene prediction method: Protein Homology.,OG0000021,Conserved,group_2380,Conserved,Shell,Shell
GCF_030656675.1,Q5707_RS31050,MATIEEFEQTVTDKVIAGLHDKFADYERRGVGLAELGDPDRFVERILAAVPAPHPWYEQFGTAWSSAPA,69,hypothetical protein, ,Derived by automated computational analysis using gene prediction method: Protein Homology.,OG0000166,Shell,group_2132,Shell,Shell,Shell
GCF_030656675.1,Q5707_RS31400,MPVDLGMMVGEDAAVDVEAEPDRWLRFDCTGPRGRLAGHVGLR,43,hypothetical protein, ,Derived by automated computational analysis using gene prediction method: GeneMarkS-2+.,OG0000404,Cloud,group_1728,Cloud,Cloud,Cloud
GCF_030656675.1,Q5707_RS31590,MNPVNDPDIVFLADHSVLLAIPAFVPAFLVAGLVIYLAVRDRKAEAAENAESAKHGPSEKDEEN,64,hypothetical protein, ,Derived by automated computational analysis using gene prediction method: Protein Homology.,OG0000167,Shell,group_2396,Shell,Shell,Shell
GCF_030656675.1,Q5707_RS31660,MTTQVLREAGLITQVDRGKSRMAQLRRSDIDFRFPGLLDAVATAPA,46,arsr family transcriptional regulator, ,Derived by automated computational analysis using gene prediction method: Protein Homology.,OG0000938,Cloud,group_2052,Cloud,Cloud,Cloud
GCF_030656675.1,Q5707_RS32180,MAAYQCPVCDYVYDEASGAPREGFPAGTAWADVPDDWCCPDCGVREKIDFDPRVA,55,rubredoxin, ,Derived by automated computational analysis using gene prediction method: Protein Homology.,OG0000053,Core,group_2321,Shell,Shell,Shell
GCF_030656675.1,Q5707_RS32185,MSTDFKLYRCVQCGFEYDEAEGWPEDGIEPGTRWDDIPEDWSCPDCGAAKADFDMVEVSRA,61,rubredoxin, ,Derived by automated computational analysis using gene prediction method: Protein Homology.,OG0000007,Conserved,group_2335,Shell,Shell,Shell
GCF_030656675.1,Q5707_RS32270,MTALMAREHAALTSFLLGLATYLDETHLLTLEGRDSGAIGRFGAQAAPH,49,hypothetical protein, ,Derived by automated computational analysis using gene prediction method: GeneMarkS-2+.,OG0000518,Cloud,group_1394,Cloud,Cloud,Cloud
GCF_030656675.1,Q5707_RS33360,MRDRICEGRKVFGQQVAAFQNTKFVLGCLQLHGGYGYTTEYPIARFYEYTRVIRICGGASEVMKLRGCG,69,acyl-coa dehydrogenase family protein, ,Derived by automated computational analysis using gene prediction method: Protein Homology.,OG0000264,Shell,group_2370,Cloud,Cloud,Cloud
GCF_030656675.1,Q5707_RS33590,MESTSQPSPRECPDCHALTADLEAHKLWHSRLVHDIATAVDKDISRRAHT,50,hypothetical protein, ,Derived by automated computational analysis using gene prediction method: Protein Homology.,OG0000227,Shell,group_1293,Shell,Cloud,Shell
GCF_030656675.1,Q5707_RS34245,MGVGAFAEGDPRIVARLVLALIVSVWRWYRPEATCPSNRSSSWCARPPSS,50,hypothetical protein, ,Derived by automated computational analysis using gene prediction method: Protein Homology.,OG0000637,Cloud,group_1340,Cloud,Cloud,Cloud
GCF_030656675.1,Q5707_RS34490,MAVVKANLGACQGYANCVVAADDYFDIDDDGVVELLSVEVPESERGRVDSAARSCPVSALWIED,64,ferredoxin, ,Derived by automated computational analysis using gene prediction method: Protein Homology.,OG0000001,Conserved,group_2005,Shell,,Shell
GCF_030656675.1,Q5707_RS34545,MAERLTLVFLMASADSMYLIGKSREHPKHVGSWRCSVSRFRSPSIIALGSVVSPPYPHRS,60,hypothetical protein, ,Derived by automated computational analysis using gene prediction method: Protein Homology.,OG0002332,,group_730,Cloud,,Probably not conserved
GCF_030656675.1,Q5707_RS34585,MLESLARERGLTMADLIVRTAANGATLTRIVDRLVSTAAVYREVDSVDRRKVRV,54,marr family transcriptional regulator, ,Derived by automated computational analysis using gene prediction method: Protein Homology.,OG0000783,Cloud,group_1076,Cloud,Cloud,Cloud
GCF_030656675.1,Q5707_RS34590,MSIITYASKYVPLTGPGSFVVSHEYTSRGAVATSSGQARAGWRACRRRSVTCAFSRSIRYIVETEQR,67,hypothetical protein, ,Derived by automated computational analysis using gene prediction method: GeneMarkS-2+.,OG0002333,,group_200,Cloud,,Probably not conserved
GCF_030656675.1,Q5707_RS34705,MRVPDRRRGEDFAAALATAVGDLPPIARRTLTWDQGSETARH,42,integrase, ,Derived by automated computational analysis using gene prediction method: Protein Homology.,OG0000784,Cloud,group_1771,Cloud,Cloud,Cloud
GCF_030656675.1,Q5707_RS34960,MTRGRIDADQTRLELEPESQARAGGDAVVRSHSSEVLWADLAGTY,45,hypothetical protein, ,Derived by automated computational analysis using gene prediction method: GeneMarkS-2+.,OG0000396,Cloud,group_2372,Cloud,Cloud,Cloud
GCF_030656675.1,Q5707_RS34990,MVPVEDTEQHRMRGRLEVAVGGRFQQHMLLRETNLPEPVDSQKSRRRPPLPQRLGVVAQCGGAVEATT,68,hypothetical protein, ,Derived by automated computational analysis using gene prediction method: GeneMarkS-2+.,OG0000294,Cloud,group_2151,Shell,Cloud,Cloud
GCF_030656675.1,Q5707_RS34995,MPLLHVTQTPGQSAEAKRELLKKLTAAYVDATGAKPASVWVTIEEVSKDDWAIGGETLTERASKPA,66,4-oxalocrotonate tautomerase family protein, ,Derived by automated computational analysis using gene prediction method: Protein Homology.,OG0000224,Shell,group_213,Shell,Cloud,Shell
GCF_030656675.1,Q5707_RS35000,MKDGNADYAVSATFDGIDEFRAYLTHPDHVRFADEFVSAMAETYSSVQVEFSS,53,dabb family protein, ,Derived by automated computational analysis using gene prediction method: Protein Homology.,OG0000937,Cloud,,,Cloud,Cloud
GCF_030656675.1,Q5707_RS35040,MRELRVSINTLDTSSNDEFFADYVRNALRADARVAQQHAGTPPAHVLDFP,50,hypothetical protein, ,Derived by automated computational analysis using gene prediction method: GeneMarkS-2+.,OG0000580,Cloud,group_2152,Cloud,Cloud,Cloud
GCF_030656675.1,Q5707_RS35295,MSADDTEKLMLDRLYAAVLAVAGLGYGGYILLDELTGGSDTPGEEDHHLRREPSEQVSTA,60,hypothetical protein, ,Derived by automated computational analysis using gene prediction method: Protein Homology.,OG0000168,Shell,group_2489,Shell,Cloud,Shell
GCF_030656675.1,Q5707_RS35570,MTRDEELLHIDHVIDRQDVRYPDLPRESIEQVVHSAHEHFANRKVRDFVPLLVERLAREKLQALVPT,67,hypothetical protein, ,Derived by automated computational analysis using gene prediction method: Protein Homology.,OG0000062,Soft core,group_2108,Cloud,Cloud,Cloud
GCF_030656675.1,Q5707_RS35600,MSVVARVFTPPLRELYALLVRVGVIEIIERTSLLPPAAEDVDGTVREGQCVVVVTCGVE,59,rv1535 domain-containing protein, ,Derived by automated computational analysis using gene prediction method: Protein Homology.,OG0000231,Shell,group_2109,Cloud,Cloud,Cloud
GCF_030656675.1,Q5707_RS35655,MTDVPVECPARVNTTEWIKAHLERMGHADPAGDTRHEPDLRTHQPE,46,hypothetical protein, ,Derived by automated computational analysis using gene prediction method: GeneMarkS-2+.,OG0000201,Shell,group_2053,Cloud,Cloud,Cloud
GCF_030656675.1,Q5707_RS35690,MSIGKKLRHKAETTEGVAKKTVGKALGNERMEAEGRAQETKGKLKQSGDQIKQAGQKIKNIFKH,64,csbd family protein, ,Derived by automated computational analysis using gene prediction method: Protein Homology.,OG0000073,Shell,group_2502,Shell,Cloud,Shell
GCF_030656675.1,Q5707_RS35845,MSDPLDEELRFQIQRAQPEHPVADHPHYLGTRVRQLLRELTTVPA,45,hypothetical protein, ,Derived by automated computational analysis using gene prediction method: Protein Homology.,OG0000519,Cloud,group_1636,Cloud,Cloud,Cloud
GCF_030656675.1,Q5707_RS36165,MNSTTEEQHISVVRQRLAARFPTIDSGVINQAIDTAHHQFDGRPVRDFVPLLVERAALRSLTDDT,65,hypothetical protein, ,Derived by automated computational analysis using gene prediction method: Protein Homology.,OG0000062,Soft core,group_316,Cloud,Cloud,Cloud
GCF_030656675.1,Q5707_RS36305,MHPVAKRQRLEVLIGILGFFTVMAFIAAVVEVVRGDPGVTPALVLLGCLVLSGLAVVARNRVR,63,hypothetical protein, ,Derived by automated computational analysis using gene prediction method: Protein Homology.,OG0000051,Conserved,group_2423,Shell,Shell,Shell
GCF_030656675.1,Q5707_RS36770,MSTSSVTVTGMTCNHCVSSVTEEISALPGVTSVNVDLATGKVVIDSTTDLDPSAVAGAVEEAGYSVAG,68,heavy metal-associated domain-containing protein, ,Derived by automated computational analysis using gene prediction method: Protein Homology.,OG0000006,Conserved,group_2406,Shell,Cloud,Cloud
GCF_030656675.1,Q5707_RS36840,MNTHGAARALSTRGRASIRIVDGVTEEYLASARKTMDAESAAQELVERTGG,51,hypothetical protein, ,Derived by automated computational analysis using gene prediction method: GeneMarkS-2+.,OG0000936,Cloud,group_1279,Cloud,Cloud,Cloud
GCF_030656675.1,Q5707_RS37150,MRRTAHVIDTCHGTLIVHTLYGAECTDESCVELSEARHALIIDCDEFGDCVCSAEFAEQLRHAS,64,hypothetical protein, ,Derived by automated computational analysis using gene prediction method: Protein Homology.,OG0000169,Shell,group_2231,Shell,Cloud,Shell
GCF_030656675.1,Q5707_RS37320,MAKGKRTFQPNNRRRARVHGFRLRMRTRAGRAIVSARRRKGRESLTA,47,50s ribosomal protein l34, ,Derived by automated computational analysis using gene prediction method: Protein Homology.,OG0000052,Conserved,rpmH,Conserved,Cloud,Cloud
GCF_030656675.1,Q5707_RS37335,MSSAKNSAGAPCTHQFLVTLTVQTTKINPTLTPPPRSATSLTNTHPLLGTPSDAQH,56,hypothetical protein, ,Derived by automated computational analysis using gene prediction method: GeneMarkS-2+.,OG0000522,Cloud,group_2599,Cloud,,Cloud
GCF_030656675.1,Q5707_RS37460,MSDRRLDVDRTEWHEESRSGAAQSPATPGTHYGCPSTGALDARNLVGSLSIL,52,hypothetical protein, ,Derived by automated computational analysis using gene prediction method: GeneMarkS-2+.,OG0002334,,,,,Probably not conserved
GCF_030656675.1,Q5707_RS37510,MYHNAYLIDPNASVAAVGEVLDYFPGPGGAVYAHIQLASGARVEAAAQDITLTVPIPLVSDAA,63,hypothetical protein, ,Derived by automated computational analysis using gene prediction method: GeneMarkS-2+.,OG0002335,,,,,Probably not conserved
GCF_030656675.1,Q5707_RS37520,MSDRSRRPLPTFRDMRAWDVRNVDGTLVTTIGALGQVLGMSPAEAVRWVRAREDQRAMPDELIAEARQAR,70,hypothetical protein, ,Derived by automated computational analysis using gene prediction method: GeneMarkS-2+.,OG0000925,Cloud,,,,Probably not conserved
GCF_030656675.1,Q5707_RS37625,MRWVSDASTIGDDYLSLAEEQKLYAIEPCVRLLDLLDEPDGAEGGQAPQPL,51,hypothetical protein, ,Derived by automated computational analysis using gene prediction method: GeneMarkS-2+.,OG0002336,,,,,Probably not conserved
GCF_030656675.1,Q5707_RS37660,MSFIRRSTNARNSKPAQHLPRSGLFAALTSCGGNYFGDHPDRPALRSAVHERATDRSAR,59,hypothetical protein, ,Derived by automated computational analysis using gene prediction method: GeneMarkS-2+.,OG0002337,,,,,Probably not conserved
GCF_030656675.1,Q5707_RS37705,MPLVEITLIEGRDTDLIGNLIRQVHETVRNALHAPEENIRIIVREVPPTHWAAGGRTIAERRAAETP,67,tautomerase family protein, ,Derived by automated computational analysis using gene prediction method: Protein Homology.,OG0000315,Cloud,,,,Probably not conserved
GCF_030656675.1,Q5707_RS37885,MDHLAFSSGVHACAGQGLARLAVAAVFIALANRCSAITVAGDPVRALNNLTRGFARLPVRLT,62,hypothetical protein, ,Derived by automated computational analysis using gene prediction method: Protein Homology.,OG0002338,,,,,Probably not conserved
GCF_030656675.1,Q5707_RS38005,MAWRIESAETTQMAVLMFATAFEKYGVPLVLYADNRASMRSTGLLDALESAGGLGIVLAAAGQ,63,hypothetical protein, ,Derived by automated computational analysis using gene prediction method: Protein Homology.,OG0002339,,,,,Probably not conserved
GCF_030656675.1,Q5707_RS38010,MIEAEVGPIPTGRRSYPVAYRIEFLRRWDECLERGTKARLMRENNLDRSTVQAWLKARDRAEFTASMAT,69,hypothetical protein, ,Derived by automated computational analysis using gene prediction method: GeneMarkS-2+.,OG0000918,Cloud,,,,Probably not conserved
GCF_030656675.1,Q5707_RS38205,MTKNSARKKAARLYQSAHPATTFPDALRAVTRPRAAPRQVSDVVVQLGLLELVRRLSVRAKENGTEFIHF,70,hypothetical protein, ,Derived by automated computational analysis using gene prediction method: GeneMarkS-2+.,OG0000829,Cloud,,,,Probably not conserved
GCF_030656675.1,Q5707_RS38210,MTENPDSIRDRQCRRRLAISREVRAWVIPLVTAAASVVGAALGVMLR,47,hypothetical protein, ,Derived by automated computational analysis using gene prediction method: GeneMarkS-2+.,OG0002340,,,,,Probably not conserved
GCF_030656675.1,Q5707_RS38250,MTVIHPTGKMSARQLRHKLNVAHASGRLQPNGRARNAKGQWRGNRTATRRRAISEQVR,58,hypothetical protein, ,Derived by automated computational analysis using gene prediction method: GeneMarkS-2+.,OG0002341,,,,,Probably not conserved
GCF_030656675.1,Q5707_RS38295,MPFETTDAQRYIQEPFRTGNPLLGWIHQLAVDAATVRSAA,40,hypothetical protein, ,Derived by automated computational analysis using gene prediction method: GeneMarkS-2+.,OG0002342,,,,,Probably not conserved
GCF_030656675.1,Q5707_RS38320,MNKARATAVVGVTTLLMFLVAGTASASPPSPDPVWYSWFPTREMGDMFSHVVWILTGWMTGYGYF,65,hypothetical protein, ,Derived by automated computational analysis using gene prediction method: GeneMarkS-2+.,OG0000600,Cloud,,,,Probably not conserved
GCF_030656675.1,Q5707_RS38395,MKRKTVGGDERDAFTRVSRRHTTWKPGEVKKLKERANRRERRAARRELAA,50,hypothetical protein, ,Derived by automated computational analysis using gene prediction method: GeneMarkS-2+.,OG0000795,Cloud,,,,Probably not conserved
GCF_030656675.1,Q5707_RS38465,MTYPSIIDQQPPLYLRDVTQGEVFHFGQRCAPSAADDRPLPVTRCGYVNDVVTARIHASTEVASVSA,67,hypothetical protein, ,Derived by automated computational analysis using gene prediction method: GeneMarkS-2+.,OG0002343,,,,,Probably not conserved
GCF_030656675.1,Q5707_RS38470,MREQLTALSRNVIVVTEAAGEQDKPDVVDHLADVQRYLNDAAAALWDVLA,50,hypothetical protein, ,Derived by automated computational analysis using gene prediction method: GeneMarkS-2+.,OG0000541,Cloud,,,,Probably not conserved
GCF_030656675.1,Q5707_RS38670,MGAFLFAAPATTDTVTDYQINGANIRAAADGHSPSIGRGYIGDGITMICATYGPAVEGT,59,hypothetical protein, ,Derived by automated computational analysis using gene prediction method: GeneMarkS-2+.,OG0002344,,,,,Probably not conserved
GCF_030656675.1,Q5707_RS38685,MTENSGARSGLQVGDRVKVHAEGTSVFVIVSVEGEDALIESVDDAAPGRFPFHCKLSRLVPAEL,64,hypothetical protein, ,Derived by automated computational analysis using gene prediction method: Protein Homology.,OG0000072,Soft core,,,,Probably not conserved
GCF_030656675.1,Q5707_RS38725,MAVACGAFAVGTAQSGVWGGRGYRRGKLIR,30,hypothetical protein, ,Derived by automated computational analysis using gene prediction method: Protein Homology.,OG0002345,,,,,Probably not conserved
GCF_030656675.1,Q5707_RS38960,MTATNVVRKDQIESARFVIGEGEADRGEVRNSWDAHSDALASLEHAHLA,49,hypothetical protein, ,Derived by automated computational analysis using gene prediction method: GeneMarkS-2+.,OG0002346,,,,,Probably not conserved
GCF_030656675.1,Q5707_RS39000,MTTGDTVMLHPQGVSKFKILSIDEDGHALIESLLDSPGKYAFSVAVKFLVPATS,54,hypothetical protein, ,Derived by automated computational analysis using gene prediction method: Protein Homology.,OG0000072,Soft core,,,,Probably not conserved
GCF_030656675.1,Q5707_RS39035,MTIHANGIHTDDERDAWNLHEAGLSWTQVGREIGCTESAARAFASAYQQRTDAAAGENQGALF,63,hypothetical protein, ,Derived by automated computational analysis using gene prediction method: Protein Homology.,OG0000063,Soft core,group_2532,Cloud,Cloud,Cloud
GCF_030656675.1,Q5707_RS39045,MSSQKHLRPQPPTGNDVSSVLTHAETGIVENFVRALALKTLTEADPGRMETVRDTAR,57,hypothetical protein, ,Derived by automated computational analysis using gene prediction method: Protein Homology.,OG0000291,Cloud,group_2530,Cloud,Cloud,Cloud
GCF_030656675.1,Q5707_RS39220,MTSEIARIQLGKIADVCELDRAGVLPPVEAFRAADPGSCDVDHAPTLLPPTGGDRR,56,hypothetical protein, ,Derived by automated computational analysis using gene prediction method: Protein Homology.,OG0000420,Cloud,group_2529,Cloud,,Cloud
GCF_030656675.1,Q5707_RS39280,MVFEELERRRMAAGVNMSQFLADLLAAATGHTQLVQETNQEVLKLSA,47,hypothetical protein, ,Derived by automated computational analysis using gene prediction method: GeneMarkS-2+.,OG0000139,Shell,group_2528,Cloud,,Cloud
GCF_030656675.1,Q5707_RS39370,MGSSAVGQLWQTLSENELALVCVRGPQCEWADPMTVGDHASGGLTWLARETREIAEQYPHDTGQGPATP,69,hypothetical protein, ,Derived by automated computational analysis using gene prediction method: Protein Homology.,OG0000143,Shell,,,,Probably not conserved
GCF_030656675.1,Q5707_RS39385,MEDETSWLPAELAPVALRLARADEAVYQLSELTLNWSRGAEDRGTLDLVEVLTDAGELDLVVAWIRPIPR,70,hypothetical protein, ,Derived by automated computational analysis using gene prediction method: GeneMarkS-2+.,OG0000959,Cloud,,,,Probably not conserved
GCF_030656675.1,Q5707_RS39830,MKICVDRTKCTGLGICESLAPDIFEIDDAGGLLLLSEDADASVIDDVRAAVEGCPTEALTLVED,64,ferredoxin, ,Derived by automated computational analysis using gene prediction method: Protein Homology.,OG0000001,Conserved,,,,Probably not conserved
GCF_030656675.1,Q5707_RS39905,MPTKTLEAAHDHHLRGNTIAGTYQQARAILAAGVAYDDVTNTPERDGVAKFIASWNELLDTVGAALDPAH,70,hypothetical protein, ,Derived by automated computational analysis using gene prediction method: Protein Homology.,OG0000960,Cloud,,,,Probably not conserved
GCF_030656675.1,Q5707_RS39955,MRITHADGLVGLVSGDLPRARTPMEEALEVFGARGDLASRVWMLMILGLVPELQGMFPGQSAAIGRFCT,69,hypothetical protein, ,Derived by automated computational analysis using gene prediction method: GeneMarkS-2+.,OG0000961,Cloud,,,,Probably not conserved
GCF_030656675.1,Q5707_RS40160,MQLTSEMGIPDPKALAVQLSVLLDGASAAALVFRDTSGAAHARVAAEILMDAALATAPVVVGT,63,hypothetical protein, ,Derived by automated computational analysis using gene prediction method: GeneMarkS-2+.,OG0000962,Cloud,,,,Probably not conserved
GCF_030656675.1,Q5707_RS40205,MTTASMIPASSITSGPPMRRSGGMSTAEIKARIEAMYADDRRPVTQTDPR,50,hypothetical protein, ,Derived by automated computational analysis using gene prediction method: Protein Homology.,OG0000002,Conserved,,,,Probably not conserved
GCF_030656675.1,Q5707_RS40220,MTAKFELFKDIAGQFRFHLKAANGEIIAASQGYTSKAAAQNGIASIQATAATAPTEDLT,59,yegp family protein, ,Derived by automated computational analysis using gene prediction method: Protein Homology.,OG0000183,Shell,,,,Probably not conserved
GCF_030656675.1,Q5707_RS40320,MSTTNTFYVIASIDMMRAAVNAASSARRLAEHHLAEDTLRALYSLR,46,hypothetical protein, ,Derived by automated computational analysis using gene prediction method: GeneMarkS-2+.,OG0000963,Cloud,,,,Probably not conserved
GCF_030656675.1,Q5707_RS40385,MGSPVGEQLWQTLSDSGLALVCVRGPQCRWADLLVPRDESVGALTWLTRDADEIAELYRDHR,62,hypothetical protein, ,Derived by automated computational analysis using gene prediction method: Protein Homology.,OG0000143,Shell,group_2488,Shell,Cloud,Shell
GCF_030656675.1,Q5707_RS40395,MGIERMSLELPAGAARDDAEKRAVAQLRAQGVRAWSDLSLQTILTTDSPGISRYTFTYWVDENDRH,66,hypothetical protein, ,Derived by automated computational analysis using gene prediction method: Protein Homology.,OG0000279,Cloud,group_2387,Cloud,Cloud,Cloud
GCF_030656675.1,Q5707_RS40505,MTNKVSVDQDFCQAHGRCYAVFPDLFEPDDEGRAQVKNHGAVPESNTVDEILAVCPEAAITSV,63,ferredoxin, ,Derived by automated computational analysis using gene prediction method: Protein Homology.,OG0000245,Shell,group_2029,Cloud,Cloud,Cloud
GCF_030656675.1,Q5707_RS40545,MNLNVALLLLVLAGGIGGTAAVQAALRRSAGRRRGRGEGAVFRVDG,46,hypothetical protein, ,Derived by automated computational analysis using gene prediction method: Protein Homology.,OG0000964,Cloud,"group_2258, group_2474",Cloud,Cloud,Cloud
GCF_030656675.1,Q5707_RS40555,MADKSAVKSSKQSARALKERRAEKREKALESTQLIRKRKS,40,hypothetical protein, ,Derived by automated computational analysis using gene prediction method: Protein Homology.,OG0000004,Core,"group_2017, group_2478",Cloud,Cloud,Cloud
GCF_030656675.1,Q5707_RS40575,MTACFRSPMEKAITLLRTLERVVGVVGAKFYAEGQEETCWEPPA,44,hypothetical protein, ,Derived by automated computational analysis using gene prediction method: GeneMarkS-2+.,OG0000619,Cloud,"group_2091, group_1990",Cloud,Cloud,Cloud
GCF_030656675.1,Q5707_RS40585,MLTEECSKATYIEAPSVMRRVLRRARDGATLNVDEATTLLQARGDDLADLCCSSHHG,57,hypothetical protein, ,Derived by automated computational analysis using gene prediction method: GeneMarkS-2+.,OG0000620,Cloud,"group_2018, group_1989",Cloud,Cloud,Cloud
GCF_030656675.1,Q5707_RS40635,MQIIKRIPGATGFHVRPRVWVVERSFAWINKHRRCVRDYATRPDHHKAMVHLATIATMTRRLART,65,hypothetical protein, ,Derived by automated computational analysis using gene prediction method: GeneMarkS-2+.,OG0000506,Cloud,"group_1982, group_1988",Cloud,,Cloud
GCF_030656675.1,Q5707_RS40810,MHGLRHPYSGALYEPLGERRVQVTQRDGKVAVFAADGRWVSGDKIGADPQLTGWVAADRGIHRMAEK,67,transposase, ,Derived by automated computational analysis using gene prediction method: GeneMarkS-2+.,OG0000511,Cloud,"group_2019, group_1987",Cloud,Cloud,Cloud
GCF_030656675.1,Q5707_RS41060,MTKREWQVAELVSEGLTNRAVADKLVIAPRTSQGRVEHVLTKLGFTSRAQIAAWGVEQSTRQQPQSS,67,helix-turn-helix transcriptional regulator, ,Derived by automated computational analysis using gene prediction method: Protein Homology.,OG0000301,Cloud,group_165,Cloud,Cloud,Cloud
GCF_030656675.1,Q5707_RS41100,MPKYTVTFRNGISSDKPFDSDFQAINETHRPTAPQTGIVQIHRYADGGGLTDVWSASPTGRADRPDA,67,hypothetical protein, ,Derived by automated computational analysis using gene prediction method: Protein Homology.,OG0000113,Soft core,"group_2020, group_1986",Cloud,Cloud,Cloud
GCF_030656675.1,Q5707_RS41115,MRCDLCEHTFEVAVADRPEAVAFARTNGWIVGDRTWCPMCAATHTTRRTA,50,hypothetical protein, ,Derived by automated computational analysis using gene prediction method: Protein Homology.,OG0000154,Shell,"group_2467, group_1985",Cloud,Cloud,Cloud
GCF_030656675.1,Q5707_RS41120,MSETDCSNDTTGTASSQPGESASPVADDTIVWPEPSPLDSWWEHVVHDHPAPPAAESALGTDT,63,hypothetical protein, ,Derived by automated computational analysis using gene prediction method: Protein Homology.,OG0000191,Shell,"group_2021, group_1984",Cloud,Cloud,Cloud
GCF_030656675.1,Q5707_RS41135,MTTPTTPATAINAGVRGPAHAAAISAEEIKSRIEAMFADDRPDQQREAR,49,hypothetical protein, ,Derived by automated computational analysis using gene prediction method: GeneMarkS-2+.,OG0000002,Conserved,"group_2092, group_1983",Cloud,Cloud,Cloud
GCF_030656675.1,Q5707_RS41210,MARTTENLGANLLHGLRVSVVGTVLYAGVGVMGVGVVAVWKFAMPGV,47,hypothetical protein, ,Derived by automated computational analysis using gene prediction method: Protein Homology.,OG0000868,Cloud,group_1504,Cloud,Cloud,Cloud
GCF_030656675.1,Q5707_RS41360,MPRTSEVEVRYVQDDGTLVATPDSPARPKRPPARGSETNDLELTGV,46,hypothetical protein, ,Derived by automated computational analysis using gene prediction method: GeneMarkS-2+.,OG0000941,Cloud,group_1601,Cloud,,Cloud
GCF_030656675.1,Q5707_RS41425,MPSLIVNGVTYGICQTRFEATRELLARFAEGHTLGVAMSLTHDGARHHLFITPGVPITLVE,61,hypothetical protein, ,Derived by automated computational analysis using gene prediction method: Protein Homology.,OG0000130,Shell,group_2463,Cloud,Cloud,Cloud
GCF_030656675.1,Q5707_RS41670,MSTTTVTVTGMTCGHCVSSVREEIGSIPGVTAVDVDLASGRVDIDSAAPIEQSAIAQAVDEAGYQLAG,68,heavy metal-associated domain-containing protein, ,Derived by automated computational analysis using gene prediction method: Protein Homology.,OG0000006,Conserved,group_125,Cloud,,Cloud
GCF_030656675.1,Q5707_RS41725,MLIVAVALIASGTVGIGSLVFALACLGMMAVMMFSMGGQRH,41,hypothetical protein, ,Derived by automated computational analysis using gene prediction method: Protein Homology.,OG0002347,,group_1871,Cloud,,Probably not conserved
GCF_030656675.1,Q5707_RS41730,MTTATGSLWFLTNPTVSVVADVRCPPLLVRHDVPPFNEAGTRPSL,45,hypothetical protein, ,Derived by automated computational analysis using gene prediction method: GeneMarkS-2+.,OG0000362,Cloud,group_1650,Cloud,,Cloud
GCF_030656675.1,Q5707_RS41765,MAFTGASGPGRFEVTYRTEETAEGTRVSCHMRMEQKGLFALGDRVVAASLRRDFAANLRNLKALLETRAE,70,srpbcc family protein, ,Derived by automated computational analysis using gene prediction method: Protein Homology.,OG0002348,,,,,Probably not conserved
GCF_030656675.1,Q5707_RS41935,MSGSGLGPAGVMVMLGIADDARVCDLTAEQRGQITDAIAATSQRVEKHLRARAADCVPCPFAFALHIS,68,hypothetical protein, ,Derived by automated computational analysis using gene prediction method: GeneMarkS-2+.,OG0000950,Cloud,group_126,Cloud,,Cloud
GCF_030656675.1,Q5707_RS41970,MLRGYARVSSADQNPDHQIDAPRRAGVAAENIHVDHAGGAKGVADRNSIWC,51,hypothetical protein, ,Derived by automated computational analysis using gene prediction method: GeneMarkS-2+.,OG0000400,Cloud,group_1291,Cloud,,Cloud
GCF_030656675.1,Q5707_RS42080,MSSARSTVRSYLSVAVTALLGRGLTTRTRIGALVPVLSGPLTMVNLRQEARSA,53,hypothetical protein, ,Derived by automated computational analysis using gene prediction method: GeneMarkS-2+.,OG0000940,Cloud,group_1170,Cloud,,Cloud
GCF_030656675.1,Q5707_RS42290,MDLYATVFLTEKLRFRSVRRLAPFKLAIQRRIEGRFLSGFDDQLEAA,47,hypothetical protein, ,Derived by automated computational analysis using gene prediction method: GeneMarkS-2+.,OG0000869,Cloud,group_1537,Cloud,,Cloud
GCF_030656675.1,Q5707_RS42470,MVAATPDRNDERKATSEAPGVHLPQLPNALDGAVQRHVTVP,41,hypothetical protein, ,Derived by automated computational analysis using gene prediction method: GeneMarkS-2+.,OG0000574,Cloud,group_2462,Cloud,,Cloud
GCF_030656675.1,Q5707_RS42490,MAYLKPPAFTRHLANPLAMRLSARGVATLTVVGRRTGDPHKVPVIPVEVGQNRYLVSP,58,nitroreductase family deazaflavin-dependent oxidoreductase, ,Derived by automated computational analysis using gene prediction method: GeneMarkS-2+.,OG0002349,,,,,Probably not conserved
GCF_030656675.1,Q5707_RS42575,MAQGIVKWFNGEKGFGFIAPDDGTPDVFVHYSEISGSGFKSLDENQRVEFEVGQGQKGPQATNVRSV,67,cold-shock protein, ,Derived by automated computational analysis using gene prediction method: Protein Homology.,OG0000003,Conserved,"group_1996, group_1997",Shell,,Shell
GCF_030656675.1,Q5707_RS42720,MGISLSTLKQLRIKGLFAPLTVPRSRHDVITATETRVAVSDALTGFLGRFLGHLRW,56,hypothetical protein, ,Derived by automated computational analysis using gene prediction method: GeneMarkS-2+.,OG0000582,Cloud,group_937,Cloud,,Cloud
GCF_030656675.1,Q5707_RS42735,MAIGVLTHWQHLPHRRIGRVLVRLWWFWRRDFFDNILRVV,40,hypothetical protein, ,Derived by automated computational analysis using gene prediction method: GeneMarkS-2+.,OG0000581,Cloud,group_2208,Cloud,,Cloud
GCF_030656675.1,Q5707_RS42765,MRDAVTAPACPKAAGGVSFWLKPVGFFDRNPALDVAPTPEACDHHPSHHEDSDD,54,hypothetical protein, ,Derived by automated computational analysis using gene prediction method: GeneMarkS-2+.,OG0000398,Cloud,group_1077,Cloud,,Cloud
GCF_030656675.1,Q5707_RS42890,MHSRYRRQLSDTAIGGHPVTIDIRVRRFFCDTTDCAAKTFAEQIPV,46,hypothetical protein, ,Derived by automated computational analysis using gene prediction method: Protein Homology.,OG0002350,,group_1602,Cloud,,Probably not conserved
GCF_030656675.1,Q5707_RS42900,MSISAIGRKLSLNRRTVRRFVRATDVEELLANARFRTSLLDEFKPYLHERFNAGCTDRRT,60,hypothetical protein, ,Derived by automated computational analysis using gene prediction method: Protein Homology.,OG0000929,Cloud,group_731,Cloud,,Cloud
GCF_030656675.1,Q5707_RS43090,MGPFLADDIPATQDRGDGVEISDSAPGDRANAGDHQGSFDAVRALLRAEIVDDIA,55,hypothetical protein, ,Derived by automated computational analysis using gene prediction method: GeneMarkS-2+.,OG0002351,,group_1059,Cloud,,Probably not conserved
GCF_030656675.1,Q5707_RS43150,MIGYTVPEIRRLLVYLILRHARPDEHVWWRRRRQHQARTCHYRTRGHVP,49,hypothetical protein, ,Derived by automated computational analysis using gene prediction method: Protein Homology.,OG0000197,Cloud,group_1410,Cloud,,Cloud
GCF_030656675.1,Q5707_RS43205,MTKSTHGMCRVSAKRCTAAEKRSVILAKGAVEATGNPSCRCT,42,hypothetical protein, ,Derived by automated computational analysis using gene prediction method: GeneMarkS-2+.,OG0002352,,group_1816,Cloud,,Probably not conserved
GCF_030656675.1,Q5707_RS43410,MFSQFAPCFCQFPTGVVVLGARVGSDVAGMVVSSFSVGVSLSTPLVSFAAQRTSETWPPLRE,62,flavin reductase, ,Derived by automated computational analysis using gene prediction method: Protein Homology.,OG0002353,,group_584,Cloud,,Probably not conserved
GCF_030656675.1,Q5707_RS43435,MPRIPDDEALSSVLTLTRLDIPRVRRDAVRDTAEHLLALSSSLEAVVTRETPPTTAFNARWE,62,hypothetical protein, ,Derived by automated computational analysis using gene prediction method: GeneMarkS-2+.,OG0002354,,group_585,Cloud,,Probably not conserved
GCF_030656675.1,Q5707_RS43460,MARMQTAVRDLMGERGYDAATTKEIAAGADVGEANLFRYFPF,42,tetr family transcriptional regulator, ,Derived by automated computational analysis using gene prediction method: Protein Homology.,OG0002355,,group_1817,Cloud,,Probably not conserved
GCF_030656675.1,Q5707_RS43540,MTTVATSGRSPSSRAEEASVHEHEVVIALAAAAQGRPHQRLAAPSTEQ,48,hypothetical protein, ,Derived by automated computational analysis using gene prediction method: GeneMarkS-2+.,OG0002356,,group_1473,Cloud,,Probably not conserved
GCF_030656675.1,Q5707_RS43685,MVTVSELVSALDAELVRLGYKPSTMVWYRGCWRRLERFFASRGVQEFSVNLAME,54,hypothetical protein, ,Derived by automated computational analysis using gene prediction method: GeneMarkS-2+.,OG0002357,,group_1112,Cloud,,Probably not conserved
GCF_030656675.1,Q5707_RS43840,MGAGSVHETLVDDGMDYRRTLGAQVTTDVRHDFGGSAVVTR,41,hypothetical protein, ,Derived by automated computational analysis using gene prediction method: GeneMarkS-2+.,OG0000230,Shell,group_1872,Cloud,,Cloud
GCF_030656675.1,Q5707_RS43870,MTTPTTPATAINAGVRGPAHAAAISAEEIKSRIEAMFADDRPDQQREAR,49,hypothetical protein, ,Derived by automated computational analysis using gene prediction method: GeneMarkS-2+.,OG0000002,Conserved,"group_2092, group_1983",Cloud,,Cloud
GCF_030656675.1,Q5707_RS43885,MSETDCSNDTTGTASSQPGESASPVADDTIVWPEPSPLDSWWEHVVHDHPAPPAAESALGTDT,63,hypothetical protein, ,Derived by automated computational analysis using gene prediction method: Protein Homology.,OG0000191,Shell,"group_2021, group_1984",Cloud,,Cloud
GCF_030656675.1,Q5707_RS43890,MRCDLCEHTFEVAVADRPEAVAFARTNGWIVGDRTWCPMCAATHTTRRTA,50,hypothetical protein, ,Derived by automated computational analysis using gene prediction method: Protein Homology.,OG0000154,Shell,"group_2467, group_1985",Cloud,,Cloud
GCF_030656675.1,Q5707_RS43905,MPKYTVTFRNGISSDKPFDSDFQAINETHRPTAPQTGIVQIHRYADGGGLTDVWSASPTGRADRPDA,67,hypothetical protein, ,Derived by automated computational analysis using gene prediction method: Protein Homology.,OG0000113,Soft core,"group_2020, group_1986",Cloud,,Cloud
GCF_030656675.1,Q5707_RS44195,MHGLRHPYSGALYEPLGERRVQVTQRDGKVAVFAADGRWVSGDKIGADPQLTGWVAADRGIHRMAEK,67,transposase, ,Derived by automated computational analysis using gene prediction method: GeneMarkS-2+.,OG0000511,Cloud,"group_2019, group_1987",Cloud,Cloud,Cloud
GCF_030656675.1,Q5707_RS44370,MQIIKRIPGATGFHVRPRVWVVERSFAWINKHRRCVRDYATRPDHHKAMVHLATIATMTRRLART,65,hypothetical protein, ,Derived by automated computational analysis using gene prediction method: GeneMarkS-2+.,OG0000506,Cloud,"group_1982, group_1988",Cloud,,Cloud
GCF_030656675.1,Q5707_RS44420,MLTEECSKATYIEAPSVMRRVLRRARDGATLNVDEATTLLQARGDDLADLCCSSHHG,57,hypothetical protein, ,Derived by automated computational analysis using gene prediction method: GeneMarkS-2+.,OG0000620,Cloud,"group_2018, group_1989",Cloud,,Cloud
GCF_030656675.1,Q5707_RS44430,MTACFRSPMEKAITLLRTLERVVGVVGAKFYAEGQEETCWEPPA,44,hypothetical protein, ,Derived by automated computational analysis using gene prediction method: GeneMarkS-2+.,OG0000619,Cloud,"group_2091, group_1990",Cloud,Cloud,Cloud
GCF_030656675.1,Q5707_RS44450,MADKSAVKSSKQSARALKERRAEKREKALESTQLIRKRKS,40,hypothetical protein, ,Derived by automated computational analysis using gene prediction method: Protein Homology.,OG0000004,Core,"group_2017, group_2478",Cloud,Cloud,Cloud
GCF_030656675.1,Q5707_RS44460,MNLNVALLLLVLAGGIGGTAAVQAALRRSAGRRRGRGEGAVFRVDG,46,hypothetical protein, ,Derived by automated computational analysis using gene prediction method: Protein Homology.,OG0000964,Cloud,"group_2258, group_2474",Cloud,Cloud,Cloud
GCF_030656675.1,Q5707_RS44500,MTNKVSVDQDFCQAHGRCYAVFPDLFEPDDEGRAQVKNHGAVPESNTVDEILAVCPEAAITSV,63,ferredoxin, ,Derived by automated computational analysis using gene prediction method: Protein Homology.,OG0000245,Shell,group_2029,Cloud,Cloud,Cloud
GCF_030656675.1,Q5707_RS44610,MGIERMSLELPAGAARDDAEKRAVAQLRAQGVRAWSDLSLQTILTTDSPGISRYTFTYWVDENDRH,66,hypothetical protein, ,Derived by automated computational analysis using gene prediction method: Protein Homology.,OG0000279,Cloud,group_2387,Cloud,Cloud,Cloud
GCF_030656675.1,Q5707_RS44620,MGSPVGEQLWQTLSDSGLALVCVRGPQCRWADLLVPRDESVGALTWLTRDADEIAELYRDHR,62,hypothetical protein, ,Derived by automated computational analysis using gene prediction method: Protein Homology.,OG0000143,Shell,group_2488,Shell,Cloud,Shell
GCF_030656675.1,Q5707_RS44685,MSTTNTFYVIASIDMMRAAVNAASSARRLAEHHLAEDTLRALYSLR,46,hypothetical protein, ,Derived by automated computational analysis using gene prediction method: GeneMarkS-2+.,OG0000963,Cloud,,,,Probably not conserved
GCF_030656675.1,Q5707_RS44785,MTAKFELFKDIAGQFRFHLKAANGEIIAASQGYTSKAAAQNGIASIQATAATAPTEDLT,59,yegp family protein, ,Derived by automated computational analysis using gene prediction method: Protein Homology.,OG0000183,Shell,,,,Probably not conserved
GCF_030656675.1,Q5707_RS44800,MTTASMIPASSITSGPPMRRSGGMSTAEIKARIEAMYADDRRPVTQTDPR,50,hypothetical protein, ,Derived by automated computational analysis using gene prediction method: Protein Homology.,OG0000002,Conserved,,,,Probably not conserved
GCF_030656675.1,Q5707_RS44845,MQLTSEMGIPDPKALAVQLSVLLDGASAAALVFRDTSGAAHARVAAEILMDAALATAPVVVGT,63,hypothetical protein, ,Derived by automated computational analysis using gene prediction method: GeneMarkS-2+.,OG0000962,Cloud,,,,Probably not conserved
GCF_030656675.1,Q5707_RS45050,MRITHADGLVGLVSGDLPRARTPMEEALEVFGARGDLASRVWMLMILGLVPELQGMFPGQSAAIGRFCT,69,hypothetical protein, ,Derived by automated computational analysis using gene prediction method: GeneMarkS-2+.,OG0000961,Cloud,,,,Probably not conserved
GCF_030656675.1,Q5707_RS45100,MPTKTLEAAHDHHLRGNTIAGTYQQARAILAAGVAYDDVTNTPERDGVAKFIASWNELLDTVGAALDPAH,70,hypothetical protein, ,Derived by automated computational analysis using gene prediction method: Protein Homology.,OG0000960,Cloud,,,,Probably not conserved
GCF_030656675.1,Q5707_RS45175,MKICVDRTKCTGLGICESLAPDIFEIDDAGGLLLLSEDADASVIDDVRAAVEGCPTEALTLVED,64,ferredoxin, ,Derived by automated computational analysis using gene prediction method: Protein Homology.,OG0000001,Conserved,,,Cloud,Cloud
GCF_030656675.1,Q5707_RS45620,MEDETSWLPAELAPVALRLARADEAVYQLSELTLNWSRGAEDRGTLDLVEVLTDAGELDLVVAWIRPIPR,70,hypothetical protein, ,Derived by automated computational analysis using gene prediction method: GeneMarkS-2+.,OG0000959,Cloud,,,,Probably not conserved
GCF_030656675.1,Q5707_RS45635,MGSSAVGQLWQTLSENELALVCVRGPQCEWADPMTVGDHASGGLTWLARETREIAEQYPHDTGQGPATP,69,hypothetical protein, ,Derived by automated computational analysis using gene prediction method: Protein Homology.,OG0000143,Shell,,,,Probably not conserved
GCF_031763325.1,RHP72_RS00220,MLKHSIFGVLALAVAALDFTIGTKHMITAGIIALTASVYSFTKAASLRKAPNDKGNRP,58,hypothetical protein, ,Derived by automated computational analysis using gene prediction method: Protein Homology.,OG0000215,Shell,group_2115,Cloud,Cloud,Cloud
GCF_031763325.1,RHP72_RS00225,MTTEKDTSKPGWKAHTVVALISLAVGIIFLTGGTTISLIAGTSLLGLAVYHYVVALRLRRELKTPAEEEG,70,hypothetical protein, ,Derived by automated computational analysis using gene prediction method: GeneMarkS-2+.,OG0000287,Shell,,,Cloud,Cloud
GCF_031763325.1,RHP72_RS00230,MSDDEHDAWQLHHHGASWDDIGTEMGCSPTTAQTLATAYEKRTDNAAAQTQNTLF,55,hypothetical protein, ,Derived by automated computational analysis using gene prediction method: Protein Homology.,OG0000063,Soft core,group_2009,Cloud,Cloud,Cloud
GCF_031763325.1,RHP72_RS00255,MATYRVINPAGDVTATREIDSADDAHAWFVDARADNSELGWRMEVQHDGEWSFFDDTEGASS,62,hypothetical protein, ,Derived by automated computational analysis using gene prediction method: Protein Homology.,OG0000066,Soft core,group_2010,Cloud,Cloud,Cloud
GCF_031763325.1,RHP72_RS00275,MIILGIVLLIVGFLTGISILWTIGIILVVIGVVLFALGAAGHAVGGRRHYY,51,duf6131 family protein, ,Derived by automated computational analysis using gene prediction method: Protein Homology.,OG0000000,Conserved,group_1245,Cloud,Cloud,Cloud
GCF_031763325.1,RHP72_RS00320,MEDNRIRSALDATPDTDYLEQTIPADPNAVDAVDLEALTTELDTPWPAPEGDLLEQSTPAPLDDER,66,hypothetical protein, ,Derived by automated computational analysis using gene prediction method: Protein Homology.,OG0000199,Shell,group_2011,Cloud,Cloud,Cloud
GCF_031763325.1,RHP72_RS00345,MDVDDLDVVVWPESEEREAWWRQVVTGGSAGAATSTMTPNRSIEDASSRILHAA,54,hypothetical protein, ,Derived by automated computational analysis using gene prediction method: GeneMarkS-2+.,OG0000129,Shell,group_2012,Cloud,Cloud,Cloud
GCF_031763325.1,RHP72_RS00350,MNVQTSRSNSWPAVHSGSMSTAEIKARIESMYADRGALVPKGTGTKS,47,hypothetical protein, ,Derived by automated computational analysis using gene prediction method: Protein Homology.,OG0000002,Conserved,group_1493,Cloud,Cloud,Cloud
GCF_031763325.1,RHP72_RS00365,MKDVRKAMTETELVEELHRLENLTKRNRCEQIRLEIVHDELVGRQTDYRRMANNH,55,hypothetical protein, ,Derived by automated computational analysis using gene prediction method: GeneMarkS-2+.,OG0000238,Shell,group_2105,Cloud,Cloud,Cloud
GCF_031763325.1,RHP72_RS00680,MSNISFDSVSNSAPANALQGVGTNALVDNPFTFEPVAEATSAHALQGVGTNALVDNPFSFQS,62,streptamidine-related ripp repeat protein, ,Derived by automated computational analysis using gene prediction method: Protein Homology.,OG0000093,Soft core,group_2291,Soft core,Shell,Soft core
GCF_031763325.1,RHP72_RS00875,MFNDVFNNVIHPMVTNFQQLGPQQFIPQQFIPQGVFQQAPQAAEQAVTIFGS,52,hypothetical protein, ,Derived by automated computational analysis using gene prediction method: Protein Homology.,OG0000075,Soft core,group_2178,Soft core,Soft core,Soft core
GCF_031763325.1,RHP72_RS01565,MPINETQIPPTVEAFPYKKGTIVIQRDPRAPLVADGSRSIRAAVGLLTERPEVRLPKGSRRL,62,hypothetical protein, ,Derived by automated computational analysis using gene prediction method: GeneMarkS-2+.,OG0000305,Cloud,group_523,Cloud,Cloud,Cloud
GCF_031763325.1,RHP72_RS01820,MGIADKAQNKAEDLGGKAKEAAGSATGDRDLENEGKGDQVKSAVKDAGEKVKDAASSIKDKLT,63,csbd family protein, ,Derived by automated computational analysis using gene prediction method: Protein Homology.,OG0000011,Conserved,group_2411,Conserved,Soft core,Soft core
GCF_031763325.1,RHP72_RS01835,MADLTLLTDDELRERRIALSRSLTTAADLIPTPPPSFFEKLKQDIDAAAAEWIARRS,57,hypothetical protein, ,Derived by automated computational analysis using gene prediction method: Protein Homology.,OG0000076,Soft core,group_2322,Soft core,Soft core,Soft core
GCF_031763325.1,RHP72_RS02580,MSEITSWEYTVTPLLVHNPKAILDNWGVDGWELVAVLPSASGEQHVAYMKRPKG,54,hypothetical protein, ,Derived by automated computational analysis using gene prediction method: Protein Homology.,OG0000012,Conserved,group_2273,Conserved,Soft core,Soft core
GCF_031763325.1,RHP72_RS02855,MAQGTVKWFNAEKGFGFIAPEDGSADVFVHYSEIQGNGFRTLEENQRVEFEVGQGTKGPQATGVRAV,67,cold-shock protein, ,Derived by automated computational analysis using gene prediction method: Protein Homology.,OG0000013,Conserved,group_128,Conserved,Soft core,Soft core
GCF_031763325.1,RHP72_RS02890,MADSLKARVKEKLLRQLAEDGRHPIQEAEGDDPRLVSINDDLEALEQAEEGDPIVEELAERYWVP,65,hypothetical protein, ,Derived by automated computational analysis using gene prediction method: Protein Homology.,OG0000014,Conserved,group_2342,Conserved,Soft core,Soft core
GCF_031763325.1,RHP72_RS03050,MGSADVMAWLAEGYLAGDPIRYPLYVGSMFLAMPFQLIGVILGHPF,46,hypothetical protein, ,Derived by automated computational analysis using gene prediction method: Protein Homology.,OG0000061,Soft core,group_1542,Soft core,Soft core,Soft core
GCF_031763325.1,RHP72_RS03395,MPEIVDALRAVLDHRETVLDRETVLDGEIVELGPDGATELSPRHRLSG,48,hypothetical protein, ,Derived by automated computational analysis using gene prediction method: GeneMarkS-2+.,OG0000790,Cloud,group_2036,Cloud,Cloud,Cloud
GCF_031763325.1,RHP72_RS03440,MATTAAVQNPTRSRARTMSLSEYVAEHPAQRVFPPTSERAARMAMLIMFALMAVTLVVLVLDEAGIFG,68,hypothetical protein, ,Derived by automated computational analysis using gene prediction method: GeneMarkS-2+.,OG0000095,Soft core,group_53,Soft core,Soft core,Soft core
GCF_031763325.1,RHP72_RS03610,MTSAVEYPGVVTTSNCAEGGSHSLSAGIFVTVAVYRIAGRPEMVKFVGPL,50,hypothetical protein, ,Derived by automated computational analysis using gene prediction method: Protein Homology.,OG0000239,Shell,group_2037,Shell,Shell,Shell
GCF_031763325.1,RHP72_RS03715,MALAYSPDTSIDSTRLAFLAAAVVLFAMLALYLVGFDQGAISRTGMYMHELMHDGRHLMGLPCH,64,cbtb domain-containing protein, ,Derived by automated computational analysis using gene prediction method: Protein Homology.,OG0000008,Conserved,group_2468,Conserved,Core,Conserved
GCF_031763325.1,RHP72_RS04140,MNAYICPICDYTYTESTGAAREGFPPGTPWSSIPDDWCCPDCGVREKVDFTLVTQS,56,rubredoxin, ,Derived by automated computational analysis using gene prediction method: Protein Homology.,OG0000096,Soft core,group_2166,Soft core,Soft core,Soft core
GCF_031763325.1,RHP72_RS04145,MSETATAYKLFRCLQCGFEYDEAIGWPDDGIEPGTRWDEIPEDWSCPDCGAAKVDFEMVEVNR,63,rubredoxin, ,Derived by automated computational analysis using gene prediction method: Protein Homology.,OG0000097,Soft core,group_421,Soft core,Soft core,Soft core
GCF_031763325.1,RHP72_RS04695,MKNPNLTPSRVLAVVLAAALVIFVIARRRDDGALSRGEWLSDTVGPDDLAG,51,hypothetical protein, ,Derived by automated computational analysis using gene prediction method: Protein Homology.,OG0000077,Soft core,group_2167,Soft core,Soft core,Soft core
GCF_031763325.1,RHP72_RS04785,MEVRVDLDRCEANGVCVGIAPDIFDLDDNEELVISSVRPPEDRWEDVRSAIAQCPRAALTEHP,63,ferredoxin, ,Derived by automated computational analysis using gene prediction method: Protein Homology.,OG0000005,Conserved,group_423,Soft core,Soft core,Soft core
GCF_031763325.1,RHP72_RS04850,MAENTTVETEIADEDLEPVADETARQAQRVVAAYAEDADECRMLLSMLGISPAAKLD,57,hypothetical protein, ,Derived by automated computational analysis using gene prediction method: Protein Homology.,OG0000015,Conserved,group_2168,Soft core,Soft core,Soft core
GCF_031763325.1,RHP72_RS05540,MTKFLVPGVASAVIGAVLGAGVIFGVTAAASDNTRPEIDRSGNADSSVLNQVEYGSR,57,duf2613 domain-containing protein, ,Derived by automated computational analysis using gene prediction method: Protein Homology.,OG0000016,Conserved,group_855,Soft core,Soft core,Soft core
GCF_031763325.1,RHP72_RS05680,MVGLIVLAALVLASVLVGFVFRRPIAEAKSAVLAFDDASSQPQRD,45,hypothetical protein, ,Derived by automated computational analysis using gene prediction method: GeneMarkS-2+.,OG0000098,Soft core,group_2198,Soft core,Soft core,Soft core
GCF_031763325.1,RHP72_RS05690,MAFTTGSSKTDLATLGDFQKIIAGLGGVLVGIGAVAGLLGAIGGAGSSQPKA,52,hypothetical protein, ,Derived by automated computational analysis using gene prediction method: GeneMarkS-2+.,OG0000247,Shell,group_1186,Shell,Shell,Shell
GCF_031763325.1,RHP72_RS05745,MPERGQSRVDAGIIAVVAVITGVFVALTGHGLVAALATVVGLALGMAIVRYLIKGR,56,hypothetical protein, ,Derived by automated computational analysis using gene prediction method: Protein Homology.,OG0000078,Soft core,group_2220,Soft core,Soft core,Soft core
GCF_031763325.1,RHP72_RS05910,MMRIVTLIVLIWLIVGAVAAGQRGYYSSSPTNCAGVGTIALTVIAGPLNYFGVNPKVTDCTLPQPTE,67,hypothetical protein, ,Derived by automated computational analysis using gene prediction method: Protein Homology.,OG0000017,Conserved,group_129,Soft core,Soft core,Soft core
GCF_031763325.1,RHP72_RS05915,MIILGVILLIIGFVVNIPILWTIGVVLLVIGIILYALGAAGHAIGGRRHYY,51,duf6131 family protein, ,Derived by automated computational analysis using gene prediction method: Protein Homology.,OG0000000,Conserved,group_1229,Soft core,Soft core,Soft core
GCF_031763325.1,RHP72_RS05960,MTDKDDNDQSPKGGHPGPVDKGGDGGMATREQAPELVEETSDEKSDDE,48,hypothetical protein, ,Derived by automated computational analysis using gene prediction method: Protein Homology.,OG0000018,Core,group_2221,Soft core,Soft core,Soft core
GCF_031763325.1,RHP72_RS06065,MSIRRCSLASGRALRTARFGVATFRRGRKAIDRRPSGLVWIERALAAPAGSV,52,hypothetical protein, ,Derived by automated computational analysis using gene prediction method: GeneMarkS-2+.,OG0000142,Shell,group_2080,Shell,Shell,Shell
GCF_031763325.1,RHP72_RS06085,MIVLGIILALIGFFTGLSILTTVGIILVVVGAVLSILGATGRAVGGRKVWY,51,duf6131 family protein, ,Derived by automated computational analysis using gene prediction method: Protein Homology.,OG0000000,Conserved,group_1230,Soft core,Soft core,Soft core
GCF_031763325.1,RHP72_RS06330,MPAPIMAPAAALAEPVVWNEDPQRQGWWKRILAATPPENPTNEEFQP,47,hypothetical protein, ,Derived by automated computational analysis using gene prediction method: Protein Homology.,OG0000118,Soft core,group_2222,Soft core,Soft core,Soft core
GCF_031763325.1,RHP72_RS06395,MWWIVGGVLLVWVVCSIPIAILVGRGIARRDRAEFDGRNQQWADEVVRSIEKQSEQDNADRRKPPLIS,68,hypothetical protein, ,Derived by automated computational analysis using gene prediction method: Protein Homology.,OG0000079,Soft core,group_2275,Shell,Shell,Shell
GCF_031763325.1,RHP72_RS06425,MGALSPTHWAIVAVVLVVLFGSKKLPDAARGLGRSMRILKSEVGELQSDTDLALEQRD,58,sec-independent protein translocase subunit tata, ,Derived by automated computational analysis using gene prediction method: Protein Homology.,OG0000019,Conserved,tatA,Soft core,Soft core,Soft core
GCF_031763325.1,RHP72_RS06470,MAQGSVKWFNGEKGFGFIEQEGGGPDVFVHYSEIQGSGYKSLDEGQKVEFEIGQGQKGPQAQNVRAI,67,cold-shock protein, ,Derived by automated computational analysis using gene prediction method: Protein Homology.,OG0000069,Soft core,group_130,Soft core,Soft core,Soft core
GCF_031763325.1,RHP72_RS06515,MSADSRGTSTQTRREYQMFVLQQRLLFGSIVAGTALGVLAITYF,44,hypothetical protein, ,Derived by automated computational analysis using gene prediction method: GeneMarkS-2+.,OG0000122,Soft core,group_2138,Soft core,Soft core,Soft core
GCF_031763325.1,RHP72_RS06525,MTTIDIPPTQGESTTGIGITVASATLTTEEVKRRIAMMYGDPVTEEPVALAH,52,hypothetical protein, ,Derived by automated computational analysis using gene prediction method: Protein Homology.,OG0000002,Conserved,group_2274,Soft core,Soft core,Soft core
GCF_031763325.1,RHP72_RS06550,MSEQNSTDRTDQTDEPQTTGTDHGPGTGSDTAPKDVQTDPSGERTWADEGGASSTGPATDTD,62,pi-type proteinase, ,Derived by automated computational analysis using gene prediction method: Protein Homology.,OG0000020,Core,group_2297,Soft core,Soft core,Soft core
GCF_031763325.1,RHP72_RS06580,MGGSADALNRALERVDRDFASPIGVGVRRTLRGTMRQIAKPARTQYTRLRARFPGAKTYTEI,62,hypothetical protein, ,Derived by automated computational analysis using gene prediction method: GeneMarkS-2+.,OG0000115,Soft core,group_2190,Soft core,Soft core,Soft core
GCF_031763325.1,RHP72_RS06585,MTTSTVGLLAGLLLGVAAAAGGFTGFLIALVLGVIGYLVGGQRDGEFDLGVMLKGRGRG,59,hypothetical protein, ,Derived by automated computational analysis using gene prediction method: Protein Homology.,OG0000099,Soft core,group_732,Soft core,Soft core,Soft core
GCF_031763325.1,RHP72_RS06610,MSDFIDKAKHRAEDLIGEAKEKFGNATGNDDLAAEGVADQGEAKVKKAGDTVSDKVSDIKDKFTS,65,csbd family protein, ,Derived by automated computational analysis using gene prediction method: Protein Homology.,OG0000074,Soft core,group_2191,Soft core,Soft core,Soft core
GCF_031763325.1,RHP72_RS07005,MSKEVSAGLAVGAMVLVAGLIWTGFPLDTYSIVAVIFAMCGGSITWIYVRANEESTGDAATKERNQ,66,hypothetical protein, ,Derived by automated computational analysis using gene prediction method: Protein Homology.,OG0000144,Shell,group_2282,Shell,Shell,Shell
GCF_031763325.1,RHP72_RS07185,MTFLAAADDIRPSWPLQQLAELVPNGSFEVVDGVAHNFWQSHPLLWRKIVTEACAAHSRLS,61,hypothetical protein, ,Derived by automated computational analysis using gene prediction method: GeneMarkS-2+.,OG0000965,Cloud,group_662,Cloud,Cloud,Cloud
GCF_031763325.1,RHP72_RS07335,MGSLGNLLKANGMGWGILQLLPLVNMLKTLQGLDTASSNS,40,hypothetical protein, ,Derived by automated computational analysis using gene prediction method: GeneMarkS-2+.,OG0000080,Soft core,group_2512,Soft core,Soft core,Soft core
GCF_031763325.1,RHP72_RS07340,MGSFEDFSGVVKTFIPVLKDLFTALGGGSLTPGTGSAADK,40,hypothetical protein, ,Derived by automated computational analysis using gene prediction method: GeneMarkS-2+.,OG0000108,Soft core,group_2511,Soft core,Soft core,Soft core
GCF_031763325.1,RHP72_RS07345,MFGSLSTLGPLLTALGAFLKSVPTESLSGKGEGSSTGSLSGLSSGSAE,48,hypothetical protein, ,Derived by automated computational analysis using gene prediction method: Protein Homology.,OG0000081,Soft core,group_2510,Soft core,Soft core,Soft core
GCF_031763325.1,RHP72_RS07455,MKAVEGGFDTAWSRRHVDLCRTAGSFCTN,29,putative leader peptide, ,Derived by automated computational analysis using gene prediction method: Protein Homology.,OG0000132,Shell,group_1947,Shell,Shell,Shell
GCF_031763325.1,RHP72_RS07560,MGSLDTGSLSTESLEDLNLGKISELLKLGITAVSFITALNSLS,43,hypothetical protein, ,Derived by automated computational analysis using gene prediction method: GeneMarkS-2+.,OG0000067,Soft core,group_2503,Soft core,Soft core,Soft core
GCF_031763325.1,RHP72_RS07725,MDEGTWTRGRAWALSIALVALPYYRDTNEQITAWAKHAIAQVVDDIRTEP,50,hypothetical protein, ,Derived by automated computational analysis using gene prediction method: Protein Homology.,OG0000155,Shell,group_2238,Shell,Shell,Shell
GCF_031763325.1,RHP72_RS07800,MGFNMIVMFLQTTAALFTDLLGNVWSGSLMPGIDGVTGSLVSAIDLS,47,hypothetical protein, ,Derived by automated computational analysis using gene prediction method: Protein Homology.,OG0000184,Shell,group_2237,Shell,Shell,Shell
GCF_031763325.1,RHP72_RS07805,MMDLGSIADVLEGEAGGLIKNILGMALFTPFIASVDFGWFPNVD,44,hypothetical protein, ,Derived by automated computational analysis using gene prediction method: Protein Homology.,OG0000306,Cloud,group_2050,Cloud,Cloud,Cloud
GCF_031763325.1,RHP72_RS07810,MDTASLIGALASVDVGSLVDPLFYLVKVVDGIFVSITGSLNMGGALGEAAAGSVQSVLGSVAGL,64,hypothetical protein, ,Derived by automated computational analysis using gene prediction method: GeneMarkS-2+.,OG0000206,Shell,group_358,Shell,Shell,Shell
GCF_031763325.1,RHP72_RS07825,MTFESNTPRPFTRSNDKKMFAGVCGGIADYFGADVNLVRLLAVIAAICTGGTAALVYLAAWMLMPLG,67,pspc domain-containing protein, ,Derived by automated computational analysis using gene prediction method: Protein Homology.,OG0000021,Conserved,group_2380,Conserved,Soft core,Soft core
GCF_031763325.1,RHP72_RS08330,MGSSHDGKPAVAGTQFLTVAEVATLMRVSKMTVYRLVHSGELPAVRVGRSFRVHAKAVHDYLETSYFDAG,70,helix-turn-helix domain-containing protein, ,Derived by automated computational analysis using gene prediction method: Protein Homology.,OG0000071,Soft core,,,Soft core,Soft core
GCF_031763325.1,RHP72_RS08335,MGSVIKKRRKRMSKKKHRKLLRRTRVQRRKLGK,33,aurkaip1/cox24 domain-containing protein, ,Derived by automated computational analysis using gene prediction method: Protein Homology.,OG0000022,Conserved,group_1939,Conserved,Conserved,Conserved
GCF_031763325.1,RHP72_RS08390,MSSQEALRTESTHDAPLRQRGSRTEVILFAILGASVLVTLLMLMIPGIVSG,51,hypothetical protein, ,Derived by automated computational analysis using gene prediction method: Protein Homology.,OG0000100,Soft core,group_1231,Soft core,Soft core,Soft core
GCF_031763325.1,RHP72_RS08520,MLYLLALVGLVTLIVLMWKAFGPDPSTRTPVSGVRGPDDDPEFLWNVNQQTRRKRTEGPDVPPTDAST,68,hypothetical protein, ,Derived by automated computational analysis using gene prediction method: Protein Homology.,OG0000023,Conserved,group_2362,Soft core,Conserved,Soft core
GCF_031763325.1,RHP72_RS08525,MSAPTFNTAADALMTPGQVAALFHVDPKTVTRWAHAGRLGSLRTPGGHRRFRETEVMQLLRSLTTEADNN,70,bldc family transcriptional regulator, ,Derived by automated computational analysis using gene prediction method: Protein Homology.,OG0000068,Soft core,,,Soft core,Soft core
GCF_031763325.1,RHP72_RS08730,MASSTDVRPKITLACEVCKHRNYITKKNRRNDPDRLELKKFCPNCGTHQSHRESK,55,50s ribosomal protein l33, ,Derived by automated computational analysis using gene prediction method: Protein Homology.,OG0000024,Conserved,rpmG,Conserved,Soft core,Soft core
GCF_031763325.1,RHP72_RS08865,MAGKKLDRTNARTALEVVRESPTIAFITVAPAVVVFGVVWWLFGFWAAILLALVFGVAAVATQKLR,66,hypothetical protein, ,Derived by automated computational analysis using gene prediction method: Protein Homology.,OG0000025,Conserved,group_2209,Conserved,Soft core,Soft core
GCF_031763325.1,RHP72_RS09010,MNSTTVGLLVGLLLALAGIMGGFSGFVFAVLLGAAGMAIGAHRDGHLDLGAILRSRGRG,59,hypothetical protein, ,Derived by automated computational analysis using gene prediction method: Protein Homology.,OG0000026,Conserved,group_2303,Conserved,Soft core,Soft core
GCF_031763325.1,RHP72_RS09135,MRLSTRNQLTGTITEVNLGTVMATVKVKLDGGNQIVTSSITRDAALDLDLEPGQAATVFVKSTEVTIGVE,70,tobe domain-containing protein, ,Derived by automated computational analysis using gene prediction method: Protein Homology.,OG0000064,Soft core,,,Soft core,Soft core
GCF_031763325.1,RHP72_RS09140,MTEPVKGPASYFPSIEKKYGRPIGEWQELIRSSDLTKHMELVNWLKSEHGMGHGHANALVAHTLKEG,67,duf4287 domain-containing protein, ,Derived by automated computational analysis using gene prediction method: Protein Homology.,OG0000027,Conserved,group_2329,Soft core,Soft core,Soft core
GCF_031763325.1,RHP72_RS09155,MSDRDNKALENDLVEESLVEEVSIDGMCGVY,31,mycofactocin precursor mfta, ,"Mycofactocin is a small molecule electron carrier derived from the final two amino acids, Val-Tyr, of MftA, the mycofactocin precursor. It plays a role in redox homeostasis and the metabolism of alcohols and aldehydes in Actinobacteria, including Mycobacterium tuberculosis; Derived by automated computational analysis using gene prediction method: Protein Homology.",OG0000009,Conserved,group_2326,Conserved,Soft core,Soft core
GCF_031763325.1,RHP72_RS09500,MAKKALVNKANKKPKFAVRAYTRCQRCGRPHSVFRKFGLCRICVREMAHAGELPGVRKSSW,61,type z 30s ribosomal protein s14, ,Derived by automated computational analysis using gene prediction method: Protein Homology.,OG0000028,Conserved,group_2294,Conserved,Soft core,Soft core
GCF_031763325.1,RHP72_RS09525,MADLKVTQIKSIIGTKQNQKDSLRTLGLKGIRQTVVREDNAQNRGLINVVRHLVTVEEV,59,50s ribosomal protein l30, ,Derived by automated computational analysis using gene prediction method: Protein Homology.,OG0000029,Conserved,rpmD,Conserved,Soft core,Soft core
GCF_031763325.1,RHP72_RS09555,MKVQPSVKKICEKCKVIRRNGRVMVICENLRHKQRQG,37,50s ribosomal protein l36, ,Derived by automated computational analysis using gene prediction method: Protein Homology.,OG0000030,Conserved,rpmJ,Conserved,Soft core,Soft core
GCF_031763325.1,RHP72_RS10030,MTIFEWILAIPALALAVAFLFSGIISAGIDFDAEDGVMTH,40,hypothetical protein, ,Derived by automated computational analysis using gene prediction method: GeneMarkS-2+.,OG0000082,Soft core,group_2186,Soft core,Soft core,Soft core
GCF_031763325.1,RHP72_RS10885,MSSYRCPVCEYVYDESKGAPREGFPAGTPWDAVPDDWCCPDCGVREKLDFEPMPANAGSES,61,rubredoxin, ,Derived by automated computational analysis using gene prediction method: Protein Homology.,OG0000053,Core,group_2279,Soft core,Soft core,Soft core
GCF_031763325.1,RHP72_RS10890,MNDYKLYQCAQCGFEYDEAVGWPEDGIEPGTRWDDIPEDWSCPDCGAAKSDFFMVEVERR,60,rubredoxin, ,Derived by automated computational analysis using gene prediction method: Protein Homology.,OG0000007,Conserved,group_2155,Soft core,Soft core,Soft core
GCF_031763325.1,RHP72_RS11560,MATDPAPRSERKKILLRLDPAVHDALARWAADDLRSTNAQIEFLLRRALTEHGRMPKNAGKMHGPGRPPA,70,hypothetical protein, ,Derived by automated computational analysis using gene prediction method: Protein Homology.,OG0000114,Soft core,,,Soft core,Soft core
GCF_031763325.1,RHP72_RS11860,MSDLDSNTPSEPESQSEETKRKFREALERKNHQNAKSTDHRDGQSKVHNTHGPADHKREFRRKSG,65,duf5302 domain-containing protein, ,Derived by automated computational analysis using gene prediction method: Protein Homology.,OG0000031,Conserved,group_2470,Core,Soft core,Soft core
GCF_031763325.1,RHP72_RS11945,MAAVCDVCAKGPGFGKSVSHSHRRTNRRWNPNIQSVRTEVAPGNTRKVNVCTSCLKAGKVARG,63,50s ribosomal protein l28, ,Derived by automated computational analysis using gene prediction method: Protein Homology.,OG0000032,Conserved,rpmB,Conserved,Soft core,Soft core
GCF_031763325.1,RHP72_RS11985,MAVPKRKMSRSNTRSRRSQWKTTVPTLVTCPNRGCGEQTLPHIACPSCGTYKGRQVTAAV,60,50s ribosomal protein l32, ,Derived by automated computational analysis using gene prediction method: Protein Homology.,OG0000033,Conserved,group_2479,Conserved,Soft core,Soft core
GCF_031763325.1,RHP72_RS12845,MQLLDSEVVRRCAVTAAAAAAVCRSIGPGVVDGDAVTGKSFFLQDGGWPGT,51,hypothetical protein, ,Derived by automated computational analysis using gene prediction method: GeneMarkS-2+.,OG0000147,Shell,group_2063,Shell,Shell,Shell
GCF_031763325.1,RHP72_RS12875,MKVPAFHSTVPSDLDVYHDNESCILAARIAVSHRAHGVDGRPWCTACASLD,51,hypothetical protein, ,Derived by automated computational analysis using gene prediction method: Protein Homology.,OG0000083,Soft core,group_2187,Soft core,Soft core,Soft core
GCF_031763325.1,RHP72_RS13195,MFWKIVLAVVLVWVALAVVGALIKGLFWVLVVGAVGFGIYFLVKAMSGSDDNSPASRF,58,hypothetical protein, ,Derived by automated computational analysis using gene prediction method: Protein Homology.,OG0000034,Conserved,group_2296,Soft core,Soft core,Soft core
GCF_031763325.1,RHP72_RS13220,MRLTEFHEMVREEFGQVRGDSMLIDHVLQSLDGMTAAEAVEAGWEPREVWRALCVEFDVPPARR,64,duf3046 domain-containing protein, ,Derived by automated computational analysis using gene prediction method: Protein Homology.,OG0000035,Conserved,group_2481,Conserved,Soft core,Soft core
GCF_031763325.1,RHP72_RS13495,MPGTLTSPQLTAADRCDRCGAGARVRAVLPTGGELLFCGHHATEHADRLREMNAVVSESEPAI,63,hypothetical protein, ,Derived by automated computational analysis using gene prediction method: Protein Homology.,OG0000036,Conserved,group_2483,Conserved,Soft core,Soft core
GCF_031763325.1,RHP72_RS13785,MVSASRMARLRILGMLDDAIRERAVDIIERLHWVVGAAEHV,41,hypothetical protein, ,Derived by automated computational analysis using gene prediction method: GeneMarkS-2+.,OG0000947,Cloud,group_1868,Cloud,Cloud,Cloud
GCF_031763325.1,RHP72_RS13790,MIDSFVKAIARWDSEKDALGCQPLLGLVEGAADPLLGGGDQPRRSREHELAAWCGGEGRLPDAVVMLHP,69,hypothetical protein, ,Derived by automated computational analysis using gene prediction method: GeneMarkS-2+.,OG0000691,Cloud,group_49,Cloud,Cloud,Cloud
GCF_031763325.1,RHP72_RS13795,MRRGEPYSVDLLTAKAAKEAAETAISTARTTGTDPNSQRRAEVERCIAESGTGGIAQNDLAGLV,64,hypothetical protein, ,Derived by automated computational analysis using gene prediction method: GeneMarkS-2+.,OG0000692,Cloud,group_2458,Cloud,Cloud,Cloud
GCF_031763325.1,RHP72_RS13800,MGMASKGARTVVTARVPNEIYEILEYRRRVAGVRSVSQFISDVLAIYVGRADLIRELEPDLLPGSA,66,hypothetical protein, ,Derived by automated computational analysis using gene prediction method: GeneMarkS-2+.,OG0000139,Shell,group_273,Cloud,,Cloud
GCF_031763325.1,RHP72_RS13880,MALGLAPDALPQTQAGEKPHFIKTAAIISGNQPGADTEGNFG,42,hypothetical protein, ,Derived by automated computational analysis using gene prediction method: GeneMarkS-2+.,OG0002358,,group_1818,Cloud,,Probably not conserved
GCF_031763325.1,RHP72_RS13900,MYTQARLAFNATRTAEADRSWSHFVEKAIAGEIRRRAELHNCGEDFEGVDAPFSPGRPLSDH,62,hypothetical protein, ,Derived by automated computational analysis using gene prediction method: Protein Homology.,OG0002359,,group_586,Cloud,,Probably not conserved
GCF_031763325.1,RHP72_RS13910,MTDARVNAARTKLIIDKKLKRTSKPEIEKLAALKTTSERRLIAG,44,hypothetical protein, ,Derived by automated computational analysis using gene prediction method: Protein Homology.,OG0000229,Shell,group_2366,Cloud,Cloud,Cloud
GCF_031763325.1,RHP72_RS14025,MKIRFELMIGILLVVGGGCLWLFARDAEFFWFRGGPLGVILAIIGAFDIVNAVRTREEAIPERRND,66,hypothetical protein, ,Derived by automated computational analysis using gene prediction method: Protein Homology.,OG0000101,Soft core,group_2126,Soft core,Shell,Soft core
GCF_031763325.1,RHP72_RS14505,MAGIDSKFDKAYAGKSVEELADAPVAALNGVSDSDAEHLKAAFNIKTVRDLGTNKFFLWAQATAKLAE,68,hypothetical protein, ,Derived by automated computational analysis using gene prediction method: Protein Homology.,OG0000070,Soft core,group_2484,Soft core,Soft core,Soft core
GCF_031763325.1,RHP72_RS15305,MAQEQTQRAGGGEDDETTGGDGSAGQERREKLAAETDDLLDEIDDVLEENAEDFVRAYVQKGGQ,64,ubiquitin-like protein pup, ,Derived by automated computational analysis using gene prediction method: Protein Homology.,OG0000037,Conserved,group_340,Soft core,Soft core,Soft core
GCF_031763325.1,RHP72_RS15820,MAIDSTLLSILACPQDKGPLLLVGDELLYNPRLRRAYPIENGIPVLLIDEARDVADDEHEKLLARAEG,68,trm112 family protein, ,Derived by automated computational analysis using gene prediction method: Protein Homology.,OG0000038,Conserved,group_54,Soft core,Core,Soft core
GCF_031763325.1,RHP72_RS15915,MPKMKSHSGASKRFKVSGSGKLMRQKAGRRHLLEHKSSRVTRRLDGVAVVSPDDAPRIKRMLGI,64,50s ribosomal protein l35, ,Derived by automated computational analysis using gene prediction method: Protein Homology.,OG0000039,Conserved,group_2130,Soft core,Core,Soft core
GCF_031763325.1,RHP72_RS16265,MHVEVDLDLCQGHAACELEAPEIFVVPKRGKVSLLDSDPPESLRGEAEMAVRYCPTGALRIVD,63,ferredoxin, ,Derived by automated computational analysis using gene prediction method: Protein Homology.,OG0000001,Conserved,group_2270,Soft core,Soft core,Soft core
GCF_031763325.1,RHP72_RS16445,MSVLFTYLLFIGAGIAVGGAYSMFKVNKLASGILLALAVLAAVAGALRL,49,hypothetical protein, ,Derived by automated computational analysis using gene prediction method: Protein Homology.,OG0000040,Conserved,group_2410,Soft core,Conserved,Soft core
GCF_031763325.1,RHP72_RS16675,MNESSSGLFSDLSASEPVVDAKSAEQLAAERETAAAERSNTDTAEQRQSQLFSG,54,hypothetical protein, ,Derived by automated computational analysis using gene prediction method: Protein Homology.,OG0000084,Soft core,group_2262,Soft core,Soft core,Soft core
GCF_031763325.1,RHP72_RS16680,MLGIALGLGSAAVGIGLGLLGAGAGILLSDKTVKTARRELTA,42,hypothetical protein, ,Derived by automated computational analysis using gene prediction method: GeneMarkS-2+.,OG0000102,Soft core,group_2160,Soft core,Soft core,Soft core
GCF_031763325.1,RHP72_RS16785,MHAEVGDRLHVQGRVVGQAEVTAEVLEVHGEDGGPPYLVRYDNGHEALVFPGSDGWIDHPGKGS,64,duf1918 domain-containing protein, ,Derived by automated computational analysis using gene prediction method: Protein Homology.,OG0000041,Conserved,group_2499,Soft core,Conserved,Soft core
GCF_031763325.1,RHP72_RS16800,MTTYRYLDADRNLLEEKDFETEQDAQEYRLSVLGAEHIEPTGE,43,hypothetical protein, ,Derived by automated computational analysis using gene prediction method: Protein Homology.,OG0000054,Core,group_2400,Soft core,Core,Core
GCF_031763325.1,RHP72_RS17020,MIRSHVTDSLDGLPAHTYNTHSNGVWRSATLVADRHTCGRPCPEEGVTSELHHSRSTPEEGRES,64,hypothetical protein, ,Derived by automated computational analysis using gene prediction method: Protein Homology.,OG0000246,Shell,group_360,Shell,Shell,Shell
GCF_031763325.1,RHP72_RS17470,MTDEDRLWYFDVSDGSVTQGKGASSLTRMGPYPDRDSAEHALKIAAERNKAADRADEDWNN,61,hypothetical protein, ,Derived by automated computational analysis using gene prediction method: Protein Homology.,OG0000042,Conserved,group_592,Soft core,Core,Soft core
GCF_031763325.1,RHP72_RS17695,MKLALTEFKNSKATIRIIMSDGAKLNGTVTDFTEDTLVLNSPNGVYYINPSHIIRLFEPSDRAAK,65,hypothetical protein, ,Derived by automated computational analysis using gene prediction method: GeneMarkS-2+.,OG0000085,Soft core,group_2248,Soft core,Soft core,Soft core
GCF_031763325.1,RHP72_RS17860,MTVAGVVSVVLIAVAAALVIYLLVALVDPERF,32,k(+)-transporting atpase subunit f, ,Derived by automated computational analysis using gene prediction method: Protein Homology.,OG0000055,Core,kdpF,Soft core,Soft core,Soft core
GCF_031763325.1,RHP72_RS18000,MSEATAPVIRHQLALIAVGMLDVADVACC,29,ms4533a family cys-rich leader peptide, ,Derived by automated computational analysis using gene prediction method: Protein Homology.,OG0000133,Shell,group_1948,Soft core,Shell,Shell
GCF_031763325.1,RHP72_RS18005,MDRIADWWDSFELWMAGLPFIPQVALVLVVVVPLCRLVAIGLDRALAAVLALPLFGWLRRNSREVEES,68,hypothetical protein, ,Derived by automated computational analysis using gene prediction method: Protein Homology.,OG0000056,Core,group_2078,Soft core,Soft core,Soft core
GCF_031763325.1,RHP72_RS18430,MKKALPKTLKSLARTVGILALAIVVVSVVERFTGAHQPTTGPASLTGPDQSL,52,hypothetical protein, ,Derived by automated computational analysis using gene prediction method: Protein Homology.,OG0000111,Soft core,group_2264,Soft core,Soft core,Soft core
GCF_031763325.1,RHP72_RS18440,MSFLPFPIVIEGIETTGSAAIDGLGRLSVLLYDLLGGTGSATINAGS,47,hypothetical protein, ,Derived by automated computational analysis using gene prediction method: Protein Homology.,OG0000125,Shell,group_2228,Shell,Shell,Shell
GCF_031763325.1,RHP72_RS18450,MYGYLWGALPGPRPVKALLAIVLVVAVVLLLMEFVFPWVSEHMPYSDVTV,50,hypothetical protein, ,Derived by automated computational analysis using gene prediction method: Protein Homology.,OG0000214,Shell,group_1309,Shell,Shell,Shell
GCF_031763325.1,RHP72_RS18480,MIAAPTTGALAVVLNTVLQMFNAGSSFLYTDNSPIGGGGGTPTTPAP,47,hypothetical protein, ,Derived by automated computational analysis using gene prediction method: Protein Homology.,OG0000086,Soft core,group_2210,Soft core,Soft core,Soft core
GCF_031763325.1,RHP72_RS18485,MPTIPLTGDPIVINIIVQLLSAGSSNALALGGVGSSGLGSTGLGSFDSASLGSAA,55,hypothetical protein, ,Derived by automated computational analysis using gene prediction method: Protein Homology.,OG0000087,Soft core,group_1002,Soft core,Soft core,Soft core
GCF_031763325.1,RHP72_RS19005,MYIHTCTYDTEDRNMGSINTLSAVIDIIKVVQPLIAKLNLS,41,hypothetical protein, ,Derived by automated computational analysis using gene prediction method: GeneMarkS-2+.,OG0000109,Soft core,group_2041,Soft core,Soft core,Soft core
GCF_031763325.1,RHP72_RS19330,MGTLQSGINLAAKFSKKAVGGEDSLEKSLSSHIQVITEMRDFFQQCVDRYGEVDDSNASALASVETPR,68,hypothetical protein, ,Derived by automated computational analysis using gene prediction method: GeneMarkS-2+.,OG0000123,Soft core,group_2307,Soft core,Soft core,Soft core
GCF_031763325.1,RHP72_RS19400,MSTALLTIYVLIWPALVLVVLGVISKGFFKDWATARRNGEDLV,43,putative transporter small subunit, ,Derived by automated computational analysis using gene prediction method: Protein Homology.,OG0000088,Soft core,group_2364,Soft core,Soft core,Soft core
GCF_031763325.1,RHP72_RS20075,MAAMKPRTGDGPLEATKEGRGIVMRVPLEGGGRLVVELTPDEAAALGVELTNVTS,55,duf3117 domain-containing protein, ,Derived by automated computational analysis using gene prediction method: Protein Homology.,OG0000043,Conserved,group_1003,Soft core,Soft core,Soft core
GCF_031763325.1,RHP72_RS20180,MTEQDATFDPEAPESDALEQSTPVDPNAPEEPDLTDIPLDAPVADVVDQRVEVAVDDDYRPS,62,hypothetical protein, ,Derived by automated computational analysis using gene prediction method: Protein Homology.,OG0000057,Core,group_2211,Soft core,Soft core,Soft core
GCF_031763325.1,RHP72_RS20205,MYNWDLQNQIVAFVDSLRPMAGYYHDLYYGSLYAFADQQSHLLTLLGFPPVP,52,hypothetical protein, ,Derived by automated computational analysis using gene prediction method: Protein Homology.,OG0000058,Core,group_1175,Soft core,Soft core,Soft core
GCF_031763325.1,RHP72_RS20225,MGKVKASKVSQLKPKKKCCRKKTRCIKCPVVIMRMKKLENEGASKKELKAGLKKARAA,58,hypothetical protein, ,Derived by automated computational analysis using gene prediction method: Protein Homology.,OG0000044,Conserved,group_2365,Soft core,Soft core,Soft core
GCF_031763325.1,RHP72_RS20310,MGSMESILAAALGGLGSLFAADGLLETFMGSVETNLGSFGG,41,hypothetical protein, ,Derived by automated computational analysis using gene prediction method: GeneMarkS-2+.,OG0000103,Soft core,group_1873,Cloud,Soft core,Cloud
GCF_031763325.1,RHP72_RS20420,MTAKLTTAFRGTLWWVRSVMGDLDYQRYVEHTRRHHADSPVISEREFWRRRHAAADANPGARCC,64,ybdd/yjix family protein, ,Derived by automated computational analysis using gene prediction method: Protein Homology.,OG0000045,Conserved,group_2343,Soft core,Conserved,Soft core
GCF_031763325.1,RHP72_RS20670,MSTNSDRRPRLPVRIAYLAAGVLFVAAMLLFASVVNPDRDRDFSMNHVPAGTSTTAFAATSDLG,64,hypothetical protein, ,Derived by automated computational analysis using gene prediction method: Protein Homology.,OG0000104,Soft core,group_2149,Soft core,Soft core,Soft core
GCF_031763325.1,RHP72_RS21070,MAEGIVKWFNSEKGFGFIAPEDGSADVFVHYSEIQSGGFRTLEENQRVAFEIGQGNKGPQATGVTIV,67,cold-shock protein, ,Derived by automated computational analysis using gene prediction method: Protein Homology.,OG0000046,Conserved,group_132,Soft core,Soft core,Soft core
GCF_031763325.1,RHP72_RS21075,MTTAEYTVSGMTCGHCVGSVKEEIGNIAGVTAVDVELASGRVVVTSDAPVSAADVVAAVDEAGYAVVPS,69,heavy-metal-associated domain-containing protein, ,Derived by automated computational analysis using gene prediction method: Protein Homology.,OG0000006,Conserved,group_2139,Soft core,Soft core,Soft core
GCF_031763325.1,RHP72_RS21195,MKHTMSDDELRRAIREIQDRAHDARKRGDDVAAEELDRTVKGYQEQMMQRL,51,hypothetical protein, ,Derived by automated computational analysis using gene prediction method: Protein Homology.,OG0000059,Core,group_2336,Soft core,Soft core,Soft core
GCF_031763325.1,RHP72_RS21270,MSEQPDTPKKPSVDKKRLARIFGDVFPETTSDERGPEGSSRSSDDDWLRSQRPPHHGG,58,hypothetical protein, ,Derived by automated computational analysis using gene prediction method: Protein Homology.,OG0000089,Soft core,group_2328,Soft core,Soft core,Soft core
GCF_031763325.1,RHP72_RS21300,MAVPKRKMSRSNTRSRRAQWKATAPDLVEVTAFGQTHRVPRRLVKAVRLGVIDPSRI,57,50s ribosomal protein l32, ,Derived by automated computational analysis using gene prediction method: Protein Homology.,OG0000060,Soft core,group_2302,Soft core,Soft core,Soft core
GCF_031763325.1,RHP72_RS21320,MARNEIRPIVKLKSTAGTGYTYVTRKNRRNDPDRLVLKKYDPVLRKHVDFREEK,54,50s ribosomal protein l33, ,Derived by automated computational analysis using gene prediction method: Protein Homology.,OG0000047,Conserved,group_2199,Soft core,Soft core,Soft core
GCF_031763325.1,RHP72_RS21485,MHLTATTSTTTGAAGNSDPKDAESTLDMSGRPAALRARSAAATRPGGADVTA,52,hypothetical protein, ,Derived by automated computational analysis using gene prediction method: GeneMarkS-2+.,OG0000131,Shell,group_2058,Shell,Shell,Shell
GCF_031763325.1,RHP72_RS21950,MGFLDNVKGLVEKGQELAAENSDKVHDAIDKVADIADDKTGNKYGDQIDKAAEAAKKAVPEKQ,63,antitoxin, ,Derived by automated computational analysis using gene prediction method: Protein Homology.,OG0000010,Conserved,group_425,Soft core,Soft core,Soft core
GCF_031763325.1,RHP72_RS22480,MANNSKQHYVDPGWPETADGDHAVTELSSTRAGGLSPFGEDTTFPVPVESLPYVHPHTVINR,62,hypothetical protein, ,Derived by automated computational analysis using gene prediction method: Protein Homology.,OG0000048,Conserved,group_501,Soft core,Soft core,Soft core
GCF_031763325.1,RHP72_RS22490,MADKAPGKNMKKPAQSIKERRAEKRAKTAESSEFIRKRKRS,41,hypothetical protein, ,Derived by automated computational analysis using gene prediction method: Protein Homology.,OG0000004,Core,group_2142,Soft core,Soft core,Soft core
GCF_031763325.1,RHP72_RS23425,MGRGRAKAKQTKVARELKYSVPTTDFDSLQRELAGGSTNSHRSSVRSDQTSDREGHAREDDYDDWRR,67,duf3073 domain-containing protein, ,Derived by automated computational analysis using gene prediction method: Protein Homology.,OG0000049,Conserved,group_133,Soft core,Soft core,Soft core
GCF_031763325.1,RHP72_RS23600,MRNNLQELRTAAGLSQQACADALGITRQTVISIEKGHFDPRLSLAFRIAEYFDKRVDDIFSS,62,helix-turn-helix transcriptional regulator, ,Derived by automated computational analysis using gene prediction method: Protein Homology.,OG0000105,Soft core,group_502,Soft core,Soft core,Soft core
GCF_031763325.1,RHP72_RS23725,MTSPMNTRKLTRARSGAMFGGVCAGIARYFGWKSSTVRLLFVLSCLLPGPQFLIYIVMWIFIPREQI,67,pspc domain-containing protein, ,Derived by automated computational analysis using gene prediction method: Protein Homology.,OG0000106,Soft core,group_134,Soft core,Soft core,Soft core
GCF_031763325.1,RHP72_RS23750,MAEGERPPGVLDDSTYQSPDGLRKFGRTKSEVWFRKSNDQNLWMVLGEAA,50,hypothetical protein, ,Derived by automated computational analysis using gene prediction method: GeneMarkS-2+.,OG0000185,Shell,group_2143,Shell,Shell,Shell
GCF_031763325.1,RHP72_RS24325,MTFFAALLILPILFGALIAGYSAFSEVDGSEALLPPAFWILIAAGGALGGYIGVKVGVVRGSALDYRL,68,hypothetical protein, ,Derived by automated computational analysis using gene prediction method: GeneMarkS-2+.,OG0000399,Cloud,group_73,Cloud,Cloud,Cloud
GCF_031763325.1,RHP72_RS24480,MTVLCRAGKLQAGVLVADDDQGWASPFRSIAPTKMALLARALQDGLIAIDEL,52,hypothetical protein, ,Derived by automated computational analysis using gene prediction method: Protein Homology.,OG0000156,Shell,group_2040,Shell,Shell,Shell
GCF_031763325.1,RHP72_RS24535,MSDWVKKVEAEAKGLLAEAEEELTVLEGVDTIDPLADDDPAPEDGTKPTSD,51,hypothetical protein, ,Derived by automated computational analysis using gene prediction method: Protein Homology.,OG0000090,Soft core,group_2192,Soft core,Soft core,Soft core
GCF_031763325.1,RHP72_RS25490,MAQGIVKWFNGEKGFGFIAPDDGTPDVFVHYSEISGNGYKSLDENQRVEFEVGQGQKGPQATNVRAV,67,cold-shock protein, ,Derived by automated computational analysis using gene prediction method: Protein Homology.,OG0000003,Conserved,group_1991,Soft core,Soft core,Soft core
GCF_031763325.1,RHP72_RS25740,MKKTDFAPISCIHRWEIESRHRTSEGTVTYLRCHCGSWQTLLAEWVSGGAGSAVAAPIKVRSR,63,hypothetical protein, ,Derived by automated computational analysis using gene prediction method: GeneMarkS-2+.,OG0000116,Soft core,group_2290,Soft core,Soft core,Soft core
GCF_031763325.1,RHP72_RS25780,MPTVIRTVHDLVRHARGPTHHHHHQSVHEARRMRAHHILVTHSLA,45,hypothetical protein, ,Derived by automated computational analysis using gene prediction method: GeneMarkS-2+.,OG0000112,Soft core,group_2176,Soft core,Soft core,Soft core
GCF_031763325.1,RHP72_RS25985,MVGTPVIVTIVSVCVGFVIFMLAASGARGKWDRRLVIALFVGAVVCLTVVPVSVALSAGV,60,hypothetical protein, ,Derived by automated computational analysis using gene prediction method: Protein Homology.,OG0000091,Soft core,group_2382,Soft core,Soft core,Soft core
GCF_031763325.1,RHP72_RS26570,MTEPDPGTVETDFPKTGAPAQRALIAAGYTHLAQLTSVSEKELGALHGMGPKALRILREALAERGLSFAD,70,hypothetical protein, ,Derived by automated computational analysis using gene prediction method: Protein Homology.,OG0000050,Conserved,,,Soft core,Soft core
GCF_031763325.1,RHP72_RS26655,MLGNVKCSHPSGYLHGEVLAVDAAMNLITAKVDDFENVREGVPGSSLVGGGYVPL,55,hypothetical protein, ,Derived by automated computational analysis using gene prediction method: GeneMarkS-2+.,OG0000198,Shell,group_2094,Shell,Shell,Shell
GCF_031763325.1,RHP72_RS26675,MARLGQLMVQRGAWRDQTLIDSAYLDELSAPSPSNGGYGFLT,42,hypothetical protein, ,Derived by automated computational analysis using gene prediction method: GeneMarkS-2+.,OG0000491,Cloud,group_2098,Cloud,Cloud,Cloud
GCF_031763325.1,RHP72_RS27100,MGSSDTDLKALDSVITVAGALAAIFGGIAGVAGLATFLGTGGGS,44,hypothetical protein, ,Derived by automated computational analysis using gene prediction method: GeneMarkS-2+.,OG0000065,Soft core,group_2088,Shell,Shell,Shell
GCF_031763325.1,RHP72_RS27235,MTKESETVAPAADRSHIVVVLVALIMISAVGVLFGRRKR,39,lpxtg cell wall anchor domain-containing protein, ,Derived by automated computational analysis using gene prediction method: GeneMarkS-2+.,OG0000281,Shell,group_2086,Shell,Shell,Shell
GCF_031763325.1,RHP72_RS27330,MNAPTRYQFLIDGEVSDRVKAAFPELSVASAAGGFTSLYGPVADHTAMRSIMARLDSLGLTVAEMRRLPD,70,hypothetical protein, ,Derived by automated computational analysis using gene prediction method: Protein Homology.,OG0000092,Soft core,,,Soft core,Soft core
GCF_031763325.1,RHP72_RS27340,MHDRFTVTAPFGVLGHLALRLAVGPYLRRLLEQRAAHIKGRAEVGTPFIE,50,cyclase/dehydrase, ,Derived by automated computational analysis using gene prediction method: Protein Homology.,OG0000261,Shell,group_2085,Shell,Shell,Shell
GCF_031763325.1,RHP72_RS27600,MSVVLISLLVAAGLTVLATSDGAGLDFGSRQLNRQLKTRTHR,42,hypothetical protein, ,Derived by automated computational analysis using gene prediction method: GeneMarkS-2+.,OG0000107,Soft core,group_1760,Soft core,Soft core,Soft core
GCF_031763325.1,RHP72_RS27745,MKIVVLSFLVALTLMTVGIIAARNRSTRPAVTGAVTAASTVLAAAWTLFAVAFVLA,56,hypothetical protein, ,Derived by automated computational analysis using gene prediction method: Protein Homology.,OG0000110,Soft core,group_2239,Soft core,Soft core,Soft core
GCF_031763325.1,RHP72_RS28725,MNHRESFQAVKWGTPRRTRRHRQLIRGRIAGGGATVEVSSEVLAYY,46,hypothetical protein, ,Derived by automated computational analysis using gene prediction method: GeneMarkS-2+.,OG0000141,Shell,group_2265,Shell,Shell,Shell
GCF_031763325.1,RHP72_RS28820,MRRASRAQRMELIAGFISVFALMALIGAVVAIVKGDPGVMPSLVLLGCVVALGLAFRGYRNAVRAERRE,69,hypothetical protein, ,Derived by automated computational analysis using gene prediction method: Protein Homology.,OG0000051,Conserved,group_2375,Soft core,Shell,Shell
GCF_031763325.1,RHP72_RS29375,MAKGKRTFQPNNRRRARVHGFRLRMRTRAGRAIVSARRRKGRDSLTA,47,50s ribosomal protein l34, ,Derived by automated computational analysis using gene prediction method: Protein Homology.,OG0000052,Conserved,rpmH,Conserved,Shell,Shell
GCF_032936355.1,R0122_RS00245,MYIQTCTYDTEDRNMGSINTLSAVIDIIKVVQPLIAKLNLS,41,hypothetical protein, ,Derived by automated computational analysis using gene prediction method: GeneMarkS-2+.,OG0000109,Soft core,group_2041,Soft core,Shell,Soft core
GCF_032936355.1,R0122_RS00635,MSTALLTIYVLIWPALVLVVLGVISKGFFKDWATARRNGEDLV,43,putative transporter small subunit, ,Derived by automated computational analysis using gene prediction method: Protein Homology.,OG0000088,Soft core,group_2364,Soft core,Soft core,Soft core
GCF_032936355.1,R0122_RS00670,MTSPQRTEKQVLQELSQEERRLLRRVLEIEYSKMHLSAALPTDEILAAVKEIIP,54,hypothetical protein, ,Derived by automated computational analysis using gene prediction method: GeneMarkS-2+.,OG0000851,Cloud,group_1083,Cloud,Cloud,Cloud
GCF_032936355.1,R0122_RS01285,MAAMKPRTGDGPLEATKEGRGIVMRVPLEGGGRLVVELTPDEAAALGVELTNVTS,55,duf3117 domain-containing protein, ,Derived by automated computational analysis using gene prediction method: Protein Homology.,OG0000043,Conserved,group_1003,Soft core,Soft core,Soft core
GCF_032936355.1,R0122_RS01390,MTEQDATFDPEAPESDALEQSTPVDPNAPEEPDLTDIPLDAPVADVVDQRVEVAVDDDYRPS,62,hypothetical protein, ,Derived by automated computational analysis using gene prediction method: Protein Homology.,OG0000057,Core,group_2211,Soft core,Soft core,Soft core
GCF_032936355.1,R0122_RS01415,MYNWDLQNQIVAFVDSLRPMAGYYHDLYYGSLYAFADQQSHLLTLLGFPPVP,52,hypothetical protein, ,Derived by automated computational analysis using gene prediction method: Protein Homology.,OG0000058,Core,group_1175,Soft core,Soft core,Soft core
GCF_032936355.1,R0122_RS01435,MGKVKASKVSQLKPKKKCCRKKTRCIKCPVVIMRMKKLENEGASKKELKAGLKKARAA,58,hypothetical protein, ,Derived by automated computational analysis using gene prediction method: Protein Homology.,OG0000044,Conserved,group_2365,Soft core,Soft core,Soft core
GCF_032936355.1,R0122_RS01520,MGSMEGILGAVVQGLGSLFSADGLLKTFMGSVETISKDPTP,41,hypothetical protein, ,Derived by automated computational analysis using gene prediction method: GeneMarkS-2+.,OG0000103,Soft core,group_2051,Soft core,Soft core,Soft core
GCF_032936355.1,R0122_RS01610,MTAKLTTAFRGTLWWVRSVMGDLDYQRYVEHTRRHHADSPVISEREFWRRRHAAADANPGARCC,64,ybdd/yjix family protein, ,Derived by automated computational analysis using gene prediction method: Protein Homology.,OG0000045,Conserved,group_2343,Soft core,Conserved,Soft core
GCF_032936355.1,R0122_RS01860,MSTNSDQRPRLPVRIAYLAAGVLFVAAMLLLASVVNPDRDRDFSMNHVPAGTSTTAFAATSDLG,64,hypothetical protein, ,Derived by automated computational analysis using gene prediction method: Protein Homology.,OG0000104,Soft core,group_2149,Soft core,Soft core,Soft core
GCF_032936355.1,R0122_RS02105,MFESKTSADALFRQHAEIARAHFLEIDAVTALYLDRCEEDAAVGVNEAFGVNSRTWRSRRY,61,hypothetical protein, ,Derived by automated computational analysis using gene prediction method: GeneMarkS-2+.,OG0000595,Cloud,group_611,Cloud,Cloud,Cloud
GCF_032936355.1,R0122_RS02310,MAEGIVKWFNSEKGFGFIAPEDGSADVFVHYSEIQSGGFRTLEENQRVAFEIGQGNKGPQATGVTIV,67,cold-shock protein, ,Derived by automated computational analysis using gene prediction method: Protein Homology.,OG0000046,Conserved,group_132,Soft core,Soft core,Soft core
GCF_032936355.1,R0122_RS02315,MTTAEYTVSGMTCGHCVGSVKEEIGNIAGVTAVDVELASGRVVVTSDAPVSAADVVAAVDEAGYAVVPS,69,heavy-metal-associated domain-containing protein, ,Derived by automated computational analysis using gene prediction method: Protein Homology.,OG0000006,Conserved,group_2139,Soft core,Soft core,Soft core
GCF_032936355.1,R0122_RS02435,MKHTMSDDELRRAIREIQDRAHDARKRGDDVAAEELDRTVKGYQEQMMQRL,51,hypothetical protein, ,Derived by automated computational analysis using gene prediction method: Protein Homology.,OG0000059,Core,group_2336,Soft core,Soft core,Soft core
GCF_032936355.1,R0122_RS02510,MSEQPDTPKKPSVDKKRLARIFGDVFPETTSDERGPEGSSRSSDDDWLRSQRPPHHGG,58,hypothetical protein, ,Derived by automated computational analysis using gene prediction method: Protein Homology.,OG0000089,Soft core,group_2328,Soft core,Soft core,Soft core
GCF_032936355.1,R0122_RS02540,MAVPKRKMSRSNTRSRRAQWKATAPDLVEVTAFGQTHRVPRRLVKAVRLGVIDPSRI,57,50s ribosomal protein l32, ,Derived by automated computational analysis using gene prediction method: Protein Homology.,OG0000060,Soft core,group_2302,Soft core,Soft core,Soft core
GCF_032936355.1,R0122_RS02560,MARNEIRPIVKLKSTAGTGYTYVTRKNRRNDPDRLVLKKYDPMLRKHVDFREEK,54,50s ribosomal protein l33, ,Derived by automated computational analysis using gene prediction method: Protein Homology.,OG0000047,Conserved,group_2199,Soft core,Soft core,Soft core
GCF_032936355.1,R0122_RS02725,MHLTATTSTTTGAAGNSDPKDAESTLDMSGRPAALRARSAAATRPGGADVTA,52,hypothetical protein, ,Derived by automated computational analysis using gene prediction method: GeneMarkS-2+.,OG0000131,Shell,group_2058,Shell,Shell,Shell
GCF_032936355.1,R0122_RS03190,MGFLDNVKGLVEKGQELAAENSDKVHDAIDKVADIADDKTGNKYGDQIDKAAEAAKKAVPEKQ,63,antitoxin, ,Derived by automated computational analysis using gene prediction method: Protein Homology.,OG0000010,Conserved,group_425,Soft core,Soft core,Soft core
GCF_032936355.1,R0122_RS03730,MANNSKQHYVDPGWPETADGDHAVTELSSTRAGGLSPFGEDTTFPVPVESLPYVHPHTVINR,62,hypothetical protein, ,Derived by automated computational analysis using gene prediction method: Protein Homology.,OG0000048,Conserved,group_501,Soft core,Soft core,Soft core
GCF_032936355.1,R0122_RS03740,MADKAPGKNMKKPAQSIKERRAEKRAKTAESSEFIRKRKRS,41,hypothetical protein, ,Derived by automated computational analysis using gene prediction method: Protein Homology.,OG0000004,Core,group_2142,Soft core,Soft core,Soft core
GCF_032936355.1,R0122_RS04680,MGRGRAKAKQTKVARELKYSVPTTDFDSLQRELAGGSTNSHRSSVRSDQTSDREGHAREDDYDDWRR,67,duf3073 domain-containing protein, ,Derived by automated computational analysis using gene prediction method: Protein Homology.,OG0000049,Conserved,group_133,Soft core,Soft core,Soft core
GCF_032936355.1,R0122_RS04855,MRNNLQELRTAAGLSQQACADALGITRQTVISIEKGHFDPRLSLAFRIAEYFDKRVDDIFSS,62,helix-turn-helix transcriptional regulator, ,Derived by automated computational analysis using gene prediction method: Protein Homology.,OG0000105,Soft core,group_502,Soft core,Soft core,Soft core
GCF_032936355.1,R0122_RS04980,MTSPMNTRKLTRARSGAMFGGVCAGIARYFGWKSSTVRLLFVLSCLLPGPQFLIYIVMWIFIPREQI,67,pspc domain-containing protein, ,Derived by automated computational analysis using gene prediction method: Protein Homology.,OG0000106,Soft core,group_134,Soft core,Soft core,Soft core
GCF_032936355.1,R0122_RS05000,MAEGERPPGVLDDSTYQSPDGLRKFGRTKSEVWFRNKKAYNASRIDDAAVEAANG,55,hypothetical protein, ,Derived by automated computational analysis using gene prediction method: GeneMarkS-2+.,OG0000185,Shell,group_2143,Shell,Shell,Shell
GCF_032936355.1,R0122_RS05790,MTVLCRAGKLQAGVLVADDDQGWASPFRSIAPTKMALLARALQDGLIAIDEL,52,hypothetical protein, ,Derived by automated computational analysis using gene prediction method: Protein Homology.,OG0000156,Shell,group_2040,Shell,Shell,Shell
GCF_032936355.1,R0122_RS05840,MSDWVKKVEAEAKGLLAEAEEELTVLEGVDTIDPLADDDPAPEDGTKPTSD,51,hypothetical protein, ,Derived by automated computational analysis using gene prediction method: Protein Homology.,OG0000090,Soft core,group_2192,Soft core,Soft core,Soft core
GCF_032936355.1,R0122_RS06040,MAATTPVSGYVIVPHPSDVDAVGNREVEVDELPEQYSKPGTPPITGGPTVPS,52,hypothetical protein, ,Derived by automated computational analysis using gene prediction method: GeneMarkS-2+.,OG0000204,Shell,group_2298,Shell,Shell,Shell
GCF_032936355.1,R0122_RS06800,MAQGIVKWFNGEKGFGFIAPDDGTPDVFVHYSEISGNGYKSLDENQRVEFEVGQGQKGPQATNVRAV,67,cold-shock protein, ,Derived by automated computational analysis using gene prediction method: Protein Homology.,OG0000003,Conserved,group_1991,Soft core,Soft core,Soft core
GCF_032936355.1,R0122_RS06960,MTITDADVPGLAVTARGRTPSAARALATDAAEALCSMFEGANAMTSGGFTFTVVPPGN,58,hypothetical protein, ,Derived by automated computational analysis using gene prediction method: Protein Homology.,OG0000262,Shell,group_2251,Shell,Shell,Shell
GCF_032936355.1,R0122_RS06970,MGSINALNEWVNQATYAGDPFATAIAIVQFFAVSLLNLFTGGPIL,45,hypothetical protein, ,Derived by automated computational analysis using gene prediction method: GeneMarkS-2+.,OG0000137,Shell,group_2383,Shell,Shell,Shell
GCF_032936355.1,R0122_RS06995,MKKTDFAPISCIHRWEIESRHRTSEGTVTYLRCHCGSWQTLLAEWVSGGAGSAVAAPIKVRSR,63,hypothetical protein, ,Derived by automated computational analysis using gene prediction method: GeneMarkS-2+.,OG0000116,Soft core,group_2290,Soft core,Soft core,Soft core
GCF_032936355.1,R0122_RS07035,MPTVIRTVHDLVRHARGPTHHHHHQSVHEARRMRAHHILVTHSLA,45,hypothetical protein, ,Derived by automated computational analysis using gene prediction method: GeneMarkS-2+.,OG0000112,Soft core,group_2176,Soft core,Soft core,Soft core
GCF_032936355.1,R0122_RS07265,MVGTPVIVTIVSVCVGFVIFMLAASGARGKWDRRLVIALFIGAVVCLTVVPVSVALSAGV,60,hypothetical protein, ,Derived by automated computational analysis using gene prediction method: Protein Homology.,OG0000091,Soft core,group_2382,Soft core,Soft core,Soft core
GCF_032936355.1,R0122_RS07370,MNETQPHNLERERWRTLPTPPSTELIEMVGDGPSSADFDPAAPAAQQG,48,hypothetical protein, ,Derived by automated computational analysis using gene prediction method: Protein Homology.,OG0000128,Shell,group_2355,Shell,Shell,Shell
GCF_032936355.1,R0122_RS07455,MPATCSTGAPGHVPGAIDDSEYVDFAPKAEFLELIDGVRKAMGG,44,hypothetical protein, ,Derived by automated computational analysis using gene prediction method: GeneMarkS-2+.,OG0000498,Cloud,group_1668,Cloud,Cloud,Cloud
GCF_032936355.1,R0122_RS07865,MTEPDPGTVETDFPKTGAPAQRALIAAGYTHLAQLTSVSEKELGALHGMGPKALRILREALAERGLSFAD,70,hypothetical protein, ,Derived by automated computational analysis using gene prediction method: Protein Homology.,OG0000050,Conserved,,,Soft core,Soft core
GCF_032936355.1,R0122_RS07950,MLGNVKCSHPSGYLHGEVLAVDAAMNLITAKVDDFENVREGVPGSSLVGGGYVPL,55,hypothetical protein, ,Derived by automated computational analysis using gene prediction method: GeneMarkS-2+.,OG0000198,Shell,group_2094,Shell,Shell,Shell
GCF_032936355.1,R0122_RS08390,MGSSDTDLKALDSVITVAGALAAIFGGIAGVAGLATFLGTGGGS,44,hypothetical protein, ,Derived by automated computational analysis using gene prediction method: GeneMarkS-2+.,OG0000065,Soft core,group_2088,Shell,Shell,Shell
GCF_032936355.1,R0122_RS08530,MNSSDLGSVSALLPMMLTAFKSIITMPFALSVDFGLDVPFNPFK,44,hypothetical protein, ,Derived by automated computational analysis using gene prediction method: GeneMarkS-2+.,OG0000186,Shell,group_2240,Shell,Shell,Shell
GCF_032936355.1,R0122_RS08630,MNAPTRYQFLIDGEVSDRVKAAFPELSVASAAGGFTSLYGPVADHTAMRSIMARLDSLGLTVAEMRRLPD,70,hypothetical protein, ,Derived by automated computational analysis using gene prediction method: Protein Homology.,OG0000092,Soft core,,,Soft core,Soft core
GCF_032936355.1,R0122_RS08910,MSVVLISLLVAAGLTVLATSDGAGLDFGSRQLNRQLKTRTHR,42,hypothetical protein, ,Derived by automated computational analysis using gene prediction method: GeneMarkS-2+.,OG0000107,Soft core,group_1760,Soft core,Soft core,Soft core
GCF_032936355.1,R0122_RS09055,MKIVVLSFLVALTLMTVGIIAARKRSTRPAVTGAVTAASTVLAAAWTLFAVAFVLA,56,hypothetical protein, ,Derived by automated computational analysis using gene prediction method: Protein Homology.,OG0000110,Soft core,group_2239,Soft core,Soft core,Soft core
GCF_032936355.1,R0122_RS09595,MDSRQLFALGALGTGMLSLALQLTPLCLGTEDAEQYVFVRAANATAVLTLALLSAAFVFWPPAG,64,hypothetical protein, ,Derived by automated computational analysis using gene prediction method: GeneMarkS-2+.,OG0000140,Shell,group_2266,Shell,Shell,Shell
GCF_032936355.1,R0122_RS09950,MNHRESFQAVKWGTPRRTRRHRQLIRGRIAGGGATVEVSSEVLAYY,46,hypothetical protein, ,Derived by automated computational analysis using gene prediction method: GeneMarkS-2+.,OG0000141,Shell,group_2265,Shell,Shell,Shell
GCF_032936355.1,R0122_RS10045,MRRASRAQRMELIAGFISVFALMALIGAVVAIAKGDPGVTPSLVLLGCVVALGLAFRGYRNAVRAERRE,69,hypothetical protein, ,Derived by automated computational analysis using gene prediction method: Protein Homology.,OG0000051,Conserved,group_2375,Soft core,Soft core,Soft core
GCF_032936355.1,R0122_RS10600,MAKGKRTFQPNNRRRARVHGFRLRMRTRAGRAIVSARRRKGRDSLTA,47,50s ribosomal protein l34, ,Derived by automated computational analysis using gene prediction method: Protein Homology.,OG0000052,Conserved,rpmH,Conserved,Shell,Shell
GCF_032936355.1,R0122_RS10835,MNWNAFLLMSIGGAIALVSYPIKEEMGAKIGTPILFIGAVLGLSGLVRLLA,51,hypothetical protein, ,Derived by automated computational analysis using gene prediction method: GeneMarkS-2+.,OG0000588,Cloud,group_1251,Cloud,Cloud,Cloud
GCF_032936355.1,R0122_RS10840,MGAPAKTTADKSAARREQAAALHESITAKVAQLTDTDAWAAYLTAAQRSTPTASTTSC,58,hypothetical protein, ,Derived by automated computational analysis using gene prediction method: GeneMarkS-2+.,OG0000589,Cloud,group_823,Cloud,Cloud,Cloud
GCF_032936355.1,R0122_RS10860,MQNIRLRTATDVLAAIPALLGFVPANSVVMIALTDHPRACREPMSSVPMRQPTTASHLSKP,61,duf4192 family protein, ,Derived by automated computational analysis using gene prediction method: Protein Homology.,OG0000585,Cloud,group_609,Cloud,Cloud,Cloud
GCF_032936355.1,R0122_RS11035,MRNANQPGCQEFHHSTMGTSQGVQIFQLSPSPYGGIGIMTIVS,43,hypothetical protein, ,Derived by automated computational analysis using gene prediction method: GeneMarkS-2+.,OG0000590,Cloud,group_1722,Cloud,Cloud,Cloud
GCF_032936355.1,R0122_RS11180,MSNISFDSISNSAPANALQGVGTNALVDNPFTFEPVAEATSAHALQGVGTNALVDNPFSFQS,62,streptamidine-related ripp repeat protein, ,Derived by automated computational analysis using gene prediction method: Protein Homology.,OG0000093,Soft core,group_2291,Soft core,Soft core,Soft core
GCF_032936355.1,R0122_RS11380,MFNDVFNNVIHPMVTNFQQLGPQQFIPQQFIPQGVFQQAPQAAEQAVTIFGS,52,hypothetical protein, ,Derived by automated computational analysis using gene prediction method: Protein Homology.,OG0000075,Soft core,group_2178,Soft core,Soft core,Soft core
GCF_032936355.1,R0122_RS11930,MHRTLLLDAAVQVVGFTWNHQDVVVFLWDAVGEVVVIGDQGKWMATLEGEDV,52,hypothetical protein, ,Derived by automated computational analysis using gene prediction method: GeneMarkS-2+.,OG0000309,Cloud,group_1174,Cloud,Cloud,Cloud
GCF_032936355.1,R0122_RS12000,MACLERSALPQAAVIEELPTDTLIRLGDKPMHVHAADIVAVRAVSGYGDQVGLERTGR,58,hypothetical protein, ,Derived by automated computational analysis using gene prediction method: GeneMarkS-2+.,OG0000280,Shell,group_2056,Cloud,Shell,Shell
GCF_032936355.1,R0122_RS12250,MGIADKAQNKAEDLGGKAKEAAGSATGDRDLENEGKGDQVKSAVKDAGEKVKDAASSIKDKLT,63,csbd family protein, ,Derived by automated computational analysis using gene prediction method: Protein Homology.,OG0000011,Conserved,group_2411,Conserved,Soft core,Soft core
GCF_032936355.1,R0122_RS12265,MADLTLLTDDELRERRIALSRSLTTAADLIPTPPPSFFEKLKQDIDAAAAEWIARRY,57,hypothetical protein, ,Derived by automated computational analysis using gene prediction method: Protein Homology.,OG0000076,Soft core,group_2322,Soft core,Soft core,Soft core
GCF_032936355.1,R0122_RS12995,MSEITSWEYTVTPLLVHNPKAILDNWGVDGWELVAVLPSASGEQHVAYMKRPKG,54,hypothetical protein, ,Derived by automated computational analysis using gene prediction method: Protein Homology.,OG0000012,Conserved,group_2273,Conserved,Soft core,Soft core
GCF_032936355.1,R0122_RS13195,MISKTLRTVSARFALLVAEDDGMSTAEYAIGTIAAAAFGAVLYTVVTGDSIVSALTGIIDKALKTAV,67,duf4244 domain-containing protein, ,Derived by automated computational analysis using gene prediction method: Protein Homology.,OG0000094,Soft core,group_2136,Soft core,Soft core,Soft core
GCF_032936355.1,R0122_RS13215,MAQGTVKWFNAEKGFGFIAPEDGSADVFVHYSEIQGNGFRTLEENQRVEFEVGQGTKGPQATGVRAV,67,cold-shock protein, ,Derived by automated computational analysis using gene prediction method: Protein Homology.,OG0000013,Conserved,group_128,Conserved,Soft core,Soft core
GCF_032936355.1,R0122_RS13250,MADSLKARVKEKLLRQLAEDGRHPIQEAEGDDPRLVSINDDLEALEQAEEGDPIVEELAERYWVP,65,hypothetical protein, ,Derived by automated computational analysis using gene prediction method: Protein Homology.,OG0000014,Conserved,group_2342,Conserved,Soft core,Soft core
GCF_032936355.1,R0122_RS13410,MGSADVMAWLAEGYLAGDPIRYPLYVGSMFLAMPFQLIGVILGHPF,46,hypothetical protein, ,Derived by automated computational analysis using gene prediction method: Protein Homology.,OG0000061,Soft core,group_1542,Soft core,Soft core,Soft core
GCF_032936355.1,R0122_RS13735,MATTAAVQNPTRSRARTMSLSEYVAEHPAQRVFPPTSERAARMAMLIMFALMAVTLVVLVLDEAGIFG,68,hypothetical protein, ,Derived by automated computational analysis using gene prediction method: GeneMarkS-2+.,OG0000095,Soft core,group_53,Soft core,Soft core,Soft core
GCF_032936355.1,R0122_RS13885,MTSAVEYPGVVTTSNCAEGGSHSLSAGIFVTVAVYRIAGRPEMVKFVGPP,50,hypothetical protein, ,Derived by automated computational analysis using gene prediction method: Protein Homology.,OG0000239,Shell,group_2037,Shell,Shell,Shell
GCF_032936355.1,R0122_RS13990,MALAYSPDTSIDSTRLAFLAAAVVLFAMLALYLVGFDQGAISRTGMYMHELMHDGRHLMGLPCH,64,cbtb domain-containing protein, ,Derived by automated computational analysis using gene prediction method: Protein Homology.,OG0000008,Conserved,group_2468,Conserved,Core,Conserved
GCF_032936355.1,R0122_RS14420,MNAYICPICDYTYTESTGAAREGFPPGTPWSSIPDDWCCPDCGVREKVDFTLVTQS,56,rubredoxin, ,Derived by automated computational analysis using gene prediction method: Protein Homology.,OG0000096,Soft core,group_2166,Soft core,Soft core,Soft core
GCF_032936355.1,R0122_RS14425,MSETATAYKLFRCLQCGFEYDEAIGWPDDGIEPGTRWDEIPEDWSCPDCGAAKVDFEMVEVNR,63,rubredoxin, ,Derived by automated computational analysis using gene prediction method: Protein Homology.,OG0000097,Soft core,group_421,Soft core,Soft core,Soft core
GCF_032936355.1,R0122_RS14970,MKNPNLTPSRVLAVVLAAALVIFVIARRRDDGALSRGEWLSDTVGPDDLAG,51,hypothetical protein, ,Derived by automated computational analysis using gene prediction method: Protein Homology.,OG0000077,Soft core,group_2167,Soft core,Soft core,Soft core
GCF_032936355.1,R0122_RS15060,MEVRVDLDRCEANGVCVGIAPDIFDLDDNEELVISSVRPPEDRWEDVRSAIAQCPRAALTEHP,63,ferredoxin, ,Derived by automated computational analysis using gene prediction method: Protein Homology.,OG0000005,Conserved,group_423,Soft core,Soft core,Soft core
GCF_032936355.1,R0122_RS15125,MAENTTVETEIADEDLEPVADETARQAQRVVAAYAEDADECRMLLSMLGISPAAKLD,57,hypothetical protein, ,Derived by automated computational analysis using gene prediction method: Protein Homology.,OG0000015,Conserved,group_2168,Soft core,Soft core,Soft core
GCF_032936355.1,R0122_RS15810,MTKFLVPGVASAVIGAVLGAGVIFGVTAAASDNTRPEIDRSGNADSSVLNQVEYGSR,57,duf2613 domain-containing protein, ,Derived by automated computational analysis using gene prediction method: Protein Homology.,OG0000016,Conserved,group_855,Soft core,Soft core,Soft core
GCF_032936355.1,R0122_RS15945,MVGLIVLAALVLASVLVGFVFRRPIAEAKSAVLAFDDASSQPQRD,45,hypothetical protein, ,Derived by automated computational analysis using gene prediction method: GeneMarkS-2+.,OG0000098,Soft core,group_2198,Soft core,Soft core,Soft core
GCF_032936355.1,R0122_RS15955,MAFTTGSSKTDLATLGDFQKIIAGLGGVLVGIGAVAGLLGAIGGAGSSQPKA,52,hypothetical protein, ,Derived by automated computational analysis using gene prediction method: GeneMarkS-2+.,OG0000247,Shell,group_1186,Shell,Shell,Shell
GCF_032936355.1,R0122_RS16010,MPERGQSRVDAGIIAVVAVITGVFVALTGHGLVAALATVVGLALGMAIVRYLIKGR,56,hypothetical protein, ,Derived by automated computational analysis using gene prediction method: Protein Homology.,OG0000078,Soft core,group_2220,Soft core,Soft core,Soft core
GCF_032936355.1,R0122_RS16125,MMRIVTLIVLIWLIVGAVAAGQRGYYSSSPTNCAGVGTIALTVIAGPLNYFGVNPKVTDCTLPQPTE,67,hypothetical protein, ,Derived by automated computational analysis using gene prediction method: Protein Homology.,OG0000017,Conserved,group_129,Soft core,Soft core,Soft core
GCF_032936355.1,R0122_RS16130,MIILGVILLIIGFVVNIPILWTIGVVLLVIGIILYALGAAGHAIGGRRHYY,51,duf6131 family protein, ,Derived by automated computational analysis using gene prediction method: Protein Homology.,OG0000000,Conserved,group_1229,Soft core,Soft core,Soft core
GCF_032936355.1,R0122_RS16225,MTDKDDNDQSPKGGHPGPVDKGGDGGMATREQVPELVEETSGEKSDDE,48,hypothetical protein, ,Derived by automated computational analysis using gene prediction method: Protein Homology.,OG0000018,Core,group_2221,Soft core,Soft core,Soft core
GCF_032936355.1,R0122_RS16330,MSMRRCSLASGRALRTARFGVATFRRGRKAIDRRPSGLVWIERALAAPAGSV,52,hypothetical protein, ,Derived by automated computational analysis using gene prediction method: GeneMarkS-2+.,OG0000142,Shell,group_2080,Shell,Shell,Shell
GCF_032936355.1,R0122_RS16350,MIVLGIILALIGFFTGLSILTTVGIILVVVGAVLSILGATGRAVGGRKVWY,51,duf6131 family protein, ,Derived by automated computational analysis using gene prediction method: Protein Homology.,OG0000000,Conserved,group_1230,Soft core,Soft core,Soft core
GCF_032936355.1,R0122_RS16645,MPAPIMAPAAALAEPVVWNEDPQRQGWWKRILAATPPENPTNEEFQP,47,hypothetical protein, ,Derived by automated computational analysis using gene prediction method: Protein Homology.,OG0000118,Soft core,group_2222,Soft core,Soft core,Soft core
GCF_032936355.1,R0122_RS16740,MGALSPTHWAIVAVVLVVLFGSKKLPDAARGLGRSMRILKSEVGELQSDTDLALEPRD,58,sec-independent protein translocase subunit tata, ,Derived by automated computational analysis using gene prediction method: Protein Homology.,OG0000019,Conserved,tatA,Soft core,Soft core,Soft core
GCF_032936355.1,R0122_RS16785,MAQGSVKWFNGEKGFGFIEQEGGGPDVFVHYSEIQGSGYKSLDEGQKVEFEIGQGQKGPQAQNVRAI,67,cold-shock protein, ,Derived by automated computational analysis using gene prediction method: Protein Homology.,OG0000069,Soft core,group_130,Soft core,Soft core,Soft core
GCF_032936355.1,R0122_RS16830,MSADSRGTSTQTRREYQMFVLQQRLLFGSILAGTALGVLAINYF,44,hypothetical protein, ,Derived by automated computational analysis using gene prediction method: GeneMarkS-2+.,OG0000122,Soft core,group_2138,Soft core,Soft core,Soft core
GCF_032936355.1,R0122_RS16840,MTTIDIPPTQGESTTGIGITVASATLTTEEVKRRIAMMYGDPVTEEPVALAH,52,hypothetical protein, ,Derived by automated computational analysis using gene prediction method: Protein Homology.,OG0000002,Conserved,group_2274,Soft core,Soft core,Soft core
GCF_032936355.1,R0122_RS16865,MSEQNSTDRTDQTDEPQTTGTDHGPGTGSDTAPKDVQTDPSGERTWADEGGASSTGPATDTD,62,pi-type proteinase, ,Derived by automated computational analysis using gene prediction method: Protein Homology.,OG0000020,Core,group_2297,Soft core,Soft core,Soft core
GCF_032936355.1,R0122_RS16875,MTTPPPPDPGPAPDPGPPTPPAPTPPDPMNPPPVPPTPTPPNPYPPDPIPQI,52,hypothetical protein, ,Derived by automated computational analysis using gene prediction method: GeneMarkS-2+.,OG0000946,Cloud,,,Cloud,Cloud
GCF_032936355.1,R0122_RS16900,MGGSADALNRALERVDRDFASPIGVGVRRTLRGTMRQIAKPARTQYTRLRARFPGAKTYTEI,62,hypothetical protein, ,Derived by automated computational analysis using gene prediction method: GeneMarkS-2+.,OG0000115,Soft core,group_2190,Soft core,Soft core,Soft core
GCF_032936355.1,R0122_RS16905,MTTSTVGLLAGLLLGVAAAAGGFTGFLIALVLGVIGYLVGGQRDGEFDLGVMLKGRGRG,59,hypothetical protein, ,Derived by automated computational analysis using gene prediction method: Protein Homology.,OG0000099,Soft core,group_732,Soft core,Soft core,Soft core
GCF_032936355.1,R0122_RS16925,MDVAVALCVTVLLATVTSMAIAIVVTLIMCASVSVVSRMW,40,hypothetical protein, ,Derived by automated computational analysis using gene prediction method: GeneMarkS-2+.,OG0000187,Shell,group_2158,Soft core,Shell,Shell
GCF_032936355.1,R0122_RS16935,MSDFIDKAKHRAEDLIGEAKEKFGNATGNDDLAAEGVADQGEAKVKKAGDTVSDKVSDIKDKFTS,65,csbd family protein, ,Derived by automated computational analysis using gene prediction method: Protein Homology.,OG0000074,Soft core,group_2191,Soft core,Soft core,Soft core
GCF_032936355.1,R0122_RS17660,MGSLGNLLKANGMGWGILQLLPLVNMLKTLQGLDTASSNS,40,hypothetical protein, ,Derived by automated computational analysis using gene prediction method: GeneMarkS-2+.,OG0000080,Soft core,group_2512,Soft core,Soft core,Soft core
GCF_032936355.1,R0122_RS17665,MGSFEDFSGVVKTFIPVLKDLFTALGGGSLTPGTGSAADK,40,hypothetical protein, ,Derived by automated computational analysis using gene prediction method: GeneMarkS-2+.,OG0000108,Soft core,group_2511,Soft core,Soft core,Soft core
GCF_032936355.1,R0122_RS17670,MFGSLSTLGPLLTALGAFLKSVPTESLSGKGEGSSTGSLSGLSSGSAE,48,hypothetical protein, ,Derived by automated computational analysis using gene prediction method: Protein Homology.,OG0000081,Soft core,group_2510,Soft core,Soft core,Soft core
GCF_032936355.1,R0122_RS17780,MKAVEGGFDTAWSRRHVDLCRTAGSFCTN,29,putative leader peptide, ,Derived by automated computational analysis using gene prediction method: Protein Homology.,OG0000132,Shell,group_1947,Shell,Shell,Shell
GCF_032936355.1,R0122_RS17885,MGSLDTGSLSTESLEDLNLGKISELLKLGITAVSFITALNSLS,43,hypothetical protein, ,Derived by automated computational analysis using gene prediction method: GeneMarkS-2+.,OG0000067,Soft core,group_2503,Soft core,Soft core,Soft core
GCF_032936355.1,R0122_RS18050,MDEGTWTRGRAWALSIALVALPYYRDTNEQITAWAKHAIAQVVDDVHTEL,50,hypothetical protein, ,Derived by automated computational analysis using gene prediction method: Protein Homology.,OG0000155,Shell,group_2238,Shell,Shell,Shell
GCF_032936355.1,R0122_RS18135,MTFESNTPRPFTRSNDKKMFAGVCGGIADYFGADVNLVRLLAVIAAICTGGTAALVYLAAWMLMPLG,67,pspc domain-containing protein, ,Derived by automated computational analysis using gene prediction method: Protein Homology.,OG0000021,Conserved,group_2380,Conserved,Soft core,Soft core
GCF_032936355.1,R0122_RS18650,MGSSHDGKPAVAGTQFLTVAEVATLMRVSKMTVYRLVHSGELPAVRVGRSFRVHAKAVHDYLETSYFDAG,70,helix-turn-helix domain-containing protein, ,Derived by automated computational analysis using gene prediction method: Protein Homology.,OG0000071,Soft core,,,Soft core,Soft core
GCF_032936355.1,R0122_RS18655,MGSVIKKRRKRMSKKKHRKLLRRTRVQRRKLGK,33,aurkaip1/cox24 domain-containing protein, ,Derived by automated computational analysis using gene prediction method: Protein Homology.,OG0000022,Conserved,group_1939,Conserved,Conserved,Conserved
GCF_032936355.1,R0122_RS18710,MSSQEALRTESTHDAPLRQRGSRTEVILFAILGASVLVTLLMLMIPGIVSG,51,hypothetical protein, ,Derived by automated computational analysis using gene prediction method: Protein Homology.,OG0000100,Soft core,group_1231,Soft core,Soft core,Soft core
GCF_032936355.1,R0122_RS18840,MLYLLALVGLVTLIVLMWKAFGPDPSTRTPVSGVRGPDDDPEFLWNVNQQTRRKRTEGPDVPPTDAST,68,hypothetical protein, ,Derived by automated computational analysis using gene prediction method: Protein Homology.,OG0000023,Conserved,group_2362,Soft core,Conserved,Soft core
GCF_032936355.1,R0122_RS18845,MSAPTFNTAADALMTPGQVAALFHVDPKTVTRWAHAGRLGSLRTPGGHRRFRETEVMQLLRSLTTEADNN,70,bldc family transcriptional regulator, ,Derived by automated computational analysis using gene prediction method: Protein Homology.,OG0000068,Soft core,,,Soft core,Soft core
GCF_032936355.1,R0122_RS18880,MLELSLREALAHKDNRIGAEHILLGILRVADGPTRQALETQVTMSVIRERLEAKMNRAA,59,clp protease n-terminal domain-containing protein, ,Derived by automated computational analysis using gene prediction method: Protein Homology.,OG0000342,Cloud,,,,Probably not conserved
GCF_032936355.1,R0122_RS19050,MASSTDVRPKITLACEVCKHRNYITKKNRRNDPDRLELKKFCPNCGTHQSHRESK,55,50s ribosomal protein l33, ,Derived by automated computational analysis using gene prediction method: Protein Homology.,OG0000024,Conserved,rpmG,Conserved,Soft core,Soft core
GCF_032936355.1,R0122_RS19185,MAGKKLDRTNARTALEVVRESPTIAFITVAPAVVVFGVVWWLFGFWAAILLALVFGVAAVATQKLR,66,hypothetical protein, ,Derived by automated computational analysis using gene prediction method: Protein Homology.,OG0000025,Conserved,group_2209,Conserved,Soft core,Soft core
GCF_032936355.1,R0122_RS19330,MNSTTVGLLVGLLLALAGIMGGFSGFVFAVLLGAAGMAIGAHRDGHLDLGAILRSRGRG,59,hypothetical protein, ,Derived by automated computational analysis using gene prediction method: Protein Homology.,OG0000026,Conserved,group_2303,Conserved,Soft core,Soft core
GCF_032936355.1,R0122_RS19455,MRLSTRNQLTGTITEVNLGTVMATVKVKLDGGNQIVTSSITRDAALDLDLEPGQAATVFVKSTEVTIGVE,70,tobe domain-containing protein, ,Derived by automated computational analysis using gene prediction method: Protein Homology.,OG0000064,Soft core,,,Soft core,Soft core
GCF_032936355.1,R0122_RS19460,MTEPVKGPASYFPSIEKKYGRPIGEWQELIRSSDLTKHMELVNWLKSEHGMGHGHANALVAHTLKEG,67,duf4287 domain-containing protein, ,Derived by automated computational analysis using gene prediction method: Protein Homology.,OG0000027,Conserved,group_2329,Soft core,Soft core,Soft core
GCF_032936355.1,R0122_RS19475,MSDRDNKALENDLVEESLVEEVSIDGMCGVY,31,mycofactocin precursor mfta, ,"Mycofactocin is a small molecule electron carrier derived from the final two amino acids, Val-Tyr, of MftA, the mycofactocin precursor. It plays a role in redox homeostasis and the metabolism of alcohols and aldehydes in Actinobacteria, including Mycobacterium tuberculosis; Derived by automated computational analysis using gene prediction method: Protein Homology.",OG0000009,Conserved,group_2326,Conserved,Soft core,Soft core
GCF_032936355.1,R0122_RS19810,MAKKALVNKANKKPKFAVRAYTRCQRCGRPHSVFRKFGLCRICVREMAHAGELPGVRKSSW,61,type z 30s ribosomal protein s14, ,Derived by automated computational analysis using gene prediction method: Protein Homology.,OG0000028,Conserved,group_2294,Conserved,Soft core,Soft core
GCF_032936355.1,R0122_RS19835,MADLKVTQIKSIIGTKQNQKDSLRTLGLKGIRQTVVREDNAQNRGLINVVRHLVTVEEV,59,50s ribosomal protein l30, ,Derived by automated computational analysis using gene prediction method: Protein Homology.,OG0000029,Conserved,rpmD,Conserved,Soft core,Soft core
GCF_032936355.1,R0122_RS19865,MKVQPSVKKICEKCKVIRRNGRVMVICENLRHKQRQG,37,50s ribosomal protein l36, ,Derived by automated computational analysis using gene prediction method: Protein Homology.,OG0000030,Conserved,rpmJ,Conserved,Soft core,Soft core
GCF_032936355.1,R0122_RS20335,MTIFEWILAIPALALAVAFLFSGIISAGIDFDAEDGVMTH,40,hypothetical protein, ,Derived by automated computational analysis using gene prediction method: GeneMarkS-2+.,OG0000082,Soft core,group_2186,Soft core,Soft core,Soft core
GCF_032936355.1,R0122_RS21200,MSSYRCPVCEYVYDESKGAPREGFPAGTPWDAVPDDWCCPDCGVREKLDFEPMPATAGSES,61,rubredoxin, ,Derived by automated computational analysis using gene prediction method: Protein Homology.,OG0000053,Core,group_2279,Soft core,Soft core,Soft core
GCF_032936355.1,R0122_RS21205,MNDYKLYQCAQCGFEYDEAVGWPEDGIEPGTRWDDIPEDWSCPDCGAAKSDFFMVEVERR,60,rubredoxin, ,Derived by automated computational analysis using gene prediction method: Protein Homology.,OG0000007,Conserved,group_2155,Soft core,Soft core,Soft core
GCF_032936355.1,R0122_RS21885,MATDPAPRSERKKILLRLDPAVHDALARWAADDLRSTNAQIEFLLRRALTEHGRMPKNAGKMHGPGRPPA,70,hypothetical protein, ,Derived by automated computational analysis using gene prediction method: Protein Homology.,OG0000114,Soft core,,,Shell,Shell
GCF_032936355.1,R0122_RS22165,MSDLDSNTPSEPESQSEETKRKFREALERKNHQNAKSTDHRDGQSKVHNTHGPADHKREFRRKSG,65,duf5302 domain-containing protein, ,Derived by automated computational analysis using gene prediction method: Protein Homology.,OG0000031,Conserved,group_2470,Core,Soft core,Soft core
GCF_032936355.1,R0122_RS22250,MAAVCDVCAKGPGFGKSVSHSHRRTNRRWNPNIQSVRTEVAPGNTRKVNVCTSCLKAGKVARG,63,50s ribosomal protein l28, ,Derived by automated computational analysis using gene prediction method: Protein Homology.,OG0000032,Conserved,rpmB,Conserved,Soft core,Soft core
GCF_032936355.1,R0122_RS22290,MAVPKRKMSRSNTRSRRSQWKTTVPTLVTCPNRGCGEQTLPHIACPSCGTYKGRQVTAAV,60,50s ribosomal protein l32, ,Derived by automated computational analysis using gene prediction method: Protein Homology.,OG0000033,Conserved,group_2479,Conserved,Soft core,Soft core
GCF_032936355.1,R0122_RS22585,MSERFSHLTDAQLIRRIEKAPDFGYDDEAIELNRRVRALGKAWRWAGDFYHPHVEVYEEGES,62,hypothetical protein, ,Derived by automated computational analysis using gene prediction method: Protein Homology.,OG0002360,,group_587,Cloud,,Probably not conserved
GCF_032936355.1,R0122_RS22635,MKIFIVKTNNKLDIKRTAWFHLKPRLIALANRIDWFFEHQGMHGYPYELESTL,53,hypothetical protein, ,Derived by automated computational analysis using gene prediction method: GeneMarkS-2+.,OG0002361,,group_1171,Cloud,,Probably not conserved
GCF_032936355.1,R0122_RS22700,MKPGRAYDVHFAPNTDVKVGDKIEWMETTVMVKYIRPYINTPPVSHIEAVCEQEIS,56,hypothetical protein, ,Derived by automated computational analysis using gene prediction method: GeneMarkS-2+.,OG0002362,,group_997,Cloud,,Probably not conserved
GCF_032936355.1,R0122_RS22715,MKKNEPKPTTSEVTAKLKKQRNLYFVPDFGQIEAADNVELAKKVKKLRKDKEYGNK,56,hypothetical protein, ,Derived by automated computational analysis using gene prediction method: GeneMarkS-2+.,OG0000414,Cloud,group_998,Cloud,Cloud,Cloud
GCF_032936355.1,R0122_RS22780,MNKLLRNGWGAVLMLLVFAVVARILWALLHPMIPVLIGILVMIVIFKFLVGGGGKLLR,58,hypothetical protein, ,Derived by automated computational analysis using gene prediction method: GeneMarkS-2+.,OG0002363,,group_854,Cloud,,Probably not conserved
GCF_032936355.1,R0122_RS23485,MQLLDSEVVRRCAVTAAAAAAVCRSNGPGVVDGDAVTGKSFFLPDGGWPGT,51,hypothetical protein, ,Derived by automated computational analysis using gene prediction method: GeneMarkS-2+.,OG0000147,Shell,group_2063,Shell,Shell,Shell
GCF_032936355.1,R0122_RS23515,MKVPAFHSTVPSDLDVYHDNESCILAARIAVSHRAPGVDGRPWCTACASLD,51,hypothetical protein, ,Derived by automated computational analysis using gene prediction method: Protein Homology.,OG0000083,Soft core,group_2187,Soft core,Soft core,Soft core
GCF_032936355.1,R0122_RS23835,MFWKIVLAVVLVWVALAVVGALIKGLFWVLVVGAVGFGIYFLVKAMSGSDDNSPASRF,58,hypothetical protein, ,Derived by automated computational analysis using gene prediction method: Protein Homology.,OG0000034,Conserved,group_2296,Soft core,Soft core,Soft core
GCF_032936355.1,R0122_RS23860,MRLTEFHEMVREEFGQVRGDSMLIDHVLQSLDGMTAAEAVEAGWEPREVWRALCVEFDVPPARR,64,duf3046 domain-containing protein, ,Derived by automated computational analysis using gene prediction method: Protein Homology.,OG0000035,Conserved,group_2481,Conserved,Soft core,Soft core
GCF_032936355.1,R0122_RS24135,MPGTLTSPQLTAADRCDRCGAGARVRAVLPTGGELLFCGHHATEHADRLREMNAVVSESEPAI,63,hypothetical protein, ,Derived by automated computational analysis using gene prediction method: Protein Homology.,OG0000036,Conserved,group_2483,Conserved,Soft core,Soft core
GCF_032936355.1,R0122_RS24505,MKIRFELMIGILLVVGGGCLWLFARDAEFFWFRGGPLGVILAIIGAFDIVNAVRTRETAIPERRND,66,hypothetical protein, ,Derived by automated computational analysis using gene prediction method: Protein Homology.,OG0000101,Soft core,group_2126,Soft core,Soft core,Soft core
GCF_032936355.1,R0122_RS24635,MTLLARFDDRALGPDGAVIYRNRTVLLVRTKWGKIIEQEDYYEDTARIGDFDRRLREIEAGRACGTVVE,69,hypothetical protein, ,Derived by automated computational analysis using gene prediction method: Protein Homology.,OG0000308,Cloud,group_2128,Cloud,Cloud,Cloud
GCF_032936355.1,R0122_RS24990,MAGIDSKFDKAYAGKSVEELADAPVAALNGVSDSDAEHLKAAFNIKTVRDLGTNKFFLWAQATAKLAE,68,hypothetical protein, ,Derived by automated computational analysis using gene prediction method: Protein Homology.,OG0000070,Soft core,group_2484,Soft core,Soft core,Soft core
GCF_032936355.1,R0122_RS25780,MAQEQTQRAGGGEDDETTGGDGSAGQERREKLAAETDDLLDEIDDVLEENAEDFVRAYVQKGGQ,64,ubiquitin-like protein pup, ,Derived by automated computational analysis using gene prediction method: Protein Homology.,OG0000037,Conserved,group_340,Soft core,Soft core,Soft core
GCF_032936355.1,R0122_RS26305,MAIDSTLLSILACPQDKGPLLLVGDELLYNPRLRRAYPIENGIPVLLIDEARDVADDEHEKLLARAEG,68,trm112 family protein, ,Derived by automated computational analysis using gene prediction method: Protein Homology.,OG0000038,Conserved,group_54,Soft core,Core,Soft core
GCF_032936355.1,R0122_RS26400,MPKMKSHSGASKRFKVSGSGKLMRQKAGRRHLLEHKSSRVTRRLDGVAVVSPDDAPRIKRMLGI,64,50s ribosomal protein l35, ,Derived by automated computational analysis using gene prediction method: Protein Homology.,OG0000039,Conserved,group_2130,Soft core,Core,Soft core
GCF_032936355.1,R0122_RS26750,MHVEVDLDLCQGHAACELEAPEIFVVPKRGKVSLLDSDPPESLRGEAEMAVRYCPTGALRIVD,63,ferredoxin, ,Derived by automated computational analysis using gene prediction method: Protein Homology.,OG0000001,Conserved,group_2270,Soft core,Soft core,Soft core
GCF_032936355.1,R0122_RS26930,MSVLFTYLLFIGAGIAVGGAYSMFKVNKLASGILLALAVLAAVAGALRL,49,hypothetical protein, ,Derived by automated computational analysis using gene prediction method: Protein Homology.,OG0000040,Conserved,group_2410,Soft core,Conserved,Soft core
GCF_032936355.1,R0122_RS27160,MNESSSGLFSDLSASEPVVDAKSAEQLAAERETAAAERSNTDTAEQRQSQLFSG,54,hypothetical protein, ,Derived by automated computational analysis using gene prediction method: Protein Homology.,OG0000084,Soft core,group_2262,Soft core,Soft core,Soft core
GCF_032936355.1,R0122_RS27165,MLGIALGLGSAAVGIGLGLLGAGAGILLSDKTVKTARRELTA,42,hypothetical protein, ,Derived by automated computational analysis using gene prediction method: GeneMarkS-2+.,OG0000102,Soft core,group_2160,Soft core,Soft core,Soft core
GCF_032936355.1,R0122_RS27270,MHAEVGDRLHVQGRVVGQAEVTAEVLEVHGEDGGPPYLVRYDNGHEALVFPGSDGWIDHPGKGS,64,duf1918 domain-containing protein, ,Derived by automated computational analysis using gene prediction method: Protein Homology.,OG0000041,Conserved,group_2499,Soft core,Conserved,Soft core
GCF_032936355.1,R0122_RS27285,MTTYRYLDADRNLLEEKDFETEQDAQEYRLSVLGAEHIEPTDE,43,hypothetical protein, ,Derived by automated computational analysis using gene prediction method: Protein Homology.,OG0000054,Core,group_2400,Soft core,Core,Core
GCF_032936355.1,R0122_RS27505,MIRSHVTDSLDGLPAHTYNTHSNGVWRSATLVADRHTCGRPCPEEGVTSELHHSRSTPEEGRES,64,hypothetical protein, ,Derived by automated computational analysis using gene prediction method: Protein Homology.,OG0000246,Shell,group_360,Shell,Shell,Shell
GCF_032936355.1,R0122_RS27955,MTDEDRLWYFDVSDGSVTQGKGASSLTRMGPYPDRDSAEHALKIAAERNKAADRADEDWNN,61,hypothetical protein, ,Derived by automated computational analysis using gene prediction method: Protein Homology.,OG0000042,Conserved,group_592,Soft core,Core,Soft core
GCF_032936355.1,R0122_RS28160,MKLALTEFKNSKATIRIIMSDGAKLNGTVTDFTEDTLVLNSPNGVYYINPSHIIRLFEPSDRAAK,65,hypothetical protein, ,Derived by automated computational analysis using gene prediction method: GeneMarkS-2+.,OG0000085,Soft core,group_2248,Soft core,Soft core,Soft core
GCF_032936355.1,R0122_RS28325,MTVAGVVSVVLIAVAAALVIYLLVALVDPERF,32,k(+)-transporting atpase subunit f, ,Derived by automated computational analysis using gene prediction method: Protein Homology.,OG0000055,Core,kdpF,Soft core,Soft core,Soft core
GCF_032936355.1,R0122_RS28465,MSEATAPVIRHQLALIAVGMLDVADVACC,29,ms4533a family cys-rich leader peptide, ,Derived by automated computational analysis using gene prediction method: Protein Homology.,OG0000133,Shell,group_1948,Soft core,Shell,Shell
GCF_032936355.1,R0122_RS28470,MDRIADWWDSFELWMAGLPFIPQVALVLIVVVPLCRLVAIGLDRVLAAVLALPLFGWLRRNSREVEES,68,hypothetical protein, ,Derived by automated computational analysis using gene prediction method: Protein Homology.,OG0000056,Core,group_2078,Soft core,Soft core,Soft core
GCF_032936355.1,R0122_RS28870,MRPILANGIDEWLGYIASSSPGTPVVQVLASAARVALNSPAATPDAIALIRRLQRIVPGDPALRNAW,67,hypothetical protein, ,Derived by automated computational analysis using gene prediction method: GeneMarkS-2+.,OG0000234,Shell,group_157,Shell,Shell,Shell
GCF_032936355.1,R0122_RS28970,MKKALPKTLKSLARTVGILALAIVVVSVVERFTGAHQPTTGPASLTGPDQSL,52,hypothetical protein, ,Derived by automated computational analysis using gene prediction method: Protein Homology.,OG0000111,Soft core,group_2264,Soft core,Soft core,Soft core
GCF_032936355.1,R0122_RS28975,MKSKPVHRAEAREDDVNLWGLAIFEEASDVAFSEIHTHPRQCLIRAHKSVAKSRCGARSAGLT,63,hypothetical protein, ,Derived by automated computational analysis using gene prediction method: GeneMarkS-2+.,OG0000241,Shell,group_2309,Shell,Shell,Shell
GCF_032936355.1,R0122_RS28985,MSFLPFPTVIEGIETTGSAAIDGLGRLSVLLYDLLGGTGSATINAGS,47,hypothetical protein, ,Derived by automated computational analysis using gene prediction method: Protein Homology.,OG0000125,Shell,group_2228,Shell,Shell,Shell
GCF_032936355.1,R0122_RS29020,MIAAPTTGALAVVLNTVLQMFNAGSSFLYTDNSPIGGGGETPTTPAP,47,hypothetical protein, ,Derived by automated computational analysis using gene prediction method: Protein Homology.,OG0000086,Soft core,group_2210,Soft core,Soft core,Soft core
GCF_032936355.1,R0122_RS29025,MPTIPLTGDPIVINIIVQLLSAGSSNALALGGVGSSGLGSTGLGSFDSASLGSAA,55,hypothetical protein, ,Derived by automated computational analysis using gene prediction method: Protein Homology.,OG0000087,Soft core,group_1002,Soft core,Shell,Soft core
GCF_032936355.1,R0122_RS29415,MFPDRLTALASAAHNAGARENLHNLGGVHHDAHHAALTLDRYAPEKLPASCWVAILVHHTRTLH,64,hypothetical protein, ,Derived by automated computational analysis using gene prediction method: GeneMarkS-2+.,OG0000538,Cloud,,,,Probably not conserved
GCF_032936355.1,R0122_RS29430,MAGLERYRPGGSVPGTAGLRASAGAAGVDVDDMISFGPRRTTRRPLS,47,hypothetical protein, ,Derived by automated computational analysis using gene prediction method: GeneMarkS-2+.,OG0002364,,,,,Probably not conserved
GCF_032936355.1,R0122_RS29445,MAVQRGLTEAHAGSELTALAPIMAVEGRTMDEDSHQLLMQLLQKSITLADALDAIIRRRSGIAETAPPAD,70,hypothetical protein, ,Derived by automated computational analysis using gene prediction method: Protein Homology.,OG0000347,Cloud,,,,Probably not conserved
GCF_032936355.1,R0122_RS29710,MSENFTPRERSAVEAAAYQATKHTQKITDADLIAVVEGLTGASVAQTPRIDIAFPAAGDPDELFH,65,hypothetical protein, ,Derived by automated computational analysis using gene prediction method: Protein Homology.,OG0000121,Shell,group_2426,Cloud,Cloud,Cloud
GCF_032936355.1,R0122_RS29800,MSDDEHDAWQLHHHGASWDDIGTEMGCSPTTARTLATAYEKRTDNAAAQTQNALF,55,hypothetical protein, ,Derived by automated computational analysis using gene prediction method: Protein Homology.,OG0000063,Soft core,group_2464,Shell,Cloud,Cloud
GCF_032936355.1,R0122_RS29810,MTNKPRVVKHSIFGVLALAVAALDFTIGTKHMITAGIIALTASAYSFTKAARLRKAPSDRENRL,64,hypothetical protein, ,Derived by automated computational analysis using gene prediction method: Protein Homology.,OG0000215,Shell,group_2477,Cloud,Cloud,Cloud
GCF_032936355.1,R0122_RS29840,MSTAIINLEETAPRPLSEEERNEQVRSLATWAAAELAHANRLPHGRVRSGHLTNAENALVVASELLAA,68,hypothetical protein, ,Derived by automated computational analysis using gene prediction method: GeneMarkS-2+.,OG0000384,Cloud,group_2450,Cloud,Cloud,Cloud
GCF_032936355.1,R0122_RS29845,MSTETPTLAPALAAVASATAALDAAMFDPNREGFTDITALVDAFAAARAAARDAGHPEEDIDAAATPTN,69,hypothetical protein, ,Derived by automated computational analysis using gene prediction method: Protein Homology.,OG0000226,Shell,group_2451,Shell,Shell,Shell
GCF_032936355.1,R0122_RS29850,MSDGYDYTEGGDYSAATSHYAGLTCGCGDYSCPRMHNDAAQCVNAE,46,hypothetical protein, ,Derived by automated computational analysis using gene prediction method: Protein Homology.,OG0000216,Shell,group_2501,Shell,Cloud,Shell
GCF_032936355.1,R0122_RS29875,MAAMVLGVTVGVLLADVVAGVAVGAGTAVVFRFVLRTIITRK,42,hypothetical protein, ,Derived by automated computational analysis using gene prediction method: GeneMarkS-2+.,OG0000124,Shell,group_2431,Cloud,Cloud,Cloud
GCF_032936355.1,R0122_RS29890,MSETAEPDEVQGWSPAPDEGQAGTVLTSDGRWAYRYKDGAELIMMKMPERPAPA,54,hypothetical protein, ,Derived by automated computational analysis using gene prediction method: Protein Homology.,OG0000119,Shell,group_2472,Shell,Shell,Shell
GCF_032936355.1,R0122_RS29895,MTETAAPTRFVAIPRTEEHGGHENECFTHYVQDNRGRYCLRGPMVQSDAEWLANKMNTQLD,61,hypothetical protein, ,Derived by automated computational analysis using gene prediction method: GeneMarkS-2+.,OG0000189,Shell,group_2471,Shell,Cloud,Shell
GCF_032936355.1,R0122_RS29960,MSLFTSTRLHPYYARTAVAAPVGAGTAQLVRLALRLAMCTGTNAIH,46,hypothetical protein, ,Derived by automated computational analysis using gene prediction method: GeneMarkS-2+.,OG0000259,Shell,group_2153,Shell,Cloud,Shell
GCF_032936355.1,R0122_RS29965,MPTPSKGDRTRVVSRVPDPVYAELEKRRKAAGVSSVSQYVADLLAATTGHKNLVVELDQEVLQLTA,66,hypothetical protein, ,Derived by automated computational analysis using gene prediction method: Protein Homology.,OG0000139,Shell,group_216,Shell,Shell,Shell
GCF_037463925.1,WDS21_RS00200,MLKHSIFGVLALAVAALDFTIGTKHMITAGIIALAASVYSFTKAASLRKAPNDKGNRP,58,hypothetical protein, ,Derived by automated computational analysis using gene prediction method: Protein Homology.,OG0000215,Shell,group_2115,Cloud,Cloud,Cloud
GCF_037463925.1,WDS21_RS00205,MTTEKDTSKPGWKAHTVVALISLAVGIIFLTGGTTISLIAGTSLLGLAVYHYVVALRLRRELKTPAEEEG,70,hypothetical protein, ,Derived by automated computational analysis using gene prediction method: GeneMarkS-2+.,OG0000287,Shell,,,Cloud,Cloud
GCF_037463925.1,WDS21_RS00210,MSDDEHDAWQLHHHGASWDDIGTEMGCSPTTAQTLATAYEKRTDNAAAQTQNTLF,55,hypothetical protein, ,Derived by automated computational analysis using gene prediction method: Protein Homology.,OG0000063,Soft core,group_2009,Cloud,Cloud,Cloud
GCF_037463925.1,WDS21_RS00235,MATYRVINPAGDVTATREIDSADDAHAWFVDARADNSELGWRMEVQHDGEWSFFDDTEGASS,62,hypothetical protein, ,Derived by automated computational analysis using gene prediction method: Protein Homology.,OG0000066,Soft core,group_2010,Cloud,Cloud,Cloud
GCF_037463925.1,WDS21_RS00255,MIILGIVLLIVGFLTGISILWTIGIILVVIGVVLFALGAAGHAVGGRRHYY,51,duf6131 family protein, ,Derived by automated computational analysis using gene prediction method: Protein Homology.,OG0000000,Conserved,group_1245,Cloud,Cloud,Cloud
GCF_037463925.1,WDS21_RS00300,MEDNRIRSALDATPDADYLEQTIPADPNAVDAVDLEALTTELDTPWPAPEGDLLEQSTPAPLDDER,66,hypothetical protein, ,Derived by automated computational analysis using gene prediction method: Protein Homology.,OG0000199,Shell,group_2011,Cloud,Cloud,Cloud
GCF_037463925.1,WDS21_RS00325,MDVDDLDVVVWPESEEREAWWRQVVTGGSAGAATSTMTPNRSIEDASSRILHAA,54,hypothetical protein, ,Derived by automated computational analysis using gene prediction method: GeneMarkS-2+.,OG0000129,Shell,group_2012,Cloud,Cloud,Cloud
GCF_037463925.1,WDS21_RS00330,MNVQTSRSNSWPAVHSGSMSTAEIKARIESMYADRGALVPKGTGTKS,47,hypothetical protein, ,Derived by automated computational analysis using gene prediction method: Protein Homology.,OG0000002,Conserved,group_1493,Cloud,Cloud,Cloud
GCF_037463925.1,WDS21_RS00345,MKDVRKAMTETELVEELHRLENLTKRNRCEQIRLEIVHDELVGRQTDYRRMANNH,55,hypothetical protein, ,Derived by automated computational analysis using gene prediction method: GeneMarkS-2+.,OG0000238,Shell,group_2105,Cloud,Cloud,Cloud
GCF_037463925.1,WDS21_RS00665,MSNISFDSISNSAPANALQGVGTNALVDNPFTFEPVAEATSAHALQGVGTNALVDNPFSFQS,62,streptamidine-related ripp repeat protein, ,Derived by automated computational analysis using gene prediction method: Protein Homology.,OG0000093,Soft core,group_2291,Soft core,Soft core,Soft core
GCF_037463925.1,WDS21_RS00860,MFNDVFNNVIHPMVTNFQQLGPQQFIPQQFIPQGVFQQAPQAAEQAVTIFGS,52,hypothetical protein, ,Derived by automated computational analysis using gene prediction method: Protein Homology.,OG0000075,Soft core,group_2178,Soft core,Soft core,Soft core
GCF_037463925.1,WDS21_RS01690,MGIADKAQNKAEDLGGKAKEAAGSATGDRDLENEGKGDQVKSAVKDAGEKVKDAASSIKDKLT,63,csbd family protein, ,Derived by automated computational analysis using gene prediction method: Protein Homology.,OG0000011,Conserved,group_2411,Conserved,Soft core,Soft core
GCF_037463925.1,WDS21_RS01705,MADLTLLTDDELRERRIALSRSLTTAADLIPTPPPSFFEKLKQDIDAAAAEWIARRS,57,hypothetical protein, ,Derived by automated computational analysis using gene prediction method: Protein Homology.,OG0000076,Soft core,group_2322,Soft core,Soft core,Soft core
GCF_037463925.1,WDS21_RS02435,MSEITSWEYTVTPLLVHNPKAILDNWGVDGWELVAVLPSASGEQHVAYMKRPKG,54,hypothetical protein, ,Derived by automated computational analysis using gene prediction method: Protein Homology.,OG0000012,Conserved,group_2273,Conserved,Soft core,Soft core
GCF_037463925.1,WDS21_RS02635,MISKTLRTVSARFALLVAEDDGMSTAEYAIGTIAAAAFGAVLYTVVTGDSIVSALTGIIDKALKTAV,67,duf4244 domain-containing protein, ,Derived by automated computational analysis using gene prediction method: Protein Homology.,OG0000094,Soft core,group_2136,Soft core,Soft core,Soft core
GCF_037463925.1,WDS21_RS02655,MAQGTVKWFNAEKGFGFIAPEDGSADVFVHYSEIQGNGFRTLEENQRVEFEVGQGTKGPQATGVRAV,67,cold-shock protein, ,Derived by automated computational analysis using gene prediction method: Protein Homology.,OG0000013,Conserved,group_128,Conserved,Soft core,Soft core
GCF_037463925.1,WDS21_RS02690,MADSLKARVKEKLLRQLAEDGRHPIQEAEGDDPRLVSINDDLEALEQAEEGDPIVEELAERYWVP,65,hypothetical protein, ,Derived by automated computational analysis using gene prediction method: Protein Homology.,OG0000014,Conserved,group_2342,Conserved,Soft core,Soft core
GCF_037463925.1,WDS21_RS02850,MGSADVMAWLAEGYLAGDPIRYPLYVGSMFLAMPFQLIGVILGHPF,46,hypothetical protein, ,Derived by automated computational analysis using gene prediction method: Protein Homology.,OG0000061,Soft core,group_1542,Soft core,Soft core,Soft core
GCF_037463925.1,WDS21_RS02985,MRSRLCAAGVFATEEDGVVVVEAGAEAIVVGVAVVDETVGVDD,43,hypothetical protein, ,Derived by automated computational analysis using gene prediction method: GeneMarkS-2+.,OG0002365,,group_1757,Cloud,,Probably not conserved
GCF_037463925.1,WDS21_RS03215,MPEFDEVPSSLCAEWFQVVAGPGPVEFCGEAGDPGGTLDVDVHAWMLSASVNMTCTWNGRS,61,hypothetical protein, ,Derived by automated computational analysis using gene prediction method: GeneMarkS-2+.,OG0000799,Cloud,group_608,Cloud,Cloud,Cloud
GCF_037463925.1,WDS21_RS03270,MATTAAVQNPTRSRARTMSLSEYVAEHPAQRVFPPTSERAARMAMLIMFALMAVTLVVLVLDEAGIFG,68,hypothetical protein, ,Derived by automated computational analysis using gene prediction method: GeneMarkS-2+.,OG0000095,Soft core,group_53,Soft core,Soft core,Soft core
GCF_037463925.1,WDS21_RS03525,MALAYSPDTSIDSTRLAFLAAAVVLFAMLALYLVGFDQGAISRTGMYMHELMHDGRHLMGLPCH,64,cbtb domain-containing protein, ,Derived by automated computational analysis using gene prediction method: Protein Homology.,OG0000008,Conserved,group_2468,Conserved,Soft core,Soft core
GCF_037463925.1,WDS21_RS03950,MNSYICPICDYTYTESTGAAREGFPPGTPWSSIPDDWCCPDCGVREKVDFTLVAQS,56,rubredoxin, ,Derived by automated computational analysis using gene prediction method: Protein Homology.,OG0000096,Soft core,group_2166,Soft core,Soft core,Soft core
GCF_037463925.1,WDS21_RS03955,MSETATAYKLFRCLQCGFEYDEAIGWPDDGIEPGTRWDEIPEDWSCPDCGAAKVDFEMVEVDR,63,rubredoxin, ,Derived by automated computational analysis using gene prediction method: Protein Homology.,OG0000097,Soft core,group_421,Soft core,Soft core,Soft core
GCF_037463925.1,WDS21_RS04500,MKNPNLTPSRVLAVVLAAALVIFVIARRRDDGALSRGEWLSDTVGPDDLAG,51,hypothetical protein, ,Derived by automated computational analysis using gene prediction method: Protein Homology.,OG0000077,Soft core,group_2167,Soft core,Soft core,Soft core
GCF_037463925.1,WDS21_RS04590,MEVRVDLDRCEANGVCVGIAPDIFDLDDNEELVISSVRPPEDRWEDVRSAIAQCPRAALTEHP,63,ferredoxin, ,Derived by automated computational analysis using gene prediction method: Protein Homology.,OG0000005,Conserved,group_423,Soft core,Soft core,Soft core
GCF_037463925.1,WDS21_RS04655,MAENTTVETEIADEDLEPVADETARQAQRVVAAYAEDADECRMLLSMLGISPAAKLD,57,hypothetical protein, ,Derived by automated computational analysis using gene prediction method: Protein Homology.,OG0000015,Conserved,group_2168,Soft core,Soft core,Soft core
GCF_037463925.1,WDS21_RS05345,MTKFLVPGVASAVIGAVLGAGVIFGVTAAASDNTRPEIDRSGNADSSVLNQVEYGSR,57,duf2613 domain-containing protein, ,Derived by automated computational analysis using gene prediction method: Protein Homology.,OG0000016,Conserved,group_855,Soft core,Soft core,Soft core
GCF_037463925.1,WDS21_RS05485,MSSLSGGRGARPAEVGSGILKTMWWMVGLIVLAALVLASVLVGFVFRRPIAEAKSAVLAFDDASSQPQRD,70,hypothetical protein, ,Derived by automated computational analysis using gene prediction method: Protein Homology.,OG0000098,Soft core,,,Soft core,Soft core
GCF_037463925.1,WDS21_RS05495,MAYTSSIAANATTGPLTDLAKVLGPIAGIVSGIAAVATIAALFGGNSAS,49,hypothetical protein, ,Derived by automated computational analysis using gene prediction method: GeneMarkS-2+.,OG0000265,Shell,group_1373,Cloud,Shell,Shell
GCF_037463925.1,WDS21_RS05550,MPERGQSRVDAGIIAVVAVITGVFVALTGHGLVAALATVVGLALGMAIVRYLIKGR,56,hypothetical protein, ,Derived by automated computational analysis using gene prediction method: Protein Homology.,OG0000078,Soft core,group_2220,Soft core,Soft core,Soft core
GCF_037463925.1,WDS21_RS05640,MMRIVTLIVLIWLIVGAVAAGQRGYYSSSPTNCAGVGTIALTVIAGPLNYFGVNPKVTDCTLPQPTE,67,hypothetical protein, ,Derived by automated computational analysis using gene prediction method: Protein Homology.,OG0000017,Conserved,group_129,Soft core,Soft core,Soft core
GCF_037463925.1,WDS21_RS05645,MIILGVILLIIGFVVNIPILWTIGVVLLVIGIILYALGAAGHAIGGRRHYY,51,duf6131 family protein, ,Derived by automated computational analysis using gene prediction method: Protein Homology.,OG0000000,Conserved,group_1229,Soft core,Soft core,Soft core
GCF_037463925.1,WDS21_RS05690,MTDKDDNDQSPKGGHPGPVDKGGDGGMATREQAPELVEETSDEKSDDE,48,hypothetical protein, ,Derived by automated computational analysis using gene prediction method: Protein Homology.,OG0000018,Core,group_2221,Soft core,Soft core,Soft core
GCF_037463925.1,WDS21_RS05795,MSIRRCSLASGRALRTARFGVAAFRRGRKAIDRRPSGLVWIERALGAPAGSV,52,hypothetical protein, ,Derived by automated computational analysis using gene prediction method: GeneMarkS-2+.,OG0000142,Shell,group_2080,Shell,Shell,Shell
GCF_037463925.1,WDS21_RS05815,MIVLGIILALIGFFTGLSILTTVGIILVVVGAVLSILGATGRAVGGRKVWY,51,duf6131 family protein, ,Derived by automated computational analysis using gene prediction method: Protein Homology.,OG0000000,Conserved,group_1230,Soft core,Soft core,Soft core
GCF_037463925.1,WDS21_RS06010,MRTNPSFGIVDETLGTLARGMLPRLRHVFEQHQALHRLAVEAIVNV,46,hypothetical protein, ,Derived by automated computational analysis using gene prediction method: GeneMarkS-2+.,OG0000267,Shell,group_2081,Cloud,Shell,Shell
GCF_037463925.1,WDS21_RS06065,MPAPIMAPAAALAEPVVWNEDPQRQGWWKRVLAATPPENPTNEEFQP,47,hypothetical protein, ,Derived by automated computational analysis using gene prediction method: Protein Homology.,OG0000118,Soft core,group_2222,Soft core,Soft core,Soft core
GCF_037463925.1,WDS21_RS06120,MENLRQVGLGSAVGVQNPRIVFGNHSVIAPAMGRHCPQNR,40,hypothetical protein, ,Derived by automated computational analysis using gene prediction method: GeneMarkS-2+.,OG0000343,Cloud,group_2215,Shell,Cloud,Cloud
GCF_037463925.1,WDS21_RS06135,MWWIVGGVLLVWVVCSIPIAILVGRGIARRDRAEFDGRNQQWADEVVRSIEKQSEQDNADRRKPPLIS,68,hypothetical protein, ,Derived by automated computational analysis using gene prediction method: Protein Homology.,OG0000079,Soft core,group_2275,Shell,Shell,Shell
GCF_037463925.1,WDS21_RS06165,MGALSPTHWAIVAVVLVVLFGSKKLPDAARGLGRSMRILKSEVGELQSDTDLALEQRD,58,sec-independent protein translocase subunit tata, ,Derived by automated computational analysis using gene prediction method: Protein Homology.,OG0000019,Conserved,tatA,Soft core,Soft core,Soft core
GCF_037463925.1,WDS21_RS06210,MAQGSVKWFNGEKGFGFIEQEGGGPDVFVHYSEIQGSGYKSLDEGQKVEFEIGQGQKGPQAQNVRAI,67,cold-shock protein, ,Derived by automated computational analysis using gene prediction method: Protein Homology.,OG0000069,Soft core,group_130,Soft core,Soft core,Soft core
GCF_037463925.1,WDS21_RS06255,MSADSRGTSTQTRREYQMFVLQQRLLFGSIVAGTALGVLAITYF,44,hypothetical protein, ,Derived by automated computational analysis using gene prediction method: GeneMarkS-2+.,OG0000122,Soft core,group_2138,Soft core,Soft core,Soft core
GCF_037463925.1,WDS21_RS06265,MTTIDIPPTQGESTTGIGITVASATLTTEEVKRRIAMMYGDPVTEEPVALAH,52,hypothetical protein, ,Derived by automated computational analysis using gene prediction method: Protein Homology.,OG0000002,Conserved,group_2274,Soft core,Soft core,Soft core
GCF_037463925.1,WDS21_RS06290,MSEQNSTDRTDQTDEPQTTGTDHGPGTGSDTAPKDVQTDPSGERTWADEGGASSTGPATDTD,62,pi-type proteinase, ,Derived by automated computational analysis using gene prediction method: Protein Homology.,OG0000020,Core,group_2297,Soft core,Soft core,Soft core
GCF_037463925.1,WDS21_RS06320,MGGSADALNRALERVDRDFASPIGVVVRTSLRGTMRQIAKPVRAQYTRLRARFPGAKTYTEI,62,hypothetical protein, ,Derived by automated computational analysis using gene prediction method: GeneMarkS-2+.,OG0000115,Soft core,group_2190,Soft core,Soft core,Soft core
GCF_037463925.1,WDS21_RS06325,MTTSTVGLLAGLLLGVAAAAGGFTGFLIALVLGVIGYLVGGQRDGEFDLGVMLKGRGRG,59,hypothetical protein, ,Derived by automated computational analysis using gene prediction method: Protein Homology.,OG0000099,Soft core,group_732,Soft core,Soft core,Soft core
GCF_037463925.1,WDS21_RS06345,MDVAVALCVTLLLATVTSMAIAIVVTLIMCASVSVVSRMW,40,hypothetical protein, ,Derived by automated computational analysis using gene prediction method: GeneMarkS-2+.,OG0000187,Shell,group_2158,Soft core,Shell,Shell
GCF_037463925.1,WDS21_RS06355,MSDFIDKAKHRAEDLIGEAKEKFGNATGNDDLAAEGVADQGEAKVKKAGDTVSDKVSDIKDKFTS,65,csbd family protein, ,Derived by automated computational analysis using gene prediction method: Protein Homology.,OG0000074,Soft core,group_2191,Soft core,Soft core,Soft core
GCF_037463925.1,WDS21_RS06960,MTFLAAADDIRPSWPLQQLAELVPNGSFEVVDGVAHNFWQSHPLLWRKIVTEACAAHSRLS,61,hypothetical protein, ,Derived by automated computational analysis using gene prediction method: GeneMarkS-2+.,OG0000965,Cloud,group_662,Cloud,Cloud,Cloud
GCF_037463925.1,WDS21_RS07110,MGSLGNLLKANGMGWGILQLLPLVNMLKTLQGLDTASSNS,40,hypothetical protein, ,Derived by automated computational analysis using gene prediction method: GeneMarkS-2+.,OG0000080,Soft core,group_2512,Soft core,Soft core,Soft core
GCF_037463925.1,WDS21_RS07115,MGSFEDFSGVVKTFIPVLKDLFTALGGGSLTPGTGSAADK,40,hypothetical protein, ,Derived by automated computational analysis using gene prediction method: GeneMarkS-2+.,OG0000108,Soft core,group_2511,Soft core,Soft core,Soft core
GCF_037463925.1,WDS21_RS07120,MFGSLSTLGPLLTALGAFLKSVPTESLSGKGEGSSTGSLSGLSSGSAE,48,hypothetical protein, ,Derived by automated computational analysis using gene prediction method: Protein Homology.,OG0000081,Soft core,group_2510,Soft core,Soft core,Soft core
GCF_037463925.1,WDS21_RS07230,MKAVEGGFDTAWSRRHVDLCRTAGSFCTN,29,putative leader peptide, ,Derived by automated computational analysis using gene prediction method: Protein Homology.,OG0000132,Shell,group_1947,Shell,Shell,Shell
GCF_037463925.1,WDS21_RS07335,MGSLDTGSLSTESLEDLNLGKISELLKLGITAVSFITALNSLS,43,hypothetical protein, ,Derived by automated computational analysis using gene prediction method: GeneMarkS-2+.,OG0000067,Soft core,group_2503,Soft core,Soft core,Soft core
GCF_037463925.1,WDS21_RS07500,MDEGTWTRGRAWALSIALVALPYYRDTNEQITAWAKHAIAQVVDDIRTEP,50,hypothetical protein, ,Derived by automated computational analysis using gene prediction method: Protein Homology.,OG0000155,Shell,group_2238,Shell,Shell,Shell
GCF_037463925.1,WDS21_RS07575,MGFNMIVMFLQTTAALFTDLLGNVWSGSLMPGIDGVTGSLVSAIDLS,47,hypothetical protein, ,Derived by automated computational analysis using gene prediction method: Protein Homology.,OG0000184,Shell,group_2237,Shell,Shell,Shell
GCF_037463925.1,WDS21_RS07580,MDLGSIADVLEGEAGGLIKNILGMALFTPFIASVDFGWFPNVD,43,hypothetical protein, ,Derived by automated computational analysis using gene prediction method: Protein Homology.,OG0000306,Cloud,group_2050,Cloud,Cloud,Cloud
GCF_037463925.1,WDS21_RS07585,MDTASLIGALASVDVGSLVDPLFYLVKVVDGIFVSITGSLNMGGALGEAAAGSVQSVLGSVAGL,64,hypothetical protein, ,Derived by automated computational analysis using gene prediction method: GeneMarkS-2+.,OG0000206,Shell,group_358,Shell,Shell,Shell
GCF_037463925.1,WDS21_RS07600,MGSLMDILGGPNGDGAPMQALLTMLLGLDNVGANLFGSLADTAGGIFGSLDTLSFTPPVVP,61,hypothetical protein, ,Derived by automated computational analysis using gene prediction method: GeneMarkS-2+.,OG0000188,Shell,group_2425,Shell,Shell,Shell
GCF_037463925.1,WDS21_RS07605,MLEGSVMDAAGSVGAIIGQGLGSVSGLAVKGLEALAALSGGELKAAK,47,hypothetical protein, ,Derived by automated computational analysis using gene prediction method: Protein Homology.,OG0000138,Shell,group_2381,Shell,Shell,Shell
GCF_037463925.1,WDS21_RS07610,MTFESNTPRPFTRSNDKKMFAGVCGGIADYFGADVNLVRLLAVIAAICTGGTAALVYLAAWMLMPLG,67,pspc domain-containing protein, ,Derived by automated computational analysis using gene prediction method: Protein Homology.,OG0000021,Conserved,group_2380,Conserved,Soft core,Soft core
GCF_037463925.1,WDS21_RS08115,MGSSHDGKPAVAGTQFLTVAEVATLMRVSKMTVYRLVHSGELPAVRVGRSFRVHAKAVHDYLETSYFDAG,70,helix-turn-helix domain-containing protein, ,Derived by automated computational analysis using gene prediction method: Protein Homology.,OG0000071,Soft core,,,Soft core,Soft core
GCF_037463925.1,WDS21_RS08120,MGSVIKKRRKRMSKKKHRKLLRRTRVQRRKLGK,33,aurkaip1/cox24 domain-containing protein, ,Derived by automated computational analysis using gene prediction method: Protein Homology.,OG0000022,Conserved,group_1939,Conserved,Conserved,Conserved
GCF_037463925.1,WDS21_RS08175,MSSQEALRTESTHDAPLRQRGSRTEVILFAILGASVLVTLLMLMIPGIVSG,51,hypothetical protein, ,Derived by automated computational analysis using gene prediction method: Protein Homology.,OG0000100,Soft core,group_1231,Soft core,Soft core,Soft core
GCF_037463925.1,WDS21_RS08305,MLYLLALVGLVTLIVLMWKAFGPDPSTRTPVSGVRGPDDDPEFLWNVNQQTRRKRTEGPDVPPTDAST,68,hypothetical protein, ,Derived by automated computational analysis using gene prediction method: Protein Homology.,OG0000023,Conserved,group_2362,Soft core,Conserved,Soft core
GCF_037463925.1,WDS21_RS08310,MSAPTFNTAADALMTPGQVAALFHVDPKTVTRWAHAGRLGSLRTPGGHRRFRETEVMQLLRSLTTEADNN,70,bldc family transcriptional regulator, ,Derived by automated computational analysis using gene prediction method: Protein Homology.,OG0000068,Soft core,,,Soft core,Soft core
GCF_037463925.1,WDS21_RS08515,MASSTDVRPKITLACEVCKHRNYITKKNRRNDPDRLELKKFCPNCGTHQSHRESK,55,50s ribosomal protein l33, ,Derived by automated computational analysis using gene prediction method: Protein Homology.,OG0000024,Conserved,rpmG,Conserved,Soft core,Soft core
GCF_037463925.1,WDS21_RS08650,MAGKKLDRTNARTALEVVRESPTIAFITVAPAVVVFGVVWWLFGFWAAILLALVFGVAAVATQKLR,66,hypothetical protein, ,Derived by automated computational analysis using gene prediction method: Protein Homology.,OG0000025,Conserved,group_2209,Conserved,Soft core,Soft core
GCF_037463925.1,WDS21_RS08795,MNSTTVGLLVGLLLALAGIMGGFSGFVFAVLLGAAGMAIGAHRDGHLDLGAILRSRGRG,59,hypothetical protein, ,Derived by automated computational analysis using gene prediction method: Protein Homology.,OG0000026,Conserved,group_2303,Conserved,Soft core,Soft core
GCF_037463925.1,WDS21_RS08920,MRLSTRNQLTGTITEVNLGTVMATVKVKLDGGNQIVTSSITRDAALDLDLEPGQAATVFVKSTEVTIGVE,70,tobe domain-containing protein, ,Derived by automated computational analysis using gene prediction method: Protein Homology.,OG0000064,Soft core,,,Soft core,Soft core
GCF_037463925.1,WDS21_RS08925,MTEPVKGPASYFPSIEKKYGRPIGEWQELIRSSDLTKHMELVNWLKSEHGMGHGHANALVAHTLKEG,67,duf4287 domain-containing protein, ,Derived by automated computational analysis using gene prediction method: Protein Homology.,OG0000027,Conserved,group_2329,Soft core,Soft core,Soft core
GCF_037463925.1,WDS21_RS08940,MSDRDNKALENDLVEESLVEEVSIDGMCGVY,31,mycofactocin precursor mfta, ,"Mycofactocin is a small molecule electron carrier derived from the final two amino acids, Val-Tyr, of MftA, the mycofactocin precursor. It plays a role in redox homeostasis and the metabolism of alcohols and aldehydes in Actinobacteria, including Mycobacterium tuberculosis; Derived by automated computational analysis using gene prediction method: Protein Homology.",OG0000009,Conserved,group_2326,Conserved,Soft core,Soft core
GCF_037463925.1,WDS21_RS09280,MAKKALVNKANKKPKFAVRAYTRCQRCGRPHSVFRKFGLCRICVREMAHAGELPGVRKSSW,61,type z 30s ribosomal protein s14, ,Derived by automated computational analysis using gene prediction method: Protein Homology.,OG0000028,Conserved,group_2294,Conserved,Soft core,Soft core
GCF_037463925.1,WDS21_RS09305,MADLKVTQIKSIIGTKQNQKDSLRTLGLKGIRQTVVREDNAQNRGLINVVRHLVTVEEV,59,50s ribosomal protein l30, ,Derived by automated computational analysis using gene prediction method: Protein Homology.,OG0000029,Conserved,rpmD,Conserved,Soft core,Soft core
GCF_037463925.1,WDS21_RS09335,MKVQPSVKKICEKCKVIRRNGRVMVICENLRHKQRQG,37,50s ribosomal protein l36, ,Derived by automated computational analysis using gene prediction method: Protein Homology.,OG0000030,Conserved,rpmJ,Conserved,Soft core,Soft core
GCF_037463925.1,WDS21_RS09780,MTIFEWILAIPALALAVAFLFSGIISAGIDFDAEDGVMTH,40,hypothetical protein, ,Derived by automated computational analysis using gene prediction method: GeneMarkS-2+.,OG0000082,Soft core,group_2186,Soft core,Soft core,Soft core
GCF_037463925.1,WDS21_RS10645,MSSYRCPVCEYVYDESKGAPREGFPAGTPWDAVPDDWCCPDCGVREKLDFEPMPATAGSES,61,rubredoxin, ,Derived by automated computational analysis using gene prediction method: Protein Homology.,OG0000053,Core,group_2279,Soft core,Soft core,Soft core
GCF_037463925.1,WDS21_RS10650,MNDYKLYQCAQCGFEYDEAVGWPEDGIEPGTRWDDIPEDWSGPDCGAAKSDFFMVEVERR,60,rubredoxin, ,Derived by automated computational analysis using gene prediction method: Protein Homology.,OG0000007,Conserved,group_2155,Soft core,Soft core,Soft core
GCF_037463925.1,WDS21_RS11320,MATDPAPRSERKKILLRLDPAVHDALARWAADDLRSTNAQIEFLLRRALTEHGRMPKNAGKMHGPGRPPA,70,hypothetical protein, ,Derived by automated computational analysis using gene prediction method: Protein Homology.,OG0000114,Soft core,,,Soft core,Soft core
GCF_037463925.1,WDS21_RS11600,MSDLDSNTPSEPESQSEETKRKFREALERKNHQNAKSTDHRDGQSKVHNTHGPADHKREFRRKSG,65,duf5302 domain-containing protein, ,Derived by automated computational analysis using gene prediction method: Protein Homology.,OG0000031,Conserved,group_2470,Core,Soft core,Soft core
GCF_037463925.1,WDS21_RS11685,MAAVCDVCAKGPGFGKSVSHSHRRTNRRWNPNIQSVRTEVAPGNTRKVNVCTSCLKAGKVARG,63,50s ribosomal protein l28, ,Derived by automated computational analysis using gene prediction method: Protein Homology.,OG0000032,Conserved,rpmB,Conserved,Soft core,Soft core
GCF_037463925.1,WDS21_RS11725,MAVPKRKMSRSNTRSRRSQWKTTVPTLVTCPNRGCGEQTLPHIACPSCGTYKGRQVTAAV,60,50s ribosomal protein l32, ,Derived by automated computational analysis using gene prediction method: Protein Homology.,OG0000033,Conserved,group_2479,Conserved,Soft core,Soft core
GCF_037463925.1,WDS21_RS12640,MQLLDSEVVRRCAVTAAAAAAVCRSIGPGVVDGDAVTGKSFFLQDGGWPGT,51,hypothetical protein, ,Derived by automated computational analysis using gene prediction method: GeneMarkS-2+.,OG0000147,Shell,group_2063,Shell,Shell,Shell
GCF_037463925.1,WDS21_RS12670,MKVPAFHSTVPSDLDVYHDNESCILAARIAVSHRAHGVDGRPWCTACASLD,51,hypothetical protein, ,Derived by automated computational analysis using gene prediction method: Protein Homology.,OG0000083,Soft core,group_2187,Soft core,Soft core,Soft core
GCF_037463925.1,WDS21_RS12990,MFWKIVLAVVLVWVALAVVGALIKGLFWVLVVGAVGFGIYFLVKAMSGSDDNSPASRF,58,hypothetical protein, ,Derived by automated computational analysis using gene prediction method: Protein Homology.,OG0000034,Conserved,group_2296,Soft core,Soft core,Soft core
GCF_037463925.1,WDS21_RS13015,MRLTEFHEMVREEFGQVRGDSMLIDHVLQSLDGMTAAEAVEAGWEPREVWRALCVEFDVPPARR,64,duf3046 domain-containing protein, ,Derived by automated computational analysis using gene prediction method: Protein Homology.,OG0000035,Conserved,group_2481,Conserved,Soft core,Soft core
GCF_037463925.1,WDS21_RS13290,MPGTLTSPQLTAADRCDRCGAGARVRAVLPTGGELLFCGHHATEHADRLREMNAVVSESEPAI,63,hypothetical protein, ,Derived by automated computational analysis using gene prediction method: Protein Homology.,OG0000036,Conserved,group_2483,Conserved,Soft core,Soft core
GCF_037463925.1,WDS21_RS13665,MKIRFELMIGILLVVGGGCLWLFARDAEFFWFRGGPLGVILAIIGAFDIVNAVRTRETAIPERRND,66,hypothetical protein, ,Derived by automated computational analysis using gene prediction method: Protein Homology.,OG0000101,Soft core,group_2126,Soft core,Soft core,Soft core
GCF_037463925.1,WDS21_RS14140,MAGIDSKFDKAYAGKSVEELADAPVAALNGVSDSDAEHLKAAFNIKTVRDLGTNKFFLWAQATAKLAE,68,hypothetical protein, ,Derived by automated computational analysis using gene prediction method: Protein Homology.,OG0000070,Soft core,group_2484,Soft core,Soft core,Soft core
GCF_037463925.1,WDS21_RS14940,MAQEQTQRAGGGEDDETTGGDGSAGQERREKLAAETDDLLDEIDDVLEENAEDFVRAYVQKGGQ,64,ubiquitin-like protein pup, ,Derived by automated computational analysis using gene prediction method: Protein Homology.,OG0000037,Conserved,group_340,Soft core,Soft core,Soft core
GCF_037463925.1,WDS21_RS15455,MAIDSTLLSILACPQDKGPLLLVGDELLYNPRLRRAYPIENGIPVLLIDEARDVADDEHEKLLARAEG,68,trm112 family protein, ,Derived by automated computational analysis using gene prediction method: Protein Homology.,OG0000038,Conserved,group_54,Soft core,Core,Soft core
GCF_037463925.1,WDS21_RS15550,MPKMKSHSGASKRFKVSGSGKLMRQKAGRRHLLEHKSSRVTRRLDGVAVVSPDDAPRIKRMLGI,64,50s ribosomal protein l35, ,Derived by automated computational analysis using gene prediction method: Protein Homology.,OG0000039,Conserved,group_2130,Soft core,Conserved,Soft core
GCF_037463925.1,WDS21_RS15900,MHVEVDLDLCQGHAACELEAPEIFVVPKRGKVSLLDSDPPESLRGEAEMAVKYCPTGALRIVD,63,ferredoxin, ,Derived by automated computational analysis using gene prediction method: Protein Homology.,OG0000001,Conserved,group_2270,Soft core,Soft core,Soft core
GCF_037463925.1,WDS21_RS16080,MSVLFTYLLFIGAGIAVGGAYSMFKVNKLASGILLALAVLAAVAGALRL,49,hypothetical protein, ,Derived by automated computational analysis using gene prediction method: Protein Homology.,OG0000040,Conserved,group_2410,Soft core,Conserved,Soft core
GCF_037463925.1,WDS21_RS16310,MNESSSGLFSDLSASEPVVDAKSAEQLAAERETAAAERSNTDTAEQRQSQLFSG,54,hypothetical protein, ,Derived by automated computational analysis using gene prediction method: Protein Homology.,OG0000084,Soft core,group_2262,Soft core,Soft core,Soft core
GCF_037463925.1,WDS21_RS16315,MLGIALGLGSAAVGIGLGLLGAGAGILLSDKTVKTARRELTA,42,hypothetical protein, ,Derived by automated computational analysis using gene prediction method: GeneMarkS-2+.,OG0000102,Soft core,group_2160,Soft core,Soft core,Soft core
GCF_037463925.1,WDS21_RS16420,MHAEVGDRLHVQGRVVGQAEVTAEVLEVHGEDGGPPYLVRYDNGHEALVFPGSDGWIDHPGKGS,64,duf1918 domain-containing protein, ,Derived by automated computational analysis using gene prediction method: Protein Homology.,OG0000041,Conserved,group_2499,Soft core,Conserved,Soft core
GCF_037463925.1,WDS21_RS16435,MTTYRYLDADRNLLEEKDFETEQDAQEYRLSVLGAEHIEPAGE,43,hypothetical protein, ,Derived by automated computational analysis using gene prediction method: Protein Homology.,OG0000054,Core,group_2400,Soft core,Core,Core
GCF_037463925.1,WDS21_RS17135,MTDEDRLWYFDVSDGSVTQGKGASSLTRMGPYPDRDSAEHALKIAAERNKAADRADEDWNN,61,hypothetical protein, ,Derived by automated computational analysis using gene prediction method: Protein Homology.,OG0000042,Conserved,group_592,Soft core,Core,Soft core
GCF_037463925.1,WDS21_RS17340,MKLALTEFKNSKATIRIIMSDGAKLNGTVTDFTEDTLVLNSPNGVYYINPSHIVRLFEPSDRAAK,65,hypothetical protein, ,Derived by automated computational analysis using gene prediction method: GeneMarkS-2+.,OG0000085,Soft core,group_2248,Soft core,Soft core,Soft core
GCF_037463925.1,WDS21_RS17505,MTVAGVVSVVLIAVAAALVIYLLVALVDPERF,32,k(+)-transporting atpase subunit f, ,Derived by automated computational analysis using gene prediction method: Protein Homology.,OG0000055,Core,kdpF,Soft core,Soft core,Soft core
GCF_037463925.1,WDS21_RS17645,MSEATAPVIRHQLALIAVGMLDVADVACC,29,ms4533a family cys-rich leader peptide, ,Derived by automated computational analysis using gene prediction method: Protein Homology.,OG0000133,Shell,group_1948,Soft core,Shell,Shell
GCF_037463925.1,WDS21_RS17650,MDRIADWWDSFELWMAGLPFIPQVALVLIVVVPLCRLVAIGLDRALAAVLALPLFGWLRRNSREVEES,68,hypothetical protein, ,Derived by automated computational analysis using gene prediction method: Protein Homology.,OG0000056,Core,group_2078,Soft core,Soft core,Soft core
GCF_037463925.1,WDS21_RS18080,MKKALPKTLKSLARTVGILALAIVVVSVVERFTGAHHPTTGPASLTGPDQSL,52,hypothetical protein, ,Derived by automated computational analysis using gene prediction method: Protein Homology.,OG0000111,Soft core,group_2264,Soft core,Soft core,Soft core
GCF_037463925.1,WDS21_RS18110,MIAAPTTGALAVVLNTVLQMFNAGSSFLYTDNSPIGGGGETPTTPAP,47,hypothetical protein, ,Derived by automated computational analysis using gene prediction method: Protein Homology.,OG0000086,Soft core,group_2210,Soft core,Soft core,Soft core
GCF_037463925.1,WDS21_RS18115,MPTIPLTGDPIVINIIVQLLSAGSSNALALGGVGSSGLGSTGLGSFDSASLGSAA,55,hypothetical protein, ,Derived by automated computational analysis using gene prediction method: Protein Homology.,OG0000087,Soft core,group_1002,Soft core,Soft core,Soft core
GCF_037463925.1,WDS21_RS18635,MYIHTCTYDTEDRNMGSINTLSAVIDIIKVVQPLIAKLNLS,41,hypothetical protein, ,Derived by automated computational analysis using gene prediction method: GeneMarkS-2+.,OG0000109,Soft core,group_2041,Soft core,Soft core,Soft core
GCF_037463925.1,WDS21_RS18945,MAGKFAQKATGGADSLEKSLLSHALVITEMRDFFQQCVDRYGEVDDSNASALASVETPR,59,hypothetical protein, ,Derived by automated computational analysis using gene prediction method: GeneMarkS-2+.,OG0000123,Soft core,group_2307,Soft core,Soft core,Soft core
GCF_037463925.1,WDS21_RS19015,MSTALLTIYVLIWPALVLAVLGVISRGFFKDWAIARRNGEDLV,43,putative transporter small subunit, ,Derived by automated computational analysis using gene prediction method: Protein Homology.,OG0000088,Soft core,group_2364,Soft core,Soft core,Soft core
GCF_037463925.1,WDS21_RS19675,MAAMKPRTGDGPLEATKEGRGIVMRVPLEGGGRLVVELTPDEAAALGVELTNVTS,55,duf3117 domain-containing protein, ,Derived by automated computational analysis using gene prediction method: Protein Homology.,OG0000043,Conserved,group_1003,Soft core,Soft core,Soft core
GCF_037463925.1,WDS21_RS19780,MTEQDATFDPEAPESDALEQSTPVDPNAPEEPDLTDIPLDAPVADVVDQRVEVAVDDDYRPS,62,hypothetical protein, ,Derived by automated computational analysis using gene prediction method: Protein Homology.,OG0000057,Core,group_2211,Soft core,Soft core,Soft core
GCF_037463925.1,WDS21_RS19805,MYNWDLQNQIVAFVDSLRPMAGYYHDLYYGSLYAFADQQSHLLTLLGFPPVP,52,hypothetical protein, ,Derived by automated computational analysis using gene prediction method: Protein Homology.,OG0000058,Core,group_1175,Soft core,Soft core,Soft core
GCF_037463925.1,WDS21_RS19825,MGKVKASKVSQLKPKKKCCRKKTRCIKCPVVIMRMKKLENEGASKKELKAGLKKARAA,58,hypothetical protein, ,Derived by automated computational analysis using gene prediction method: Protein Homology.,OG0000044,Conserved,group_2365,Soft core,Soft core,Soft core
GCF_037463925.1,WDS21_RS19910,MGSMEGILGAVVQGLGSLFSADGLLKTFMGSVETISKDPTP,41,hypothetical protein, ,Derived by automated computational analysis using gene prediction method: GeneMarkS-2+.,OG0000103,Soft core,group_2051,Soft core,Soft core,Soft core
GCF_037463925.1,WDS21_RS20010,MTAKLTTAFRGTLWWVRSVMGDLDYQRYVEHTRRHHADSPVISEREFWRRRHAAADANPGARCC,64,ybdd/yjix family protein, ,Derived by automated computational analysis using gene prediction method: Protein Homology.,OG0000045,Conserved,group_2343,Soft core,Conserved,Soft core
GCF_037463925.1,WDS21_RS20260,MSTNSDRRPRLPVRIAYLAAGVLFVAAMLLFASVVNPDRDRDFSMNHVPAGTSTTAFAATSDLG,64,hypothetical protein, ,Derived by automated computational analysis using gene prediction method: Protein Homology.,OG0000104,Soft core,group_2149,Soft core,Soft core,Soft core
GCF_037463925.1,WDS21_RS20675,MAEGIVKWFNSEKGFGFIAPEDGSADVFVHYSEIQSGGFRTLEENQRVAFEIGQGNKGPQATGVTIV,67,cold-shock protein, ,Derived by automated computational analysis using gene prediction method: Protein Homology.,OG0000046,Conserved,group_132,Soft core,Soft core,Soft core
GCF_037463925.1,WDS21_RS20680,MTTAEYTISGMTCGHCVGSVKEEIGNIAGVIAVDVELASGRVVVTSDAPVSAADVVAAVDEAGYAVVPS,69,heavy-metal-associated domain-containing protein, ,Derived by automated computational analysis using gene prediction method: Protein Homology.,OG0000006,Conserved,group_2139,Soft core,Soft core,Soft core
GCF_037463925.1,WDS21_RS20800,MKHTMSDDELRRAIREIQDRAHDARKRGDDVAAEELDRTVKGYQEQMMQRL,51,hypothetical protein, ,Derived by automated computational analysis using gene prediction method: Protein Homology.,OG0000059,Core,group_2336,Soft core,Soft core,Soft core
GCF_037463925.1,WDS21_RS20875,MSEQPDTPKKPSVDKKRLARIFGDVFPETTSDERGPEGSSRSSDDDWLRSQRPPHHGG,58,hypothetical protein, ,Derived by automated computational analysis using gene prediction method: Protein Homology.,OG0000089,Soft core,group_2328,Soft core,Soft core,Soft core
GCF_037463925.1,WDS21_RS20905,MAVPKRKMSRSNTRSRRAQWKATAPDLVEVTAFGQTHRVPRRLVKAVRLGVIDPSRI,57,50s ribosomal protein l32, ,Derived by automated computational analysis using gene prediction method: Protein Homology.,OG0000060,Soft core,group_2302,Soft core,Soft core,Soft core
GCF_037463925.1,WDS21_RS20925,MARNEIRPIVKLKSTAGTGYTYVTRKNRRNDPDRLVLKKYDPVLRKHVDFREEK,54,50s ribosomal protein l33, ,Derived by automated computational analysis using gene prediction method: Protein Homology.,OG0000047,Conserved,group_2199,Soft core,Soft core,Soft core
GCF_037463925.1,WDS21_RS21090,MHLTATTSTTTGAAGNSDPKDAESTLDMSGRPAALRARSAAATRPGGADVTA,52,hypothetical protein, ,Derived by automated computational analysis using gene prediction method: GeneMarkS-2+.,OG0000131,Shell,group_2058,Shell,Shell,Shell
GCF_037463925.1,WDS21_RS21310,MREPREYEQNPPRHEYSVTCKGQSIWPVLITM,32,winged helix-turn-helix transcriptional regulator, ,Derived by automated computational analysis using gene prediction method: Protein Homology.,OG0000510,Cloud,group_1942,Cloud,Cloud,Cloud
GCF_037463925.1,WDS21_RS21460,MGFLDNVKGLVEKGQELAAENSDKVHDAIDKVADIADDKTGNKYGDQIDKAAEAAKKAVPEKQ,63,antitoxin, ,Derived by automated computational analysis using gene prediction method: Protein Homology.,OG0000010,Conserved,group_425,Soft core,Soft core,Soft core
GCF_037463925.1,WDS21_RS21990,MANNSKQHYVDPGWPETADGDHAVTELSSTRAGGLSPFGEDTTFPVPVESLPYVHPHTVINR,62,hypothetical protein, ,Derived by automated computational analysis using gene prediction method: Protein Homology.,OG0000048,Conserved,group_501,Soft core,Soft core,Soft core
GCF_037463925.1,WDS21_RS22000,MADKAPGKNMKKPAQSIKERRAEKRAKTAESSEFIRKRKRS,41,hypothetical protein, ,Derived by automated computational analysis using gene prediction method: Protein Homology.,OG0000004,Core,group_2142,Soft core,Soft core,Soft core
GCF_037463925.1,WDS21_RS22930,MGRGRAKAKQTKVARELKYSVPTTDFDSLQRELAGGSTNSHRSSVRSDQTSDREGHAREDDYDDWRR,67,duf3073 domain-containing protein, ,Derived by automated computational analysis using gene prediction method: Protein Homology.,OG0000049,Conserved,group_133,Soft core,Soft core,Soft core
GCF_037463925.1,WDS21_RS23110,MRNNLQELRTAAGLSQQACADALGITRQTVISIEKGHFDPRLSLAFRIAEYFDKRVDDIFSS,62,helix-turn-helix transcriptional regulator, ,Derived by automated computational analysis using gene prediction method: Protein Homology.,OG0000105,Soft core,group_502,Soft core,Soft core,Soft core
GCF_037463925.1,WDS21_RS23235,MTSPMNTRKLTRARSGAMFGGVCAGIARYFGWKSSTVRLLFVLSCLLPGPQFLIYIVMWIFIPREQI,67,pspc domain-containing protein, ,Derived by automated computational analysis using gene prediction method: Protein Homology.,OG0000106,Soft core,group_134,Soft core,Soft core,Soft core
GCF_037463925.1,WDS21_RS23255,MAEGERPPGVLDDSTYQSPDGLRKFGRTKSEVWFRNKKAYNASRIDDAAVEAANG,55,hypothetical protein, ,Derived by automated computational analysis using gene prediction method: GeneMarkS-2+.,OG0000185,Shell,group_2143,Shell,Shell,Shell
GCF_037463925.1,WDS21_RS23970,MTVLCRAGKLQAGVLVADDDQGWASPFRSIAPTKMALLARALQDGLIAIDEL,52,hypothetical protein, ,Derived by automated computational analysis using gene prediction method: Protein Homology.,OG0000156,Shell,group_2040,Shell,Shell,Shell
GCF_037463925.1,WDS21_RS24025,MSDWVKKVEAEAKGLLAEAEEELTVLEGVDTIDPLADDDPAPEDGTKPTSD,51,hypothetical protein, ,Derived by automated computational analysis using gene prediction method: Protein Homology.,OG0000090,Soft core,group_2192,Soft core,Soft core,Soft core
GCF_037463925.1,WDS21_RS24960,MAQGIVKWFNGEKGFGFIAPDDGTPDVFVHYSEISGNGYKSLDENQRVEFEVGQGQKGPQATNVRAV,67,cold-shock protein, ,Derived by automated computational analysis using gene prediction method: Protein Homology.,OG0000003,Conserved,group_1991,Soft core,Soft core,Soft core
GCF_037463925.1,WDS21_RS25090,MGSINAFNEWVNQATYAGDPFATAIAIVQFFAVSLVNLFTGGPIL,45,hypothetical protein, ,Derived by automated computational analysis using gene prediction method: GeneMarkS-2+.,OG0000137,Shell,group_2383,Shell,Shell,Shell
GCF_037463925.1,WDS21_RS25115,MKKTDFAPISCIHRWEIESRHRTSEGTVTYLRCHCGSWQTLLAEWVSGGAGSAVAAPIKVRSR,63,hypothetical protein, ,Derived by automated computational analysis using gene prediction method: GeneMarkS-2+.,OG0000116,Soft core,group_2290,Soft core,Soft core,Soft core
GCF_037463925.1,WDS21_RS25155,MPTVIRTVHDLVRHARGPTHHHHHQSVHEARRIRAHHILVTHSLA,45,hypothetical protein, ,Derived by automated computational analysis using gene prediction method: GeneMarkS-2+.,OG0000112,Soft core,group_2176,Soft core,Soft core,Soft core
GCF_037463925.1,WDS21_RS25360,MVGTPVIVTIVSVCVGFVIFMLAASGARGKWDRRLVIALFIGAVVCLTVVPVSVALSAGV,60,hypothetical protein, ,Derived by automated computational analysis using gene prediction method: Protein Homology.,OG0000091,Soft core,group_2382,Soft core,Soft core,Soft core
GCF_037463925.1,WDS21_RS25465,MNETQPHNLERERWRTLPTPPSTELIEMVGDGPSSADFDPAAPVAQQG,48,hypothetical protein, ,Derived by automated computational analysis using gene prediction method: Protein Homology.,OG0000128,Shell,group_2355,Shell,Shell,Shell
GCF_037463925.1,WDS21_RS25960,MTEPDPGTVETDFPKTGAPAQRALIAAGYTHLAQLTSVSEKELGALHGMGPKALRILREALAERGLSFAD,70,hypothetical protein, ,Derived by automated computational analysis using gene prediction method: Protein Homology.,OG0000050,Conserved,,,Soft core,Soft core
GCF_037463925.1,WDS21_RS26045,MLGNVKCSHPRGYLHGEVLAVDAAMNLITAKVDDFENVREGVPGSSLVGGGYVPL,55,hypothetical protein, ,Derived by automated computational analysis using gene prediction method: GeneMarkS-2+.,OG0000198,Shell,group_2094,Shell,Shell,Shell
GCF_037463925.1,WDS21_RS26485,MGSSDTDLKALDSVITVAGALAAIFGGIAGVAGLATFLGTGGGS,44,hypothetical protein, ,Derived by automated computational analysis using gene prediction method: GeneMarkS-2+.,OG0000065,Soft core,group_2088,Shell,Shell,Shell
GCF_037463925.1,WDS21_RS26720,MNAPTRYQFLIDGEVSDRVKAAFPELSVASAAGGFTSLYGPVADHTAMRSIMARLDSLGLTVAEMRRLPD,70,hypothetical protein, ,Derived by automated computational analysis using gene prediction method: Protein Homology.,OG0000092,Soft core,,,Soft core,Soft core
GCF_037463925.1,WDS21_RS26730,MHDRFTVTAPFGVLGHLALRLAVGPYRRRLLEQRAAHIKGRAEVGTPFIE,50,cyclase/dehydrase, ,Derived by automated computational analysis using gene prediction method: Protein Homology.,OG0000261,Shell,group_2085,Shell,Shell,Shell
GCF_037463925.1,WDS21_RS26855,MIDLNGVSECWLTRTHGVHGLTSSIEMYDFRRKCVAVFTQTGPTEPAVMGVWEDVMSSISAAS,63,hypothetical protein, ,Derived by automated computational analysis using gene prediction method: GeneMarkS-2+.,OG0002366,,group_496,Cloud,,Probably not conserved
GCF_037463925.1,WDS21_RS26995,MSVVLISLLVAAGLTVLATSDGAGLDFGSRQLNRQLKTRTHR,42,hypothetical protein, ,Derived by automated computational analysis using gene prediction method: GeneMarkS-2+.,OG0000107,Soft core,group_1760,Soft core,Soft core,Soft core
GCF_037463925.1,WDS21_RS27140,MKIVVLSFLVALTLMTVGIIAARNRSTRPAVTGAVTAASTVLAAAWTLFAVAFVLA,56,hypothetical protein, ,Derived by automated computational analysis using gene prediction method: Protein Homology.,OG0000110,Soft core,group_2239,Soft core,Soft core,Soft core
GCF_037463925.1,WDS21_RS28195,MRRASRAQRMELIAGFISVFALMALIGAVVAIVKGDPGVMPSLVLLGCVVALGLAFRGYRNAVRAERRE,69,hypothetical protein, ,Derived by automated computational analysis using gene prediction method: Protein Homology.,OG0000051,Conserved,group_2375,Soft core,Shell,Shell
GCF_037463925.1,WDS21_RS28745,MAKGKRTFQPNNRRRARVHGFRLRMRTRAGRAIVSARRRKGRDSLTA,47,50s ribosomal protein l34, ,Derived by automated computational analysis using gene prediction method: Protein Homology.,OG0000052,Conserved,rpmH,Conserved,Shell,Shell
GCF_037463925.1,WDS21_RS28945,MIVFGIPADHAFDILIWCSQQKNVKLHQVAEQKVAPARPR,40,antar domain-containing protein, ,Derived by automated computational analysis using gene prediction method: Protein Homology.,OG0000244,Shell,,,,Probably not conserved
GCF_037463925.1,WDS21_RS28975,MVDFVSTVPVVGTELGRDCLQCGCPLFITVLEFYAGSPPELNDRRESFVDCPSECRGVIEQPVGIDISR,69,hypothetical protein, ,Derived by automated computational analysis using gene prediction method: GeneMarkS-2+.,OG0000248,Shell,group_2223,Cloud,,Cloud
GCF_037463925.1,WDS21_RS28980,MIVLGIILALIGYFTAISILTTVGIILVVVGAILTLLGAMGRAVGGRKVWY,51,duf6131 family protein, ,Derived by automated computational analysis using gene prediction method: Protein Homology.,OG0000000,Conserved,group_1248,Cloud,,Cloud
GCF_037463925.1,WDS21_RS29010,MSFERSEQGHCLGVEFCEQFLGDAVPVDSFLEDEVAAILAVGDEGVDPGQCLRRGFRFRCAGA,63,hypothetical protein, ,Derived by automated computational analysis using gene prediction method: GeneMarkS-2+.,OG0002367,,group_2632,Cloud,,Probably not conserved
GCF_037463925.1,WDS21_RS29235,MSVVTDQNSNADARSAVESDLYQSTKHLRVITDTDLAAVVEGLTGEVVDRDRIDFAFPEPGTTDHLFD,68,hypothetical protein, ,Derived by automated computational analysis using gene prediction method: Protein Homology.,OG0000121,Shell,group_2475,Shell,Cloud,Shell
GCF_037463925.1,WDS21_RS29275,MSDDEHDAWQLHHHGADWEDIGTEMGCSPAAAQTLAAAYEKRTDNAAAQTQNTLF,55,hypothetical protein, ,Derived by automated computational analysis using gene prediction method: Protein Homology.,OG0000063,Soft core,group_2464,Shell,Cloud,Cloud
GCF_037463925.1,WDS21_RS29285,MTNKPRVVKHSIFGVLALAVAALDFTIGTKHMITARIIALTASVYSFTKAARLRKAPTDRENRP,64,hypothetical protein, ,Derived by automated computational analysis using gene prediction method: Protein Homology.,OG0000215,Shell,group_2477,Cloud,Cloud,Cloud
GCF_037463925.1,WDS21_RS29320,MTAARKTSPHDIEESVQFTAAGIRLAGGTFTPADEAAAHRVASGTTTPEEENAAFRRELGY,61,hypothetical protein, ,Derived by automated computational analysis using gene prediction method: GeneMarkS-2+.,OG0000211,Shell,group_663,Cloud,,Cloud
GCF_037463925.1,WDS21_RS29420,MATYRVINPAGDVTATRDIESADDAHAWFVDSRADNSELGWRMEVHHDGEWSFFDDTEGVSS,62,hypothetical protein, ,Derived by automated computational analysis using gene prediction method: Protein Homology.,OG0000066,Soft core,group_2504,Cloud,,Cloud
GCF_037463925.1,WDS21_RS29425,MAEFESDLIRSRTRDAVAAATAAGKMKGRPHKLSPEERAYLL,42,hypothetical protein, ,Derived by automated computational analysis using gene prediction method: Protein Homology.,OG0002368,,,,,Probably not conserved
GCF_038447005.1,PSR87_RS00030,MSDSNTGAAGGGAIYALGIFGAWVWFWQQADAFWEYVLAIIQGLFWPAWMVYDVFETLAG,60,hypothetical protein, ,Derived by automated computational analysis using gene prediction method: Protein Homology.,OG0000202,Shell,group_2473,Shell,Cloud,Shell
GCF_038447005.1,PSR87_RS00145,MLLGAIQDLVGRLLDFFGELVLEEKRGFAVVISRTPSTPTTMA,43,hypothetical protein, ,Derived by automated computational analysis using gene prediction method: GeneMarkS-2+.,OG0000422,Cloud,group_1710,Cloud,Cloud,Cloud
GCF_038447005.1,PSR87_RS00270,MLIGAEDPIVRPEFLGGCEERTDDFGVEFVDGASHFIVDERPEAVLERALAFFAPPGPDHEAATGT,66,hypothetical protein, ,Derived by automated computational analysis using gene prediction method: GeneMarkS-2+.,OG0000423,Cloud,group_211,Cloud,Cloud,Cloud
GCF_038447005.1,PSR87_RS00430,MRTGTVRWFNAEQGFGFLAPADGSDDIFVHVSEIAGDGHRILEEGQRVSFAVCRTETGDQARDVRIA,67,cold shock domain-containing protein, ,Derived by automated computational analysis using gene prediction method: Protein Homology.,OG0000157,Shell,group_2429,Shell,Shell,Shell
GCF_038447005.1,PSR87_RS00465,MTKDTHGETDEPKGGRPGPVDHGKNGGMATRENAPELAEDSADSDTETD,49,hypothetical protein, ,Derived by automated computational analysis using gene prediction method: Protein Homology.,OG0000018,Core,group_2420,Shell,Shell,Shell
GCF_038447005.1,PSR87_RS00505,MNTFSRPTSARNRGFAAPSRGSMSTVEIKNRIEAMFREDDERESKAVRAE,50,hypothetical protein, ,Derived by automated computational analysis using gene prediction method: GeneMarkS-2+.,OG0000190,Shell,group_2397,Shell,Shell,Shell
GCF_038447005.1,PSR87_RS00750,MHSDTTTRDLLHGHTKVTRRFALADVALTTFVCLVCATGIGIITGSVLAAATGGLIVVLATALMVAAV,68,hypothetical protein, ,Derived by automated computational analysis using gene prediction method: Protein Homology.,OG0000158,Shell,group_2345,Shell,Shell,Shell
GCF_038447005.1,PSR87_RS00770,MNIPRRDAHAVVIAGLLASRVLADYFGTVTIHEKDHLADNAVHSIRKRGDLIASRTFDDGVVWLRYRPA,69,hypothetical protein, ,Derived by automated computational analysis using gene prediction method: GeneMarkS-2+.,OG0000424,Cloud,group_4,Cloud,Cloud,Cloud
GCF_038447005.1,PSR87_RS00840,METGTDETKTCSFCRGPIGYEIKDAHAGFASLPPGKRYRVFHCMNRCPRSAPDGLECGHRHEYL,64,hypothetical protein, ,Derived by automated computational analysis using gene prediction method: Protein Homology.,OG0000203,Shell,group_350,Shell,Shell,Shell
GCF_038447005.1,PSR87_RS00940,MAAIKALVSGLSGKAKVALVLILTLEVLLAPVLVVLLLALVVAAVRATAQ,50,hypothetical protein, ,Derived by automated computational analysis using gene prediction method: Protein Homology.,OG0000425,Cloud,group_1299,Cloud,Cloud,Cloud
GCF_038447005.1,PSR87_RS00985,MSEMVPADDTRRIALVDLLDRVLGGGVVITGEITLSLADVDMVRISLRTLIASVSALVPDPVGPEPTDD,69,gas vesicle protein, ,Derived by automated computational analysis using gene prediction method: Protein Homology.,OG0000145,Shell,group_2318,Shell,Shell,Shell
GCF_038447005.1,PSR87_RS00995,MNMGKKIRHKVETAEGAAKKAVGRATGNAHLEAEGSKEQAKGNAKQMGDKVKDAGKKIKNALKH,64,csbd family protein, ,Derived by automated computational analysis using gene prediction method: Protein Homology.,OG0000073,Shell,group_2267,Shell,Shell,Shell
GCF_038447005.1,PSR87_RS01030,MTRWPASISDGIGYRHDVAGAVKPAGNITLDEDRPSPCTV,40,hypothetical protein, ,Derived by automated computational analysis using gene prediction method: GeneMarkS-2+.,OG0000966,Cloud,group_1923,Cloud,Cloud,Cloud
GCF_038447005.1,PSR87_RS01085,MVESEASCTACPHSADSHDELGIRFCAVTSARSLERKCICAGDQVSGQHYSRY,53,rgcvc family protein, ,Derived by automated computational analysis using gene prediction method: Protein Homology.,OG0000210,Shell,group_2316,Cloud,Cloud,Cloud
GCF_038447005.1,PSR87_RS01090,MPSSSWESALCGHAVHDASDSTTSVGLGDSETRKFDTSVGFDAMAALQFSALRLRAAVGAEDDMA,65,hypothetical protein, ,Derived by automated computational analysis using gene prediction method: Protein Homology.,OG0000346,Cloud,group_2333,Cloud,Cloud,Cloud
GCF_038447005.1,PSR87_RS01115,MLPTLGRAPLRCGNSPAQGRQHFRGARELPSLLDVPVVEQADECG,45,hypothetical protein, ,Derived by automated computational analysis using gene prediction method: GeneMarkS-2+.,OG0000647,Cloud,group_1651,Cloud,Cloud,Cloud
GCF_038447005.1,PSR87_RS01240,METVVLWVGWTNLSNGTSGVASVTKDKPGVAHTGTGVVTASAMGNLVEYVGARGIFYVP,59,hypothetical protein, ,Derived by automated computational analysis using gene prediction method: GeneMarkS-2+.,OG0000274,Shell,group_2317,Shell,Cloud,Shell
GCF_038447005.1,PSR87_RS01275,MSTNTYPTIETIRIGQSGHECRYCGHAVVKDGPGYRHTTTGQYRCDPASRAVNEARLSNSLVRS,64,hypothetical protein, ,Derived by automated computational analysis using gene prediction method: Protein Homology.,OG0000148,Shell,group_2334,Shell,Cloud,Shell
GCF_038447005.1,PSR87_RS01345,MRTAFCNALYSVFDHRICCGRIPEWTAHVGQPWDTYDVAPWNLYNVIWRIQHWIRGGVDADR,62,hypothetical protein, ,Derived by automated computational analysis using gene prediction method: Protein Homology.,OG0000219,Shell,group_2337,Shell,Cloud,Shell
GCF_038447005.1,PSR87_RS01375,MRLSTRNQLAGTITEVTLGSVMATVKVKLDGGEQIVTASITKEAVEELGLKAGVGATVLVKSTEVMLGVE,70,tobe domain-containing protein, ,Derived by automated computational analysis using gene prediction method: Protein Homology.,OG0000064,Soft core,,,Cloud,Cloud
GCF_038447005.1,PSR87_RS01490,MSQIEIPQNADRLSSNPEFEAMPIGIVDDSGLLGFGALRTPVDAPATAPLMGAAIYPVDCLVGVLSHRET,70,hypothetical protein, ,Derived by automated computational analysis using gene prediction method: GeneMarkS-2+.,OG0000426,Cloud,,,Cloud,Cloud
GCF_038447005.1,PSR87_RS01520,MAASITRRIVCAGAIAGFSALALIANPAIGSAAVTGSSTGTSIELRAGTYAVITQ,55,hypothetical protein, ,Derived by automated computational analysis using gene prediction method: GeneMarkS-2+.,OG0000427,Cloud,group_1009,Cloud,Cloud,Cloud
GCF_038447005.1,PSR87_RS01595,MRQESSHPRESTGPLPADAIVWPEPSPLDSWWKHVVNDHAAAVPEREPVTDAGT,54,hypothetical protein, ,Derived by automated computational analysis using gene prediction method: Protein Homology.,OG0000191,Shell,group_2419,Cloud,Cloud,Cloud
GCF_038447005.1,PSR87_RS01690,MTIDPPPGDTLTLGFDAYIQSSSQLGHSGLVSVSEKGVDVVTLEFTTWLVP,51,hypothetical protein, ,Derived by automated computational analysis using gene prediction method: Protein Homology.,OG0000428,Cloud,group_2076,Cloud,Cloud,Cloud
GCF_038447005.1,PSR87_RS01745,MLNSIVEQHEMLDSTAVSRVLGKAATSRNTASRDAALLETTASSPLR,47,hypothetical protein, ,Derived by automated computational analysis using gene prediction method: GeneMarkS-2+.,OG0000429,Cloud,group_2096,Cloud,Cloud,Cloud
GCF_038447005.1,PSR87_RS01830,MKTRLSCPCGAAITGSDEDDLVVKTQEHLSESHPGMEYSREEILFIAY,48,duf1059 domain-containing protein, ,Derived by automated computational analysis using gene prediction method: Protein Homology.,OG0000249,Shell,group_1421,Cloud,Cloud,Cloud
GCF_038447005.1,PSR87_RS02300,MNRTELPQTLRRSSKEVQAAFAAAHEMAVRRYGEGEEAQRAAYGELKQSYELATDHWVPKQD,62,chab family protein, ,Derived by automated computational analysis using gene prediction method: Protein Homology.,OG0000159,Shell,group_509,Cloud,Cloud,Cloud
GCF_038447005.1,PSR87_RS02310,MNDDQRRALEHVRDTCAMLHSFLTTHPSDRPPERVRSATFEQLTDELLDAVTAAQNAGVPEQRIFDSM,68,hypothetical protein, ,Derived by automated computational analysis using gene prediction method: Protein Homology.,OG0000135,Shell,group_2184,Cloud,Cloud,Cloud
GCF_038447005.1,PSR87_RS02350,MNRETIQGWVAEQIHLDPATATPALLAKLDDLTARAEAMCVRQLLDLPEFRRLVW,55,hypothetical protein, ,Derived by automated computational analysis using gene prediction method: Protein Homology.,OG0000120,Shell,group_1010,Cloud,Cloud,Cloud
GCF_038447005.1,PSR87_RS02365,MASHCGKDLRSPTGVSVRGNRVVDSVRLTDGDIVRIGGHEFAFQIAVDQCPCRPTVGR,58,fha domain-containing protein, ,Derived by automated computational analysis using gene prediction method: Protein Homology.,OG0000430,Cloud,group_812,Cloud,Cloud,Cloud
GCF_038447005.1,PSR87_RS02375,MDWKVAADPEPIDQDIHERPSSATRLQGGPLRGKNQHVYPPRTGTIN,47,hypothetical protein, ,Derived by automated computational analysis using gene prediction method: GeneMarkS-2+.,OG0000431,Cloud,group_2069,Cloud,Cloud,Cloud
GCF_038447005.1,PSR87_RS02590,MTTASMIPASSITSRPPVLCRGGMSAAEIKARIEAMFADDRRPVSQTGPL,50,hypothetical protein, ,Derived by automated computational analysis using gene prediction method: Protein Homology.,OG0000002,Conserved,group_2090,Cloud,Cloud,Cloud
GCF_038447005.1,PSR87_RS02625,MNTIEPPSTEAVTTTATTFGSTADLTSALIRAATAHGQHETRTGAADPNWPDWYAAYMVAEQAGTEPPL,69,glyoxalase, ,Derived by automated computational analysis using gene prediction method: Protein Homology.,OG0000221,Shell,"group_1994, group_1995",Cloud,Cloud,Cloud
GCF_038447005.1,PSR87_RS02660,MDSTTFPNGPITMAGNLFLPDNFDPQASYAAVVTVHPGGGV,41,hypothetical protein, ,Derived by automated computational analysis using gene prediction method: GeneMarkS-2+.,OG0000648,Cloud,group_1874,Cloud,Cloud,Cloud
GCF_038447005.1,PSR87_RS02870,MTIDHDKSELPLFSAQRTLTHSTPEPVSDAPRTGDSPTQTSAEIHRSLFSDE,52,hypothetical protein, ,Derived by automated computational analysis using gene prediction method: Protein Homology.,OG0000222,Shell,group_2253,Shell,Cloud,Shell
GCF_038447005.1,PSR87_RS02880,MAQGIVKWFNGEKGFGFIAPDDGTPDVFVHYSEISGSGFKSLDENQRVEFEVGQGQKGPQATNVRSV,67,cold-shock protein, ,Derived by automated computational analysis using gene prediction method: Protein Homology.,OG0000003,Conserved,"group_1996, group_1997",Shell,Cloud,Cloud
GCF_038447005.1,PSR87_RS03085,MATTSIAPTTPTGRQTPRRSGTMSTAEIKSRIEAMFADDRRPTRPAVTN,49,hypothetical protein, ,Derived by automated computational analysis using gene prediction method: Protein Homology.,OG0000002,Conserved,group_2516,Shell,Cloud,Cloud
GCF_038447005.1,PSR87_RS03120,MTDQLHADLTERLGRAVARAARDGDPLFGTVEVTIAELAELLERRVPPGE,50,hypothetical protein, ,Derived by automated computational analysis using gene prediction method: Protein Homology.,OG0000136,Shell,group_2495,Shell,Cloud,Shell
GCF_038447005.1,PSR87_RS03135,MREHLQHELAQQPTLGPPTASPSGSDDEYTRAHPAGQNLETWIHDRIMDALNQSD,55,hypothetical protein, ,Derived by automated computational analysis using gene prediction method: Protein Homology.,OG0000290,Cloud,group_1011,Cloud,Cloud,Cloud
GCF_038447005.1,PSR87_RS03215,MNTIEPPSTEAVTTTATTFGSTADLTSALIRAATAHGQHETRTGAADPNWPDWYAAYMVAEQAGTEPPL,69,glyoxalase, ,Derived by automated computational analysis using gene prediction method: Protein Homology.,OG0000221,Shell,"group_1994, group_1995",Cloud,Cloud,Cloud
GCF_038447005.1,PSR87_RS03250,MMARISKKLGADLLDALRVSVVGTVVCAGLVMGVIVLAMWKFPIPGV,47,hypothetical protein, ,Derived by automated computational analysis using gene prediction method: GeneMarkS-2+.,OG0000126,Shell,group_2515,Shell,Cloud,Shell
GCF_038447005.1,PSR87_RS03395,MPEYLGARLANYKVPRLIVLDPELPRDESGKLFKRKIKAQYWHQTSRV,48,acyl-coa synthetase, ,Derived by automated computational analysis using gene prediction method: Protein Homology.,OG0000649,Cloud,group_1474,Cloud,Cloud,Cloud
GCF_038447005.1,PSR87_RS03400,MKKPGEETSRESGAVVPNDHLSSDDLAGVVEALTGERVTPRSATGNLAGATRRAAKN,57,hypothetical protein, ,Derived by automated computational analysis using gene prediction method: Protein Homology.,OG0000252,Cloud,group_861,Cloud,Cloud,Cloud
GCF_038447005.1,PSR87_RS03590,MPDKENWTCFGFDSGFNFKTGAFAPGVGRLGGFAKGSNVTVFCFGNQAPFFFTGSVTVK,59,hypothetical protein, ,Derived by automated computational analysis using gene prediction method: Protein Homology.,OG0000364,Cloud,group_735,Cloud,Cloud,Cloud
GCF_038447005.1,PSR87_RS03600,MIILGLILLVIGFVAHISILWTIGIILLVIGVILALLGGTGRAVGGRRHWF,51,duf6131 family protein, ,Derived by automated computational analysis using gene prediction method: Protein Homology.,OG0000000,Conserved,group_1235,Cloud,Cloud,Cloud
GCF_038447005.1,PSR87_RS03640,MVGNDGGGFVVGVDRPHAGLGLPIIDRYGHRGFMLMLAEHAE,42,hypothetical protein, ,Derived by automated computational analysis using gene prediction method: GeneMarkS-2+.,OG0002369,,group_1819,Cloud,,Probably not conserved
GCF_038447005.1,PSR87_RS03775,MRVVSEDQTLVDNNALGYSQVSAQVTANTRNACGRLAVVTR,41,hypothetical protein, ,Derived by automated computational analysis using gene prediction method: GeneMarkS-2+.,OG0000230,Shell,group_1831,Cloud,Cloud,Cloud
GCF_038447005.1,PSR87_RS04020,MSSTFRTVAVVDWFRTGASWRMSSSGTAYGDSEEPWTLTATLPLAAGMSWAQIAERSPVTAPTTY,65,hypothetical protein, ,Derived by automated computational analysis using gene prediction method: GeneMarkS-2+.,OG0000432,Cloud,group_2112,Cloud,Cloud,Cloud
GCF_038447005.1,PSR87_RS04030,MVQPEVLIALLIAACFIFFVSACLVTVIVIVIVIVTGSTAGLRDFAKVLAAFGRVIRLRFRFGN,64,hypothetical protein, ,Derived by automated computational analysis using gene prediction method: Protein Homology.,OG0000318,Cloud,group_2261,Cloud,Cloud,Cloud
GCF_038447005.1,PSR87_RS04035,MLNVLGAESCARFVDGSELVQRWFPRAERLTVPGAGHLLMVQNPTASARGLKDFFSHHLIGHLGPLEVS,69,hypothetical protein, ,Derived by automated computational analysis using gene prediction method: GeneMarkS-2+.,OG0000546,Cloud,group_2055,Cloud,Cloud,Cloud
GCF_038447005.1,PSR87_RS04040,MMRPGLPCPETPLLHGRHLSSAEQVSLVELLVEGVGNHPVQHGTVAIAAHMAQEPVHRGGLVA,63,hypothetical protein, ,Derived by automated computational analysis using gene prediction method: GeneMarkS-2+.,OG0000547,Cloud,group_431,Cloud,Cloud,Cloud
GCF_038447005.1,PSR87_RS04280,MAQEQTKRTGGGDEDDTPGADGAAGQERREKLAEDTDDLLDEIDDVLEENAEDFVRAYVQKGGQ,64,ubiquitin-like protein pup, ,Derived by automated computational analysis using gene prediction method: Protein Homology.,OG0000037,Conserved,group_343,Shell,Shell,Shell
GCF_038447005.1,PSR87_RS04400,MSTSDTTGQTEFPASMGKVSRRELASHGYTRFDQLTTVTAKELLKIHGVGPKAIRILEEELAERGLGFAK,70,hypothetical protein, ,Derived by automated computational analysis using gene prediction method: Protein Homology.,OG0000050,Conserved,,,Shell,Shell
GCF_038447005.1,PSR87_RS04795,MVIDPTLLGILACPQDKGPLLLVGDELLYNPRLRRAYPIENGIPVLLIDEARDVGADEHETLLARAAGEA,70,trm112 family protein, ,Derived by automated computational analysis using gene prediction method: Protein Homology.,OG0000038,Conserved,,,Soft core,Soft core
GCF_038447005.1,PSR87_RS04870,MPKSKTHSGTAKRFKVSGSGKILRQKAGRRHLLEHKATKVTRRLDGVAVVSKADTPRIKRLLDI,64,50s ribosomal protein l35, ,Derived by automated computational analysis using gene prediction method: Protein Homology.,OG0000039,Conserved,rpmI,Shell,Soft core,Shell
GCF_038447005.1,PSR87_RS05155,MPLIQISQTPGLTAEQKRATIEAVTQAYADATGKDPAKVWVTITEVPRDSWGVGGTPLG,59,2-hydroxymuconate tautomerase family protein, ,Derived by automated computational analysis using gene prediction method: Protein Homology.,OG0000160,Shell,group_2162,Shell,Shell,Shell
GCF_038447005.1,PSR87_RS05195,MSVVLVYVLFIAAGIAAGGAYSMWKFNKLASGVLLALAVLAAVAGVLRLM,50,hypothetical protein, ,Derived by automated computational analysis using gene prediction method: Protein Homology.,OG0000040,Conserved,group_1297,Shell,Core,Shell
GCF_038447005.1,PSR87_RS05365,MHVAVGDRLHVQGRVVGVHETTAEVVEVHGENGAPPYLVRYDDGHEALVFPGSDAWVEHPKS,62,duf1918 domain-containing protein, ,Derived by automated computational analysis using gene prediction method: Protein Homology.,OG0000041,Conserved,group_504,Shell,Soft core,Shell
GCF_038447005.1,PSR87_RS05370,MATYRYLDKDRNVLEEQDFGTVQDAEEHRLSVLGAEIIEEVEDSGTPES,49,hypothetical protein, ,Derived by automated computational analysis using gene prediction method: Protein Homology.,OG0000054,Core,group_2183,Shell,Soft core,Shell
GCF_038447005.1,PSR87_RS05930,MTDEDHLWYYNVDDGTVTQGKAASSMSRMGPYPDRASAEKALQIAAERNKAADRADEEWNN,61,hypothetical protein, ,Derived by automated computational analysis using gene prediction method: Protein Homology.,OG0000042,Conserved,group_2293,Shell,Soft core,Shell
GCF_038447005.1,PSR87_RS06015,MCSDLTKLGDDELLAQLDEHRALLGESIANDYGCETVRGVTIRITAFEAELGRRGSATSRDAT,63,hypothetical protein, ,Derived by automated computational analysis using gene prediction method: Protein Homology.,OG0000192,Shell,group_2325,Shell,Shell,Shell
GCF_038447005.1,PSR87_RS06020,MPRYKVTLRNGTSSDKTFESDFQAVNETHRPTETGAGIVKIDRYEDDGEVTGVWSAPTTSRR,62,hypothetical protein, ,Derived by automated computational analysis using gene prediction method: Protein Homology.,OG0000113,Soft core,group_2295,Shell,Shell,Shell
GCF_038447005.1,PSR87_RS06235,MTGAGILAVALVTIAAALVVYLLIALVDPERF,32,potassium-transporting atpase subunit f, ,Derived by automated computational analysis using gene prediction method: Protein Homology.,OG0000055,Core,group_2327,Shell,Soft core,Shell
GCF_038447005.1,PSR87_RS06435,MDRMASWWDGFELWIAGLPFVPQVALVLLVMVPVCRGLAWLLDRGLAAVFVLLRRDVSKVEEP,63,hypothetical protein, ,Derived by automated computational analysis using gene prediction method: Protein Homology.,OG0000056,Core,group_427,Shell,Shell,Shell
GCF_038447005.1,PSR87_RS06515,MSESEQTDLDVDDELDAGQVWRAQRVVAAQSLDAEDCRMLLSMLGIAGNPDAPEAD,56,hypothetical protein, ,Derived by automated computational analysis using gene prediction method: Protein Homology.,OG0000161,Shell,group_2171,Shell,Shell,Shell
GCF_038447005.1,PSR87_RS06665,MNDHHVQLFSELHSTAGSQAGGEDAGEALRPVDPEHRTATEVHRALFSDQ,50,hypothetical protein, ,Derived by automated computational analysis using gene prediction method: GeneMarkS-2+.,OG0000162,Shell,group_2285,Shell,Shell,Shell
GCF_038447005.1,PSR87_RS06680,MIPVLLYYGVPTAVIAVTLWVGFLGWRFYVKEVLRGDSGDTTAGERDHG,49,hypothetical protein, ,Derived by automated computational analysis using gene prediction method: Protein Homology.,OG0000223,Shell,group_2268,Shell,Shell,Shell
GCF_038447005.1,PSR87_RS06705,MRALPAAHATRLRPSRTGAASFPAGRQGERGIMPAPKTCRTARHA,45,hypothetical protein, ,Derived by automated computational analysis using gene prediction method: GeneMarkS-2+.,OG0000208,Shell,group_2409,Shell,Shell,Shell
GCF_038447005.1,PSR87_RS06880,MQRSRALRLLTERSHDQQDEVYPNELHGRLATHHHAPAPPPEGGGTGT,48,hypothetical protein, ,Derived by automated computational analysis using gene prediction method: GeneMarkS-2+.,OG0000514,Cloud,group_2408,Cloud,Cloud,Cloud
GCF_038447005.1,PSR87_RS07000,MSEDGNCATVFVWIADILPASLADRTAQMMELGIGAVRRTLDRADRVIDIR,51,hypothetical protein, ,Derived by automated computational analysis using gene prediction method: GeneMarkS-2+.,OG0000433,Cloud,group_1236,Cloud,Cloud,Cloud
GCF_038447005.1,PSR87_RS07110,MVGKFERRKDTVQELTESAATHVGQIATIIAGAVRDVTREIGDWVSDGIEMREAAKKARDDEGEAEPVD,69,hypothetical protein, ,Derived by automated computational analysis using gene prediction method: Protein Homology.,OG0000149,Shell,group_2446,Shell,Shell,Shell
GCF_038447005.1,PSR87_RS07785,MILRPNPVLAAREVYESKAARWQKEWPRLTVVPWPESAVSASARRVRALPVSRW,54,hypothetical protein, ,Derived by automated computational analysis using gene prediction method: Protein Homology.,OG0000434,Cloud,group_2032,Cloud,Cloud,Cloud
GCF_038447005.1,PSR87_RS08005,MTAYRDDAAPVTEPDDDLGGDPVCWLDRVCPDCGLFLTDHTAGTCPRCGAARGR,54,hypothetical protein, ,Derived by automated computational analysis using gene prediction method: Protein Homology.,OG0000163,Shell,group_2435,Shell,Shell,Shell
GCF_038447005.1,PSR87_RS08130,MADKSPRNSMSKKSGKSLKEKRADKKMKTNGQSDPEIVSHVKKR,44,hypothetical protein, ,Derived by automated computational analysis using gene prediction method: Protein Homology.,OG0000004,Core,group_2437,Shell,Shell,Shell
GCF_038447005.1,PSR87_RS08260,MTDERPGKNQTPPDKATRPTPKEATPDVSKTDLAAVVDALTATNEKNLDF,50,hypothetical protein, ,Derived by automated computational analysis using gene prediction method: Protein Homology.,OG0000164,Shell,group_2447,Shell,Shell,Shell
GCF_038447005.1,PSR87_RS08315,MSTPRRRPLKTVTGVSGAVSTYAAAIDPQQSTVASSIEIAKIAEANKFDAPRDHHVPPPFTLSVV,65,hypothetical protein, ,Derived by automated computational analysis using gene prediction method: GeneMarkS-2+.,OG0000435,Cloud,group_283,Cloud,Cloud,Cloud
GCF_038447005.1,PSR87_RS08555,MNLQTAQNTIQAAGVFFSRSADASGAGRMQVLDSNWIVVGQQPSPGALVGEGDAVLSVVKIGEPNNC,67,hypothetical protein, ,Derived by automated computational analysis using gene prediction method: Protein Homology.,OG0000253,Shell,group_2453,Shell,Cloud,Shell
GCF_038447005.1,PSR87_RS08940,MFEIIREVHSEVRHRRGPRHHHHLLTRAERRSRILKRFHM,40,hypothetical protein, ,Derived by automated computational analysis using gene prediction method: GeneMarkS-2+.,OG0000288,Shell,group_2087,Shell,Shell,Shell
GCF_038447005.1,PSR87_RS09625,MGSGPVKAIMWSLLFVGLVGAGVGISELHVPWTVASLIVASVSGLVLLRIRADAHPELHSDRRMAAG,67,hypothetical protein, ,Derived by automated computational analysis using gene prediction method: Protein Homology.,OG0000165,Shell,group_2193,Shell,Shell,Shell
GCF_038447005.1,PSR87_RS09665,MNSTITGLIVGLLLAIAGILGGFSGFVFAVLLGALGMAVGAHRDGHLDLGAILRSRGRG,59,hypothetical protein, ,Derived by automated computational analysis using gene prediction method: Protein Homology.,OG0000026,Conserved,group_2303,Conserved,Shell,Shell
GCF_038447005.1,PSR87_RS09865,MSEKKIDRVKTESALEVLRESPTIALITVAPALVVFGVVWWLFGFWSALVLVLILGVVAVVGRKLF,66,hypothetical protein, ,Derived by automated computational analysis using gene prediction method: Protein Homology.,OG0000025,Conserved,group_2209,Conserved,Shell,Shell
GCF_038447005.1,PSR87_RS10000,MASSTDVRPKITLACEVCKHRNYITKKNRRNDPDRLELKKFCPNCGTHQSHRESK,55,50s ribosomal protein l33, ,Derived by automated computational analysis using gene prediction method: Protein Homology.,OG0000024,Conserved,rpmG,Conserved,Shell,Shell
GCF_038447005.1,PSR87_RS10150,MGALSPSHWAIIAIVLVVLFGSKKLPDAARGLGRSMRILKTEVGELQADAPELEK,55,sec-independent protein translocase subunit tata, ,Derived by automated computational analysis using gene prediction method: Protein Homology.,OG0000019,Conserved,group_2146,Shell,Shell,Shell
GCF_038447005.1,PSR87_RS10225,MIYLLALIGLVTVAVLLWKAFGPNTRPVLSNRVQGPDDDPDFLWKVDRETRRKKSDEPEAGPADPAG,67,hypothetical protein, ,Derived by automated computational analysis using gene prediction method: Protein Homology.,OG0000023,Conserved,group_2246,Shell,Conserved,Shell
GCF_038447005.1,PSR87_RS10295,MDREHPLNKIEHTGEVVAGSADLAAGIGHWLQAGLLSGDPLAIAAGFVVMVVGGLFMGLPF,61,hypothetical protein, ,Derived by automated computational analysis using gene prediction method: Protein Homology.,OG0000061,Soft core,group_2043,Cloud,Cloud,Cloud
GCF_038447005.1,PSR87_RS10375,MGSVIKKRRKRMSKKKHRKLLRRTRVQRRKLGK,33,aurkaip1/cox24 domain-containing protein, ,Derived by automated computational analysis using gene prediction method: Protein Homology.,OG0000022,Conserved,group_1939,Conserved,Conserved,Conserved
GCF_038447005.1,PSR87_RS10500,MDLRPMRSPKWPTTTPPIGRAMKPTENVANAASVPAMEEKDGKNNGPNTIAAAMP,55,hypothetical protein, ,Derived by automated computational analysis using gene prediction method: GeneMarkS-2+.,OG0000292,Cloud,group_1012,Cloud,Cloud,Cloud
GCF_038447005.1,PSR87_RS10510,MADRHPRRVDAVGPVYLTAVTLLSLLCVVAITRKVRGPLRSG,42,hypothetical protein, ,Derived by automated computational analysis using gene prediction method: GeneMarkS-2+.,OG0000436,Cloud,group_1763,Cloud,Cloud,Cloud
GCF_038447005.1,PSR87_RS10660,MIVLGLILLLIGWLTGLTWLWTIGIILLVIGAILWILGATGRAVGGRRRWY,51,duf6131 family protein, ,Derived by automated computational analysis using gene prediction method: Protein Homology.,OG0000000,Conserved,group_2247,Shell,Shell,Shell
GCF_038447005.1,PSR87_RS10815,MTFDSNTPRQFTRSDNQKMLAGVCGGIAEYFSVDVNLVRLLTVVATLVTGGTAALVYLAAWMLMPAGH,68,pspc domain-containing protein, ,Derived by automated computational analysis using gene prediction method: Protein Homology.,OG0000021,Conserved,group_2380,Conserved,Shell,Shell
GCF_038447005.1,PSR87_RS11335,MTVVLDRVEESVRSLNPGYFAIVMASGIISVGMKLGGFDLISG,43,hypothetical protein, ,Derived by automated computational analysis using gene prediction method: GeneMarkS-2+.,OG0000437,Cloud,group_1711,Cloud,Cloud,Cloud
GCF_038447005.1,PSR87_RS11375,MDVPAGFSLGTAPRQEVVDTTDDLVAGMFDRFLKGAPAPELDDAASRYPPVFEVR,55,hypothetical protein, ,Derived by automated computational analysis using gene prediction method: Protein Homology.,OG0000438,Cloud,group_2033,Cloud,Cloud,Cloud
GCF_038447005.1,PSR87_RS11705,MATIEEFEQTVTDKVIAGLHDKFADYERRGVGLAELGDPDRFVERILAAVPAPHPWYEQFGTAWSSTPA,69,hypothetical protein, ,Derived by automated computational analysis using gene prediction method: Protein Homology.,OG0000166,Shell,group_2132,Shell,Shell,Shell
GCF_038447005.1,PSR87_RS12140,MNPVTDPDVVYLADHSVLLAIPAFVPAFLVAGLVIYLAVRDRKAEAAENAESAKHGPSEKDEEN,64,hypothetical protein, ,Derived by automated computational analysis using gene prediction method: Protein Homology.,OG0000167,Shell,group_2396,Shell,Shell,Shell
GCF_038447005.1,PSR87_RS12435,MNVFQAADSFQLFTGVAPDFERMYAHVLELVERQSRRAA,39,hypothetical protein, ,Derived by automated computational analysis using gene prediction method: Protein Homology.,OG0000439,Cloud,group_1926,Cloud,Cloud,Cloud
GCF_038447005.1,PSR87_RS12640,MSSAGGSVGSRVAEYLSMFAAAVDGLLDSGLASCRTLSSSR,41,hypothetical protein, ,Derived by automated computational analysis using gene prediction method: GeneMarkS-2+.,OG0000517,Cloud,group_1875,Cloud,Cloud,Cloud
GCF_038447005.1,PSR87_RS12755,MAAYQCPVCDYVYDEASGAPREGFPAGTAWADVPDDWCCPDCGVREKIDFDPKVA,55,rubredoxin, ,Derived by automated computational analysis using gene prediction method: Protein Homology.,OG0000053,Core,group_2321,Shell,Shell,Shell
GCF_038447005.1,PSR87_RS12760,MSTDFKLYRCAQCGFEYDEAEGWPEDGIEPGTRWDDIPEDWSCPDCGAAKADFDMVEVSRA,61,rubredoxin, ,Derived by automated computational analysis using gene prediction method: Protein Homology.,OG0000007,Conserved,group_2335,Shell,Cloud,Cloud
GCF_038447005.1,PSR87_RS13285,MTTTFRTAARVEHADWLTGGNRRALAAERRAVERFVEPVFRIRDSR,46,hypothetical protein, ,Derived by automated computational analysis using gene prediction method: GeneMarkS-2+.,OG0000650,Cloud,group_1603,Cloud,Cloud,Cloud
GCF_038447005.1,PSR87_RS13295,MTFRLSTTLATDSDAAAIAALKRYYGHPYLGDDAYVGRRAPRRLVKHR,48,hypothetical protein, ,Derived by automated computational analysis using gene prediction method: GeneMarkS-2+.,OG0000240,Shell,group_1475,Cloud,Cloud,Cloud
GCF_038447005.1,PSR87_RS13315,MQNIAEAFAPPPDTAGQLSDIELAVVLAVLTGDSTPLLQLSGSTRHR,47,hypothetical protein, ,Derived by automated computational analysis using gene prediction method: GeneMarkS-2+.,OG0000651,Cloud,group_1538,Cloud,Cloud,Cloud
GCF_038447005.1,PSR87_RS13385,MKICVDRTKCTGLGICESLAPDIFEIDDAGGLLLLREDADDSVIDDVRAAIEGCPTEALTLIED,64,ferredoxin, ,Derived by automated computational analysis using gene prediction method: Protein Homology.,OG0000001,Conserved,group_351,Cloud,Cloud,Cloud
GCF_038447005.1,PSR87_RS13440,MAEEKLAPFIKERGYDWEIHIDETPMDLWRTQGLVPPPPESDMEKLWAKENRPIPYDVAAS,61,tautomerase family protein, ,Derived by automated computational analysis using gene prediction method: Protein Homology.,OG0000440,Cloud,group_2049,Cloud,Cloud,Cloud
GCF_038447005.1,PSR87_RS13445,MKEVRKIDSTTTQHCRAEQGIQRHDMSKVKEFIEGGEDDLAPGRAGPEEVGSIIRPRSTRDG,62,hypothetical protein, ,Derived by automated computational analysis using gene prediction method: Protein Homology.,OG0000441,Cloud,group_511,Cloud,Cloud,Cloud
GCF_038447005.1,PSR87_RS13560,MLRRLVLALDLQRGREFVAPGQPLLVDDFELLDRLDSEKWLLANSTPATISAMVAGSLADFPAAASG,67,hypothetical protein, ,Derived by automated computational analysis using gene prediction method: GeneMarkS-2+.,OG0000293,Cloud,group_201,Cloud,Cloud,Cloud
GCF_038447005.1,PSR87_RS13565,MDAGSRAAPLDVVDADADADADADADAAGYVTRQTLASMAV,41,hypothetical protein, ,Derived by automated computational analysis using gene prediction method: GeneMarkS-2+.,OG0000652,Cloud,group_2047,Cloud,Cloud,Cloud
GCF_038447005.1,PSR87_RS13615,MIRCHDEGADSLAGFEQSFLGDTLLRGAHGIQAADPVLLLQFADTTTVLAAMDSATKSY,59,hypothetical protein, ,Derived by automated computational analysis using gene prediction method: GeneMarkS-2+.,OG0000442,Cloud,group_736,Cloud,Cloud,Cloud
GCF_038447005.1,PSR87_RS13660,MPTTTETPSGITGTPTVTDNRSGLAGTAACAPRPRSGYDGCHAEQKSWAIVRIVIGY,57,hypothetical protein, ,Derived by automated computational analysis using gene prediction method: GeneMarkS-2+.,OG0000366,Cloud,group_2064,Cloud,Cloud,Cloud
GCF_038447005.1,PSR87_RS13720,MGFQDLEHRLTWEHPTHLYLKKAKADQVAVGTAGAHRAGLVDLPVGEAR,49,hypothetical protein, ,Derived by automated computational analysis using gene prediction method: Protein Homology.,OG0000367,Cloud,group_2263,Cloud,Cloud,Cloud
GCF_038447005.1,PSR87_RS13770,MLVAHERDGAVNDLRVDLPPGYPFNDPEVAQFGVHNAVMP,40,hypothetical protein, ,Derived by automated computational analysis using gene prediction method: GeneMarkS-2+.,OG0000408,Cloud,group_2117,Cloud,Cloud,Cloud
GCF_038447005.1,PSR87_RS13830,MPARSPPTTARPRAAAPIRASWRPTIAWCCRKSASCADAKAVGAAPIYQGEPGYSTKLDRDKDGIACDK,69,excalibur calcium-binding domain-containing protein, ,Derived by automated computational analysis using gene prediction method: Protein Homology.,OG0000255,Shell,group_50,Cloud,Cloud,Cloud
GCF_038447005.1,PSR87_RS13840,MDELDSKNLGRLRRIADARSVWTSESGDFTPWLAENIDVSRTPWACP,47,hypothetical protein, ,Derived by automated computational analysis using gene prediction method: GeneMarkS-2+.,OG0000653,Cloud,group_1539,Cloud,Cloud,Cloud
GCF_038447005.1,PSR87_RS13910,MLAYGLSPERVFGILTWRHGRPTANRVLADRFVDTLTAEATSPRRLVPGSTTCS,54,hypothetical protein, ,Derived by automated computational analysis using gene prediction method: GeneMarkS-2+.,OG0000244,Shell,group_1068,Cloud,Cloud,Cloud
GCF_038447005.1,PSR87_RS13955,MTCDVDPHFASIGASPDAIDRLVADSRVDVVVDDPDTEPPYYS,43,hypothetical protein, ,Derived by automated computational analysis using gene prediction method: Protein Homology.,OG0000443,Cloud,group_1712,Cloud,Cloud,Cloud
GCF_038447005.1,PSR87_RS14720,MKVDQGTTVLAWSNTTFQGTDGTGSETTAELVTHGVGRTEQRNHEQEV,48,hypothetical protein, ,Derived by automated computational analysis using gene prediction method: GeneMarkS-2+.,OG0000654,Cloud,group_1476,Cloud,Cloud,Cloud
GCF_038447005.1,PSR87_RS14805,MKIHIIEDKCVGGGQCVLAAPDVFDQRDEDGVAVLLVEDPPVELHDGIREAARLCPAVAIELAERAET,68,ferredoxin, ,Derived by automated computational analysis using gene prediction method: Protein Homology.,OG0000352,Cloud,group_127,Cloud,Cloud,Cloud
GCF_038447005.1,PSR87_RS15220,MIAIGVVLILVGFIVKISAMWIVGLVIAAIGLGLLLLGVSGRSIGGRRYWY,51,hypothetical protein, ,Derived by automated computational analysis using gene prediction method: Protein Homology.,OG0000000,Conserved,group_1237,Cloud,Cloud,Cloud
GCF_038447005.1,PSR87_RS15300,MLGGAGIVGEHPVPRMWRDVRALRIYEGASQIHERNLARALPTLLSTTQPARVG,54,acyl-coa dehydrogenase family protein, ,Derived by automated computational analysis using gene prediction method: Protein Homology.,OG0000264,Shell,group_1113,Cloud,Cloud,Cloud
GCF_038447005.1,PSR87_RS15355,MATALAVPYQRVRRLEIGQRLDPDLSAHYSRWLTDREQQSISLSLVDTA,49,hypothetical protein, ,Derived by automated computational analysis using gene prediction method: GeneMarkS-2+.,OG0000368,Cloud,group_1364,Cloud,Cloud,Cloud
GCF_038447005.1,PSR87_RS15675,MMVGNAVVAAYHTLRKVEQFFRLAKSELKARPVFHRTRESIEAYPTIVLAAPAIARPRRAANAAEHY,67,hypothetical protein, ,Derived by automated computational analysis using gene prediction method: GeneMarkS-2+.,OG0000411,Cloud,group_2116,Cloud,Cloud,Cloud
GCF_038447005.1,PSR87_RS15705,MLLEPYSDRYFEPPEHAVLLGVFDGDDEWAVRGDEGFDDRLLPGRCYGSL,50,hypothetical protein, ,Derived by automated computational analysis using gene prediction method: Protein Homology.,OG0000655,Cloud,group_1354,Cloud,Cloud,Cloud
GCF_038447005.1,PSR87_RS15710,MPLLHVTQTPGQSAEAKRELLKKLTAAYVDATGAKPASVWVTIEEVSKDDWAIGGETLTERASKPA,66,4-oxalocrotonate tautomerase family protein, ,Derived by automated computational analysis using gene prediction method: Protein Homology.,OG0000224,Shell,group_213,Shell,Cloud,Shell
GCF_038447005.1,PSR87_RS15795,MPASNADGTRSLSRACAPSVAPLGLGSHRDDVFGVAQRGGGVFGKVPYSSAKAAILGFTKSLARNWKTPA,70,hypothetical protein, ,Derived by automated computational analysis using gene prediction method: GeneMarkS-2+.,OG0000444,Cloud,,,Cloud,Cloud
GCF_038447005.1,PSR87_RS15820,MKRSLTRSSVQLHMSQPAVSHALGRARDICGDQLLVCSGNRMVLTSGRRSC,51,lysr family transcriptional regulator, ,Derived by automated computational analysis using gene prediction method: Protein Homology.,OG0000527,Cloud,group_1292,Cloud,Cloud,Cloud
GCF_038447005.1,PSR87_RS15910,MYVVPGSVYVVPGSVYVVPGSVYVVPGSVYVVPGSVYVVPGSVYVVPGSVYVVPGSVYVVPGSV,64,hypothetical protein, ,Derived by automated computational analysis using gene prediction method: Protein Homology.,OG0000656,Cloud,group_419,Cloud,Cloud,Cloud
GCF_038447005.1,PSR87_RS16025,MDLVRTVFDAVEAGEFEALADEMSAKVKAGLAAPLEVVYPQFEAANA,47,hypothetical protein, ,Derived by automated computational analysis using gene prediction method: GeneMarkS-2+.,OG0000657,Cloud,group_1540,Cloud,Cloud,Cloud
GCF_038447005.1,PSR87_RS16045,MRRPTRLAPQPAAGARLARRSQVHAEVTREAASTIHSEQGGRATILLVDEGSDMRSN,57,hypothetical protein, ,Derived by automated computational analysis using gene prediction method: GeneMarkS-2+.,OG0000658,Cloud,group_919,Cloud,Cloud,Cloud
GCF_038447005.1,PSR87_RS16130,MERFDITPAEIVTRLGYDIQARSRAEAERYLGLARATFAAEQDPATGPVDVPNET,55,hypothetical protein, ,Derived by automated computational analysis using gene prediction method: GeneMarkS-2+.,OG0000659,Cloud,group_1060,Cloud,Cloud,Cloud
GCF_038447005.1,PSR87_RS16355,MATGGADVDRLYEDIVGAEYSIDRTSALRNDIDDIRAALEAQVAYLDSLIGPHRHA,56,hypothetical protein, ,Derived by automated computational analysis using gene prediction method: Protein Homology.,OG0000445,Cloud,group_2075,Cloud,Cloud,Cloud
GCF_038447005.1,PSR87_RS16445,MRDRTAHAPRFTSTVRLAGHTATADATTKTAAKTASAAALIDTLFTQH,48,hypothetical protein, ,Derived by automated computational analysis using gene prediction method: GeneMarkS-2+.,OG0000446,Cloud,group_2110,Cloud,Cloud,Cloud
GCF_038447005.1,PSR87_RS16465,MTDEELLGRVRDACAVLHSFLRTAHPGIPVAAREGTYRQLTDELRDAVDAAQAAGVPEDVIFDTMDTAEP,70,hypothetical protein, ,Derived by automated computational analysis using gene prediction method: Protein Homology.,OG0000135,Shell,,,Cloud,Cloud
GCF_038447005.1,PSR87_RS16495,MTFLPFGVLAFDDLDLMSAPHLDRRAELVELDSVIQDVGGLPITVVRTGKIRAAESV,57,hypothetical protein, ,Derived by automated computational analysis using gene prediction method: GeneMarkS-2+.,OG0000447,Cloud,group_866,Cloud,Cloud,Cloud
GCF_038447005.1,PSR87_RS16590,MYRTEPHYWIPIPPPTPFLTITAEWAQIGLESVVTTLNLTTQPRS,45,hypothetical protein, ,Derived by automated computational analysis using gene prediction method: Protein Homology.,OG0000448,Cloud,group_2203,Cloud,Cloud,Cloud
GCF_038447005.1,PSR87_RS16605,MRMILASSITSRPPVLCRGGMSTAEIKARIEAMFADDRRPVSQTGPL,47,hypothetical protein, ,Derived by automated computational analysis using gene prediction method: Protein Homology.,OG0000002,Conserved,group_1483,Cloud,Cloud,Cloud
GCF_038447005.1,PSR87_RS16685,MTIDRGLVALLEAKPGKGEELAAFLKQGRALAAEEQGTVTWYASRSATRHTASSTRSRTRTAARRT,66,hypothetical protein, ,Derived by automated computational analysis using gene prediction method: GeneMarkS-2+.,OG0000660,Cloud,group_274,Cloud,Cloud,Cloud
GCF_038447005.1,PSR87_RS16720,MFDRLYAAVLAVAGLGYGGYILLDELTGSSDTPGEDDHHLRRESSEQVFTA,51,hypothetical protein, ,Derived by automated computational analysis using gene prediction method: Protein Homology.,OG0000168,Shell,group_2489,Shell,Cloud,Shell
GCF_038447005.1,PSR87_RS17015,MSIGKKLRHKAETAEGSAKKTVGKALGNERMEAEGRAQEAKGKAKQAGDQIKQAGQKIKKIFTR,64,csbd family protein, ,Derived by automated computational analysis using gene prediction method: Protein Homology.,OG0000073,Shell,group_2502,Shell,Cloud,Shell
GCF_038447005.1,PSR87_RS17020,MIILGIILAIVGLVLNVPVLLYIGIALIIIGVVLEVMGMAGHAVAGRRHYY,51,duf6131 family protein, ,Derived by automated computational analysis using gene prediction method: Protein Homology.,OG0000000,Conserved,group_1238,Cloud,Cloud,Cloud
GCF_038447005.1,PSR87_RS17280,MELPGVRRVLDLAAITMLSVAVAATTSFTVATLGLLSVIGARAALRRSLTAR,52,hypothetical protein, ,Derived by automated computational analysis using gene prediction method: Protein Homology.,OG0000449,Cloud,group_1178,Cloud,Cloud,Cloud
GCF_038447005.1,PSR87_RS17525,MHPVAKRQRLEVLTGILGFFTVMAFIAAVVEVVRGDPGVTPALVLLGCLVLSGLAIVARNRVR,63,hypothetical protein, ,Derived by automated computational analysis using gene prediction method: Protein Homology.,OG0000051,Conserved,group_2423,Shell,Shell,Shell
GCF_038447005.1,PSR87_RS17950,MSTSSVTVSGMTCNHCVSSVTEEISALPGVTNVNVDLTTGKVVIDSTTDLDPSAVAGAVEEAGYSVAG,68,heavy metal-associated domain-containing protein, ,Derived by automated computational analysis using gene prediction method: Protein Homology.,OG0000006,Conserved,group_2406,Shell,Cloud,Cloud
GCF_038447005.1,PSR87_RS18055,MTQRATDVRAERAEEYGRLNAGEGMLLVRITPEKVISENNITGEQQRAMIMTTGRR,56,hypothetical protein, ,Derived by automated computational analysis using gene prediction method: Protein Homology.,OG0000369,Cloud,group_2385,Cloud,Cloud,Cloud
GCF_038447005.1,PSR87_RS18345,MDAVDPAIADAASAAGRITARLGLTDARGNPLCAAVRPPLVEWSA,45,duf5990 family protein, ,Derived by automated computational analysis using gene prediction method: Protein Homology.,OG0000661,Cloud,group_1652,Cloud,Cloud,Cloud
GCF_038447005.1,PSR87_RS18400,MIDTCHGTLIVHALYGAECTDESCVELSADRHALIIDCDEFGDCVCSAEFAEQLRHAS,58,hypothetical protein, ,Derived by automated computational analysis using gene prediction method: Protein Homology.,OG0000169,Shell,group_2231,Shell,Shell,Shell
GCF_038447005.1,PSR87_RS18545,MLKAVGPAARTLANFCSCELVVVDDIGMLPAGQNAAVIVAMDNSHRLADASLACACSRSTDDGG,64,hypothetical protein, ,Derived by automated computational analysis using gene prediction method: GeneMarkS-2+.,OG0000450,Cloud,group_352,Cloud,Cloud,Cloud
GCF_038447005.1,PSR87_RS18570,MAKGKRTFQPNNRRRARVHGFRLRMRTRAGRAIVSARRRKGRESLTA,47,50s ribosomal protein l34, ,Derived by automated computational analysis using gene prediction method: Protein Homology.,OG0000052,Conserved,rpmH,Conserved,Shell,Shell
GCF_038447005.1,PSR87_RS19080,MHFAPEKPDGVADGNWIQSDPGKGWFVILRFFSPLQSFFDKTWRPSEVDRVR,52,duf1214 domain-containing protein, ,Derived by automated computational analysis using gene prediction method: Protein Homology.,OG0000359,Cloud,group_1179,Cloud,Cloud,Cloud
GCF_038447005.1,PSR87_RS19090,MEFTDGALARDTVEKAYDHMDFRHGVNVFLNAFQGAVVDVRRILRLYSPLRSFFDKTWRPSEIERVQ,67,hypothetical protein, ,Derived by automated computational analysis using gene prediction method: GeneMarkS-2+.,OG0000662,Cloud,group_202,Cloud,Cloud,Cloud
GCF_038447005.1,PSR87_RS19265,MTNPNEFETSATDRTDANPRTAAPTCCSTERQATCCDLSEKSTCCGPAATAGREGCGCQ,59,hypothetical protein, ,Derived by automated computational analysis using gene prediction method: GeneMarkS-2+.,OG0000243,Shell,group_2376,Cloud,Cloud,Cloud
GCF_038447005.1,PSR87_RS19465,MDFRRTPLARSENYWEQLGSVEARHLDGAERDRLPAPDEQVSLVDHCRGATPDPA,55,hypothetical protein, ,Derived by automated computational analysis using gene prediction method: Protein Homology.,OG0000275,Shell,group_2324,Cloud,Cloud,Cloud
GCF_038447005.1,PSR87_RS19865,MSDRDASIFESERELDEESVRKAQRTVAHHSIDAEDCRMLLAALGIPLVRDLENESLSGTAGAESL,66,hypothetical protein, ,Derived by automated computational analysis using gene prediction method: Protein Homology.,OG0000170,Shell,group_2353,Shell,Shell,Shell
GCF_038447005.1,PSR87_RS20005,MNHEFMLFTTGIPSKVTNEALRKPKTGIRAAARDRVYYPVGGLALNVAMP,50,hypothetical protein, ,Derived by automated computational analysis using gene prediction method: Protein Homology.,OG0000663,Cloud,group_2048,Cloud,Cloud,Cloud
GCF_038447005.1,PSR87_RS20250,MSLYLQPRQSGTAPTPYERKLAGAIEEVFGTGVHHLEGLVKGLNALGIHSPGGDAWTTDTFTDEIRRMGA,70,recombinase-like helix-turn-helix domain-containing protein, ,Derived by automated computational analysis using gene prediction method: Protein Homology.,OG0000171,Shell,,,Shell,Shell
GCF_038447005.1,PSR87_RS20540,MFVCICKAVTEDEVHEHCAAGADSADAIGERCGAGWGCGTCVDRLKEILERSAANSVAA,59,(2fe-2s)-binding protein, ,Derived by automated computational analysis using gene prediction method: Protein Homology.,OG0000150,Shell,group_2172,Shell,Shell,Shell
GCF_038447005.1,PSR87_RS21055,MLFTPEQVAAVLDAEEWDILVSAAPSREARDPEGQSVTVHDTVLHAVRRA,50,hypothetical protein, ,Derived by automated computational analysis using gene prediction method: Protein Homology.,OG0000451,Cloud,group_1300,Cloud,Cloud,Cloud
GCF_038447005.1,PSR87_RS21100,MGIADKASNKAEDLKGQAKEATGKATGDQDLRDEGKADQASSAVKDAGEKVKDTAKNLKDKLT,63,csbd family protein, ,Derived by automated computational analysis using gene prediction method: Protein Homology.,OG0000011,Conserved,group_2411,Conserved,Shell,Shell
GCF_038447005.1,PSR87_RS21340,MTTRLSRRQLFGAEVVGAVTVRWPPGVGHARCPARASGCRGVSPTTCPAR,50,hypothetical protein, ,Derived by automated computational analysis using gene prediction method: GeneMarkS-2+.,OG0000664,Cloud,group_1355,Cloud,Cloud,Cloud
GCF_038447005.1,PSR87_RS21505,MAKYRVIDPQGSVVETKEIPSAGDAHTWFVDVRADNSELGWRMEVDEDGTWAFFDDTEGATEK,63,hypothetical protein, ,Derived by automated computational analysis using gene prediction method: Protein Homology.,OG0000066,Soft core,group_2173,Shell,Shell,Shell
GCF_038447005.1,PSR87_RS21800,MPQSTLQQAKLTAVTEFWDWQLHERCRAVGSATFSARRDQESPGRI,46,hypothetical protein, ,Derived by automated computational analysis using gene prediction method: GeneMarkS-2+.,OG0000299,Cloud,group_1604,Cloud,Cloud,Cloud
GCF_038447005.1,PSR87_RS21920,MSELTSWEYATVPLLTHATKQILDQWGTDGWELVTVLPGPTGEQHVAYLKRPKG,54,duf4177 domain-containing protein, ,Derived by automated computational analysis using gene prediction method: Protein Homology.,OG0000012,Conserved,group_2273,Conserved,Shell,Shell
GCF_038447005.1,PSR87_RS22085,MAQGTVKWFNAEKGFGFIAPEDGSADVFVHYSEIQGSGFRTLEENQRVEFEVGQGTKGPQATGVRAV,67,cold-shock protein, ,Derived by automated computational analysis using gene prediction method: Protein Homology.,OG0000013,Conserved,group_128,Conserved,Shell,Shell
GCF_038447005.1,PSR87_RS22115,MAMQVFSLIAILGALIVLIPTALRVFGKSDNVKAPDETEE,40,hypothetical protein, ,Derived by automated computational analysis using gene prediction method: Protein Homology.,OG0000172,Shell,group_2042,Shell,Shell,Shell
GCF_038447005.1,PSR87_RS22120,MSDSLKDRVREKLLRQLAEDGGHPVQEAEGDDPRLVSIDSDLAALEQATDGDVVIEELAAKYWVP,65,hypothetical protein, ,Derived by automated computational analysis using gene prediction method: Protein Homology.,OG0000014,Conserved,group_2342,Conserved,Soft core,Soft core
GCF_038447005.1,PSR87_RS22485,MVYVSSPSKSVESLGIVLIAVGVVLLALLTLYLVGFDQGAISRSGMYLHELMHDGRHLLGVPCH,64,cbtb domain-containing protein, ,Derived by automated computational analysis using gene prediction method: Protein Homology.,OG0000173,Shell,group_2252,Shell,Shell,Shell
GCF_038447005.1,PSR87_RS22510,MALAYAPGSSVDTTRLAVISFAIVLFAMLALYLVGFDQGAISRSGMYMHELMHDGRHLLGLPCH,64,cbtb domain-containing protein, ,Derived by automated computational analysis using gene prediction method: Protein Homology.,OG0000008,Conserved,group_2468,Conserved,Soft core,Soft core
GCF_038447005.1,PSR87_RS22845,MTLHLAQPSDLLGLVGQTVGTTGPLGTTVTAAQRKPAGIEVAFGFTYDIEGAQRPPCIAGGAVLYR,66,hypothetical protein, ,Derived by automated computational analysis using gene prediction method: Protein Homology.,OG0000452,Cloud,group_214,Cloud,Cloud,Cloud
GCF_038447005.1,PSR87_RS23000,MSPNTLTPPGFRSLPDLAVRTLGGKIVPDSGTARLRLWGSVTEAGRAGLAS,51,hypothetical protein, ,Derived by automated computational analysis using gene prediction method: Protein Homology.,OG0000225,Shell,group_1239,Cloud,Shell,Shell
GCF_038447005.1,PSR87_RS23590,MAQGVVKWFNSEKGFGFIAPDDGSADVFVHYSEISGSGYKSLEENQRVEFEVGQGQKGPQAQNVRAV,67,cold-shock protein, ,Derived by automated computational analysis using gene prediction method: Protein Homology.,OG0000003,Conserved,group_141,Shell,Shell,Shell
GCF_038447005.1,PSR87_RS23870,MEVRVDFDRCEANGVCVGIAPDIFELDDDDQLHISSAVPPADREEDVRTAIAQCPRAALTEHP,63,ferredoxin, ,Derived by automated computational analysis using gene prediction method: Protein Homology.,OG0000005,Conserved,group_2144,Shell,Shell,Shell
GCF_038447005.1,PSR87_RS23945,MAAKTTAENDIADEDLEPLADETARQAQRVVAAYAEDADECRMLLSMLGIGPTSKLD,57,hypothetical protein, ,Derived by automated computational analysis using gene prediction method: Protein Homology.,OG0000015,Conserved,group_859,Shell,Shell,Shell
GCF_038447005.1,PSR87_RS24005,MQVNSCRSAVLDAMEALPALEREALALVYYRGMSCDEVADTMQISVAIVRDRLHEGARRLLAGVGAV,67,sigma factor-like helix-turn-helix dna-binding protein, ,Derived by automated computational analysis using gene prediction method: Protein Homology.,OG0000174,Shell,group_2332,Shell,Shell,Shell
GCF_038447005.1,PSR87_RS24050,MPASSTFHASATTTATRGGATMSTEEIKARIEAMFADEVTDTSPALVE,48,hypothetical protein, ,Derived by automated computational analysis using gene prediction method: Protein Homology.,OG0000002,Conserved,group_2311,Shell,Shell,Shell
GCF_038447005.1,PSR87_RS24055,MTTHNPQNAPHDGEVLVLGAGSGGAIAGGLIATLALSALTLLSSLPT,47,hypothetical protein, ,Derived by automated computational analysis using gene prediction method: Protein Homology.,OG0000146,Shell,group_2277,Shell,Shell,Shell
GCF_038447005.1,PSR87_RS24110,MFSATRTDSAQPPLPGATMEVMMLGLLGALNSGVTLGLANTILTFGGVVLNLNIVVN,57,hypothetical protein, ,Derived by automated computational analysis using gene prediction method: Protein Homology.,OG0000453,Cloud,group_867,Cloud,Cloud,Cloud
GCF_038447005.1,PSR87_RS24510,MSSRIATTLAAIAMTLSLGALAAPAAVAAPAAPSPTPAVGSIAVCLNLPLGSASISFCI,59,hypothetical protein, ,Derived by automated computational analysis using gene prediction method: Protein Homology.,OG0000175,Shell,group_2150,Shell,Shell,Shell
GCF_038447005.1,PSR87_RS24630,MGRGRAKAKQTKVARELKYSVPTTDFDSLQRELSGGSSNSHRDEVFADQRADREGHSREDDDDWRR,66,duf3073 domain-containing protein, ,Derived by automated computational analysis using gene prediction method: Protein Homology.,OG0000049,Conserved,group_209,Shell,Shell,Shell
GCF_038447005.1,PSR87_RS24930,MTPKDSSGPKTTTTDSGAPGADKDVMSDPAEDDKSSGADWSGEGGATPEGPATDTDTED,59,hypothetical protein, ,Derived by automated computational analysis using gene prediction method: Protein Homology.,OG0000020,Core,group_2276,Shell,Shell,Shell
GCF_038447005.1,PSR87_RS25225,MANNSKKQYVDPGWPETADGDSAVTELSSSRAGGLSPFGEDTEFPLPADSLPYAHPHTVINR,62,hypothetical protein, ,Derived by automated computational analysis using gene prediction method: Protein Homology.,OG0000048,Conserved,group_2147,Shell,Shell,Shell
GCF_038447005.1,PSR87_RS25550,MLGIMLGLGGAAIGLGIGVMALGVGLLLSDATIKHDVGELPD,42,hypothetical protein, ,Derived by automated computational analysis using gene prediction method: GeneMarkS-2+.,OG0000176,Shell,group_1761,Shell,Shell,Shell
GCF_038447005.1,PSR87_RS25605,MSFVDTLKGLLGKGREAASQNADKVHGAIDKAADVADSKTGGKYSDKIDKAADAAKKAVPPKE,63,antitoxin, ,Derived by automated computational analysis using gene prediction method: Protein Homology.,OG0000010,Conserved,group_2241,Shell,Shell,Shell
GCF_038447005.1,PSR87_RS25700,MARGDHPQRTPFYGVVLIVVALAAAMIVNRTAPVWVQVPVYVLAVLAAMAGFVMTFRDRS,60,hypothetical protein, ,Derived by automated computational analysis using gene prediction method: Protein Homology.,OG0000209,Shell,group_2174,Shell,Shell,Shell
GCF_038447005.1,PSR87_RS26030,MKANSDRHDQHLPEHQRIADLVDDMEDRLVAEREAKGIAGNASERKQAEQVEPDDQAPE,59,hypothetical protein, ,Derived by automated computational analysis using gene prediction method: Protein Homology.,OG0000177,Shell,group_2271,Shell,Shell,Shell
GCF_038447005.1,PSR87_RS26095,MIVLGIILLVIGLVAGISILTTIGIILLVIGLVLLVLGTTGRAVGGRKYWY,51,duf6131 family protein, ,Derived by automated computational analysis using gene prediction method: Protein Homology.,OG0000193,Shell,group_2133,Shell,Shell,Shell
GCF_038447005.1,PSR87_RS26100,MRIGRLVTLIVIIWLIIGAVAVWQRGYFKDTAADCASAGTIAVTVIAGPLNYAGVNPKIDCEVPQPSQ,68,hypothetical protein, ,Derived by automated computational analysis using gene prediction method: Protein Homology.,OG0000017,Conserved,group_2272,Shell,Shell,Shell
GCF_038447005.1,PSR87_RS26395,MGKFLVPGVVSAVVGVALGTVATLGITAAAQDNTRPEIDRSGNADSSLLNQVEYGSR,57,duf2613 domain-containing protein, ,Derived by automated computational analysis using gene prediction method: Protein Homology.,OG0000016,Conserved,group_860,Shell,Shell,Shell
GCF_038447005.1,PSR87_RS27215,MSTALEESRRHAIELTNEKIQAVKDFFTNIFRLDTTHRTEA,41,hypothetical protein, ,Derived by automated computational analysis using gene prediction method: GeneMarkS-2+.,OG0000178,Shell,group_2433,Shell,Shell,Shell
GCF_038447005.1,PSR87_RS27395,MWWIAWVALVWVALSVPLAIVIGKAIRQKDLHELPAKEDATSKNDPPDRTVA,52,hypothetical protein, ,Derived by automated computational analysis using gene prediction method: Protein Homology.,OG0000079,Soft core,group_2417,Shell,Shell,Shell
GCF_038447005.1,PSR87_RS27920,MHVTETPTPTVSRTMWTTEEIKARLEEMNIPRSRTRRGPRWGNRDR,46,hypothetical protein, ,Derived by automated computational analysis using gene prediction method: Protein Homology.,OG0000179,Shell,group_2404,Shell,Shell,Shell
GCF_038447005.1,PSR87_RS28200,MTTLITLACMILLAAAVAHYGPKEGGTGLFRLEQFRIGAPLGGIFPDQSSSPEDPHWPSSDDQRTGGGSS,70,hypothetical protein, ,Derived by automated computational analysis using gene prediction method: Protein Homology.,OG0000194,Shell,,,Shell,Shell
GCF_038447005.1,PSR87_RS28370,MSTATTPVTPESGTARTNWRVEKPLFSTVLFAVYVGIAVWAGLYLRDRTVRELLPLRREG,60,hypothetical protein, ,Derived by automated computational analysis using gene prediction method: GeneMarkS-2+.,OG0000455,Cloud,group_669,Cloud,Cloud,Cloud
GCF_038447005.1,PSR87_RS28510,MAARNEIRPIVKLKSTAGTGYTYVTRKNRRNDPDRLVMKKYDPVVRKHVDFREEK,55,50s ribosomal protein l33, ,Derived by automated computational analysis using gene prediction method: Protein Homology.,OG0000047,Conserved,group_2305,Shell,Shell,Shell
GCF_038447005.1,PSR87_RS28530,MAVPKRRMSRSNTRSRRSQWKAQAPDLVGVTVGGATHRVPRRLVKAVKLGLVDPAGK,57,50s ribosomal protein l32, ,Derived by automated computational analysis using gene prediction method: Protein Homology.,OG0000060,Soft core,group_2234,Shell,Shell,Shell
GCF_038447005.1,PSR87_RS28650,MSDAELRKAIRVLRERADDARHRGNDDDANGIERTIRTYQEEMTQRL,47,hypothetical protein, ,Derived by automated computational analysis using gene prediction method: Protein Homology.,OG0000059,Core,group_1481,Shell,Shell,Shell
GCF_038447005.1,PSR87_RS28735,MAAPTVAPQLALTPELSQLALTPELSQLALTPELSQLALTPE,42,hypothetical protein, ,Derived by automated computational analysis using gene prediction method: GeneMarkS-2+.,OG0000665,Cloud,group_1820,Cloud,Cloud,Cloud
GCF_038447005.1,PSR87_RS28805,MAEGIVKWFNSEKGFGFIAPEDGSADVFVHYSEIQSGGFRTLEENQRVSFEIGQGNKGPQATGVTLI,67,cold-shock protein, ,Derived by automated computational analysis using gene prediction method: Protein Homology.,OG0000046,Conserved,group_2233,Shell,Shell,Shell
GCF_038447005.1,PSR87_RS28895,MGLEREQGTVGVVCIATVVPYRIPATGALSVSMPAEVASYPGELERIAGVLTKHASAWARELRAEGVR,68,hypothetical protein, ,Derived by automated computational analysis using gene prediction method: Protein Homology.,OG0000456,Cloud,group_2044,Cloud,Cloud,Cloud
GCF_038447005.1,PSR87_RS28975,MDDAFEQELERRLLLLESPDGGGMILPDLPWRDVAAAIAGIVVTITVMSWWAY,53,hypothetical protein, ,Derived by automated computational analysis using gene prediction method: Protein Homology.,OG0000272,Shell,group_2312,Shell,Shell,Shell
GCF_038447005.1,PSR87_RS29685,MSEDRRISRLLPVRRVLAAAGIAGLVAGGGMAAAADPATPDSTVAAPLVSAGFGAPDAVSSGS,63,hypothetical protein, ,Derived by automated computational analysis using gene prediction method: Protein Homology.,OG0000180,Shell,group_2175,Shell,Shell,Shell
GCF_038447005.1,PSR87_RS29830,MNRVVGAVRTAWWWTGSLMGDHDYSRYVEHLRRNHPEAEVPTEREYWKARYADADANPGARCC,63,ybdd/yjix family protein, ,Derived by automated computational analysis using gene prediction method: Protein Homology.,OG0000045,Conserved,group_2289,Shell,Core,Shell
GCF_038447005.1,PSR87_RS29900,MAMTLRLTEEQERALTLLADAQGVSKQEATVRAIVEAAARHTHDERVRALSRGGRERYATLLDRLAQ,67,hypothetical protein, ,Derived by automated computational analysis using gene prediction method: Protein Homology.,OG0000320,Cloud,group_2301,Cloud,Cloud,Cloud
GCF_038447005.1,PSR87_RS29910,MAEPVKGPASYFPSIEEKYGRPISEWQTLIRASELTKHMELVSWLKSEHGLGHGHANALVAHTLKEDAAA,70,duf4287 domain-containing protein, ,Derived by automated computational analysis using gene prediction method: Protein Homology.,OG0000027,Conserved,,,Shell,Shell
GCF_038447005.1,PSR87_RS29965,MDLAFLSEFFSAFSDLAGALDFFSGSADALGGGADAATAAAATIG,45,hypothetical protein, ,Derived by automated computational analysis using gene prediction method: Protein Homology.,OG0000181,Shell,group_2197,Shell,Shell,Shell
GCF_038447005.1,PSR87_RS30115,MGKVKASKVSGLKPKKKCCRSKTRCIKCPVVIMRMKKLENEGASKKELKKGLKKARAA,58,hypothetical protein, ,Derived by automated computational analysis using gene prediction method: Protein Homology.,OG0000044,Conserved,group_2219,Shell,Shell,Shell
GCF_038447005.1,PSR87_RS30135,MYNWDVQNAIVAFVDTLRPSWPAQHDLYYSVLYGFADMQSHLLTLLGYPPVA,52,hypothetical protein, ,Derived by automated computational analysis using gene prediction method: Protein Homology.,OG0000058,Core,group_1177,Shell,Shell,Shell
GCF_038447005.1,PSR87_RS30175,MTSFDAADSPEVPEADRLEQELAVDDDSSDEVEEVSSLEVNEADVAEQSRAVPVDEDYPRG,61,hypothetical protein, ,Derived by automated computational analysis using gene prediction method: Protein Homology.,OG0000057,Core,group_2212,Shell,Shell,Shell
GCF_038447005.1,PSR87_RS30320,MAAMKPRTGDGPLEATKEGRGIVMRVPLEGGGRLVVELTPEEAAALGEELKGVTS,55,duf3117 domain-containing protein, ,Derived by automated computational analysis using gene prediction method: Protein Homology.,OG0000043,Conserved,group_1006,Shell,Shell,Shell
GCF_038447005.1,PSR87_RS30795,MYFGPGRVFATAPLIASTPDQSFTLARSDTIASMLDDHADILREQILADRIP,52,hypothetical protein, ,Derived by automated computational analysis using gene prediction method: Protein Homology.,OG0000457,Cloud,group_1180,Cloud,Cloud,Cloud
GCF_038447005.1,PSR87_RS30820,MSDRDNNVLENDLVEESLVEEVSIDGMCGVY,31,mycofactocin precursor mfta, ,"Mycofactocin is a small molecule electron carrier derived from the final two amino acids, Val-Tyr, of MftA, the mycofactocin precursor. It plays a role in redox homeostasis and the metabolism of alcohols and aldehydes in Actinobacteria, including Mycobacterium tuberculosis; Derived by automated computational analysis using gene prediction method: Protein Homology.",OG0000009,Conserved,group_2326,Conserved,Shell,Shell
GCF_038447005.1,PSR87_RS31190,MAKKALVNKANKKPKFAVRAYTRCQRCGRPHSVFRKFGLCRICVREMAHAGELPGVHKSSW,61,type z 30s ribosomal protein s14, ,Derived by automated computational analysis using gene prediction method: Protein Homology.,OG0000028,Conserved,group_2294,Conserved,Shell,Shell
GCF_038447005.1,PSR87_RS31215,MAELKVTQIKSTIGTKQNQRNSLRTLGLKGIRQTVVREDNAQNRGLINVVRHLVTVEEV,59,50s ribosomal protein l30, ,Derived by automated computational analysis using gene prediction method: Protein Homology.,OG0000029,Conserved,rpmD,Conserved,Shell,Shell
GCF_038447005.1,PSR87_RS31250,MKVQPSVKKICEKCKVIRRNGRVMVICENLRHKQRQG,37,50s ribosomal protein l36, ,Derived by automated computational analysis using gene prediction method: Protein Homology.,OG0000030,Conserved,rpmJ,Conserved,Shell,Shell
GCF_038447005.1,PSR87_RS31660,MPQHTDLPVLASSADLADILGVTERTVNTWRNNGLDVVGSYLPAGSRTPIDLFSVEDARRMQRRNAA,67,hypothetical protein, ,Derived by automated computational analysis using gene prediction method: GeneMarkS-2+.,OG0000666,Cloud,group_203,Cloud,Cloud,Cloud
GCF_038447005.1,PSR87_RS31915,MIRAVALALLAVGAYAVVSEHEPATVELPPPSFVPATADLTTA,43,hypothetical protein, ,Derived by automated computational analysis using gene prediction method: GeneMarkS-2+.,OG0000220,Shell,group_2379,Shell,Shell,Shell
GCF_038447005.1,PSR87_RS32060,MVEVDGREFHSENDRRRQNWLVSEGWMVLRFAAYDVLAHPDVVAGEIFDSVRRRRRSRRPK,61,duf559 domain-containing protein, ,Derived by automated computational analysis using gene prediction method: Protein Homology.,OG0000667,Cloud,group_664,Cloud,Cloud,Cloud
GCF_038447005.1,PSR87_RS32095,MCRVCGHVDQADHNAALNIAYLGYAKYMTTTHGYWAA,37,hypothetical protein, ,Derived by automated computational analysis using gene prediction method: Protein Homology.,OG0000458,Cloud,group_1930,Cloud,Cloud,Cloud
GCF_038447005.1,PSR87_RS32105,MAEVCDAFGVALTEFNAKHDHVHLPIHDPRPTDS,34,hypothetical protein, ,Derived by automated computational analysis using gene prediction method: Protein Homology.,OG0000668,Cloud,group_1938,Cloud,Cloud,Cloud
GCF_038447005.1,PSR87_RS32415,MLVIGILLTLSLASVAWLCVSTARGGRSGLAGPPRSHLHSD,41,hypothetical protein, ,Derived by automated computational analysis using gene prediction method: GeneMarkS-2+.,OG0000182,Shell,group_2124,Shell,Shell,Shell
GCF_038447005.1,PSR87_RS32655,MTFTVTHRSFDQLAEFAVTDFGDDDSYSIHESGALVIVRAARELIYAPGSWFLVEREDGQEDGSPGNYM,69,hypothetical protein, ,Derived by automated computational analysis using gene prediction method: GeneMarkS-2+.,OG0000151,Shell,group_2,Shell,Shell,Shell
GCF_038447005.1,PSR87_RS33050,MTDASNEDTKKKFREALERKNHQAGLSTDHKDGHSKAHEAHGPADHKREFRRKTG,55,duf5302 domain-containing protein, ,Derived by automated computational analysis using gene prediction method: Protein Homology.,OG0000031,Conserved,group_2470,Core,Shell,Shell
GCF_038447005.1,PSR87_RS33140,MAAVCDVCAKGPGFGKSVSHSHRRTNRRWNPNIQTVRAEVAPGNTRKVNVCTSCLKAGKVARG,63,50s ribosomal protein l28, ,Derived by automated computational analysis using gene prediction method: Protein Homology.,OG0000032,Conserved,rpmB,Conserved,Soft core,Soft core
GCF_038447005.1,PSR87_RS33180,MAVPKRRMSRSNTRSRRSQWKTTVPTLVTCPNRGCGEKTLPHVACPSCGTYKGRQVTAAV,60,50s ribosomal protein l32, ,Derived by automated computational analysis using gene prediction method: Protein Homology.,OG0000033,Conserved,group_2479,Conserved,Soft core,Soft core
GCF_038447005.1,PSR87_RS33810,MQFINPKGRYLPNQDEPRLLDNRGPACYDVTGVPDQVPGYGAQITPASYAGSKMQAPRP,59,hypothetical protein, ,Derived by automated computational analysis using gene prediction method: GeneMarkS-2+.,OG0000459,Cloud,group_738,Cloud,Cloud,Cloud
GCF_038447005.1,PSR87_RS34080,MRLLRGLLDVVLGILTAVLGTVLGIVAAVVWIVGGVLCVTVILLPLGLPVVRLARRLFTLARKLMHFP,68,hypothetical protein, ,Derived by automated computational analysis using gene prediction method: Protein Homology.,OG0000152,Shell,group_2196,Shell,Shell,Shell
GCF_038447005.1,PSR87_RS34275,MFWKIVLAVAAIWIALAVVGALVKGLFWILVVSAVVFGVYLLIKAMSGSGEKSDITRS,58,hypothetical protein, ,Derived by automated computational analysis using gene prediction method: Protein Homology.,OG0000034,Conserved,group_808,Shell,Soft core,Shell
GCF_038447005.1,PSR87_RS34300,MRLTEFHQLVREEFGQMRGDALLVDHVLLSLGGKTAAEAIEDGREPREVWRELCVEFDVPPQRR,64,duf3046 domain-containing protein, ,Derived by automated computational analysis using gene prediction method: Protein Homology.,OG0000035,Conserved,group_2481,Conserved,Soft core,Soft core
GCF_038447005.1,PSR87_RS34425,MCSFERVIERPEGSDADRVGSGYDNGSDDNGSDDNGYEQRRYR,43,hypothetical protein, ,Derived by automated computational analysis using gene prediction method: GeneMarkS-2+.,OG0000669,Cloud,group_1758,Cloud,Cloud,Cloud
GCF_038447005.1,PSR87_RS34580,MPGTLTSPPLTAADRCDRCGAGARVRAVLPTGGELLFCGHHANEHADRLREMNATIVSEAEAAI,64,hypothetical protein, ,Derived by automated computational analysis using gene prediction method: Protein Homology.,OG0000036,Conserved,group_2483,Conserved,Shell,Shell
GCF_038447005.1,PSR87_RS34830,MFYLGYADSGIVRDRRGDRLRRGAGLVTVRSWRLAHPGTIESIKTVAAITRLRDSTGMTLREAKDAVDQL,70,hypothetical protein, ,Derived by automated computational analysis using gene prediction method: Protein Homology.,OG0000361,Cloud,,,Cloud,Cloud
GCF_038447005.1,PSR87_RS35025,MGGAGMAGAGRGGDDQLSGRSTPSYLVNAGENNACVGDLPMVVPAVIGGEDLDDSPFGDRS,61,hypothetical protein, ,Derived by automated computational analysis using gene prediction method: Protein Homology.,OG0000321,Cloud,group_598,Cloud,Cloud,Cloud
GCF_038447005.1,PSR87_RS35120,MHPSLPMKQRIPGGAERLSQPVIGAGAALSVAMPAWMVTHSPCATAAIVAATFAGLIAAAVMLRPSP,67,hypothetical protein, ,Derived by automated computational analysis using gene prediction method: Protein Homology.,OG0000460,Cloud,group_145,Cloud,Cloud,Cloud
GCF_038447005.1,PSR87_RS35130,MIHQEIREWVAELMQLDIATASPGELAKLDAMTALAEGQYVQQLLNLHEFRPLVG,55,hypothetical protein, ,Derived by automated computational analysis using gene prediction method: Protein Homology.,OG0000120,Shell,group_1013,Cloud,Cloud,Cloud
GCF_038447005.1,PSR87_RS35250,MTENPGTHTLLNVGDKVKVHAEGTSVFTIVSIDGDEALIESVLGAPGTYPFHCTLERLVPFES,63,hypothetical protein, ,Derived by automated computational analysis using gene prediction method: Protein Homology.,OG0000072,Soft core,group_434,Cloud,Cloud,Cloud
GCF_038447005.1,PSR87_RS35255,MTRLHPSASAPHHAIPTHRVLSTPEILQRIQAMYTDRDENGGPAGTLVDLLTIQSNGPTPVHLIGGGGE,69,hypothetical protein, ,Derived by automated computational analysis using gene prediction method: GeneMarkS-2+.,OG0000322,Cloud,group_6,Cloud,Cloud,Cloud
GCF_038447005.1,PSR87_RS35265,MVYSYKVVEVREKMIGGKMSGDKLERLLNQHAQQGWRLKTITSTDVKGRLGPSGVEGLLITFEREN,66,duf4177 domain-containing protein, ,Derived by automated computational analysis using gene prediction method: Protein Homology.,OG0000370,Cloud,group_2034,Cloud,Cloud,Cloud
GCF_038447005.1,PSR87_RS35440,MAGVELTTGLTVTAVTERGTHAIVTTSSDIHDSEGRPVGVPYCPVRRSRGPRVRGVRVRT,60,hypothetical protein, ,Derived by automated computational analysis using gene prediction method: Protein Homology.,OG0000461,Cloud,group_670,Cloud,Cloud,Cloud
GCF_038447005.1,PSR87_RS35465,MPCREDVVVGNDHPLDAHTASGSGYPTRTLPAARRLSAGGETLDR,45,hypothetical protein, ,Derived by automated computational analysis using gene prediction method: GeneMarkS-2+.,OG0000462,Cloud,group_1609,Cloud,Cloud,Cloud
GCF_038447005.1,PSR87_RS35475,MKMKSYQRTVADWLAERDELVVEILELEGRLERATRRLEEVSAEIAWPGGAR,52,hypothetical protein, ,Derived by automated computational analysis using gene prediction method: GeneMarkS-2+.,OG0000250,Shell,group_1181,Cloud,Cloud,Cloud
GCF_038447005.1,PSR87_RS35685,MVFFLFGYGTKRQHLGPGQTRTCPHCHNTTQWARMREFKQFALFFVPVARWKRRQLEECGICGTAVEV,68,zinc-ribbon domain-containing protein, ,Derived by automated computational analysis using gene prediction method: Protein Homology.,OG0000463,Cloud,group_64,Cloud,Cloud,Cloud
GCF_038447005.1,PSR87_RS35865,MVTIRSKHLGALVNEVDAIETLPAWSFGIRQLFEYLHTHTVPPLPVTTGVGGGLLESRV,59,hypothetical protein, ,Derived by automated computational analysis using gene prediction method: Protein Homology.,OG0000464,Cloud,group_740,Cloud,Cloud,Cloud
GCF_038447005.1,PSR87_RS36480,MSGHPAVVSAVQDAVARDGSSRSASRLLSGENPVHRELKAELAGLLGTEDGSPS,54,polyketide synthase, ,Derived by automated computational analysis using gene prediction method: Protein Homology.,OG0000276,Shell,group_2204,Shell,Cloud,Shell
GCF_038447005.1,PSR87_RS36640,MDLTAIGVGFGYVVVVLTILVVVVGVSALFVFSIKSDFIPPESPGTPTGRKRIGRAE,57,hypothetical protein, ,Derived by automated computational analysis using gene prediction method: Protein Homology.,OG0000195,Shell,group_868,Shell,Cloud,Shell
GCF_038447005.1,PSR87_RS36735,MIGSLLWLIRSAAINTVLDGTEKITTKSLDAVDADITSESSAPPVG,46,hypothetical protein, ,Derived by automated computational analysis using gene prediction method: GeneMarkS-2+.,OG0000317,Cloud,group_1993,Cloud,Cloud,Cloud
GCF_038447005.1,PSR87_RS36810,MVDWHATGLALAGVVLAAGGVWLRWRSPLRSTDRTSWAGATAPPRCL,47,hypothetical protein, ,Derived by automated computational analysis using gene prediction method: GeneMarkS-2+.,OG0000545,Cloud,group_2538,Cloud,Cloud,Cloud
GCF_038447005.1,PSR87_RS36825,MPTPVLVVGVGGAGGEDDHVAGLIGESLEHDDALPPQGVAASDAIRC,47,hypothetical protein, ,Derived by automated computational analysis using gene prediction method: GeneMarkS-2+.,OG0000967,Cloud,group_2633,Cloud,,Cloud
GCF_038447005.1,PSR87_RS40360,MVIRRPLDDRARRERAIRAARTTSELEGSRSTDVTRADQDAYVRGEIDIEQLGSRVRARYNLA,63,antitoxin vbha family protein, ,Derived by automated computational analysis using gene prediction method: Protein Homology.,OG0000377,Cloud,group_2618,Cloud,Cloud,Cloud
GCF_038447005.1,PSR87_RS40390,MACGPRRGAGIGGDTVECVVVRPVLEHPDGAPPAVKPTMNIDPLAHHNPIERCRSVCGIRLAAG,64,hypothetical protein, ,Derived by automated computational analysis using gene prediction method: GeneMarkS-2+.,OG0000670,Cloud,group_2626,Cloud,Cloud,Cloud
GCF_038447005.1,PSR87_RS40410,MNHEQMTQERREAFWRKYRWTPDLPPEQRKAIEQVWTDEKIEEAEALGF,49,hypothetical protein, ,Derived by automated computational analysis using gene prediction method: GeneMarkS-2+.,OG0000153,Shell,group_2622,Cloud,Cloud,Cloud
GCF_038447005.1,PSR87_RS40605,MVASLIFNGVTYDISQTRFEATRELLARFAEGHTTGVAMSLTHGGARHHLYITPGVPITLVE,62,hypothetical protein, ,Derived by automated computational analysis using gene prediction method: Protein Homology.,OG0000130,Shell,group_2609,Cloud,Cloud,Cloud
GCF_038447005.1,PSR87_RS40660,MDLFYGPSLGVAQTRSGTVIAAFNAGGMPGYLGTPTTLLPGAGVWAVP,48,hypothetical protein, ,Derived by automated computational analysis using gene prediction method: GeneMarkS-2+.,OG0000304,Cloud,group_2614,Cloud,Cloud,Cloud
GCF_038447005.1,PSR87_RS40685,MTVQVIQSSGHNGWAVRCDLCEHRFDAAVAGQAAAVAFARINGWVVGETTRCPMCATAHIG,61,hypothetical protein, ,Derived by automated computational analysis using gene prediction method: GeneMarkS-2+.,OG0000154,Shell,group_2608,Cloud,Cloud,Cloud
GCF_038447005.1,PSR87_RS40710,MGGVTYDISHTRFEATRELLARFAEGHTTGVAMSLTHGGARHHLYITPGVPITLVE,56,hypothetical protein, ,Derived by automated computational analysis using gene prediction method: Protein Homology.,OG0000130,Shell,group_2620,Cloud,Cloud,Cloud
GCF_038447005.1,PSR87_RS40720,MSRLRELIRNLTRSLAESEKERTRLTRSLDGARANVKRERERNVTQLFGDNP,52,hypothetical protein, ,Derived by automated computational analysis using gene prediction method: GeneMarkS-2+.,OG0000968,Cloud,group_2625,Cloud,Cloud,Cloud
GCF_038447005.1,PSR87_RS40875,MIRTHDALPWIAPVAVAGLGTLVAVYARRSDEWHTNERFWAGLLSFA,47,hypothetical protein, ,Derived by automated computational analysis using gene prediction method: GeneMarkS-2+.,OG0000402,Cloud,group_2616,Cloud,Cloud,Cloud
GCF_038447005.1,PSR87_RS41095,MTRCDEFRTVVDPIPKLDVPRNDLAVFVRDAQPVDGSVNPADVLLEQLHRSSMAVRRGQVRNLRITRDQV,70,hypothetical protein, ,Derived by automated computational analysis using gene prediction method: GeneMarkS-2+.,OG0000671,Cloud,,,Cloud,Cloud
GCF_038447005.1,PSR87_RS41185,MRLVLSLAFGGIVYVKQSQWNTMKGGDFRCPRGGVQRTAGTVDSDDDVTMTGGDAALVRSP,61,hypothetical protein, ,Derived by automated computational analysis using gene prediction method: Protein Homology.,OG0000672,Cloud,group_2610,Cloud,Cloud,Cloud
GCF_038447005.1,PSR87_RS41210,MPKTIIPVIAAVWLALAAIGAWSTIAFALAVLAALVLGTYLLASAVTGPGTGHR,54,hypothetical protein, ,Derived by automated computational analysis using gene prediction method: Protein Homology.,OG0000205,Shell,group_2627,Cloud,Cloud,Cloud
GCF_038447005.1,PSR87_RS41270,MRILVTTASEHGATTELAGRAGAGHRGRGPTAEAAEPDNNRSRDSATARVDTRRPGQETGR,61,hypothetical protein, ,Derived by automated computational analysis using gene prediction method: GeneMarkS-2+.,OG0000673,Cloud,group_2611,Cloud,Cloud,Cloud
GCF_038447005.1,PSR87_RS41490,MSDSNTGAAGGGAIYALGIFGAWVWFWQQADAFWEYVLAIVQGLLWPAWMVYEVFKALAG,60,hypothetical protein, ,Derived by automated computational analysis using gene prediction method: Protein Homology.,OG0000202,Shell,group_2612,Cloud,Cloud,Cloud
GCF_038447005.1,PSR87_RS41505,MAQGIVKWFNGEKGFGFIKPDDGGADLFVHYSEIAGSGFKSLEENQRVEFEVGQGQKGPQAQNVRPI,67,cold-shock protein, ,Derived by automated computational analysis using gene prediction method: Protein Homology.,OG0000674,Cloud,group_2623,Cloud,Cloud,Cloud
GCF_038447005.1,PSR87_RS41580,MAALPKAVQHDLVDDGRRDLAQMTIAKVMEHNVADTKRSRAAVGS,45,hypothetical protein, ,Derived by automated computational analysis using gene prediction method: GeneMarkS-2+.,OG0000675,Cloud,group_2619,Cloud,Cloud,Cloud
GCF_038447005.1,PSR87_RS41590,MCYPTTCAHCRKTTWGGCGRHADSVMRSVPAGNRCTCADESATQTKSGLFRTLFGR,56,hypothetical protein, ,Derived by automated computational analysis using gene prediction method: Protein Homology.,OG0000473,Cloud,group_2621,Cloud,Cloud,Cloud
GCF_038447005.1,PSR87_RS41830,MNSASIVGMAVTAVVLNLIGWGVLVVPGNHGPGRHLSAPAAVVHSVIGADSGGFSPGARIGPIPL,65,hypothetical protein, ,Derived by automated computational analysis using gene prediction method: Protein Homology.,OG0000676,Cloud,group_2613,Cloud,Cloud,Cloud
GCF_038447005.1,PSR87_RS41955,MRIHIIIMSIMVIPILLTSFSDPVVVLWLPREGARRSVGLVEGSVRGR,48,hypothetical protein, ,Derived by automated computational analysis using gene prediction method: GeneMarkS-2+.,OG0000624,Cloud,group_2615,Cloud,Cloud,Cloud
GCF_038447005.1,PSR87_RS41980,MSSVTTTLVQITRHPATRAAFKCAVLCAAAAVGRRLDGPHPVPDTPGGHNRGCSA,55,hypothetical protein, ,Derived by automated computational analysis using gene prediction method: GeneMarkS-2+.,OG0000512,Cloud,group_2624,Cloud,Cloud,Cloud
GCF_038447005.1,PSR87_RS41995,MSTTTVTVTGMTCGHCVSSVREEIGSIPGVTGVDVDLASGRVDIDSAAPIEQAALARAVDEAGYQLAG,68,heavy metal-associated domain-containing protein, ,Derived by automated computational analysis using gene prediction method: Protein Homology.,OG0000006,Conserved,group_2617,Cloud,Cloud,Cloud
GCF_038447005.1,PSR87_RS42090,MTNEKGMNMDNEASSVEKRAKALLSEIVLDDNAEGAHRRKVDLSWSSSGRSLP,53,hypothetical protein, ,Derived by automated computational analysis using gene prediction method: GeneMarkS-2+.,OG0000235,Shell,group_1120,Cloud,Cloud,Cloud
GCF_038447005.1,PSR87_RS42205,MVVDGGRVLLPWAHEQFSGPDEGDVVTSSWEYDFARLVDHFEGVSEFDEAFATAGFKIVD,60,hypothetical protein, ,Derived by automated computational analysis using gene prediction method: GeneMarkS-2+.,OG0000471,Cloud,group_672,Cloud,Cloud,Cloud
GCF_038447005.1,PSR87_RS42365,MTADKLRHRRPDLTFHPDIFAAPAQFRVVKAAPHDDAVPAADTTQGKEGSGADAYTGRRDGKGL,64,hypothetical protein, ,Derived by automated computational analysis using gene prediction method: GeneMarkS-2+.,OG0000217,Shell,group_354,Cloud,Cloud,Cloud
GCF_038447005.1,PSR87_RS42500,MSAAGSGDLVRYADRVLAGTGITAGQVAAVVAGTATDAAASALRAGWRCAANPVQGSDEGRGAA,64,hypothetical protein, ,Derived by automated computational analysis using gene prediction method: Protein Homology.,OG0000134,Shell,group_355,Cloud,Cloud,Cloud
GCF_038447005.1,PSR87_RS42520,MTVFGDFLGDLHHLADVMGVDWDEAQRRGAVHYTAELYGAD,41,hypothetical protein, ,Derived by automated computational analysis using gene prediction method: GeneMarkS-2+.,OG0000269,Shell,group_1833,Cloud,Cloud,Cloud
GCF_038447005.1,PSR87_RS42635,MADKLLAAYENRAPIARLVEQHLKLTIHDSYLTQQLQVRHGQTQGATIRGH,51,hypothetical protein, ,Derived by automated computational analysis using gene prediction method: GeneMarkS-2+.,OG0000552,Cloud,group_1241,Cloud,Cloud,Cloud
GCF_038447005.1,PSR87_RS42760,MAAPRTAPRAHIDADLLPTLLNTHAGIPAPQQLACGAALCAFAANLSAPVLASLLGLSVVMTTW,64,hypothetical protein, ,Derived by automated computational analysis using gene prediction method: GeneMarkS-2+.,OG0000297,Cloud,group_356,Cloud,Cloud,Cloud
GCF_038447005.1,PSR87_RS42935,MYRWFPDASLTVVQALLKTRSGKILRKTMRQIADHEEYRALHHRGRRRPRRAEATVTCAPATGIGRR,67,hypothetical protein, ,Derived by automated computational analysis using gene prediction method: GeneMarkS-2+.,OG0000277,Cloud,"group_2007, group_2006",Cloud,Cloud,Cloud
GCF_038447005.1,PSR87_RS43020,MAVVKANLGACQGYANCVVAADDYFDIDDDGVVELLSVEVPESERGRVDSAARSCPVSALWIED,64,ferredoxin, ,Derived by automated computational analysis using gene prediction method: Protein Homology.,OG0000001,Conserved,"group_2005, group_2004", Cloud,Cloud,Cloud
GCF_038447005.1,PSR87_RS43035,MLVATDLSDPAGQAVRRAAQLAGQHGALVTAPI,33,universal stress protein, ,Derived by automated computational analysis using gene prediction method: Protein Homology.,OG0000646,Cloud,group_1941,Cloud,Cloud,Cloud
GCF_038447005.1,PSR87_RS43050,MTADRPIVVGTDGSPSSLQAVSWLAGSLQGSTSQNLLHHALGPGHDLPPAG,51,universal stress protein, ,Derived by automated computational analysis using gene prediction method: GeneMarkS-2+.,OG0000354,Cloud,group_2089,Cloud,Cloud,Cloud
GCF_038447005.1,PSR87_RS43210,MLAAHDKSVRVLPRGHQLTGQLALLFTMVTYTFGGLYLLFGG,42,hypothetical protein, ,Derived by automated computational analysis using gene prediction method: GeneMarkS-2+.,OG0000642,Cloud,group_1821,Cloud,Cloud,Cloud
GCF_038447005.1,PSR87_RS43305,MESEYRVTLPGELRENENEASLPSGVLTVRCKAERAQTRKIEVTEAGAK,49,hypothetical protein, ,Derived by automated computational analysis using gene prediction method: GeneMarkS-2+.,OG0000969,Cloud,group_1411,Cloud,Cloud,Cloud
GCF_038447005.1,PSR87_RS43385,MTRTIVARGLHYECRHGCNELALVLVGGRKTTDLMVVRSGPLDADGWARETVLAAAVTIFDLTWG,65,hypothetical protein, ,Derived by automated computational analysis using gene prediction method: GeneMarkS-2+.,OG0000970,Cloud,group_336,Cloud,Cloud,Cloud
GCF_038447005.1,PSR87_RS43400,MVVVFAGAWLTAGVFVATIFSAAVDFAPAVLAGDFLAAVFFAAVFFAEAFPTTIFFAAAFFAGTAFA,67,hypothetical protein, ,Derived by automated computational analysis using gene prediction method: Protein Homology.,OG0000472,Cloud,group_204,Cloud,Cloud,Cloud
GCF_038447005.1,PSR87_RS43450,MKKQTYRGVFSKFLGDHDDAIVLRRLLERFGIGGFAAGSHGETAGGIDKAAPYSFVLDPRCQARE,65,hypothetical protein, ,Derived by automated computational analysis using gene prediction method: GeneMarkS-2+.,OG0000971,Cloud,group_337,Cloud,Cloud,Cloud
GCF_038447005.1,PSR87_RS43455,MLTPDQSRLLDVKPTFATLLGHDLHEIAGLHVHQVIHPDDISIGSPRTQSTYMRTQEPKRGNTDRRKFE,69,pas domain-containing protein, ,Derived by automated computational analysis using gene prediction method: Protein Homology.,OG0000618,Cloud,group_51,Cloud,Cloud,Cloud
GCF_038447005.1,PSR87_RS43530,MVTSVRDGRHLDYRVVAFGDNPQNLPERTGSASVRHPAEAAAILVDPPLPTHGRDDAA,58,hypothetical protein, ,Derived by automated computational analysis using gene prediction method: GeneMarkS-2+.,OG0000323,Cloud,group_2002,Cloud,Cloud,Cloud
GCF_038447005.1,PSR87_RS43600,MPHFRYVGTHERIHLGAATRMINYGDIVAARTNPDPRYFERVEPDQITERLSRRSVGAPERE,62,hypothetical protein, ,Derived by automated computational analysis using gene prediction method: Protein Homology.,OG0000232,Shell,group_588,Cloud,Cloud,Cloud
GCF_038447005.1,PSR87_RS43690,MITTLFRMLATPLAVFLDHVMVLQRTHEFVDLSEQLRDDTDVHRDTKAAV,50,hypothetical protein, ,Derived by automated computational analysis using gene prediction method: GeneMarkS-2+.,OG0000407,Cloud,group_1356,Cloud,Cloud,Cloud
GCF_038447005.1,PSR87_RS43825,MVFERFSDQARQVVVLAAGAARTHHQNSVGTEHLLVGIFDAGGPERRR,48,hypothetical protein, ,Derived by automated computational analysis using gene prediction method: GeneMarkS-2+.,OG0000342,Cloud,group_1477,Cloud,Cloud,Cloud
GCF_038447005.1,PSR87_RS36835,MNRSRTPAAAIHRSFAHGGSMSTRQIKAHLEVMFAPETDHGAPGGNAGSVLAHRLSEAE,59,hypothetical protein, ,Derived by automated computational analysis using gene prediction method: Protein Homology.,OG0000313,Cloud,group_804,Cloud,Cloud,Cloud
GCF_038447005.1,PSR87_RS36840,MPEIAERRTPAAHVSTELTDGHDPPPRRQHNRDNIGLDDHNKDPDTDLRKRQEQP,55,hypothetical protein, ,Derived by automated computational analysis using gene prediction method: GeneMarkS-2+.,OG0000465,Cloud,group_2068,Cloud,Cloud,Cloud
GCF_038447005.1,PSR87_RS36850,MNLNVALLLLVLTGGIGGTAAIQAALRRAADRGRRAVFHVSG,42,hypothetical protein, ,Derived by automated computational analysis using gene prediction method: Protein Homology.,OG0000127,Shell,group_1822,Cloud,Cloud,Cloud
GCF_038447005.1,PSR87_RS36860,MADKSAVKSSKQSARALKERRAEKREKAIASTLFTRKRKS,40,hypothetical protein, ,Derived by automated computational analysis using gene prediction method: Protein Homology.,OG0000004,Core,group_1924,Cloud,Cloud,Cloud
GCF_038447005.1,PSR87_RS36925,MPARNRLAVGGSHSASAIPVNTDTVRILDPSTASGAVLIPWPPREVPAPN,50,hypothetical protein, ,Derived by automated computational analysis using gene prediction method: GeneMarkS-2+.,OG0000677,Cloud,group_1357,Cloud,Cloud,Cloud
GCF_038447005.1,PSR87_RS36935,MASNATNVSNPERALESTPSCTACPHRPDSHDALGIRFCAATSDRNLGRKCICAGEPATGQHYSRY,66,rgcvc family protein, ,Derived by automated computational analysis using gene prediction method: Protein Homology.,OG0000210,Shell,group_275,Cloud,Cloud,Cloud
GCF_038447005.1,PSR87_RS37110,MFDDTLRRRTAAARLTLARRRRRQQDEAIAYMRHRARFTRHRRRHHPHRPNPA,53,hypothetical protein, ,Derived by automated computational analysis using gene prediction method: GeneMarkS-2+.,OG0000678,Cloud,group_1172,Cloud,Cloud,Cloud
GCF_038447005.1,PSR87_RS37115,MRRVQRCSCSSRNWGLEKGAVIPDAEASQAVAAVVALVADRWLVLLIGTAFVVWLIALVLILYAAMTLD,69,hypothetical protein, ,Derived by automated computational analysis using gene prediction method: GeneMarkS-2+.,OG0000679,Cloud,group_52,Cloud,Cloud,Cloud
GCF_038447005.1,PSR87_RS37195,MRRSAPAYRYDLAGVLDPSTGSIDHGAAAAGVAFVGQEVPAWDPD,45,hypothetical protein, ,Derived by automated computational analysis using gene prediction method: GeneMarkS-2+.,OG0000680,Cloud,group_1653,Cloud,Cloud,Cloud
GCF_038447005.1,PSR87_RS37285,MGLQSPHWDQQEAMPIGATHVGGTHEYVAAIPAHSWSRRLAGTTGHVRQRHHQSATTRHWKCIDDRS,67,hypothetical protein, ,Derived by automated computational analysis using gene prediction method: GeneMarkS-2+.,OG0000681,Cloud,group_205,Cloud,Cloud,Cloud
GCF_038447005.1,PSR87_RS37290,MAQGIVKWFNGEKGFGFIAPDDGTPDVFVHYSEISGSGFKSLDENQRVEFEVGQGQKGPQATNVRSV,67,cold-shock protein, ,Derived by automated computational analysis using gene prediction method: Protein Homology.,OG0000003,Conserved,"group_1996, group_1997",Shell,Cloud,Cloud
GCF_038447005.1,PSR87_RS37300,MTDTVVDAVAALHVTEYWVVEVDRHDGTCCTFGPFTADAAWARLEHRTAPTRFAAVVGKR,60,hypothetical protein, ,Derived by automated computational analysis using gene prediction method: Protein Homology.,OG0000254,Cloud,group_671,Cloud,Cloud,Cloud
GCF_038447005.1,PSR87_RS37315,MNTHKALLMLLLGGTAALEVLLRRPTPRRRGQGAPFHANG,40,hypothetical protein, ,Derived by automated computational analysis using gene prediction method: GeneMarkS-2+.,OG0000127,Shell,group_2457,Shell,Cloud,Shell
GCF_038447005.1,PSR87_RS37435,MARAAIRMVQDSPKVVEADRQQTLPIGSTGQQAAVGQASSPATKT,45,hypothetical protein, ,Derived by automated computational analysis using gene prediction method: GeneMarkS-2+.,OG0000682,Cloud,group_1654,Cloud,Cloud,Cloud
GCF_038447005.1,PSR87_RS37635,MARITENLGASLLNTLRVGVVGTVLYAGLIMGVVVVAVWKFPMPGV,46,hypothetical protein, ,Derived by automated computational analysis using gene prediction method: Protein Homology.,OG0000126,Shell,group_2480,Cloud,Cloud,Cloud
GCF_038447005.1,PSR87_RS37645,MGDMASSAGEQLWQTLSDSGLALVCVRGPQRRWADLLLPGNESVGELTWLARHTDEVAEQYRDHR,65,hypothetical protein, ,Derived by automated computational analysis using gene prediction method: Protein Homology.,OG0000143,Shell,group_2488,Shell,Cloud,Shell
GCF_038447005.1,PSR87_RS37655,MSPGVVGVKMADAGQRPGVVPARRLLRRGDGVESVSMSAPPRLA,44,hypothetical protein, ,Derived by automated computational analysis using gene prediction method: GeneMarkS-2+.,OG0000469,Cloud,group_1657,Cloud,Cloud,Cloud
GCF_038447005.1,PSR87_RS37665,MTGRPNVVLWNPAADSFPADLEFTRPLDHPRVRPILRTAARTIGYASTV,49,hypothetical protein, ,Derived by automated computational analysis using gene prediction method: GeneMarkS-2+.,OG0000470,Cloud,group_2065,Cloud,Cloud,Cloud
GCF_038447005.1,PSR87_RS37670,MTGRRQVTRGHRVSNGPWWFSSSGGGRFDLSAPRGTCYVAFDEATAIRETVGRRWPRSG,59,res domain-containing protein, ,Derived by automated computational analysis using gene prediction method: Protein Homology.,OG0000365,Cloud,group_742,Cloud,Cloud,Cloud
GCF_038447005.1,PSR87_RS37695,MGDLVVTVVMVGSFVGAAPMIRYLNTRPARPGPARVPTAGSSGTGRAADSPHR,53,hypothetical protein, ,Derived by automated computational analysis using gene prediction method: GeneMarkS-2+.,OG0000242,Shell,group_1173,Cloud,Cloud,Cloud
GCF_038447005.1,PSR87_RS37755,MVASLIFNGVTYDISQTRFEATRELLARFAEGHTRGVAMSLTHGGARHHLYITPGVPITLVE,62,hypothetical protein, ,Derived by automated computational analysis using gene prediction method: Protein Homology.,OG0000130,Shell,group_2463,Cloud,Cloud,Cloud
GCF_038447005.1,PSR87_RS37785,MQSEPVIAESAYKHGIDSADMVHAFNNAITAFDLGEGFIMLVGPALDATLLGIGYVTPT,59,hypothetical protein, ,Derived by automated computational analysis using gene prediction method: GeneMarkS-2+.,OG0000683,Cloud,group_805,Cloud,Cloud,Cloud
GCF_038447005.1,PSR87_RS37795,MLATDQRSAVIGVRLEPHHCEVSIGFGELEPDAGLRARFDHWVLTVYHRAPQPK,54,hypothetical protein, ,Derived by automated computational analysis using gene prediction method: GeneMarkS-2+.,OG0000684,Cloud,group_1114,Cloud,Cloud,Cloud
GCF_038447005.1,PSR87_RS37885,MYRWFPDASLTVVQALLKTRSGKILRKTMRQIADHEEYRALHHRGRRRPRRAEATVTCAPATGIGRR,67,hypothetical protein, ,Derived by automated computational analysis using gene prediction method: GeneMarkS-2+.,OG0000277,Cloud,"group_2007, group_2006",Cloud,Cloud,Cloud
GCF_038447005.1,PSR87_RS37970,MAVVKANLGACQGYANCVVAADDYFDIDDDGVVELLSVEVPESERGRVDSAARSCPVSALWIED,64,ferredoxin, ,Derived by automated computational analysis using gene prediction method: Protein Homology.,OG0000001,Conserved,"group_2005, group_2004", Cloud,Cloud,Cloud
GCF_038447005.1,PSR87_RS38115,MVTSVRDGRQLDYRVVAFGDNPQNLPERTGSASVRHPAEAAAILVDPPLPTHGRDDAA,58,hypothetical protein, ,Derived by automated computational analysis using gene prediction method: GeneMarkS-2+.,OG0000323,Cloud,group_2003,Cloud,Cloud,Cloud
GCF_038447005.1,PSR87_RS38175,MPAEREPDSEVRVTALIEALTWPNSLVDAPTPEFPDPRPE,40,hypothetical protein, ,Derived by automated computational analysis using gene prediction method: GeneMarkS-2+.,OG0000371,Cloud,group_1878,Cloud,Cloud,Cloud
GCF_038447005.1,PSR87_RS38230,MSSAKNSAGAPCTRQFLVTLTVQTTNINPTLTPTTRSATSLTNTHPLLGTPSDAQQ,56,hypothetical protein, ,Derived by automated computational analysis using gene prediction method: GeneMarkS-2+.,OG0000522,Cloud,group_999,Cloud,Cloud,Cloud
GCF_038447005.1,PSR87_RS38245,MTAKFELFKDAAGKFRFHLKAANGEIIAASQGYTSKAAAQNGIVSIKDNAASAPTEDLT,59,yegp family protein, ,Derived by automated computational analysis using gene prediction method: Protein Homology.,OG0000183,Shell,group_806,Cloud,Cloud,Cloud
GCF_038447005.1,PSR87_RS38265,MRTPLQGAFDDDVLASLQAHLADVVDDFGGFGVDQGREFPGGAIGCASASVVDSRSA,57,hypothetical protein, ,Derived by automated computational analysis using gene prediction method: GeneMarkS-2+.,OG0000645,Cloud,group_920,Cloud,Cloud,Cloud
GCF_038447005.1,PSR87_RS38310,MTDIPRNAPHDNEVLVLGAGSGGAIAGGLIVTLTLSALTVLSSLPT,46,hypothetical protein, ,Derived by automated computational analysis using gene prediction method: Protein Homology.,OG0000146,Shell,group_1605,Cloud,Cloud,Cloud
GCF_038447005.1,PSR87_RS38325,MSGRERVVMFDLDGGVADLSAFAHLLTVGDSGRSHRQAWQQFFAHLGQAAVVEPGRDVVEAVAGLGFVVV,70,hypothetical protein, ,Derived by automated computational analysis using gene prediction method: GeneMarkS-2+.,OG0000972,Cloud,,,Cloud,Cloud
GCF_038447005.1,PSR87_RS38375,MGGEWIQIDQDCVTCGQAAFRHYIYASLGGVLIETDLYECATPGCPGPVAIGEPING,57,hypothetical protein, ,Derived by automated computational analysis using gene prediction method: GeneMarkS-2+.,OG0000467,Cloud,group_869,Cloud,Cloud,Cloud
GCF_038447005.1,PSR87_RS38385,MSWFFNVRYRSWEQQVFTEQHTQRRTDTSSPACRRPSSLVDHYHRRRKNEDCSVSDGAEHAE,62,hypothetical protein, ,Derived by automated computational analysis using gene prediction method: GeneMarkS-2+.,OG0000973,Cloud,group_589,Cloud,Cloud,Cloud
GCF_038447005.1,PSR87_RS38395,MGVLGAARTLLRVQYEIVRAPMSFLDEAVLPVVFDDGRPGPVGVRARRRRRGPDGTN,57,hypothetical protein, ,Derived by automated computational analysis using gene prediction method: GeneMarkS-2+.,OG0000974,Cloud,group_921,Cloud,Cloud,Cloud
GCF_038447005.1,PSR87_RS38400,MNTNVALLLLVLAGGIGGTPAVQAALTRPAGRRRGRGRAVPFHPGG,46,hypothetical protein, ,Derived by automated computational analysis using gene prediction method: Protein Homology.,OG0000127,Shell,group_2358,Cloud,Cloud,Cloud
GCF_038447005.1,PSR87_RS38405,MSVTAHRTSTVGVRTAALSTAEIKARIAAMFADEPTDDPDPGSPTMRGTPN,51,hypothetical protein, ,Derived by automated computational analysis using gene prediction method: GeneMarkS-2+.,OG0000002,Conserved,group_2422,Cloud,Cloud,Cloud
GCF_038447005.1,PSR87_RS38410,MHPTTTLTGHRTADLDRTRPAGRLRAGAVIGAVAAACVTGPAWIVTGSLVAGAVIAAATLAAVTAAALMI,70,hypothetical protein, ,Derived by automated computational analysis using gene prediction method: Protein Homology.,OG0000466,Cloud,,,Cloud,Cloud
GCF_038447005.1,PSR87_RS38440,MPTLCVWGADDPLVPARFADHLTATAPQVRSVTLPDCGHLPQFEWPEATGALIDDFLTRTARHPRTAATA,70,alpha/beta fold hydrolase, ,Derived by automated computational analysis using gene prediction method: Protein Homology.,OG0000640,Cloud,,,Cloud,Cloud
GCF_038447005.1,PSR87_RS38450,MMTDETLVALKNYEYLILAHGCENVSLVWHTDSVVFGDDGWADIDMLTRPGFTPATECFARRDED,65,hypothetical protein, ,Derived by automated computational analysis using gene prediction method: Protein Homology.,OG0000270,Cloud,group_2440,Cloud,Cloud,Cloud
GCF_038447005.1,PSR87_RS38515,MTNIALLILVIVPGLAASRALQHYLEHTTAPPGTPPPRFR,40,hypothetical protein, ,Derived by automated computational analysis using gene prediction method: GeneMarkS-2+.,OG0000372,Cloud,group_2449,Cloud,Cloud,Cloud
GCF_038447005.1,PSR87_RS38520,MRTVCRDHALTAGEPYGIWGGMSEADRTRHRRRGRRRERRRSSPAPT,47,whib family transcriptional regulator, ,Derived by automated computational analysis using gene prediction method: Protein Homology.,OG0000284,Cloud,group_1541,Cloud,Cloud,Cloud
GCF_038447005.1,PSR87_RS38560,MNRHVRYAVARFLGVDLATATDEQVRRVDFYTTLVEAHTVRMLLRFEDFRPSWG,54,hypothetical protein, ,Derived by automated computational analysis using gene prediction method: GeneMarkS-2+.,OG0000120,Shell,group_2393,Cloud,Cloud,Cloud
GCF_038447005.1,PSR87_RS38630,MTNPSPHSPPPPVRSTAWIKHHLDRMEHSDHGSEVGNTNADTVPAQQRR,49,hypothetical protein, ,Derived by automated computational analysis using gene prediction method: GeneMarkS-2+.,OG0000201,Shell,group_1412,Cloud,Cloud,Cloud
GCF_038447005.1,PSR87_RS38745,MDKLHVASAVAAVSITGDNTADDFPDAEWWLHVDVPIMVLSVGSVDARCRACPVFAELG,59,hypothetical protein, ,Derived by automated computational analysis using gene prediction method: GeneMarkS-2+.,OG0000975,Cloud,group_807,Cloud,Cloud,Cloud
GCF_038447005.1,PSR87_RS39035,MHGREALDAQPRRTKVDWARQVKDLLCVDYPDAETVVLAMDNLNTHGIGSLYEAFEPAEAFALA,64,hypothetical protein, ,Derived by automated computational analysis using gene prediction method: GeneMarkS-2+.,OG0000976,Cloud,group_420,Cloud,Cloud,Cloud
GCF_038447005.1,PSR87_RS39040,MLTRQCLDRRIEDLETLGAELAAWQRQTNADQRQVQWHFTTDDARIKLRHLYPNT,55,hypothetical protein, ,Derived by automated computational analysis using gene prediction method: GeneMarkS-2+.,OG0000625,Cloud,group_1032,Cloud,Cloud,Cloud
GCF_038447005.1,PSR87_RS39125,MTVPLQRVITGVTTEGMRFPVGRCVQDESCPAGNHGSVPATLPT,44,hypothetical protein, ,Derived by automated computational analysis using gene prediction method: GeneMarkS-2+.,OG0000977,Cloud,group_1708,Cloud,Cloud,Cloud
GCF_038447005.1,PSR87_RS39560,MKVHIELEQCEGHGMCAATEPDLYELDDDGFAASTDFDVAESQIGQAESGASACPMSAIKLLRS,64,ferredoxin, ,Derived by automated computational analysis using gene prediction method: Protein Homology.,OG0000001,Conserved,group_345,Cloud,Cloud,Cloud
GCF_038447005.1,PSR87_RS40035,MQIIDSAIELIAEQGYARASLAHIAAKAGIWPRCCITSGTRTISSTRFWPG,51,helix-turn-helix domain-containing protein, ,Derived by automated computational analysis using gene prediction method: Protein Homology.,OG0000978,Cloud,,,Cloud,Cloud
GCF_038447005.1,PSR87_RS40045,MTKEEARGRRFDRLTTPREGRQLSAIDIAGVVEALTGQRLLPNEGAENDYRLM,53,hypothetical protein, ,Derived by automated computational analysis using gene prediction method: GeneMarkS-2+.,OG0000252,Cloud,,,Cloud,Cloud
GCF_038447005.1,PSR87_RS40225,MIPWSRLYTLQLGRWLATILIELGRDGPTHTTIPDIPYFGDFFQWLTAEDSFLKARKDLGKI,62,hypothetical protein, ,Derived by automated computational analysis using gene prediction method: GeneMarkS-2+.,OG0000979,Cloud,,,Cloud,Cloud
GCF_038447005.1,PSR87_RS40235,MHHRLLSIREEAGLPDEISALRVFDVIAWMDGKNRGLGERSDLGR,45,duf6308 family protein, ,Derived by automated computational analysis using gene prediction method: Protein Homology.,OG0000410,Cloud,,,Cloud,Cloud
GCF_038447005.1,PSR87_RS40240,MWLVTVPWRPVRQFALPLVGAFVPMAALVAWFMIGMELFFTPD,43,hypothetical protein, ,Derived by automated computational analysis using gene prediction method: GeneMarkS-2+.,OG0000341,Cloud,,,Cloud,Cloud
GCF_038447005.1,PSR87_RS40350,MRAAVKPQIQRFAGANCQAARQGTVISPHATTTTAGPAQLTNTLSAADQIRTR,53,hypothetical protein, ,Derived by automated computational analysis using gene prediction method: GeneMarkS-2+.,OG0000980,Cloud,,,Cloud,Cloud
GCF_038447005.1,PSR87_RS43950,MVRDRDHAGLVADRRVVAGDELMIGFLPDLPVDIFSAPYLFPGSAWIAFATWWNQF,56,hypothetical protein, ,Derived by automated computational analysis using gene prediction method: GeneMarkS-2+.,OG0000685,Cloud,group_2634,Cloud,Cloud,Cloud
GCF_038447005.1,PSR87_RS43980,MNDDEAPRGLTEAQARAEYARLAPIMAIEGRTMDEPTRELLVQLLQENITLDDALDSILRRRAQTEQ,67,hypothetical protein, ,Derived by automated computational analysis using gene prediction method: Protein Homology.,OG0000347,Cloud,group_2636,Cloud,Cloud,Cloud
GCF_038447005.1,PSR87_RS44095,MFTMIPADGSPPLSTPFIPVPELEPGVMSIVSAVIMCTAFALGVVVRRGSIEWVQP,56,hypothetical protein, ,Derived by automated computational analysis using gene prediction method: GeneMarkS-2+.,OG0000686,Cloud,group_2635,Cloud,Cloud,Cloud
GCF_038447005.1,PSR87_RS44285,MVPGDTVLLHPQGVSKFKILSIDEDGHALIESLLASPGTYPFSVQTKFLVPADS,54,hypothetical protein, ,Derived by automated computational analysis using gene prediction method: Protein Homology.,OG0000072,Soft core,,,Cloud,Cloud
GCF_038447315.1,PSR88_RS00030,MSDSNTGAAGGGAIYALGIFGAWVWFWQQADAFWEYVLAIIQGLFWPAWMVYDVFETLAG,60,hypothetical protein, ,Derived by automated computational analysis using gene prediction method: Protein Homology.,OG0000202,Shell,group_2473,Shell,Cloud,Shell
GCF_038447315.1,PSR88_RS00145,MLLGAIQDLVGRLLDFFGELVLEEKRGFAVVISRTPSTPTTMA,43,hypothetical protein, ,Derived by automated computational analysis using gene prediction method: GeneMarkS-2+.,OG0000422,Cloud,group_1710,Cloud,Cloud,Cloud
GCF_038447315.1,PSR88_RS00270,MLIGAEDPIVRPEFLGGCEERTDDFGVEFVDGASHFIVDERPEAVLERALAFFAPPGPDHEAATGT,66,hypothetical protein, ,Derived by automated computational analysis using gene prediction method: GeneMarkS-2+.,OG0000423,Cloud,group_211,Cloud,Cloud,Cloud
GCF_038447315.1,PSR88_RS00430,MRTGTVRWFNAEQGFGFLAPADGSDDIFVHVSEIAGDGHRILEEGQRVSFAVCRTETGDQARDVRIA,67,cold shock domain-containing protein, ,Derived by automated computational analysis using gene prediction method: Protein Homology.,OG0000157,Shell,group_2429,Shell,Shell,Shell
GCF_038447315.1,PSR88_RS00465,MTKDTHGETDEPKGGRPGPVDHGKNGGMATRENAPELAEDSADSDTETD,49,hypothetical protein, ,Derived by automated computational analysis using gene prediction method: Protein Homology.,OG0000018,Core,group_2420,Shell,Shell,Shell
GCF_038447315.1,PSR88_RS00505,MNTFSRPTSARNRGFAAPSRGSMSTVEIKNRIEAMFREDDERESKAVRAE,50,hypothetical protein, ,Derived by automated computational analysis using gene prediction method: GeneMarkS-2+.,OG0000190,Shell,group_2397,Shell,Shell,Shell
GCF_038447315.1,PSR88_RS00750,MHSDTTTRDLLHGHTKVTRRFALADVALTTFVCLVCATGIGIITGSVLAAATGGLIVVLATALMVAAV,68,hypothetical protein, ,Derived by automated computational analysis using gene prediction method: Protein Homology.,OG0000158,Shell,group_2345,Shell,Shell,Shell
GCF_038447315.1,PSR88_RS00770,MNIPRRDAHAVVIAGLLASRVLADYFGTVTIHEKDHLADNAVHSIRKRGDLIASRTFDDGVVWLRYRPA,69,hypothetical protein, ,Derived by automated computational analysis using gene prediction method: GeneMarkS-2+.,OG0000424,Cloud,group_4,Cloud,Cloud,Cloud
GCF_038447315.1,PSR88_RS00840,METGTDETKTCSFCRGPIGYEIKDAHAGFASLPPGKRYRVFHCMNRCPRSAPDGLECGHRHEYL,64,hypothetical protein, ,Derived by automated computational analysis using gene prediction method: Protein Homology.,OG0000203,Shell,group_350,Shell,Shell,Shell
GCF_038447315.1,PSR88_RS00940,MAAIKALVSGLSGKAKVALVLILTLEVLLAPVLVVLLLALVVAAVRATAQ,50,hypothetical protein, ,Derived by automated computational analysis using gene prediction method: Protein Homology.,OG0000425,Cloud,group_1299,Cloud,Cloud,Cloud
GCF_038447315.1,PSR88_RS00985,MSEMVPADDTRRIALVDLLDRVLGGGVVITGEITLSLADVDMVRISLRTLIASVSALVPDPVGPEPTDD,69,gas vesicle protein, ,Derived by automated computational analysis using gene prediction method: Protein Homology.,OG0000145,Shell,group_2318,Shell,Shell,Shell
GCF_038447315.1,PSR88_RS00995,MNMGKKIRHKVETAEGAAKKAVGRATGNAHLEAEGSKEQAKGNAKQMGDKVKDAGKKIKNALKH,64,csbd family protein, ,Derived by automated computational analysis using gene prediction method: Protein Homology.,OG0000073,Shell,group_2267,Shell,Shell,Shell
GCF_038447315.1,PSR88_RS01080,MVESEASCTACPHSADSHDELGIRFCAVTSARSLERKCICAGDQVSGQHYSRY,53,rgcvc family protein, ,Derived by automated computational analysis using gene prediction method: Protein Homology.,OG0000210,Shell,group_2316,Cloud,Cloud,Cloud
GCF_038447315.1,PSR88_RS01085,MPSSSWESALCGHAVHDASDSTTSVGLGDSETRKFDTSVGFDAMAALQFSALRLRAAVGAEDDMA,65,hypothetical protein, ,Derived by automated computational analysis using gene prediction method: Protein Homology.,OG0000346,Cloud,group_2333,Cloud,Cloud,Cloud
GCF_038447315.1,PSR88_RS01110,MLPTLGRAPLRCGNSPAQGRQHFRGARELPSLLDVPVVEQADECG,45,hypothetical protein, ,Derived by automated computational analysis using gene prediction method: GeneMarkS-2+.,OG0000647,Cloud,group_1651,Cloud,Cloud,Cloud
GCF_038447315.1,PSR88_RS01235,METVVLWVGWTNLSNGTSGVASVTKDKPGVAHTGTGVVTASAMGNLVEYVGARGIFYVP,59,hypothetical protein, ,Derived by automated computational analysis using gene prediction method: GeneMarkS-2+.,OG0000274,Shell,group_2317,Shell,Shell,Shell
GCF_038447315.1,PSR88_RS01270,MSTNTYPTIETIRIGQSGHECRYCGHAVVKDGPGYRHTTTGQYRCDPASRAVNEARLSNSLVRS,64,hypothetical protein, ,Derived by automated computational analysis using gene prediction method: Protein Homology.,OG0000148,Shell,group_2334,Shell,Cloud,Shell
GCF_038447315.1,PSR88_RS01340,MRTAFCNALYSVFDHRICCGRIPEWTAHVGQPWDTYDVAPWNLYNVIWRIQHWIRGGVDADR,62,hypothetical protein, ,Derived by automated computational analysis using gene prediction method: Protein Homology.,OG0000219,Shell,group_2337,Shell,Cloud,Shell
GCF_038447315.1,PSR88_RS01370,MRLSTRNQLAGTITEVTLGSVMATVKVKLDGGEQIVTASITKEAVEELGLKAGVGATVLVKSTEVMLGVE,70,tobe domain-containing protein, ,Derived by automated computational analysis using gene prediction method: Protein Homology.,OG0000064,Soft core,,,Cloud,Cloud
GCF_038447315.1,PSR88_RS01450,MQIVEIEHVPDRCPAQRSRQTIRPRSGRIIQCGKGYCNGVDQSTSSEIEIPGAWLDTDGPPCEFVRDGIG,70,hypothetical protein, ,Derived by automated computational analysis using gene prediction method: GeneMarkS-2+.,OG0002370,,,,,Probably not conserved
GCF_038447315.1,PSR88_RS01490,MSQIEIPQNADRLSSNPEFEAMPIGIVDDSGLLGFGALRTPVDAPATAPLMGAAIYPVDCLVGVLSHRET,70,hypothetical protein, ,Derived by automated computational analysis using gene prediction method: GeneMarkS-2+.,OG0000426,Cloud,,,Cloud,Cloud
GCF_038447315.1,PSR88_RS01520,MAASITRRIVCAGAIAGFSALALIANPAIGSAAVTGSSTGTSIELRAGTYAVITQ,55,hypothetical protein, ,Derived by automated computational analysis using gene prediction method: GeneMarkS-2+.,OG0000427,Cloud,group_1009,Cloud,Cloud,Cloud
GCF_038447315.1,PSR88_RS01590,MRQESSHPRESTGPLPADAIVWPEPSPLDSWWKHVVNDHAAAVPEREPVTDAGT,54,hypothetical protein, ,Derived by automated computational analysis using gene prediction method: Protein Homology.,OG0000191,Shell,group_2419,Cloud,Cloud,Cloud
GCF_038447315.1,PSR88_RS01685,MTIDPPPGDTLTLGFDAYIQSSSQLGHSGLVSVSEKGVDVVTLEFTTWLVP,51,hypothetical protein, ,Derived by automated computational analysis using gene prediction method: Protein Homology.,OG0000428,Cloud,group_2076,Cloud,Cloud,Cloud
GCF_038447315.1,PSR88_RS01740,MLNSIVEQHEMLDSTAVSRVLGKAATSRNTASRDAALLETTASSPLR,47,hypothetical protein, ,Derived by automated computational analysis using gene prediction method: GeneMarkS-2+.,OG0000429,Cloud,group_2096,Cloud,Cloud,Cloud
GCF_038447315.1,PSR88_RS01825,MKTRLSCPCGAAITGSDEDDLVVKTQEHLSESHPGMEYSREEILFIAY,48,duf1059 domain-containing protein, ,Derived by automated computational analysis using gene prediction method: Protein Homology.,OG0000249,Shell,group_1421,Cloud,Cloud,Cloud
GCF_038447315.1,PSR88_RS02300,MNRTELPQTLRRSSKEVQAAFAAAHEMAVRRYGEGEEAQRAAYGELKQSYELATDHWVPKQD,62,chab family protein, ,Derived by automated computational analysis using gene prediction method: Protein Homology.,OG0000159,Shell,group_509,Cloud,Cloud,Cloud
GCF_038447315.1,PSR88_RS02310,MNDDQRRALEHVRDTCAMLHSFLTTHPSDRPPERVRSATFEQLTDELLDAVTAAQNAGVPEQRIFDSM,68,hypothetical protein, ,Derived by automated computational analysis using gene prediction method: Protein Homology.,OG0000135,Shell,group_2184,Cloud,Cloud,Cloud
GCF_038447315.1,PSR88_RS02350,MNRETIQGWVAEQIHLDPATATPALLAKLDDLTARAEAMCVRQLLDLPEFRRLVW,55,hypothetical protein, ,Derived by automated computational analysis using gene prediction method: Protein Homology.,OG0000120,Shell,group_1010,Cloud,Cloud,Cloud
GCF_038447315.1,PSR88_RS02365,MASHCGKDLRSPTGVSVRGNRVVDSVRLTDGDIVRIGGHEFAFQIAVDQCPCRPTVGR,58,fha domain-containing protein, ,Derived by automated computational analysis using gene prediction method: Protein Homology.,OG0000430,Cloud,group_812,Cloud,Cloud,Cloud
GCF_038447315.1,PSR88_RS02375,MDWKVAADPEPIDQDIHERPSSATRLQGGPLRGKNQHVYPPRTGTIN,47,hypothetical protein, ,Derived by automated computational analysis using gene prediction method: GeneMarkS-2+.,OG0000431,Cloud,group_2069,Cloud,Cloud,Cloud
GCF_038447315.1,PSR88_RS02590,MTTASMIPASSITSRPPVLCRGGMSAAEIKARIEAMFADDRRPVSQTGPL,50,hypothetical protein, ,Derived by automated computational analysis using gene prediction method: Protein Homology.,OG0000002,Conserved,group_2090,Cloud,Cloud,Cloud
GCF_038447315.1,PSR88_RS02625,MNTIEPPSTEAVTTTATTFGSTADLTSALIRAATAHGQHETRTGAADPNWPDWYAAYMVAEQAGTEPPL,69,glyoxalase, ,Derived by automated computational analysis using gene prediction method: Protein Homology.,OG0000221,Shell,"group_1994, group_1995",Cloud,Cloud,Cloud
GCF_038447315.1,PSR88_RS02665,MDSTTFPNGPITMAGNLFLPDNFDPQASYAAVVTVHPGGGV,41,hypothetical protein, ,Derived by automated computational analysis using gene prediction method: GeneMarkS-2+.,OG0000648,Cloud,group_1874,Cloud,Cloud,Cloud
GCF_038447315.1,PSR88_RS02875,MTIDHDKSELPLFSAQRTLTHSTPEPVSDAPRTGDSPTQTSAEIHRSLFSDE,52,hypothetical protein, ,Derived by automated computational analysis using gene prediction method: Protein Homology.,OG0000222,Shell,group_2253,Shell,Cloud,Shell
GCF_038447315.1,PSR88_RS02885,MAQGIVKWFNGEKGFGFIAPDDGTPDVFVHYSEISGSGFKSLDENQRVEFEVGQGQKGPQATNVRSV,67,cold-shock protein, ,Derived by automated computational analysis using gene prediction method: Protein Homology.,OG0000003,Conserved,"group_1996, group_1997",Shell,Cloud,Cloud
GCF_038447315.1,PSR88_RS03090,MATTSIAPTTPTGRQTPRRSGTMSTAEIKSRIEAMFADDRRPTRPAVTN,49,hypothetical protein, ,Derived by automated computational analysis using gene prediction method: Protein Homology.,OG0000002,Conserved,group_2516,Shell,Cloud,Cloud
GCF_038447315.1,PSR88_RS03125,MTDQLHADLTERLGRAVARAARDGDPLFGTVEVTIAELAELLERRVPPGE,50,hypothetical protein, ,Derived by automated computational analysis using gene prediction method: Protein Homology.,OG0000136,Shell,group_2495,Shell,Cloud,Shell
GCF_038447315.1,PSR88_RS03140,MREHLQHELAQQPTLGPPTASPSGSDDEYTRAHPAGQNLETWIHDRIMDALNQSD,55,hypothetical protein, ,Derived by automated computational analysis using gene prediction method: Protein Homology.,OG0000290,Cloud,group_1011,Cloud,Cloud,Cloud
GCF_038447315.1,PSR88_RS03220,MNTIEPPSTEAVTTTATTFGSTADLTSALIRAATAHGQHETRTGAADPNWPDWYAAYMVAEQAGTEPPL,69,glyoxalase, ,Derived by automated computational analysis using gene prediction method: Protein Homology.,OG0000221,Shell,"group_1994, group_1995",Cloud,Cloud,Cloud
GCF_038447315.1,PSR88_RS03255,MMARISKKLGADLLDALRVSVVGTVVCAGLVMGVIVLAMWKFPIPGV,47,hypothetical protein, ,Derived by automated computational analysis using gene prediction method: GeneMarkS-2+.,OG0000126,Shell,group_2515,Shell,Cloud,Shell
GCF_038447315.1,PSR88_RS03400,MPEYLGARLANYKVPRLIVLDPELPRDESGKLFKRKIKAQYWHQTSRV,48,acyl-coa synthetase, ,Derived by automated computational analysis using gene prediction method: Protein Homology.,OG0000649,Cloud,group_1474,Cloud,Cloud,Cloud
GCF_038447315.1,PSR88_RS03405,MKKPGEETSRESGAVVPNDHLSSDDLAGVVEALTGERVTPRSATGNLAGATRRAAKN,57,hypothetical protein, ,Derived by automated computational analysis using gene prediction method: Protein Homology.,OG0000252,Cloud,group_861,Cloud,Cloud,Cloud
GCF_038447315.1,PSR88_RS03595,MPDKENWTCFGFDSGFNFKTGAFAPGVGRLGGFAKGSNVTVFCFGNQAPFFFTGSVTVK,59,hypothetical protein, ,Derived by automated computational analysis using gene prediction method: Protein Homology.,OG0000364,Cloud,group_735,Cloud,Cloud,Cloud
GCF_038447315.1,PSR88_RS03605,MIILGLILLVIGFVAHISILWTIGIILLVIGVILALLGGTGRAVGGRRHWF,51,duf6131 family protein, ,Derived by automated computational analysis using gene prediction method: Protein Homology.,OG0000000,Conserved,group_1235,Cloud,Cloud,Cloud
GCF_038447315.1,PSR88_RS03780,MRVVSEDQTLVDNNALGYSQVSAQVTANTRNACGRLAVVTR,41,hypothetical protein, ,Derived by automated computational analysis using gene prediction method: GeneMarkS-2+.,OG0000230,Shell,group_1831,Cloud,Cloud,Cloud
GCF_038447315.1,PSR88_RS04025,MSSTFRTVAVVDWFRTGASWRMSSSGTAYGDSEEPWTLTATLPLAAGMSWAQIAERSPVTAPTTY,65,hypothetical protein, ,Derived by automated computational analysis using gene prediction method: GeneMarkS-2+.,OG0000432,Cloud,group_2112,Cloud,Cloud,Cloud
GCF_038447315.1,PSR88_RS04035,MVQPEVLIALLIAACFIFFVSACLVTVIVIVIVIVTGSTAGLRDFAKVLAAFGRVIRLRFRFGN,64,hypothetical protein, ,Derived by automated computational analysis using gene prediction method: Protein Homology.,OG0000318,Cloud,group_2261,Cloud,Cloud,Cloud
GCF_038447315.1,PSR88_RS04280,MAQEQTKRTGGGDEDDTPGADGAAGQERREKLAEDTDDLLDEIDDVLEENAEDFVRAYVQKGGQ,64,ubiquitin-like protein pup, ,Derived by automated computational analysis using gene prediction method: Protein Homology.,OG0000037,Conserved,group_343,Shell,Shell,Shell
GCF_038447315.1,PSR88_RS04400,MSTSDTTGQTEFPASMGKVSRRELASHGYTRFDQLTTVTAKELLKIHGVGPKAIRILEEELAERGLGFAK,70,hypothetical protein, ,Derived by automated computational analysis using gene prediction method: Protein Homology.,OG0000050,Conserved,,,Shell,Shell
GCF_038447315.1,PSR88_RS04795,MVIDPTLLGILACPQDKGPLLLVGDELLYNPRLRRAYPIENGIPVLLIDEARDVGADEHETLLARAAGEA,70,trm112 family protein, ,Derived by automated computational analysis using gene prediction method: Protein Homology.,OG0000038,Conserved,,,Soft core,Soft core
GCF_038447315.1,PSR88_RS04870,MPKSKTHSGTAKRFKVSGSGKILRQKAGRRHLLEHKATKVTRRLDGVAVVSKADTPRIKRLLDI,64,50s ribosomal protein l35, ,Derived by automated computational analysis using gene prediction method: Protein Homology.,OG0000039,Conserved,rpmI,Shell,Soft core,Shell
GCF_038447315.1,PSR88_RS05155,MPLIQISQTPGLTAEQKRATIEAVTQAYADATGKDPAKVWVTITEVPRDSWGVGGTPLG,59,2-hydroxymuconate tautomerase family protein, ,Derived by automated computational analysis using gene prediction method: Protein Homology.,OG0000160,Shell,group_2162,Shell,Shell,Shell
GCF_038447315.1,PSR88_RS05195,MSVVLVYVLFIAAGIAAGGAYSMWKFNKLASGVLLALAVLAAVAGVLRLM,50,hypothetical protein, ,Derived by automated computational analysis using gene prediction method: Protein Homology.,OG0000040,Conserved,group_1297,Shell,Core,Shell
GCF_038447315.1,PSR88_RS05365,MHVAVGDRLHVQGRVVGVHETTAEVVEVHGENGAPPYLVRYDDGHEALVFPGSDAWVEHPKS,62,duf1918 domain-containing protein, ,Derived by automated computational analysis using gene prediction method: Protein Homology.,OG0000041,Conserved,group_504,Shell,Soft core,Shell
GCF_038447315.1,PSR88_RS05370,MATYRYLDKDRNVLEEQDFGTVQDAEEHRLSVLGAEIIEEVEDSGTPES,49,hypothetical protein, ,Derived by automated computational analysis using gene prediction method: Protein Homology.,OG0000054,Core,group_2183,Shell,Soft core,Shell
GCF_038447315.1,PSR88_RS05930,MTDEDHLWYYNVDDGTVTQGKAASSMSRMGPYPDRASAEKALQIAAERNKAADRADEEWNN,61,hypothetical protein, ,Derived by automated computational analysis using gene prediction method: Protein Homology.,OG0000042,Conserved,group_2293,Shell,Soft core,Shell
GCF_038447315.1,PSR88_RS06015,MCSDLTKLGDDELLAQLDEHRALLGESIANDYGCETVRGVTIRITAFEAELGRRGSATSRDAT,63,hypothetical protein, ,Derived by automated computational analysis using gene prediction method: Protein Homology.,OG0000192,Shell,group_2325,Shell,Shell,Shell
GCF_038447315.1,PSR88_RS06020,MPRYKVTLRNGTSSDKTFESDFQAVNETHRPTETGAGIVKIDRYEDDGEVTGVWSAPTTSRR,62,hypothetical protein, ,Derived by automated computational analysis using gene prediction method: Protein Homology.,OG0000113,Soft core,group_2295,Shell,Shell,Shell
GCF_038447315.1,PSR88_RS06235,MTGAGILAVALVTIAAALVVYLLIALVDPERF,32,potassium-transporting atpase subunit f, ,Derived by automated computational analysis using gene prediction method: Protein Homology.,OG0000055,Core,group_2327,Shell,Soft core,Shell
GCF_038447315.1,PSR88_RS06435,MDRMASWWDGFELWIAGLPFVPQVALVLLVMVPVCRGLAWLLDRGLAAVFVLLRRDVSKVEEP,63,hypothetical protein, ,Derived by automated computational analysis using gene prediction method: Protein Homology.,OG0000056,Core,group_427,Shell,Shell,Shell
GCF_038447315.1,PSR88_RS06515,MSESEQTDLDVDDELDAGQVWRAQRVVAAQSLDAEDCRMLLSMLGIAGNPDAPEAD,56,hypothetical protein, ,Derived by automated computational analysis using gene prediction method: Protein Homology.,OG0000161,Shell,group_2171,Shell,Shell,Shell
GCF_038447315.1,PSR88_RS06665,MNDHHVQLFSELHSTAGSQAGGEDAGEALRPVDPEHRTATEVHRALFSDQ,50,hypothetical protein, ,Derived by automated computational analysis using gene prediction method: GeneMarkS-2+.,OG0000162,Shell,group_2285,Shell,Shell,Shell
GCF_038447315.1,PSR88_RS06680,MIPVLLYYGVPTAVIAVTLWVGFLGWRFYVKEVLRGDSGDTTAGERDHG,49,hypothetical protein, ,Derived by automated computational analysis using gene prediction method: Protein Homology.,OG0000223,Shell,group_2268,Shell,Shell,Shell
GCF_038447315.1,PSR88_RS06875,MQRSRALRLLTERSHDQQDEVYPNELHGRLATHHHAPAPPPEGGGTGT,48,hypothetical protein, ,Derived by automated computational analysis using gene prediction method: GeneMarkS-2+.,OG0000514,Cloud,group_2408,Cloud,Cloud,Cloud
GCF_038447315.1,PSR88_RS06995,MSEDGNCATVFVWIADILPASLADRTAQMMELGIGAVRRTLDRADRVIDIR,51,hypothetical protein, ,Derived by automated computational analysis using gene prediction method: GeneMarkS-2+.,OG0000433,Cloud,group_1236,Cloud,Cloud,Cloud
GCF_038447315.1,PSR88_RS07105,MVGKFERRKDTVQELTESAATHVGQIATIIAGAVRDVTREIGDWVSDGIEMREAAKKARDDEGEAEPVD,69,hypothetical protein, ,Derived by automated computational analysis using gene prediction method: Protein Homology.,OG0000149,Shell,group_2446,Shell,Shell,Shell
GCF_038447315.1,PSR88_RS07780,MILRPNPVLAAREVYESKAARWQKEWPRLTVVPWPESAVSASARRVRALPVSRW,54,hypothetical protein, ,Derived by automated computational analysis using gene prediction method: Protein Homology.,OG0000434,Cloud,group_2032,Cloud,Cloud,Cloud
GCF_038447315.1,PSR88_RS08000,MTAYRDDAAPVTEPDDDLGGDPVCWLDRVCPDCGLFLTDHTAGTCPRCGAARGR,54,hypothetical protein, ,Derived by automated computational analysis using gene prediction method: Protein Homology.,OG0000163,Shell,group_2435,Shell,Shell,Shell
GCF_038447315.1,PSR88_RS08125,MADKSPRNSMSKKSGKSLKEKRADKKMKTNGQSDPEIVSHVKKR,44,hypothetical protein, ,Derived by automated computational analysis using gene prediction method: Protein Homology.,OG0000004,Core,group_2437,Shell,Shell,Shell
GCF_038447315.1,PSR88_RS08255,MTDERPGKNQTPPDKATRPTPKEATPDVSKTDLAAVVDALTATNEKNLDF,50,hypothetical protein, ,Derived by automated computational analysis using gene prediction method: Protein Homology.,OG0000164,Shell,group_2447,Shell,Shell,Shell
GCF_038447315.1,PSR88_RS08310,MSTPRRRPLKTVTGVSGAVSTYAAAIDPQQSTVASSIEIAKIAEANKFDAPRDHHVPPPFTLSVV,65,hypothetical protein, ,Derived by automated computational analysis using gene prediction method: GeneMarkS-2+.,OG0000435,Cloud,group_283,Cloud,Cloud,Cloud
GCF_038447315.1,PSR88_RS08550,MNLQTAQNTIQAAGVFFSRSADASGAGRMQVLDSNWIVVGQQPSPGALVGEGDAVLSVVKIGEPNNC,67,hypothetical protein, ,Derived by automated computational analysis using gene prediction method: Protein Homology.,OG0000253,Shell,group_2453,Shell,Cloud,Shell
GCF_038447315.1,PSR88_RS08935,MFEIIREVHSEVRHRRGPRHHHHLLTRAERRSRILKRFHM,40,hypothetical protein, ,Derived by automated computational analysis using gene prediction method: GeneMarkS-2+.,OG0000288,Shell,group_2087,Shell,Shell,Shell
GCF_038447315.1,PSR88_RS09620,MGSGPVKAIMWSLLFVGLVGAGVGISELHVPWTVASLIVASVSGLVLLRIRADAHPELHSDRRMAAG,67,hypothetical protein, ,Derived by automated computational analysis using gene prediction method: Protein Homology.,OG0000165,Shell,group_2193,Shell,Shell,Shell
GCF_038447315.1,PSR88_RS09660,MNSTITGLIVGLLLAIAGILGGFSGFVFAVLLGALGMAVGAHRDGHLDLGAILRSRGRG,59,hypothetical protein, ,Derived by automated computational analysis using gene prediction method: Protein Homology.,OG0000026,Conserved,group_2303,Conserved,Shell,Shell
GCF_038447315.1,PSR88_RS09860,MSEKKIDRVKTESALEVLRESPTIALITVAPALVVFGVVWWLFGFWSALVLVLILGVVAVVGRKLF,66,hypothetical protein, ,Derived by automated computational analysis using gene prediction method: Protein Homology.,OG0000025,Conserved,group_2209,Conserved,Shell,Shell
GCF_038447315.1,PSR88_RS09995,MASSTDVRPKITLACEVCKHRNYITKKNRRNDPDRLELKKFCPNCGTHQSHRESK,55,50s ribosomal protein l33, ,Derived by automated computational analysis using gene prediction method: Protein Homology.,OG0000024,Conserved,rpmG,Conserved,Shell,Shell
GCF_038447315.1,PSR88_RS10145,MGALSPSHWAIIAIVLVVLFGSKKLPDAARGLGRSMRILKTEVGELQADAPELEK,55,sec-independent protein translocase subunit tata, ,Derived by automated computational analysis using gene prediction method: Protein Homology.,OG0000019,Conserved,group_2146,Shell,Shell,Shell
GCF_038447315.1,PSR88_RS10220,MIYLLALIGLVTVAVLLWKAFGPNTRPVLSNRVQGPDDDPDFLWKVDRETRRKKSDEPEAGPADPAG,67,hypothetical protein, ,Derived by automated computational analysis using gene prediction method: Protein Homology.,OG0000023,Conserved,group_2246,Shell,Conserved,Shell
GCF_038447315.1,PSR88_RS10290,MDREHPLNKIEHTGEVVAGSADLAAGIGHWLQAGLLSGDPLAIAAGFVVMVVGGLFMGLPF,61,hypothetical protein, ,Derived by automated computational analysis using gene prediction method: Protein Homology.,OG0000061,Soft core,group_2043,Cloud,Cloud,Cloud
GCF_038447315.1,PSR88_RS10370,MGSVIKKRRKRMSKKKHRKLLRRTRVQRRKLGK,33,aurkaip1/cox24 domain-containing protein, ,Derived by automated computational analysis using gene prediction method: Protein Homology.,OG0000022,Conserved,group_1939,Conserved,Conserved,Conserved
GCF_038447315.1,PSR88_RS10495,MDLRPMRSPKWPTTTPPIGRAMKPTENVANAASVPAMEEKDGKNNGPNTIAAAMP,55,hypothetical protein, ,Derived by automated computational analysis using gene prediction method: GeneMarkS-2+.,OG0000292,Cloud,group_1012,Cloud,Cloud,Cloud
GCF_038447315.1,PSR88_RS10505,MADRHPRRVDAVGPVYLTAVTLLSLLCVVAITRKVRGPLRSG,42,hypothetical protein, ,Derived by automated computational analysis using gene prediction method: GeneMarkS-2+.,OG0000436,Cloud,group_1763,Cloud,Cloud,Cloud
GCF_038447315.1,PSR88_RS10655,MIVLGLILLLIGWLTGLTWLWTIGIILLVIGAILWILGATGRAVGGRRRWY,51,duf6131 family protein, ,Derived by automated computational analysis using gene prediction method: Protein Homology.,OG0000000,Conserved,group_2247,Shell,Shell,Shell
GCF_038447315.1,PSR88_RS10810,MTFDSNTPRQFTRSDNQKMLAGVCGGIAEYFSVDVNLVRLLTVVATLVTGGTAALVYLAAWMLMPAGH,68,pspc domain-containing protein, ,Derived by automated computational analysis using gene prediction method: Protein Homology.,OG0000021,Conserved,group_2380,Conserved,Shell,Shell
GCF_038447315.1,PSR88_RS11330,MTVVLDRVEESVRSLNPGYFAIVMASGIISVGMKLGGFDLISG,43,hypothetical protein, ,Derived by automated computational analysis using gene prediction method: GeneMarkS-2+.,OG0000437,Cloud,group_1711,Cloud,Cloud,Cloud
GCF_038447315.1,PSR88_RS11370,MDVPAGFSLGTAPRQEVVDTTDDLVAGMFDRFLKGAPAPELDDAASRYPPVFEVR,55,hypothetical protein, ,Derived by automated computational analysis using gene prediction method: Protein Homology.,OG0000438,Cloud,group_2033,Cloud,Cloud,Cloud
GCF_038447315.1,PSR88_RS11700,MATIEEFEQTVTDKVIAGLHDKFADYERRGVGLAELGDPDRFVERILAAVPAPHPWYEQFGTAWSSTPA,69,hypothetical protein, ,Derived by automated computational analysis using gene prediction method: Protein Homology.,OG0000166,Shell,group_2132,Shell,Shell,Shell
GCF_038447315.1,PSR88_RS12135,MNPVTDPDVVYLADHSVLLAIPAFVPAFLVAGLVIYLAVRDRKAEAAENAESAKHGPSEKDEEN,64,hypothetical protein, ,Derived by automated computational analysis using gene prediction method: Protein Homology.,OG0000167,Shell,group_2396,Shell,Shell,Shell
GCF_038447315.1,PSR88_RS12430,MNVFQAADSFQLFTGVAPDFERMYAHVLELVERQSRRAA,39,hypothetical protein, ,Derived by automated computational analysis using gene prediction method: Protein Homology.,OG0000439,Cloud,group_1926,Cloud,Cloud,Cloud
GCF_038447315.1,PSR88_RS12635,MSSAGGSVGSRVAEYLSMFAAAVDGLLDSGLASCRTLSSSR,41,hypothetical protein, ,Derived by automated computational analysis using gene prediction method: GeneMarkS-2+.,OG0000517,Cloud,group_1875,Cloud,Cloud,Cloud
GCF_038447315.1,PSR88_RS12750,MAAYQCPVCDYVYDEASGAPREGFPAGTAWADVPDDWCCPDCGVREKIDFDPKVA,55,rubredoxin, ,Derived by automated computational analysis using gene prediction method: Protein Homology.,OG0000053,Core,group_2321,Shell,Shell,Shell
GCF_038447315.1,PSR88_RS12755,MSTDFKLYRCAQCGFEYDEAEGWPEDGIEPGTRWDDIPEDWSCPDCGAAKADFDMVEVSRA,61,rubredoxin, ,Derived by automated computational analysis using gene prediction method: Protein Homology.,OG0000007,Conserved,group_2335,Shell,Cloud,Cloud
GCF_038447315.1,PSR88_RS13280,MTTTFRTAARVEHADWLTGGNRRALAAERRAVERFVEPVFRIRDSR,46,hypothetical protein, ,Derived by automated computational analysis using gene prediction method: GeneMarkS-2+.,OG0000650,Cloud,group_1603,Cloud,Cloud,Cloud
GCF_038447315.1,PSR88_RS13290,MTFRLSTTLATDSDAAAIAALKRYYGHPYLGDDAYVGRRAPRRLVKHR,48,hypothetical protein, ,Derived by automated computational analysis using gene prediction method: GeneMarkS-2+.,OG0000240,Shell,group_1475,Cloud,Cloud,Cloud
GCF_038447315.1,PSR88_RS13310,MQNIAEAFAPPPDTAGQLSDIELAVVLAVLTGDSTPLLQLSGSTRHR,47,hypothetical protein, ,Derived by automated computational analysis using gene prediction method: GeneMarkS-2+.,OG0000651,Cloud,group_1538,Cloud,Cloud,Cloud
GCF_038447315.1,PSR88_RS13380,MKICVDRTKCTGLGICESLAPDIFEIDDAGGLLLLREDADDSVIDDVRAAIEGCPTEALTLIED,64,ferredoxin, ,Derived by automated computational analysis using gene prediction method: Protein Homology.,OG0000001,Conserved,group_351,Cloud,Cloud,Cloud
GCF_038447315.1,PSR88_RS13435,MAEEKLAPFIKERGYDWEIHIDETPMDLWRTQGLVPPPPESDMEKLWAKENRPIPYDVAAS,61,tautomerase family protein, ,Derived by automated computational analysis using gene prediction method: Protein Homology.,OG0000440,Cloud,group_2049,Cloud,Cloud,Cloud
GCF_038447315.1,PSR88_RS13440,MKEVRKIDSTTTQHCRAEQGIQRHDMSKVKEFIEGGEDDLAPGRAGPEEVGSIIRPRSTRDG,62,hypothetical protein, ,Derived by automated computational analysis using gene prediction method: Protein Homology.,OG0000441,Cloud,group_511,Cloud,Cloud,Cloud
GCF_038447315.1,PSR88_RS13550,MLRRLVLALDLQRGREFVAPGQPLLVDDFELLDRLDSEKWLLANSTPATISAMVAGSLADFPAAASG,67,hypothetical protein, ,Derived by automated computational analysis using gene prediction method: GeneMarkS-2+.,OG0000293,Cloud,group_201,Cloud,Cloud,Cloud
GCF_038447315.1,PSR88_RS13555,MNHPRNSDRLRIDRCGRVVDAGSRAAPLDVVDADADADADADADAAGYVTRQTLASMAV,59,hypothetical protein, ,Derived by automated computational analysis using gene prediction method: GeneMarkS-2+.,OG0000652,Cloud,group_2047,Cloud,Cloud,Cloud
GCF_038447315.1,PSR88_RS13605,MIRCHDEGADSLAGFEQSFLGDTLLRGAHGIQAADPVLLLQFADTTTVLAAMDSATKSY,59,hypothetical protein, ,Derived by automated computational analysis using gene prediction method: GeneMarkS-2+.,OG0000442,Cloud,group_736,Cloud,Cloud,Cloud
GCF_038447315.1,PSR88_RS13650,MPTTTETPSGITGTPTVTDNRSGLAGTAACAPRPRSGYDGCHAEQKSWAIVRIVIGY,57,hypothetical protein, ,Derived by automated computational analysis using gene prediction method: GeneMarkS-2+.,OG0000366,Cloud,group_2064,Cloud,Cloud,Cloud
GCF_038447315.1,PSR88_RS13710,MGFQDLEHRLTWEHPTHLYLKKAKADQVAVGTAGAHRAGLVDLPVGEAR,49,hypothetical protein, ,Derived by automated computational analysis using gene prediction method: Protein Homology.,OG0000367,Cloud,group_2263,Cloud,Cloud,Cloud
GCF_038447315.1,PSR88_RS13760,MLVAHERDGAVNDLRVDLPPGYPFNDPEVAQFGVHNAVMP,40,hypothetical protein, ,Derived by automated computational analysis using gene prediction method: GeneMarkS-2+.,OG0000408,Cloud,group_2117,Cloud,Cloud,Cloud
GCF_038447315.1,PSR88_RS13820,MPARSPPTTARPRAAAPIRASWRPTIAWCCRKSASCADAKAVGAAPIYQGEPGYSTKLDRDKDGIACDK,69,excalibur calcium-binding domain-containing protein, ,Derived by automated computational analysis using gene prediction method: Protein Homology.,OG0000255,Shell,group_50,Cloud,Cloud,Cloud
GCF_038447315.1,PSR88_RS13830,MDELDSKNLGRLRRIADARSVWTSESGDFTPWLAENIDVSRTPWACP,47,hypothetical protein, ,Derived by automated computational analysis using gene prediction method: GeneMarkS-2+.,OG0000653,Cloud,group_1539,Cloud,Cloud,Cloud
GCF_038447315.1,PSR88_RS13900,MLAYGLSPERVFGILTWRHGRPTANRVLADRFVDTLTAEATSPRRLVPGSTTCS,54,hypothetical protein, ,Derived by automated computational analysis using gene prediction method: GeneMarkS-2+.,OG0000244,Shell,group_1068,Cloud,Cloud,Cloud
GCF_038447315.1,PSR88_RS13945,MTCDVDPHFASIGASPDAIDRLVADSRVDVVVDDPDTEPPYYS,43,hypothetical protein, ,Derived by automated computational analysis using gene prediction method: Protein Homology.,OG0000443,Cloud,group_1712,Cloud,Cloud,Cloud
GCF_038447315.1,PSR88_RS14710,MKVDQGTTVLAWSNTTFQGTDGTGSETTAELVTHGVGRTEQRNHEQEV,48,hypothetical protein, ,Derived by automated computational analysis using gene prediction method: GeneMarkS-2+.,OG0000654,Cloud,group_1476,Cloud,Cloud,Cloud
GCF_038447315.1,PSR88_RS14795,MKIHIIEDKCVGGGQCVLAAPDVFDQRDEDGVAVLLVEDPPVELHDGIREAARLCPAVAIELAERAET,68,ferredoxin, ,Derived by automated computational analysis using gene prediction method: Protein Homology.,OG0000005,Conserved,group_127,Cloud,Cloud,Cloud
GCF_038447315.1,PSR88_RS15210,MIAIGVVLILVGFIVKISAMWIVGLVIAAIGLGLLLLGVSGRSIGGRRYWY,51,hypothetical protein, ,Derived by automated computational analysis using gene prediction method: Protein Homology.,OG0000000,Conserved,group_1237,Cloud,Cloud,Cloud
GCF_038447315.1,PSR88_RS15290,MLGGAGIVGEHPVPRMWRDVRALRIYEGASQIHERNLARALPTLLSTTQPARVG,54,acyl-coa dehydrogenase family protein, ,Derived by automated computational analysis using gene prediction method: Protein Homology.,OG0000264,Shell,group_1113,Cloud,Cloud,Cloud
GCF_038447315.1,PSR88_RS15345,MATALAVPYQRVRRLEIGQRLDPDLSAHYSRWLTDREQQSISLSLVDTA,49,hypothetical protein, ,Derived by automated computational analysis using gene prediction method: GeneMarkS-2+.,OG0000368,Cloud,group_1364,Cloud,Cloud,Cloud
GCF_038447315.1,PSR88_RS15665,MMVGNAVVAAYHTLRKVEQFFRLAKSELKARPVFHRTRESIEAYPTIVLAAPAIARPRRAANAAEHY,67,hypothetical protein, ,Derived by automated computational analysis using gene prediction method: GeneMarkS-2+.,OG0000411,Cloud,group_2116,Cloud,Cloud,Cloud
GCF_038447315.1,PSR88_RS15695,MLLEPYSDRYFEPPEHAVLLGVFDGDDEWAVRGDEGFDDRLLPGRCYGSL,50,hypothetical protein, ,Derived by automated computational analysis using gene prediction method: Protein Homology.,OG0000655,Cloud,group_1354,Cloud,Cloud,Cloud
GCF_038447315.1,PSR88_RS15700,MPLLHVTQTPGQSAEAKRELLKKLTAAYVDATGAKPASVWVTIEEVSKDDWAIGGETLTERASKPA,66,4-oxalocrotonate tautomerase family protein, ,Derived by automated computational analysis using gene prediction method: Protein Homology.,OG0000224,Shell,group_213,Shell,Cloud,Shell
GCF_038447315.1,PSR88_RS15785,MPASNADGTRSLSRACAPSVAPLGLGSHRDDVFGVAQRGGGVFGKVPYSSAKAAILGFTKSLARNWKTPA,70,hypothetical protein, ,Derived by automated computational analysis using gene prediction method: GeneMarkS-2+.,OG0000444,Cloud,,,Cloud,Cloud
GCF_038447315.1,PSR88_RS15810,MKRSLTRSSVQLHMSQPAVSHALGRARDICGDQLLVCSGNRMVLTSGRRSC,51,lysr family transcriptional regulator, ,Derived by automated computational analysis using gene prediction method: Protein Homology.,OG0000527,Cloud,group_1292,Cloud,Cloud,Cloud
GCF_038447315.1,PSR88_RS15900,MYVVPGSVYVVPGSVYVVPGSVYVVPGSVYVVPGSVYVVPGSVYVVPGSVYVVPGSVYVVPGSV,64,hypothetical protein, ,Derived by automated computational analysis using gene prediction method: Protein Homology.,OG0000656,Cloud,group_419,Cloud,Cloud,Cloud
GCF_038447315.1,PSR88_RS16015,MDLVRTVFDAVEAGEFEALADEMSAKVKAGLAAPLEVVYPQFEAANA,47,hypothetical protein, ,Derived by automated computational analysis using gene prediction method: GeneMarkS-2+.,OG0000657,Cloud,group_1540,Cloud,Cloud,Cloud
GCF_038447315.1,PSR88_RS16035,MRRPTRLAPQPAAGARLARRSQVHAEVTREAASTIHSEQGGRATILLVDEGSDMRSN,57,hypothetical protein, ,Derived by automated computational analysis using gene prediction method: GeneMarkS-2+.,OG0000658,Cloud,group_919,Cloud,Cloud,Cloud
GCF_038447315.1,PSR88_RS16120,MERFDITPAEIVTRLGYDIQARSRAEAERYLGLARATFAAEQDPATGPVDVPNET,55,hypothetical protein, ,Derived by automated computational analysis using gene prediction method: GeneMarkS-2+.,OG0000659,Cloud,group_1060,Cloud,Cloud,Cloud
GCF_038447315.1,PSR88_RS16345,MSIPSVVTEMATGGADVDRLYEDIVGAEYSIDRTSALRNDIDDIRAALEAQVAYLDSLIGPHRHA,65,hypothetical protein, ,Derived by automated computational analysis using gene prediction method: Protein Homology.,OG0000445,Cloud,group_2075,Cloud,Cloud,Cloud
GCF_038447315.1,PSR88_RS16435,MRDRTAHAPRFTSTVRLAGHTATADATTKTAAKTASAAALIDTLFTQH,48,hypothetical protein, ,Derived by automated computational analysis using gene prediction method: GeneMarkS-2+.,OG0000446,Cloud,group_2110,Cloud,Cloud,Cloud
GCF_038447315.1,PSR88_RS16455,MTDEELLGRVRDACAVLHSFLRTAHPGIPVAAREGTYRQLTDELRDAVDAAQAAGVPEDVIFDTMDTAEP,70,hypothetical protein, ,Derived by automated computational analysis using gene prediction method: Protein Homology.,OG0000135,Shell,,,Cloud,Cloud
GCF_038447315.1,PSR88_RS16485,MTFLPFGVLAFDDLDLMSAPHLDRRAELVELDSVIQDVGGLPITVVRTGKIRAAESV,57,hypothetical protein, ,Derived by automated computational analysis using gene prediction method: GeneMarkS-2+.,OG0000447,Cloud,group_866,Cloud,Cloud,Cloud
GCF_038447315.1,PSR88_RS16580,MYRTEPHYWIPIPPPTPFLTITAEWAQIGLESVVTTLNLTTQPRS,45,hypothetical protein, ,Derived by automated computational analysis using gene prediction method: Protein Homology.,OG0000448,Cloud,group_2203,Cloud,Cloud,Cloud
GCF_038447315.1,PSR88_RS16595,MRMILASSITSRPPVLCRGGMSTAEIKARIEAMFADDRRPVSQTGPL,47,hypothetical protein, ,Derived by automated computational analysis using gene prediction method: Protein Homology.,OG0000002,Conserved,group_1483,Cloud,Cloud,Cloud
GCF_038447315.1,PSR88_RS16675,MTIDRGLVALLEAKPGKGEELAAFLKQGRALAAEEQGTVTWYASRSATRHTASSTRSRTRTAARRT,66,hypothetical protein, ,Derived by automated computational analysis using gene prediction method: GeneMarkS-2+.,OG0000660,Cloud,group_274,Cloud,Cloud,Cloud
GCF_038447315.1,PSR88_RS16710,MFDRLYAAVLAVAGLGYGGYILLDELTGSSDTPGEDDHHLRRESSEQVFTA,51,hypothetical protein, ,Derived by automated computational analysis using gene prediction method: Protein Homology.,OG0000168,Shell,group_2489,Shell,Cloud,Shell
GCF_038447315.1,PSR88_RS17005,MSIGKKLRHKAETAEGSAKKTVGKALGNERMEAEGRAQEAKGKAKQAGDQIKQAGQKIKKIFTR,64,csbd family protein, ,Derived by automated computational analysis using gene prediction method: Protein Homology.,OG0000073,Shell,group_2502,Shell,Cloud,Shell
GCF_038447315.1,PSR88_RS17010,MIILGIILAIVGLVLNVPVLLYIGIALIIIGVVLEVMGMAGHAVAGRRHYY,51,duf6131 family protein, ,Derived by automated computational analysis using gene prediction method: Protein Homology.,OG0000000,Conserved,group_1238,Cloud,Cloud,Cloud
GCF_038447315.1,PSR88_RS17270,MELPGVRRVLDLAAITMLSVAVAATTSFTVATLGLLSVIGARAALRRSLTAR,52,hypothetical protein, ,Derived by automated computational analysis using gene prediction method: Protein Homology.,OG0000449,Cloud,group_1178,Cloud,Cloud,Cloud
GCF_038447315.1,PSR88_RS17515,MHPVAKRQRLEVLTGILGFFTVMAFIAAVVEVVRGDPGVTPALVLLGCLVLSGLAIVARNRVR,63,hypothetical protein, ,Derived by automated computational analysis using gene prediction method: Protein Homology.,OG0000051,Conserved,group_2423,Shell,Shell,Shell
GCF_038447315.1,PSR88_RS17940,MSTSSVTVSGMTCNHCVSSVTEEISALPGVTNVNVDLTTGKVVIDSTTDLDPSAVAGAVEEAGYSVAG,68,heavy metal-associated domain-containing protein, ,Derived by automated computational analysis using gene prediction method: Protein Homology.,OG0000006,Conserved,group_2406,Shell,Cloud,Cloud
GCF_038447315.1,PSR88_RS18045,MTQRATDVRAERAEEYGRLNAGEGMLLVRITPEKVISENNITGEQQRAMIMTTGRR,56,hypothetical protein, ,Derived by automated computational analysis using gene prediction method: Protein Homology.,OG0000369,Cloud,group_2385,Cloud,Cloud,Cloud
GCF_038447315.1,PSR88_RS18335,MDAVDPAIADAASAAGRITARLGLTDARGNPLCAAVRPPLVEWSA,45,duf5990 family protein, ,Derived by automated computational analysis using gene prediction method: Protein Homology.,OG0000661,Cloud,group_1652,Cloud,Cloud,Cloud
GCF_038447315.1,PSR88_RS18390,MIDTCHGTLIVHALYGAECTDESCVELSADRHALIIDCDEFGDCVCSAEFAEQLRHAS,58,hypothetical protein, ,Derived by automated computational analysis using gene prediction method: Protein Homology.,OG0000169,Shell,group_2231,Shell,Shell,Shell
GCF_038447315.1,PSR88_RS18535,MLKAVGPAARTLANFCSCELVVVDDIGMLPAGQNAAVIVAMDNSHRLADASLACACSRSTDDGG,64,hypothetical protein, ,Derived by automated computational analysis using gene prediction method: GeneMarkS-2+.,OG0000450,Cloud,group_352,Cloud,Cloud,Cloud
GCF_038447315.1,PSR88_RS18560,MAKGKRTFQPNNRRRARVHGFRLRMRTRAGRAIVSARRRKGRESLTA,47,50s ribosomal protein l34, ,Derived by automated computational analysis using gene prediction method: Protein Homology.,OG0000052,Conserved,rpmH,Conserved,Shell,Shell
GCF_038447315.1,PSR88_RS19070,MHFAPEKPDGVADGNWIQSDPGKGWFVILRFFSPLQSFFDKTWRPSEVDRVR,52,duf1214 domain-containing protein, ,Derived by automated computational analysis using gene prediction method: Protein Homology.,OG0000359,Cloud,group_1179,Cloud,Cloud,Cloud
GCF_038447315.1,PSR88_RS19080,MEFTDGALARDTVEKAYDHMDFRHGVNVFLNAFQGAVVDVRRILRLYSPLRSFFDKTWRPSEIERVQ,67,hypothetical protein, ,Derived by automated computational analysis using gene prediction method: GeneMarkS-2+.,OG0000662,Cloud,group_202,Cloud,Cloud,Cloud
GCF_038447315.1,PSR88_RS19255,MTNPNEFETSATDRTDANPRTAAPTCCSTERQATCCDLSEKSTCCGPAATAGREGCGCQ,59,hypothetical protein, ,Derived by automated computational analysis using gene prediction method: GeneMarkS-2+.,OG0000243,Shell,group_2376,Cloud,Cloud,Cloud
GCF_038447315.1,PSR88_RS19455,MDFRRTPLARSENYWEQLGSVEARHLDGAERDRLPAPDEQVSLVDHCRGATPDPA,55,hypothetical protein, ,Derived by automated computational analysis using gene prediction method: Protein Homology.,OG0000275,Shell,group_2324,Cloud,Cloud,Cloud
GCF_038447315.1,PSR88_RS19855,MSDRDASIFESERELDEESVRKAQRTVAHHSIDAEDCRMLLAALGIPLVRDLENESLSGTAGAESL,66,hypothetical protein, ,Derived by automated computational analysis using gene prediction method: Protein Homology.,OG0000170,Shell,group_2353,Shell,Shell,Shell
GCF_038447315.1,PSR88_RS19995,MNHEFMLFTTGIPSKVTNEALRKPKTGIRAAARDRVYYPVGGLALNVAMP,50,hypothetical protein, ,Derived by automated computational analysis using gene prediction method: Protein Homology.,OG0000663,Cloud,group_2048,Cloud,Cloud,Cloud
GCF_038447315.1,PSR88_RS20240,MSLYLQPRQSGTAPTPYERKLAGAIEEVFGTGVHHLEGLVKGLNALGIHSPGGDAWTTDTFTDEIRRMGA,70,recombinase-like helix-turn-helix domain-containing protein, ,Derived by automated computational analysis using gene prediction method: Protein Homology.,OG0000171,Shell,,,Shell,Shell
GCF_038447315.1,PSR88_RS20530,MFVCICKAVTEDEVHEHCAAGADSADAIGERCGAGWGCGTCVDRLKEILERSAANSVAA,59,(2fe-2s)-binding protein, ,Derived by automated computational analysis using gene prediction method: Protein Homology.,OG0000150,Shell,group_2172,Shell,Shell,Shell
GCF_038447315.1,PSR88_RS21045,MLFTPEQVAAVLDAEEWDILVSAAPSREARDPEGQSVTVHDTVLHAVRRA,50,hypothetical protein, ,Derived by automated computational analysis using gene prediction method: Protein Homology.,OG0000451,Cloud,group_1300,Cloud,Cloud,Cloud
GCF_038447315.1,PSR88_RS21090,MGIADKASNKAEDLKGQAKEATGKATGDQDLRDEGKADQASSAVKDAGEKVKDTAKNLKDKLT,63,csbd family protein, ,Derived by automated computational analysis using gene prediction method: Protein Homology.,OG0000011,Conserved,group_2411,Conserved,Shell,Shell
GCF_038447315.1,PSR88_RS21330,MTTRLSRRQLFGAEVVGAVTVRWPPGVGHARCPARASGCRGVSPTTCPAR,50,hypothetical protein, ,Derived by automated computational analysis using gene prediction method: GeneMarkS-2+.,OG0000664,Cloud,group_1355,Cloud,Cloud,Cloud
GCF_038447315.1,PSR88_RS21495,MAKYRVIDPQGSVVETKEIPSAGDAHTWFVDVRADNSELGWRMEVDEDGTWAFFDDTEGATEK,63,hypothetical protein, ,Derived by automated computational analysis using gene prediction method: Protein Homology.,OG0000066,Soft core,group_2173,Shell,Shell,Shell
GCF_038447315.1,PSR88_RS21790,MPQSTLQQAKLTAVTEFWDWQLHERCRAVGSATFSARRDQESPGRI,46,hypothetical protein, ,Derived by automated computational analysis using gene prediction method: GeneMarkS-2+.,OG0000299,Cloud,group_1604,Cloud,Cloud,Cloud
GCF_038447315.1,PSR88_RS21910,MSELTSWEYATVPLLTHATKQILDQWGTDGWELVTVLPGPTGEQHVAYLKRPKG,54,duf4177 domain-containing protein, ,Derived by automated computational analysis using gene prediction method: Protein Homology.,OG0000012,Conserved,group_2273,Conserved,Shell,Shell
GCF_038447315.1,PSR88_RS22075,MAQGTVKWFNAEKGFGFIAPEDGSADVFVHYSEIQGSGFRTLEENQRVEFEVGQGTKGPQATGVRAV,67,cold-shock protein, ,Derived by automated computational analysis using gene prediction method: Protein Homology.,OG0000013,Conserved,group_128,Conserved,Shell,Shell
GCF_038447315.1,PSR88_RS22105,MAMQVFSLIAILGALIVLIPTALRVFGKSDNVKAPDETEE,40,hypothetical protein, ,Derived by automated computational analysis using gene prediction method: Protein Homology.,OG0000172,Shell,group_2042,Shell,Shell,Shell
GCF_038447315.1,PSR88_RS22110,MSDSLKDRVREKLLRQLAEDGGHPVQEAEGDDPRLVSIDSDLAALEQATDGDVVIEELAAKYWVP,65,hypothetical protein, ,Derived by automated computational analysis using gene prediction method: Protein Homology.,OG0000014,Conserved,group_2342,Conserved,Soft core,Soft core
GCF_038447315.1,PSR88_RS22475,MVYVSSPSKSVESLGIVLIAVGVVLLALLTLYLVGFDQGAISRSGMYLHELMHDGRHLLGVPCH,64,cbtb domain-containing protein, ,Derived by automated computational analysis using gene prediction method: Protein Homology.,OG0000173,Shell,group_2252,Shell,Shell,Shell
GCF_038447315.1,PSR88_RS22500,MALAYAPGSSVDTTRLAVISFAIVLFAMLALYLVGFDQGAISRSGMYMHELMHDGRHLLGLPCH,64,cbtb domain-containing protein, ,Derived by automated computational analysis using gene prediction method: Protein Homology.,OG0000008,Conserved,group_2468,Conserved,Soft core,Soft core
GCF_038447315.1,PSR88_RS22835,MTLHLAQPSDLLGLVGQTVGTTGPLGTTVTAAQRKPAGIEVAFGFTYDIEGAQRPPCIAGGAVLYR,66,hypothetical protein, ,Derived by automated computational analysis using gene prediction method: Protein Homology.,OG0000452,Cloud,group_214,Cloud,Cloud,Cloud
GCF_038447315.1,PSR88_RS22990,MSPNTLTPPGFRSLPDLAVRTLGGKIVPDSGTARLRLWGSVTEAGRAGLAS,51,hypothetical protein, ,Derived by automated computational analysis using gene prediction method: Protein Homology.,OG0000225,Shell,group_1239,Cloud,Shell,Shell
GCF_038447315.1,PSR88_RS23580,MAQGVVKWFNSEKGFGFIAPDDGSADVFVHYSEISGSGYKSLEENQRVEFEVGQGQKGPQAQNVRAV,67,cold-shock protein, ,Derived by automated computational analysis using gene prediction method: Protein Homology.,OG0000003,Conserved,group_141,Shell,Shell,Shell
GCF_038447315.1,PSR88_RS23860,MEVRVDFDRCEANGVCVGIAPDIFELDDDDQLHISSAVPPADREEDVRTAIAQCPRAALTEHP,63,ferredoxin, ,Derived by automated computational analysis using gene prediction method: Protein Homology.,OG0000005,Conserved,group_2144,Shell,Shell,Shell
GCF_038447315.1,PSR88_RS23935,MAAKTTAENDIADEDLEPLADETARQAQRVVAAYAEDADECRMLLSMLGIGPTSKLD,57,hypothetical protein, ,Derived by automated computational analysis using gene prediction method: Protein Homology.,OG0000015,Conserved,group_859,Shell,Shell,Shell
GCF_038447315.1,PSR88_RS23995,MQVNSCRSAVLDAMEALPALEREALALVYYRGMSCDEVADTMQISVAIVRDRLHEGARRLLAGVGAV,67,sigma factor-like helix-turn-helix dna-binding protein, ,Derived by automated computational analysis using gene prediction method: Protein Homology.,OG0000174,Shell,group_2332,Shell,Shell,Shell
GCF_038447315.1,PSR88_RS24040,MPASSTFHASATTTATRGGATMSTEEIKARIEAMFADEVTDTSPALVE,48,hypothetical protein, ,Derived by automated computational analysis using gene prediction method: Protein Homology.,OG0000002,Conserved,group_2311,Shell,Shell,Shell
GCF_038447315.1,PSR88_RS24045,MTTHNPQNAPHDGEVLVLGAGSGGAIAGGLIATLALSALTLLSSLPT,47,hypothetical protein, ,Derived by automated computational analysis using gene prediction method: Protein Homology.,OG0000146,Shell,group_2277,Shell,Shell,Shell
GCF_038447315.1,PSR88_RS24100,MFSATRTDSAQPPLPGATMEVMMLGLLGALNSGVTLGLANTILTFGGVVLNLNIVVN,57,hypothetical protein, ,Derived by automated computational analysis using gene prediction method: Protein Homology.,OG0000453,Cloud,group_867,Cloud,Cloud,Cloud
GCF_038447315.1,PSR88_RS24500,MSSRIATTLAAIAMTLSLGALAAPAAVAAPAAPSPTPAVGSIAVCLNLPLGSASISFCI,59,hypothetical protein, ,Derived by automated computational analysis using gene prediction method: Protein Homology.,OG0000175,Shell,group_2150,Shell,Shell,Shell
GCF_038447315.1,PSR88_RS24620,MGRGRAKAKQTKVARELKYSVPTTDFDSLQRELSGGSSNSHRDEVFADQRADREGHSREDDDDWRR,66,duf3073 domain-containing protein, ,Derived by automated computational analysis using gene prediction method: Protein Homology.,OG0000049,Conserved,group_209,Shell,Shell,Shell
GCF_038447315.1,PSR88_RS24920,MTPKDSSGPKTTTTDSGAPGADKDVMSDPAEDDKSSGADWSGEGGATPEGPATDTDTED,59,hypothetical protein, ,Derived by automated computational analysis using gene prediction method: Protein Homology.,OG0000020,Core,group_2276,Shell,Shell,Shell
GCF_038447315.1,PSR88_RS25215,MANNSKKQYVDPGWPETADGDSAVTELSSSRAGGLSPFGEDTEFPLPADSLPYAHPHTVINR,62,hypothetical protein, ,Derived by automated computational analysis using gene prediction method: Protein Homology.,OG0000048,Conserved,group_2147,Shell,Shell,Shell
GCF_038447315.1,PSR88_RS25540,MLGIMLGLGGAAIGLGIGVMALGVGLLLSDATIKHDVGELPD,42,hypothetical protein, ,Derived by automated computational analysis using gene prediction method: GeneMarkS-2+.,OG0000176,Shell,group_1761,Shell,Shell,Shell
GCF_038447315.1,PSR88_RS25595,MSFVDTLKGLLGKGREAASQNADKVHGAIDKAADVADSKTGGKYSDKIDKAADAAKKAVPPKE,63,antitoxin, ,Derived by automated computational analysis using gene prediction method: Protein Homology.,OG0000010,Conserved,group_2241,Shell,Shell,Shell
GCF_038447315.1,PSR88_RS25690,MARGDHPQRTPFYGVVLIVVALAAAMIVNRTAPVWVQVPVYVLAVLAAMAGFVMTFRDRS,60,hypothetical protein, ,Derived by automated computational analysis using gene prediction method: Protein Homology.,OG0000209,Shell,group_2174,Shell,Shell,Shell
GCF_038447315.1,PSR88_RS26020,MKANSDRHDQHLPEHQRIADLVDDMEDRLVAEREAKGIAGNASERKQAEQVEPDDQAPE,59,hypothetical protein, ,Derived by automated computational analysis using gene prediction method: Protein Homology.,OG0000177,Shell,group_2271,Shell,Shell,Shell
GCF_038447315.1,PSR88_RS26085,MIVLGIILLVIGLVAGISILTTIGIILLVIGLVLLVLGTTGRAVGGRKYWY,51,duf6131 family protein, ,Derived by automated computational analysis using gene prediction method: Protein Homology.,OG0000193,Shell,group_2133,Shell,Shell,Shell
GCF_038447315.1,PSR88_RS26090,MRIGRLVTLIVIIWLIIGAVAVWQRGYFKDTAADCASAGTIAVTVIAGPLNYAGVNPKIDCEVPQPSQ,68,hypothetical protein, ,Derived by automated computational analysis using gene prediction method: Protein Homology.,OG0000017,Conserved,group_2272,Shell,Shell,Shell
GCF_038447315.1,PSR88_RS26385,MGKFLVPGVVSAVVGVALGTVATLGITAAAQDNTRPEIDRSGNADSSLLNQVEYGSR,57,duf2613 domain-containing protein, ,Derived by automated computational analysis using gene prediction method: Protein Homology.,OG0000016,Conserved,group_860,Shell,Shell,Shell
GCF_038447315.1,PSR88_RS27205,MSTALEESRRHAIELTNEKIQAVKDFFTNIFRLDTTHRTEA,41,hypothetical protein, ,Derived by automated computational analysis using gene prediction method: GeneMarkS-2+.,OG0000178,Shell,group_2433,Shell,Shell,Shell
GCF_038447315.1,PSR88_RS27380,MWWIAWVALVWVALSVPLAIVIGKAIRQKDLHELPAKEDATSKNDPPDRTVA,52,hypothetical protein, ,Derived by automated computational analysis using gene prediction method: Protein Homology.,OG0000079,Soft core,group_2417,Shell,Shell,Shell
GCF_038447315.1,PSR88_RS27905,MIMHVTETPTPTVSRTMWTTEEIKARLEEMNIPRSRTRRGPRWGNRDR,48,hypothetical protein, ,Derived by automated computational analysis using gene prediction method: Protein Homology.,OG0000179,Shell,group_2404,Shell,Shell,Shell
GCF_038447315.1,PSR88_RS28185,MTTLITLACMILLAAAVAHYGPKEGGTGLFRLEQFRIGAPLGGIFPDQSSSPEDPHWPSSDDQRTGGGSS,70,hypothetical protein, ,Derived by automated computational analysis using gene prediction method: Protein Homology.,OG0000194,Shell,,,Shell,Shell
GCF_038447315.1,PSR88_RS28355,MSTATTPVTPESGTARTNWRVEKPLFSTVLFAVYVGIAVWAGLYLRDRTVRELLPLRREG,60,hypothetical protein, ,Derived by automated computational analysis using gene prediction method: GeneMarkS-2+.,OG0000455,Cloud,group_669,Cloud,Cloud,Cloud
GCF_038447315.1,PSR88_RS28495,MAARNEIRPIVKLKSTAGTGYTYVTRKNRRNDPDRLVMKKYDPVVRKHVDFREEK,55,50s ribosomal protein l33, ,Derived by automated computational analysis using gene prediction method: Protein Homology.,OG0000047,Conserved,group_2305,Shell,Shell,Shell
GCF_038447315.1,PSR88_RS28515,MAVPKRRMSRSNTRSRRSQWKAQAPDLVGVTVGGATHRVPRRLVKAVKLGLVDPAGK,57,50s ribosomal protein l32, ,Derived by automated computational analysis using gene prediction method: Protein Homology.,OG0000060,Soft core,group_2234,Shell,Shell,Shell
GCF_038447315.1,PSR88_RS28635,MSDAELRKAIRVLRERADDARHRGNDDDANGIERTIRTYQEEMTQRL,47,hypothetical protein, ,Derived by automated computational analysis using gene prediction method: Protein Homology.,OG0000059,Core,group_1481,Shell,Shell,Shell
GCF_038447315.1,PSR88_RS28720,MAAPTVAPQLALTPELSQLALTPELSQLALTPELSQLALTPE,42,hypothetical protein, ,Derived by automated computational analysis using gene prediction method: GeneMarkS-2+.,OG0000665,Cloud,group_1820,Cloud,Cloud,Cloud
GCF_038447315.1,PSR88_RS28790,MAEGIVKWFNSEKGFGFIAPEDGSADVFVHYSEIQSGGFRTLEENQRVSFEIGQGNKGPQATGVTLI,67,cold-shock protein, ,Derived by automated computational analysis using gene prediction method: Protein Homology.,OG0000046,Conserved,group_2233,Shell,Shell,Shell
GCF_038447315.1,PSR88_RS28880,MGLEREQGTVGVVCIATVVPYRIPATGALSVSMPAEVASYPGELERIAGVLTKHASAWARELRAEGVR,68,hypothetical protein, ,Derived by automated computational analysis using gene prediction method: Protein Homology.,OG0000456,Cloud,group_2044,Cloud,Cloud,Cloud
GCF_038447315.1,PSR88_RS28960,MDDAFEQELERRLLLLESPDGGGMILPDLPWRDVAAAIAGIVVTITVMSWWAY,53,hypothetical protein, ,Derived by automated computational analysis using gene prediction method: Protein Homology.,OG0000272,Shell,group_2312,Shell,Shell,Shell
GCF_038447315.1,PSR88_RS29670,MSEDRRISRLLPVRRVLAAAGIAGLVAGGGMAAAADPATPDSTVAAPLVSAGFGAPDAVSSGS,63,hypothetical protein, ,Derived by automated computational analysis using gene prediction method: Protein Homology.,OG0000180,Shell,group_2175,Shell,Shell,Shell
GCF_038447315.1,PSR88_RS29815,MNRVVGAVRTAWWWTGSLMGDHDYSRYVEHLRRNHPEAEVPTEREYWKARYADADANPGARCC,63,ybdd/yjix family protein, ,Derived by automated computational analysis using gene prediction method: Protein Homology.,OG0000045,Conserved,group_2289,Shell,Core,Shell
GCF_038447315.1,PSR88_RS29885,MAMTLRLTEEQERALTLLADAQGVSKQEATVRAIVEAAARHTHDERVRALSRGGRERYATLLDRLAQ,67,hypothetical protein, ,Derived by automated computational analysis using gene prediction method: Protein Homology.,OG0000320,Cloud,group_2301,Cloud,Cloud,Cloud
GCF_038447315.1,PSR88_RS29895,MAEPVKGPASYFPSIEEKYGRPISEWQTLIRASELTKHMELVSWLKSEHGLGHGHANALVAHTLKEDAAA,70,duf4287 domain-containing protein, ,Derived by automated computational analysis using gene prediction method: Protein Homology.,OG0000027,Conserved,,,Shell,Shell
GCF_038447315.1,PSR88_RS29950,MDLAFLSEFFSAFSDLAGALDFFSGSADALGGGADAATAAAATIG,45,hypothetical protein, ,Derived by automated computational analysis using gene prediction method: Protein Homology.,OG0000181,Shell,group_2197,Shell,Shell,Shell
GCF_038447315.1,PSR88_RS30100,MGKVKASKVSGLKPKKKCCRSKTRCIKCPVVIMRMKKLENEGASKKELKKGLKKARAA,58,hypothetical protein, ,Derived by automated computational analysis using gene prediction method: Protein Homology.,OG0000044,Conserved,group_2219,Shell,Shell,Shell
GCF_038447315.1,PSR88_RS30120,MYNWDVQNAIVAFVDTLRPSWPAQHDLYYSVLYGFADMQSHLLTLLGYPPVA,52,hypothetical protein, ,Derived by automated computational analysis using gene prediction method: Protein Homology.,OG0000058,Core,group_1177,Shell,Shell,Shell
GCF_038447315.1,PSR88_RS30160,MTSFDAADSPEVPEADRLEQELAVDDDSSDEVEEVSSLEVNEADVAEQSRAVPVDEDYPRG,61,hypothetical protein, ,Derived by automated computational analysis using gene prediction method: Protein Homology.,OG0000057,Core,group_2212,Shell,Shell,Shell
GCF_038447315.1,PSR88_RS30305,MAAMKPRTGDGPLEATKEGRGIVMRVPLEGGGRLVVELTPEEAAALGEELKGVTS,55,duf3117 domain-containing protein, ,Derived by automated computational analysis using gene prediction method: Protein Homology.,OG0000043,Conserved,group_1006,Shell,Shell,Shell
GCF_038447315.1,PSR88_RS30780,MYFGPGRVFATAPLIASTPDQSFTLARSDTIASMLDDHADILREQILADRIP,52,hypothetical protein, ,Derived by automated computational analysis using gene prediction method: Protein Homology.,OG0000457,Cloud,group_1180,Cloud,Cloud,Cloud
GCF_038447315.1,PSR88_RS30805,MSDRDNNVLENDLVEESLVEEVSIDGMCGVY,31,mycofactocin precursor mfta, ,"Mycofactocin is a small molecule electron carrier derived from the final two amino acids, Val-Tyr, of MftA, the mycofactocin precursor. It plays a role in redox homeostasis and the metabolism of alcohols and aldehydes in Actinobacteria, including Mycobacterium tuberculosis; Derived by automated computational analysis using gene prediction method: Protein Homology.",OG0000009,Conserved,group_2326,Conserved,Shell,Shell
GCF_038447315.1,PSR88_RS31175,MAKKALVNKANKKPKFAVRAYTRCQRCGRPHSVFRKFGLCRICVREMAHAGELPGVHKSSW,61,type z 30s ribosomal protein s14, ,Derived by automated computational analysis using gene prediction method: Protein Homology.,OG0000028,Conserved,group_2294,Conserved,Shell,Shell
GCF_038447315.1,PSR88_RS31200,MAELKVTQIKSTIGTKQNQRNSLRTLGLKGIRQTVVREDNAQNRGLINVVRHLVTVEEV,59,50s ribosomal protein l30, ,Derived by automated computational analysis using gene prediction method: Protein Homology.,OG0000029,Conserved,rpmD,Conserved,Shell,Shell
GCF_038447315.1,PSR88_RS31235,MKVQPSVKKICEKCKVIRRNGRVMVICENLRHKQRQG,37,50s ribosomal protein l36, ,Derived by automated computational analysis using gene prediction method: Protein Homology.,OG0000030,Conserved,rpmJ,Conserved,Shell,Shell
GCF_038447315.1,PSR88_RS31650,MPQHTDLPVLASSADLADILGVTERTVNTWRNNGLDVVGSYLPAGSRTPIDLFSVEDARRMQRRNAA,67,hypothetical protein, ,Derived by automated computational analysis using gene prediction method: GeneMarkS-2+.,OG0000666,Cloud,group_203,Cloud,Cloud,Cloud
GCF_038447315.1,PSR88_RS31905,MIRAVALALLAVGAYAVVSEHEPATVELPPPSFVPATADLTTA,43,hypothetical protein, ,Derived by automated computational analysis using gene prediction method: GeneMarkS-2+.,OG0000220,Shell,group_2379,Shell,Shell,Shell
GCF_038447315.1,PSR88_RS32050,MVEVDGREFHSENDRRRQNWLVSEGWMVLRFAAYDVLAHPDVVAGEIFDSVRRRRRSRRPK,61,duf559 domain-containing protein, ,Derived by automated computational analysis using gene prediction method: Protein Homology.,OG0000667,Cloud,group_664,Cloud,Cloud,Cloud
GCF_038447315.1,PSR88_RS32085,MCRVCGHVDQADHNAALNIAYLGYAKYMTTTHGYWAA,37,hypothetical protein, ,Derived by automated computational analysis using gene prediction method: Protein Homology.,OG0000458,Cloud,group_1930,Cloud,Cloud,Cloud
GCF_038447315.1,PSR88_RS32095,MAEVCDAFGVALTEFNAKHDHVHLPIHDPRPTDS,34,hypothetical protein, ,Derived by automated computational analysis using gene prediction method: Protein Homology.,OG0000668,Cloud,group_1938,Cloud,Cloud,Cloud
GCF_038447315.1,PSR88_RS32405,MLVIGILLTLSLASVAWLCVSTARGGRSGLAGPPRSHLHSD,41,hypothetical protein, ,Derived by automated computational analysis using gene prediction method: GeneMarkS-2+.,OG0000182,Shell,group_2124,Shell,Shell,Shell
GCF_038447315.1,PSR88_RS32645,MTFTVTHRSFDQLAEFAVTDFGDDDSYSIHESGALVIVRAARELIYAPGSWFLVEREDGQEDGSPGNYM,69,hypothetical protein, ,Derived by automated computational analysis using gene prediction method: GeneMarkS-2+.,OG0000151,Shell,group_2,Shell,Shell,Shell
GCF_038447315.1,PSR88_RS33040,MTDASNEDTKKKFREALERKNHQAGLSTDHKDGHSKAHEAHGPADHKREFRRKTG,55,duf5302 domain-containing protein, ,Derived by automated computational analysis using gene prediction method: Protein Homology.,OG0000031,Conserved,group_2470,Core,Shell,Shell
GCF_038447315.1,PSR88_RS33130,MAAVCDVCAKGPGFGKSVSHSHRRTNRRWNPNIQTVRAEVAPGNTRKVNVCTSCLKAGKVARG,63,50s ribosomal protein l28, ,Derived by automated computational analysis using gene prediction method: Protein Homology.,OG0000032,Conserved,rpmB,Conserved,Soft core,Soft core
GCF_038447315.1,PSR88_RS33170,MAVPKRRMSRSNTRSRRSQWKTTVPTLVTCPNRGCGEKTLPHVACPSCGTYKGRQVTAAV,60,50s ribosomal protein l32, ,Derived by automated computational analysis using gene prediction method: Protein Homology.,OG0000033,Conserved,group_2479,Conserved,Soft core,Soft core
GCF_038447315.1,PSR88_RS33800,MQFINPKGRYLPNQDEPRLLDNRGPACYDVTGVPDQVPGYGAQITPASYAGSKMQAPRP,59,hypothetical protein, ,Derived by automated computational analysis using gene prediction method: GeneMarkS-2+.,OG0000459,Cloud,group_738,Cloud,Cloud,Cloud
GCF_038447315.1,PSR88_RS34070,MRLLRGLLDVVLGILTAVLGTVLGIVAAVVWIVGGVLCVTVILLPLGLPVVRLARRLFTLARKLMHFP,68,hypothetical protein, ,Derived by automated computational analysis using gene prediction method: Protein Homology.,OG0000152,Shell,group_2196,Shell,Shell,Shell
GCF_038447315.1,PSR88_RS34265,MFWKIVLAVAAIWIALAVVGALVKGLFWILVVSAVVFGVYLLIKAMSGSGEKSDITRS,58,hypothetical protein, ,Derived by automated computational analysis using gene prediction method: Protein Homology.,OG0000034,Conserved,group_808,Shell,Soft core,Shell
GCF_038447315.1,PSR88_RS34290,MRLTEFHQLVREEFGQMRGDALLVDHVLLSLGGKTAAEAIEDGREPREVWRELCVEFDVPPQRR,64,duf3046 domain-containing protein, ,Derived by automated computational analysis using gene prediction method: Protein Homology.,OG0000035,Conserved,group_2481,Conserved,Soft core,Soft core
GCF_038447315.1,PSR88_RS34415,MCSFERVIERPEGSDADRVGSGYDNGSDDNGSDDNGYEQRRYR,43,hypothetical protein, ,Derived by automated computational analysis using gene prediction method: GeneMarkS-2+.,OG0000669,Cloud,group_1758,Cloud,Cloud,Cloud
GCF_038447315.1,PSR88_RS34570,MPGTLTSPPLTAADRCDRCGAGARVRAVLPTGGELLFCGHHANEHADRLREMNATIVSEAEAAI,64,hypothetical protein, ,Derived by automated computational analysis using gene prediction method: Protein Homology.,OG0000036,Conserved,group_2483,Conserved,Shell,Shell
GCF_038447315.1,PSR88_RS34820,MFYLGYADSGIVRDRRGDRLRRGAGLVTVRSWRLAHPGTIESIKTVAAITRLRDSTGMTLREAKDAVDQL,70,hypothetical protein, ,Derived by automated computational analysis using gene prediction method: Protein Homology.,OG0000361,Cloud,,,Cloud,Cloud
GCF_038447315.1,PSR88_RS35015,MGGAGMAGAGRGGDDQLSGRSTPSYLVNAGENNACVGDLPMVVPAVIGGEDLDDSPFGDRS,61,hypothetical protein, ,Derived by automated computational analysis using gene prediction method: Protein Homology.,OG0000321,Cloud,group_598,Cloud,Cloud,Cloud
GCF_038447315.1,PSR88_RS35110,MHPSLPMKQRIPGGAERLSQPVIGAGAALSVAMPAWMVTHSPCATAAIVAATFAGLIAAAVMLRPSP,67,hypothetical protein, ,Derived by automated computational analysis using gene prediction method: Protein Homology.,OG0000460,Cloud,group_145,Cloud,Cloud,Cloud
GCF_038447315.1,PSR88_RS35120,MIHQEIREWVAELMQLDIATASPGELAKLDAMTALAEGQYVQQLLNLHEFRPLVG,55,hypothetical protein, ,Derived by automated computational analysis using gene prediction method: Protein Homology.,OG0000120,Shell,group_1013,Cloud,Cloud,Cloud
GCF_038447315.1,PSR88_RS35185,MTTTVGDLMQVTRVLDPASDAASFTLLDENGVVAPAERYLRYLADVERSPNTGARPRPRGLVHLPERSRM,70,hypothetical protein, ,Derived by automated computational analysis using gene prediction method: GeneMarkS-2+.,OG0000735,Cloud,,,Cloud,Cloud
GCF_038447315.1,PSR88_RS35240,MTENPGTHTLLNVGDKVKVHAEGTSVFTIVSIDGDEALIESVLGAPGTYPFHCTLERLVPFES,63,hypothetical protein, ,Derived by automated computational analysis using gene prediction method: Protein Homology.,OG0000072,Soft core,group_434,Cloud,Cloud,Cloud
GCF_038447315.1,PSR88_RS35245,MTRLHPSASAPHHAIPTHRVLSTPEILQRIQAMYTDRDENGGPAGTLVDLLTIQSNGPTPVHLIGGGGE,69,hypothetical protein, ,Derived by automated computational analysis using gene prediction method: GeneMarkS-2+.,OG0000322,Cloud,group_6,Cloud,Cloud,Cloud
GCF_038447315.1,PSR88_RS35255,MVYSYKVVEVREKMIGGKMSGDKLERLLNQHAQQGWRLKTITSTDVKGRLGPSGVEGLLITFEREN,66,duf4177 domain-containing protein, ,Derived by automated computational analysis using gene prediction method: Protein Homology.,OG0000370,Cloud,group_2034,Cloud,Cloud,Cloud
GCF_038447315.1,PSR88_RS35430,MAGVELTTGLTVTAVTERGTHAIVTTSSDIHDSEGRPVGVPYCPVRRSRGPRVRGVRVRT,60,hypothetical protein, ,Derived by automated computational analysis using gene prediction method: Protein Homology.,OG0000461,Cloud,group_670,Cloud,Cloud,Cloud
GCF_038447315.1,PSR88_RS35455,MPCREDVVVGNDHPLDAHTASGSGYPTRTLPAARRLSAGGETLDR,45,hypothetical protein, ,Derived by automated computational analysis using gene prediction method: GeneMarkS-2+.,OG0000462,Cloud,group_1609,Cloud,Cloud,Cloud
GCF_038447315.1,PSR88_RS35465,MKMKSYQRTVADWLAERDELVVEILELEGRLERATRRLEEVSAEIAWPGGAR,52,hypothetical protein, ,Derived by automated computational analysis using gene prediction method: GeneMarkS-2+.,OG0000250,Shell,group_1181,Cloud,Cloud,Cloud
GCF_038447315.1,PSR88_RS35675,MVFFLFGYGTKRQHLGPGQTRTCPHCHNTTQWARMREFKQFALFFVPVARWKRRQLEECGICGTAVEV,68,zinc-ribbon domain-containing protein, ,Derived by automated computational analysis using gene prediction method: Protein Homology.,OG0000463,Cloud,group_64,Cloud,Cloud,Cloud
GCF_038447315.1,PSR88_RS35855,MVTIRSKHLGALVNEVDAIETLPAWSFGIRQLFEYLHTHTVPPLPVTTGVGGGLLESRV,59,hypothetical protein, ,Derived by automated computational analysis using gene prediction method: Protein Homology.,OG0000464,Cloud,group_740,Cloud,Cloud,Cloud
GCF_038447315.1,PSR88_RS36470,MSGHPAVVSAVQDAVARDGSSRSASRLLSGENPVHRELKAELAGLLGTEDGSPS,54,polyketide synthase, ,Derived by automated computational analysis using gene prediction method: Protein Homology.,OG0000276,Shell,group_2204,Shell,Cloud,Shell
GCF_038447315.1,PSR88_RS36630,MDLTAIGVGFGYVVVVLTILVVVVGVSALFVFSIKSDFIPPESPGTPTGRKRIGRAE,57,hypothetical protein, ,Derived by automated computational analysis using gene prediction method: Protein Homology.,OG0000195,Shell,group_868,Shell,Cloud,Shell
GCF_038447315.1,PSR88_RS36725,MIGSLLWLIRSAAINTVLDGTEKITTKSLDAVDADITSESSAPPVG,46,hypothetical protein, ,Derived by automated computational analysis using gene prediction method: GeneMarkS-2+.,OG0000317,Cloud,group_1993,Cloud,Cloud,Cloud
GCF_038447315.1,PSR88_RS38735,MVIRRPLDDRARRERAIRAARTTSELEGSRSTDVTRADQDAYVRGEIDIEQLGSRVRARYNLA,63,antitoxin vbha family protein, ,Derived by automated computational analysis using gene prediction method: Protein Homology.,OG0000377,Cloud,group_2618,Cloud,Cloud,Cloud
GCF_038447315.1,PSR88_RS38765,MACGPRRGAGIGGDTVECVVVRPVLEHPDGAPPAVKPTMNIDPLAHHNPIERCRSVCGIRLAAG,64,hypothetical protein, ,Derived by automated computational analysis using gene prediction method: GeneMarkS-2+.,OG0000670,Cloud,group_2626,Cloud,Cloud,Cloud
GCF_038447315.1,PSR88_RS38785,MNHEQMTQERREAFWRKYRWTPDLPPEQRKAIEQVWTDEKIEEAEALGF,49,hypothetical protein, ,Derived by automated computational analysis using gene prediction method: GeneMarkS-2+.,OG0000153,Shell,group_2622,Cloud,Cloud,Cloud
GCF_038447315.1,PSR88_RS38980,MVASLIFNGVTYDISQTRFEATRELLARFAEGHTTGVAMSLTHGGARHHLYITPGVPITLVE,62,hypothetical protein, ,Derived by automated computational analysis using gene prediction method: Protein Homology.,OG0000130,Shell,group_2609,Cloud,Cloud,Cloud
GCF_038447315.1,PSR88_RS39035,MDLFYGPSLGVAQTRSGTVIAAFNAGGMPGYLGTPTTLLPGAGVWAVP,48,hypothetical protein, ,Derived by automated computational analysis using gene prediction method: GeneMarkS-2+.,OG0000304,Cloud,group_2614,Cloud,Cloud,Cloud
GCF_038447315.1,PSR88_RS39060,MTVQVIQSSGHNGWAVRCDLCEHRFDAAVAGQAAAVAFARINGWVVGETTRCPMCATAHIG,61,hypothetical protein, ,Derived by automated computational analysis using gene prediction method: GeneMarkS-2+.,OG0000154,Shell,group_2608,Cloud,Cloud,Cloud
GCF_038447315.1,PSR88_RS39085,MGGVTYDISHTRFEATRELLARFAEGHTTGVAMSLTHGGARHHLYITPGVPITLVE,56,hypothetical protein, ,Derived by automated computational analysis using gene prediction method: Protein Homology.,OG0000130,Shell,group_2620,Cloud,Cloud,Cloud
GCF_038447315.1,PSR88_RS39245,MIRTHDALPWIAPVAVAGLGTLVAVYARRSDEWHTNERFWAGLLSFA,47,hypothetical protein, ,Derived by automated computational analysis using gene prediction method: GeneMarkS-2+.,OG0000402,Cloud,group_2616,Cloud,Cloud,Cloud
GCF_038447315.1,PSR88_RS39465,MTRCDEFRTVVDPIPKLDVPRNDLAVFVRDAQPVDGSVNPADVLLEQLHRSSMAVRRGQVRNLRITRDQV,70,hypothetical protein, ,Derived by automated computational analysis using gene prediction method: GeneMarkS-2+.,OG0000671,Cloud,,,Cloud,Cloud
GCF_038447315.1,PSR88_RS39555,MRLVLSLAFGGIVYVKQSQWNTMKGGDFRCPRGGVQRTAGTVDSDDDVTMTGGDAALVRSP,61,hypothetical protein, ,Derived by automated computational analysis using gene prediction method: Protein Homology.,OG0000672,Cloud,group_2610,Cloud,Cloud,Cloud
GCF_038447315.1,PSR88_RS39580,MPKTIIPVIAAVWLALAAIGAWSTIAFALAVLAALVLGTYLLASAVTGPGTGHR,54,hypothetical protein, ,Derived by automated computational analysis using gene prediction method: Protein Homology.,OG0000205,Shell,group_2627,Cloud,Cloud,Cloud
GCF_038447315.1,PSR88_RS39640,MRILVTTASEHGATTELAGRAGAGHRGRGPTAEAAEPDNNRSRDSATARVDTRRPGQETGR,61,hypothetical protein, ,Derived by automated computational analysis using gene prediction method: GeneMarkS-2+.,OG0000673,Cloud,group_2611,Cloud,Cloud,Cloud
GCF_038447315.1,PSR88_RS39860,MSDSNTGAAGGGAIYALGIFGAWVWFWQQADAFWEYVLAIVQGLLWPAWMVYEVFKALAG,60,hypothetical protein, ,Derived by automated computational analysis using gene prediction method: Protein Homology.,OG0000202,Shell,group_2612,Cloud,Cloud,Cloud
GCF_038447315.1,PSR88_RS39875,MAQGIVKWFNGEKGFGFIKPDDGGADLFVHYSEIAGSGFKSLEENQRVEFEVGQGQKGPQAQNVRPI,67,cold-shock protein, ,Derived by automated computational analysis using gene prediction method: Protein Homology.,OG0000674,Cloud,group_2623,Cloud,Cloud,Cloud
GCF_038447315.1,PSR88_RS39945,MAALPKAVQHDLVDDGRRDLAQMTIAKVMEHNVADTKRSRAAVGS,45,hypothetical protein, ,Derived by automated computational analysis using gene prediction method: GeneMarkS-2+.,OG0000675,Cloud,group_2619,Cloud,Cloud,Cloud
GCF_038447315.1,PSR88_RS39955,MCYPTTCAHCRKTTWGGCGRHADSVMRSVPAGNRCTCADESATQTKSGLFRTLFGR,56,hypothetical protein, ,Derived by automated computational analysis using gene prediction method: Protein Homology.,OG0000473,Cloud,group_2621,Cloud,Cloud,Cloud
GCF_038447315.1,PSR88_RS40195,MNSASIVGMAVTAVVLNLIGWGVLVVPGNHGPGRHLSAPAAVVHSVIGADSGGFSPGARIGPIPL,65,hypothetical protein, ,Derived by automated computational analysis using gene prediction method: Protein Homology.,OG0000676,Cloud,group_2613,Cloud,Cloud,Cloud
GCF_038447315.1,PSR88_RS40340,MSSVTTTLVQITRHPATRAAFKCAVLCAAAAVGRRLDGPHPVPDTPGGHNRGCSA,55,hypothetical protein, ,Derived by automated computational analysis using gene prediction method: GeneMarkS-2+.,OG0000512,Cloud,group_2624,Cloud,Cloud,Cloud
GCF_038447315.1,PSR88_RS40355,MSTTTVTVTGMTCGHCVSSVREEIGSIPGVTGVDVDLASGRVDIDSAAPIEQAALARAVDEAGYQLAG,68,heavy metal-associated domain-containing protein, ,Derived by automated computational analysis using gene prediction method: Protein Homology.,OG0000006,Conserved,group_2617,Cloud,Cloud,Cloud
GCF_038447315.1,PSR88_RS40370,MRDFVFDGHRVPAHAAALAQARRRVGAKPLRALWASSRVAAAVPRAATC,49,hypothetical protein, ,Derived by automated computational analysis using gene prediction method: GeneMarkS-2+.,OG0002371,,,,,Probably not conserved
GCF_038447315.1,PSR88_RS36840,MTNEKGMNMDNEASSVEKRAKALLSEIVLDDNAEGAHRRKVDLSWSSSGRSLP,53,hypothetical protein, ,Derived by automated computational analysis using gene prediction method: GeneMarkS-2+.,OG0000235,Shell,group_1120,Cloud,Cloud,Cloud
GCF_038447315.1,PSR88_RS36955,MVVDGGRVLLPWAHEQFSGPDEGDVVTSSWEYDFARLVDHFEGVSEFDEAFATAGFKIVD,60,hypothetical protein, ,Derived by automated computational analysis using gene prediction method: GeneMarkS-2+.,OG0000471,Cloud,group_672,Cloud,Cloud,Cloud
GCF_038447315.1,PSR88_RS37110,MTADKLRHRRPDLTFHPDIFAAPAQFRVVKAAPHDDAVPAADTTQGKEGSGADAYTGRRDGKGL,64,hypothetical protein, ,Derived by automated computational analysis using gene prediction method: GeneMarkS-2+.,OG0000217,Shell,group_354,Cloud,Cloud,Cloud
GCF_038447315.1,PSR88_RS37220,MPAEREPDSEVRVTALIEALTWPNSLVDAPTPEFPDPRPE,40,hypothetical protein, ,Derived by automated computational analysis using gene prediction method: GeneMarkS-2+.,OG0000371,Cloud,group_1878,Cloud,Cloud,Cloud
GCF_038447315.1,PSR88_RS37280,MVTSVRDGRQLDYRVVAFGDNPQNLPERTGSASVRHPAEAAAILVDPPLPTHGRDDAA,58,hypothetical protein, ,Derived by automated computational analysis using gene prediction method: GeneMarkS-2+.,OG0000323,Cloud,group_2003,Cloud,Cloud,Cloud
GCF_038447315.1,PSR88_RS37425,MAVVKANLGACQGYANCVVAADDYFDIDDDGVVELLSVEVPESERGRVDSAARSCPVSALWIED,64,ferredoxin, ,Derived by automated computational analysis using gene prediction method: Protein Homology.,OG0000001,Conserved,group_2004,Cloud,Cloud,Cloud
GCF_038447315.1,PSR88_RS37510,MYRWFPDASLTVVQALLKTRSGKILRKTMRQIADHEEYRALHHRGRRRPRRAEATVTCAPATGIGRR,67,hypothetical protein, ,Derived by automated computational analysis using gene prediction method: GeneMarkS-2+.,OG0000277,Cloud,group_2006,Cloud,Cloud,Cloud
GCF_038447315.1,PSR88_RS37600,MLATDQRSAVIGVRLEPHHCEVSIGFGELEPDAGLRARFDHWVLTVYHRAPQPK,54,hypothetical protein, ,Derived by automated computational analysis using gene prediction method: GeneMarkS-2+.,OG0000684,Cloud,group_1114,Cloud,Cloud,Cloud
GCF_038447315.1,PSR88_RS37610,MQSEPVIAESAYKHGIDSADMVHAFNNAITAFDLGEGFIMLVGPALDATLLGIGYVTPT,59,hypothetical protein, ,Derived by automated computational analysis using gene prediction method: GeneMarkS-2+.,OG0000683,Cloud,group_805,Cloud,Cloud,Cloud
GCF_038447315.1,PSR88_RS37640,MASLIFNGVTYDISQTRFEATRELLARFAEGHTRGVAMSLTHGGARHHLYITPGVPITLVE,61,hypothetical protein, ,Derived by automated computational analysis using gene prediction method: Protein Homology.,OG0000130,Shell,group_2463,Cloud,Cloud,Cloud
GCF_038447315.1,PSR88_RS37700,MGDLVVTVVMVGSFVGAAPMIRYLNTRPARPGPARVPTAGSSGTGRAADSPHR,53,hypothetical protein, ,Derived by automated computational analysis using gene prediction method: GeneMarkS-2+.,OG0000242,Shell,group_1173,Cloud,Cloud,Cloud
GCF_038447315.1,PSR88_RS37725,MTGRRQVTRGHRVSNGPWWFSSSGGGRFDLSAPRGTCYVAFDEATAIRETVGRRWPRSG,59,res domain-containing protein, ,Derived by automated computational analysis using gene prediction method: Protein Homology.,OG0000365,Cloud,group_742,Cloud,Cloud,Cloud
GCF_038447315.1,PSR88_RS37730,MTGRPNVVLWNPAADSFPADLEFTRPLDHPRVRPILRTAARTIGYASTV,49,hypothetical protein, ,Derived by automated computational analysis using gene prediction method: GeneMarkS-2+.,OG0000470,Cloud,group_2065,Cloud,Cloud,Cloud
GCF_038447315.1,PSR88_RS37740,MSPGVVGVKMADAGQRPGVVPARRLLRRGDGVESVSMSAPPRLA,44,hypothetical protein, ,Derived by automated computational analysis using gene prediction method: GeneMarkS-2+.,OG0000469,Cloud,group_1657,Cloud,Cloud,Cloud
GCF_038447315.1,PSR88_RS37750,MGDMASSAGEQLWQTLSDSGLALVCVRGPQRRWADLLLPGNESVGELTWLARHTDEVAEQYRDHR,65,hypothetical protein, ,Derived by automated computational analysis using gene prediction method: Protein Homology.,OG0000143,Shell,group_2488,Shell,Cloud,Shell
GCF_038447315.1,PSR88_RS37760,MARITENLGASLLNTLRVGVVGTVLYAGLIMGVVVVAVWKFPMPGV,46,hypothetical protein, ,Derived by automated computational analysis using gene prediction method: Protein Homology.,OG0000126,Shell,group_2480,Cloud,Cloud,Cloud
GCF_038447315.1,PSR88_RS37960,MARAAIRMVQDSPKVVEADRQQTLPIGSTGQQAAVGQASSPATKT,45,hypothetical protein, ,Derived by automated computational analysis using gene prediction method: GeneMarkS-2+.,OG0000682,Cloud,group_1654,Cloud,Cloud,Cloud
GCF_038447315.1,PSR88_RS38080,MNTHKALLMLLLGGTAALEVLLRRPTPRRRGQGAPFHANG,40,hypothetical protein, ,Derived by automated computational analysis using gene prediction method: GeneMarkS-2+.,OG0000127,Shell,group_2457,Shell,Cloud,Shell
GCF_038447315.1,PSR88_RS38095,MTDTVVDAVAALHVTEYWVVEVDRHDGTCCTFGPFTADAAWARLEHRTAPTRFAAVVGKR,60,hypothetical protein, ,Derived by automated computational analysis using gene prediction method: Protein Homology.,OG0000254,Cloud,group_671,Cloud,Cloud,Cloud
GCF_038447315.1,PSR88_RS38105,MAQGIVKWFNGEKGFGFIAPDDGTPDVFVHYSEISGSGFKSLDENQRVEFEVGQGQKGPQATNVRSV,67,cold-shock protein, ,Derived by automated computational analysis using gene prediction method: Protein Homology.,OG0000003,Conserved,"group_1996, group_1997",Shell,Cloud,Cloud
GCF_038447315.1,PSR88_RS38110,MGLQSPHWDQQEAMPIGATHVGGTHEYVAAIPAHSWSRRLAGTTGHVRQRHHQSATTRHWKCIDDRS,67,hypothetical protein, ,Derived by automated computational analysis using gene prediction method: GeneMarkS-2+.,OG0000681,Cloud,group_205,Cloud,Cloud,Cloud
GCF_038447315.1,PSR88_RS38200,MRRSAPAYRYDLAGVLDPSTGSIDHGAAAAGVAFVGQEVPAWDPD,45,hypothetical protein, ,Derived by automated computational analysis using gene prediction method: GeneMarkS-2+.,OG0000680,Cloud,group_1653,Cloud,Cloud,Cloud
GCF_038447315.1,PSR88_RS38280,MRRVQRCSCSSRNWGLEKGAVIPDAEASQAVAAVVALVADRWLVLLIGTAFVVWLIALVLILYAAMTLD,69,hypothetical protein, ,Derived by automated computational analysis using gene prediction method: GeneMarkS-2+.,OG0000679,Cloud,group_52,Cloud,Cloud,Cloud
GCF_038447315.1,PSR88_RS38285,MFDDTLRRRTAAARLTLARRRRRQQDEAIAYMRHRARFTRHRRRHHPHRPNPA,53,hypothetical protein, ,Derived by automated computational analysis using gene prediction method: GeneMarkS-2+.,OG0000678,Cloud,group_1172,Cloud,Cloud,Cloud
GCF_038447315.1,PSR88_RS38460,MASNATNVSNPERALESTPSCTACPHRPDSHDALGIRFCAATSDRNLGRKCICAGEPATGQHYSRY,66,rgcvc family protein, ,Derived by automated computational analysis using gene prediction method: Protein Homology.,OG0000210,Shell,group_275,Cloud,Cloud,Cloud
GCF_038447315.1,PSR88_RS38470,MPARNRLAVGGSHSASAIPVNTDTVRILDPSTASGAVLIPWPPREVPAPN,50,hypothetical protein, ,Derived by automated computational analysis using gene prediction method: GeneMarkS-2+.,OG0000677,Cloud,group_1357,Cloud,Cloud,Cloud
GCF_038447315.1,PSR88_RS38540,MNLNVALLLLVLTGGIGGTAAIQAALRRAADRGRRAVFHVSG,42,hypothetical protein, ,Derived by automated computational analysis using gene prediction method: Protein Homology.,OG0000127,Shell,group_1822,Cloud,Cloud,Cloud
GCF_038447315.1,PSR88_RS38550,MSTELTDGHDPPPRRQHNRDNIGLDDHNKDPDTDLRKRQEQP,42,hypothetical protein, ,Derived by automated computational analysis using gene prediction method: GeneMarkS-2+.,OG0000465,Cloud,group_2068,Cloud,Cloud,Cloud
GCF_038447315.1,PSR88_RS38555,MNRSRTPAAAIHRSFAHGGSMSTRQIKAHLEVMFAPETDHGAPGGNAGSVLAHRLSEAE,59,hypothetical protein, ,Derived by automated computational analysis using gene prediction method: Protein Homology.,OG0000313,Cloud,group_804,Cloud,Cloud,Cloud
GCF_038447315.1,PSR88_RS38595,MITTLFRMLATPLAVFLDHVMVLQRTHEFVDLSEQLRDDTDVHRDTKAAV,50,hypothetical protein, ,Derived by automated computational analysis using gene prediction method: GeneMarkS-2+.,OG0000407,Cloud,group_1356,Cloud,Cloud,Cloud
GCF_038447315.1,PSR88_RS38725,MVFERFSDQARQVVVLAAGAARTHHQNSVGTEHLLVGIFDAGGPERRR,48,hypothetical protein, ,Derived by automated computational analysis using gene prediction method: GeneMarkS-2+.,OG0000342,Cloud,group_1477,Cloud,Cloud,Cloud
GCF_038447315.1,PSR88_RS40465,MFTMIPADGSPPLSTPFIPVPELEPGVMSIVSAVIMCTAFALGVVVRRGSIEWVQP,56,hypothetical protein, ,Derived by automated computational analysis using gene prediction method: GeneMarkS-2+.,OG0000686,Cloud,group_2635,Cloud,Cloud,Cloud
GCF_038447315.1,PSR88_RS40580,MNDDEAPRGLTEAQARAEYARLAPIMAIEGRTMDEPTRELLVQLLQENITLDDALDSILRRRAQTEQ,67,hypothetical protein, ,Derived by automated computational analysis using gene prediction method: Protein Homology.,OG0000347,Cloud,group_2636,Cloud,Cloud,Cloud
GCF_038447315.1,PSR88_RS40610,MVRDRDHAGLVADRRVVAGDELMIGFLPDLPVDIFSAPYLFPGSAWIAFATWWNQF,56,hypothetical protein, ,Derived by automated computational analysis using gene prediction method: GeneMarkS-2+.,OG0000685,Cloud,group_2634,Cloud,Cloud,Cloud
GCF_038447505.1,PST05_RS00005,MPTPVLVVGVGGAGGEDDHVAGLIGESLEHDDALPPQGVAASDAIRC,47,hypothetical protein, ,Derived by automated computational analysis using gene prediction method: GeneMarkS-2+.,OG0000967,Cloud,group_2633,Cloud,,Cloud
GCF_038447505.1,PST05_RS00090,MIGSLLWLIRSAAINTVLDGTEKITTKSLDAVDADITSESSAPPVG,46,hypothetical protein, ,Derived by automated computational analysis using gene prediction method: GeneMarkS-2+.,OG0000317,Cloud,"group_2536, group_1993",Cloud,Cloud,Cloud
GCF_038447505.1,PST05_RS00120,MSDSNTGAAGGGAIYALGIFGAWVWFWQQADAFWEYVLAIIQGLFWPAWMVYDVFETLAG,60,hypothetical protein, ,Derived by automated computational analysis using gene prediction method: Protein Homology.,OG0000202,Shell,group_2473,Shell,Cloud,Shell
GCF_038447505.1,PST05_RS00235,MLLGAIQDLVGRLLDFFGELVLEEKRGFAVVISRTPSTPTTMA,43,hypothetical protein, ,Derived by automated computational analysis using gene prediction method: GeneMarkS-2+.,OG0000422,Cloud,group_1710,Cloud,Cloud,Cloud
GCF_038447505.1,PST05_RS00360,MLIGAEDPIVRPEFLGGCEERTDDFGVEFVDGASHFIVDERPEAVLERALAFFAPPGPDHEAATGT,66,hypothetical protein, ,Derived by automated computational analysis using gene prediction method: GeneMarkS-2+.,OG0000423,Cloud,group_211,Cloud,Cloud,Cloud
GCF_038447505.1,PST05_RS00520,MRTGTVRWFNAEQGFGFLAPADGSDDIFVHVSEIAGDGHRILEEGQRVSFAVCRTETGDQARDVRIA,67,cold shock domain-containing protein, ,Derived by automated computational analysis using gene prediction method: Protein Homology.,OG0000157,Shell,group_2429,Shell,Shell,Shell
GCF_038447505.1,PST05_RS00555,MTKDTHGETDEPKGGRPGPVDHGKNGGMATRENAPELAEDSADSDTETD,49,hypothetical protein, ,Derived by automated computational analysis using gene prediction method: Protein Homology.,OG0000018,Core,group_2420,Shell,Shell,Shell
GCF_038447505.1,PST05_RS00595,MNTFSRPTSARNRGFAAPSRGSMSTVEIKNRIEAMFREDDERESKAVRAE,50,hypothetical protein, ,Derived by automated computational analysis using gene prediction method: GeneMarkS-2+.,OG0000190,Shell,group_2397,Shell,Shell,Shell
GCF_038447505.1,PST05_RS00840,MHSDTTTRDLLHGHTKVTRRFALADVALTTFVCLVCATGIGIITGSVLAAATGGLIVVLATALMVAAV,68,hypothetical protein, ,Derived by automated computational analysis using gene prediction method: Protein Homology.,OG0000158,Shell,group_2345,Shell,Shell,Shell
GCF_038447505.1,PST05_RS00860,MNIPRRDAHAVVIAGLLASRVLADYFGTVTIHEKDHLADNAVHSIRKRGDLIASRTFDDGVVWLRYRPA,69,hypothetical protein, ,Derived by automated computational analysis using gene prediction method: GeneMarkS-2+.,OG0000424,Cloud,group_4,Cloud,Cloud,Cloud
GCF_038447505.1,PST05_RS00930,METGTDETKTCSFCRGPIGYEIKDAHAGFASLPPGKRYRVFHCMNRCPRSAPDGLECGHRHEYL,64,hypothetical protein, ,Derived by automated computational analysis using gene prediction method: Protein Homology.,OG0000203,Shell,group_350,Shell,Shell,Shell
GCF_038447505.1,PST05_RS01030,MAAIKALVSGLSGKAKVALVLILTLEVLLAPVLVVLLLALVVAAVRATAQ,50,hypothetical protein, ,Derived by automated computational analysis using gene prediction method: Protein Homology.,OG0000425,Cloud,group_1299,Cloud,Cloud,Cloud
GCF_038447505.1,PST05_RS01075,MSEMVPADDTRRIALVDLLDRVLGGGVVITGEITLSLADVDMVRISLRTLIASVSALVPDPVGPEPTDD,69,gas vesicle protein, ,Derived by automated computational analysis using gene prediction method: Protein Homology.,OG0000145,Shell,group_2318,Shell,Shell,Shell
GCF_038447505.1,PST05_RS01085,MNMGKKIRHKVETAEGAAKKAVGRATGNAHLEAEGSKEQAKGNAKQMGDKVKDAGKKIKNALKH,64,csbd family protein, ,Derived by automated computational analysis using gene prediction method: Protein Homology.,OG0000073,Shell,group_2267,Shell,Shell,Shell
GCF_038447505.1,PST05_RS01120,MTRWPASISDGIGYRHDVAGAVKPAGNITLDEDRPSPCTV,40,hypothetical protein, ,Derived by automated computational analysis using gene prediction method: GeneMarkS-2+.,OG0000966,Cloud,group_1923,Cloud,Cloud,Cloud
GCF_038447505.1,PST05_RS01175,MVESEASCTACPHSADSHDELGIRFCAVTSARSLERKCICAGDQVSGQHYSRY,53,rgcvc family protein, ,Derived by automated computational analysis using gene prediction method: Protein Homology.,OG0000210,Shell,group_2316,Cloud,Cloud,Cloud
GCF_038447505.1,PST05_RS01180,MPSSSWESALCGHAVHDASDSTTSVGLGDSETRKFDTSVGFDAMAALQFSALRLRAAVGAEDDMA,65,hypothetical protein, ,Derived by automated computational analysis using gene prediction method: Protein Homology.,OG0000346,Cloud,group_2333,Cloud,Cloud,Cloud
GCF_038447505.1,PST05_RS01205,MLPTLGRAPLRCGNSPAQGRQHFRGARELPSLLDVPVVEQADECG,45,hypothetical protein, ,Derived by automated computational analysis using gene prediction method: GeneMarkS-2+.,OG0000647,Cloud,group_1651,Cloud,Cloud,Cloud
GCF_038447505.1,PST05_RS01330,METVVLWVGWTNLSNGTSGVASVTKDKPGVAHTGTGVVTASAMGNLVEYVGARGIFYVP,59,hypothetical protein, ,Derived by automated computational analysis using gene prediction method: GeneMarkS-2+.,OG0000274,Shell,group_2317,Shell,Cloud,Shell
GCF_038447505.1,PST05_RS01365,MSTNTYPTIETIRIGQSGHECRYCGHAVVKDGPGYRHTTTGQYRCDPASRAVNEARLSNSLVRS,64,hypothetical protein, ,Derived by automated computational analysis using gene prediction method: Protein Homology.,OG0000148,Shell,group_2334,Shell,Cloud,Shell
GCF_038447505.1,PST05_RS01435,MRTAFCNALYSVFDHRICCGRIPEWTAHVGQPWDTYDVAPWNLYNVIWRIQHWIRGGVDADR,62,hypothetical protein, ,Derived by automated computational analysis using gene prediction method: Protein Homology.,OG0000219,Shell,group_2337,Shell,Cloud,Shell
GCF_038447505.1,PST05_RS01465,MRLSTRNQLAGTITEVTLGSVMATVKVKLDGGEQIVTASITKEAVEELGLKAGVGATVLVKSTEVMLGVE,70,tobe domain-containing protein, ,Derived by automated computational analysis using gene prediction method: Protein Homology.,OG0000064,Soft core,,,Cloud,Cloud
GCF_038447505.1,PST05_RS01580,MSQIEIPQNADRLSSNPEFEAMPIGIVDDSGLLGFGALRTPVDAPATAPLMGAAIYPVDCLVGVLSHRET,70,hypothetical protein, ,Derived by automated computational analysis using gene prediction method: GeneMarkS-2+.,OG0000426,Cloud,,,Cloud,Cloud
GCF_038447505.1,PST05_RS01610,MAASITRRIVCAGAIAGFSALALIANPAIGSAAVTGSSTGTSIELRAGTYAVITQ,55,hypothetical protein, ,Derived by automated computational analysis using gene prediction method: GeneMarkS-2+.,OG0000427,Cloud,group_1009,Cloud,Cloud,Cloud
GCF_038447505.1,PST05_RS01685,MRQESSHPRESTGPLPADAIVWPEPSPLDSWWKHVVNDHAAAVPEREPVTDAGT,54,hypothetical protein, ,Derived by automated computational analysis using gene prediction method: Protein Homology.,OG0000191,Shell,group_2419,Cloud,Cloud,Cloud
GCF_038447505.1,PST05_RS01780,MTIDPPPGDTLTLGFDAYIQSSSQLGHSGLVSVSEKGVDVVTLEFTTWLVP,51,hypothetical protein, ,Derived by automated computational analysis using gene prediction method: Protein Homology.,OG0000428,Cloud,group_2076,Cloud,Cloud,Cloud
GCF_038447505.1,PST05_RS01835,MLNSIVEQHEMLDSTAVSRVLGKAATSRNTASRDAALLETTASSPLR,47,hypothetical protein, ,Derived by automated computational analysis using gene prediction method: GeneMarkS-2+.,OG0000429,Cloud,group_2096,Cloud,Cloud,Cloud
GCF_038447505.1,PST05_RS01920,MKTRLSCPCGAAITGSDEDDLVVKTQEHLSESHPGMEYSREEILFIAY,48,duf1059 domain-containing protein, ,Derived by automated computational analysis using gene prediction method: Protein Homology.,OG0000249,Shell,group_1421,Cloud,Cloud,Cloud
GCF_038447505.1,PST05_RS02390,MNRTELPQTLRRSSKEVQAAFAAAHEMAVRRYGEGEEAQRAAYGELKQSYELATDHWVPKQD,62,chab family protein, ,Derived by automated computational analysis using gene prediction method: Protein Homology.,OG0000159,Shell,group_509,Cloud,Cloud,Cloud
GCF_038447505.1,PST05_RS02400,MNDDQRRALEHVRDTCAMLHSFLTTHPSDRPPERVRSATFEQLTDELLDAVTAAQNAGVPEQRIFDSM,68,hypothetical protein, ,Derived by automated computational analysis using gene prediction method: Protein Homology.,OG0000135,Shell,group_2184,Cloud,Cloud,Cloud
GCF_038447505.1,PST05_RS02440,MNRETIQGWVAEQIHLDPATATPALLAKLDDLTARAEAMCVRQLLDLPEFRRLVW,55,hypothetical protein, ,Derived by automated computational analysis using gene prediction method: Protein Homology.,OG0000120,Shell,group_1010,Cloud,Cloud,Cloud
GCF_038447505.1,PST05_RS02455,MASHCGKDLRSPTGVSVRGNRVVDSVRLTDGDIVRIGGHEFAFQIAVDQCPCRPTVGR,58,fha domain-containing protein, ,Derived by automated computational analysis using gene prediction method: Protein Homology.,OG0000430,Cloud,group_812,Cloud,Cloud,Cloud
GCF_038447505.1,PST05_RS02465,MDWKVAADPEPIDQDIHERPSSATRLQGGPLRGKNQHVYPPRTGTIN,47,hypothetical protein, ,Derived by automated computational analysis using gene prediction method: GeneMarkS-2+.,OG0000431,Cloud,group_2069,Cloud,Cloud,Cloud
GCF_038447505.1,PST05_RS02680,MTTASMIPASSITSRPPVLCRGGMSAAEIKARIEAMFADDRRPVSQTGPL,50,hypothetical protein, ,Derived by automated computational analysis using gene prediction method: Protein Homology.,OG0000002,Conserved,group_2090,Cloud,Cloud,Cloud
GCF_038447505.1,PST05_RS02715,MNTIEPPSTEAVTTTATTFGSTADLTSALIRAATAHGQHETRTGAADPNWPDWYAAYMVAEQAGTEPPL,69,glyoxalase, ,Derived by automated computational analysis using gene prediction method: Protein Homology.,OG0000221,Shell,"group_1994, group_1995",Cloud,Cloud,Cloud
GCF_038447505.1,PST05_RS02750,MDSTTFPNGPITMAGNLFLPDNFDPQASYAAVVTVHPGGGV,41,hypothetical protein, ,Derived by automated computational analysis using gene prediction method: GeneMarkS-2+.,OG0000648,Cloud,group_1874,Cloud,Cloud,Cloud
GCF_038447505.1,PST05_RS02960,MTIDHDKSELPLFSAQRTLTHSTPEPVSDAPRTGDSPTQTSAEIHRSLFSDE,52,hypothetical protein, ,Derived by automated computational analysis using gene prediction method: Protein Homology.,OG0000222,Shell,group_2253,Shell,Cloud,Shell
GCF_038447505.1,PST05_RS02970,MAQGIVKWFNGEKGFGFIAPDDGTPDVFVHYSEISGSGFKSLDENQRVEFEVGQGQKGPQATNVRSV,67,cold-shock protein, ,Derived by automated computational analysis using gene prediction method: Protein Homology.,OG0000003,Conserved,"group_1996, group_1997",Shell,Cloud,Cloud
GCF_038447505.1,PST05_RS03175,MATTSIAPTTPTGRQTPRRSGTMSTAEIKSRIEAMFADDRRPTRPAVTN,49,hypothetical protein, ,Derived by automated computational analysis using gene prediction method: Protein Homology.,OG0000002,Conserved,group_2516,Shell,Cloud,Cloud
GCF_038447505.1,PST05_RS03210,MTDQLHADLTERLGRAVARAARDGDPLFGTVEVTIAELAELLERRVPPGE,50,hypothetical protein, ,Derived by automated computational analysis using gene prediction method: Protein Homology.,OG0000136,Shell,group_2495,Shell,Cloud,Shell
GCF_038447505.1,PST05_RS03225,MREHLQHELAQQPTLGPPTASPSGSDDEYTRAHPAGQNLETWIHDRIMDALNQSD,55,hypothetical protein, ,Derived by automated computational analysis using gene prediction method: Protein Homology.,OG0000290,Cloud,group_1011,Cloud,Cloud,Cloud
GCF_038447505.1,PST05_RS03305,MNTIEPPSTEAVTTTATTFGSTADLTSALIRAATAHGQHETRTGAADPNWPDWYAAYMVAEQAGTEPPL,69,glyoxalase, ,Derived by automated computational analysis using gene prediction method: Protein Homology.,OG0000221,Shell,"group_1994, group_1995",Cloud,Cloud,Cloud
GCF_038447505.1,PST05_RS03340,MMARISKKLGADLLDALRVSVVGTVVCAGLVMGVIVLAMWKFPIPGV,47,hypothetical protein, ,Derived by automated computational analysis using gene prediction method: GeneMarkS-2+.,OG0000126,Shell,group_2515,Shell,Cloud,Shell
GCF_038447505.1,PST05_RS03485,MPEYLGARLANYKVPRLIVLDPELPRDESGKLFKRKIKAQYWHQTSRV,48,acyl-coa synthetase, ,Derived by automated computational analysis using gene prediction method: Protein Homology.,OG0000649,Cloud,group_1474,Cloud,Cloud,Cloud
GCF_038447505.1,PST05_RS03490,MKKPGEETSRESGAVVPNDHLSSDDLAGVVEALTGERVTPRSATGNLAGATRRAAKN,57,hypothetical protein, ,Derived by automated computational analysis using gene prediction method: Protein Homology.,OG0000252,Cloud,group_861,Cloud,Cloud,Cloud
GCF_038447505.1,PST05_RS03680,MPDKENWTCFGFDSGFNFKTGAFAPGVGRLGGFAKGSNVTVFCFGNQAPFFFTGSVTVK,59,hypothetical protein, ,Derived by automated computational analysis using gene prediction method: Protein Homology.,OG0000364,Cloud,group_735,Cloud,Cloud,Cloud
GCF_038447505.1,PST05_RS03690,MIILGLILLVIGFVAHISILWTIGIILLVIGVILALLGGTGRAVGGRRHWF,51,duf6131 family protein, ,Derived by automated computational analysis using gene prediction method: Protein Homology.,OG0000000,Conserved,group_1235,Cloud,Cloud,Cloud
GCF_038447505.1,PST05_RS03860,MRVVSEDQTLVDNNALGYSQVSAQVTANTRNACGRLAVVTR,41,hypothetical protein, ,Derived by automated computational analysis using gene prediction method: GeneMarkS-2+.,OG0000230,Shell,group_1831,Cloud,Cloud,Cloud
GCF_038447505.1,PST05_RS04105,MSSTFRTVAVVDWFRTGASWRMSSSGTAYGDSEEPWTLTATLPLAAGMSWAQIAERSPVTAPTTY,65,hypothetical protein, ,Derived by automated computational analysis using gene prediction method: GeneMarkS-2+.,OG0000432,Cloud,group_2112,Cloud,Cloud,Cloud
GCF_038447505.1,PST05_RS04115,MVQPEVLIALLIAACFIFFVSACLVTVIVIVIVIVTGSTAGLRDFAKVLAAFGRVIRLRFRFGN,64,hypothetical protein, ,Derived by automated computational analysis using gene prediction method: Protein Homology.,OG0000318,Cloud,group_2261,Cloud,Cloud,Cloud
GCF_038447505.1,PST05_RS04120,MLGAESCARFVDGSELVQRWFPRAERLTVPGAGHLLMVQNPTASARGLKDFFSHHLIGHLGPLEVS,66,hypothetical protein, ,Derived by automated computational analysis using gene prediction method: GeneMarkS-2+.,OG0000546,Cloud,group_2055,Cloud,Cloud,Cloud
GCF_038447505.1,PST05_RS04125,MMRPGLPCPETPLLHGRHLSSAEQVSLVELLVEGVGNHPVQHGTVAIAAHMAQEPVHRGGLVA,63,hypothetical protein, ,Derived by automated computational analysis using gene prediction method: GeneMarkS-2+.,OG0000547,Cloud,group_431,Cloud,Cloud,Cloud
GCF_038447505.1,PST05_RS04365,MAQEQTKRTGGGDEDDTPGADGAAGQERREKLAEDTDDLLDEIDDVLEENAEDFVRAYVQKGGQ,64,ubiquitin-like protein pup, ,Derived by automated computational analysis using gene prediction method: Protein Homology.,OG0000037,Conserved,group_343,Shell,Shell,Shell
GCF_038447505.1,PST05_RS04485,MSTSDTTGQTEFPASMGKVSRRELASHGYTRFDQLTTVTAKELLKIHGVGPKAIRILEEELAERGLGFAK,70,hypothetical protein, ,Derived by automated computational analysis using gene prediction method: Protein Homology.,OG0000050,Conserved,,,Shell,Shell
GCF_038447505.1,PST05_RS04880,MVIDPTLLGILACPQDKGPLLLVGDELLYNPRLRRAYPIENGIPVLLIDEARDVGADEHETLLARAAGEA,70,trm112 family protein, ,Derived by automated computational analysis using gene prediction method: Protein Homology.,OG0000038,Conserved,,,Soft core,Soft core
GCF_038447505.1,PST05_RS04955,MPKSKTHSGTAKRFKVSGSGKILRQKAGRRHLLEHKATKVTRRLDGVAVVSKADTPRIKRLLDI,64,50s ribosomal protein l35, ,Derived by automated computational analysis using gene prediction method: Protein Homology.,OG0000039,Conserved,rpmI,Shell,Soft core,Shell
GCF_038447505.1,PST05_RS05240,MPLIQISQTPGLTAEQKRATIEAVTQAYADATGKDPAKVWVTITEVPRDSWGVGGTPLG,59,2-hydroxymuconate tautomerase family protein, ,Derived by automated computational analysis using gene prediction method: Protein Homology.,OG0000160,Shell,group_2162,Shell,Shell,Shell
GCF_038447505.1,PST05_RS05280,MSVVLVYVLFIAAGIAAGGAYSMWKFNKLASGVLLALAVLAAVAGVLRLM,50,hypothetical protein, ,Derived by automated computational analysis using gene prediction method: Protein Homology.,OG0000040,Conserved,group_1297,Shell,Core,Shell
GCF_038447505.1,PST05_RS05450,MHVAVGDRLHVQGRVVGVHETTAEVVEVHGENGAPPYLVRYDDGHEALVFPGSDAWVEHPKS,62,duf1918 domain-containing protein, ,Derived by automated computational analysis using gene prediction method: Protein Homology.,OG0000041,Conserved,group_504,Shell,Soft core,Shell
GCF_038447505.1,PST05_RS05455,MATYRYLDKDRNVLEEQDFGTVQDAEEHRLSVLGAEIIEEVEDSGTPES,49,hypothetical protein, ,Derived by automated computational analysis using gene prediction method: Protein Homology.,OG0000054,Core,group_2183,Shell,Soft core,Shell
GCF_038447505.1,PST05_RS06015,MTDEDHLWYYNVDDGTVTQGKAASSMSRMGPYPDRASAEKALQIAAERNKAADRADEEWNN,61,hypothetical protein, ,Derived by automated computational analysis using gene prediction method: Protein Homology.,OG0000042,Conserved,group_2293,Shell,Soft core,Shell
GCF_038447505.1,PST05_RS06100,MCSDLTKLGDDELLAQLDEHRALLGESIANDYGCETVRGVTIRITAFEAELGRRGSATSRDAT,63,hypothetical protein, ,Derived by automated computational analysis using gene prediction method: Protein Homology.,OG0000192,Shell,group_2325,Shell,Shell,Shell
GCF_038447505.1,PST05_RS06105,MPRYKVTLRNGTSSDKTFESDFQAVNETHRPTETGAGIVKIDRYEDDGEVTGVWSAPTTSRR,62,hypothetical protein, ,Derived by automated computational analysis using gene prediction method: Protein Homology.,OG0000113,Soft core,group_2295,Shell,Shell,Shell
GCF_038447505.1,PST05_RS06320,MTGAGILAVALVTIAAALVVYLLIALVDPERF,32,potassium-transporting atpase subunit f, ,Derived by automated computational analysis using gene prediction method: Protein Homology.,OG0000055,Core,group_2327,Shell,Soft core,Shell
GCF_038447505.1,PST05_RS06520,MDRMASWWDGFELWIAGLPFVPQVALVLLVMVPVCRGLAWLLDRGLAAVFVLLRRDVSKVEEP,63,hypothetical protein, ,Derived by automated computational analysis using gene prediction method: Protein Homology.,OG0000056,Core,group_427,Shell,Shell,Shell
GCF_038447505.1,PST05_RS06600,MSESEQTDLDVDDELDAGQVWRAQRVVAAQSLDAEDCRMLLSMLGIAGNPDAPEAD,56,hypothetical protein, ,Derived by automated computational analysis using gene prediction method: Protein Homology.,OG0000161,Shell,group_2171,Shell,Shell,Shell
GCF_038447505.1,PST05_RS06750,MNDHHVQLFSELHSTAGSQAGGEDAGEALRPVDPEHRTATEVHRALFSDQ,50,hypothetical protein, ,Derived by automated computational analysis using gene prediction method: GeneMarkS-2+.,OG0000162,Shell,group_2285,Shell,Shell,Shell
GCF_038447505.1,PST05_RS06765,MIPVLLYYGVPTAVIAVTLWVGFLGWRFYVKEVLRGDSGDTTAGERDHG,49,hypothetical protein, ,Derived by automated computational analysis using gene prediction method: Protein Homology.,OG0000223,Shell,group_2268,Shell,Shell,Shell
GCF_038447505.1,PST05_RS06790,MRALPAAHATRLRPSRTGAASFPAGRQGERGIMPAPKTCRTARHA,45,hypothetical protein, ,Derived by automated computational analysis using gene prediction method: GeneMarkS-2+.,OG0000208,Shell,group_2409,Shell,Shell,Shell
GCF_038447505.1,PST05_RS06965,MQRSRALRLLTERSHDQQDEVYPNELHGRLATHHHAPAPPPEGGGTGT,48,hypothetical protein, ,Derived by automated computational analysis using gene prediction method: GeneMarkS-2+.,OG0000514,Cloud,group_2408,Cloud,Cloud,Cloud
GCF_038447505.1,PST05_RS07085,MSEDGNCATVFVWIADILPASLADRTAQMMELGIGAVRRTLDRADRVIDIR,51,hypothetical protein, ,Derived by automated computational analysis using gene prediction method: GeneMarkS-2+.,OG0000433,Cloud,group_1236,Cloud,Cloud,Cloud
GCF_038447505.1,PST05_RS07195,MVGKFERRKDTVQELTESAATHVGQIATIIAGAVRDVTREIGDWVSDGIEMREAAKKARDDEGEAEPVD,69,hypothetical protein, ,Derived by automated computational analysis using gene prediction method: Protein Homology.,OG0000149,Shell,group_2446,Shell,Shell,Shell
GCF_038447505.1,PST05_RS07870,MILRPNPVLAAREVYESKAARWQKEWPRLTVVPWPESAVSASARRVRALPVSRW,54,hypothetical protein, ,Derived by automated computational analysis using gene prediction method: Protein Homology.,OG0000434,Cloud,group_2032,Cloud,Cloud,Cloud
GCF_038447505.1,PST05_RS08090,MTAYRDDAAPVTEPDDDLGGDPVCWLDRVCPDCGLFLTDHTAGTCPRCGAARGR,54,hypothetical protein, ,Derived by automated computational analysis using gene prediction method: Protein Homology.,OG0000163,Shell,group_2435,Shell,Shell,Shell
GCF_038447505.1,PST05_RS08215,MADKSPRNSMSKKSGKSLKEKRADKKMKTNGQSDPEIVSHVKKR,44,hypothetical protein, ,Derived by automated computational analysis using gene prediction method: Protein Homology.,OG0000004,Core,group_2437,Shell,Shell,Shell
GCF_038447505.1,PST05_RS08345,MTDERPGKNQTPPDKATRPTPKEATPDVSKTDLAAVVDALTATNEKNLDF,50,hypothetical protein, ,Derived by automated computational analysis using gene prediction method: Protein Homology.,OG0000164,Shell,group_2447,Shell,Shell,Shell
GCF_038447505.1,PST05_RS08400,MSTPRRRPLKTVTGVSGAVSTYAAAIDPQQSTVASSIEIAKIAEANKFDAPRDHHVPPPFTLSVV,65,hypothetical protein, ,Derived by automated computational analysis using gene prediction method: GeneMarkS-2+.,OG0000435,Cloud,group_283,Cloud,Cloud,Cloud
GCF_038447505.1,PST05_RS08640,MNLQTAQNTIQAAGVFFSRSADASGAGRMQVLDSNWIVVGQQPSPGALVGEGDAVLSVVKIGEPNNC,67,hypothetical protein, ,Derived by automated computational analysis using gene prediction method: Protein Homology.,OG0000253,Shell,group_2453,Shell,Cloud,Shell
GCF_038447505.1,PST05_RS09025,MFEIIREVHSEVRHRRGPRHHHHLLTRAERRSRILKRFHM,40,hypothetical protein, ,Derived by automated computational analysis using gene prediction method: GeneMarkS-2+.,OG0000288,Shell,group_2087,Shell,Shell,Shell
GCF_038447505.1,PST05_RS09710,MGSGPVKAIMWSLLFVGLVGAGVGISELHVPWTVASLIVASVSGLVLLRIRADAHPELHSDRRMAAG,67,hypothetical protein, ,Derived by automated computational analysis using gene prediction method: Protein Homology.,OG0000165,Shell,group_2193,Shell,Shell,Shell
GCF_038447505.1,PST05_RS09750,MNSTITGLIVGLLLAIAGILGGFSGFVFAVLLGALGMAVGAHRDGHLDLGAILRSRGRG,59,hypothetical protein, ,Derived by automated computational analysis using gene prediction method: Protein Homology.,OG0000026,Conserved,group_2303,Conserved,Shell,Shell
GCF_038447505.1,PST05_RS09950,MSEKKIDRVKTESALEVLRESPTIALITVAPALVVFGVVWWLFGFWSALVLVLILGVVAVVGRKLF,66,hypothetical protein, ,Derived by automated computational analysis using gene prediction method: Protein Homology.,OG0000025,Conserved,group_2209,Conserved,Shell,Shell
GCF_038447505.1,PST05_RS10085,MASSTDVRPKITLACEVCKHRNYITKKNRRNDPDRLELKKFCPNCGTHQSHRESK,55,50s ribosomal protein l33, ,Derived by automated computational analysis using gene prediction method: Protein Homology.,OG0000024,Conserved,rpmG,Conserved,Shell,Shell
GCF_038447505.1,PST05_RS10235,MGALSPSHWAIIAIVLVVLFGSKKLPDAARGLGRSMRILKTEVGELQADAPELEK,55,sec-independent protein translocase subunit tata, ,Derived by automated computational analysis using gene prediction method: Protein Homology.,OG0000019,Conserved,group_2146,Shell,Shell,Shell
GCF_038447505.1,PST05_RS10310,MIYLLALIGLVTVAVLLWKAFGPNTRPVLSNRVQGPDDDPDFLWKVDRETRRKKSDEPEAGPADPAG,67,hypothetical protein, ,Derived by automated computational analysis using gene prediction method: Protein Homology.,OG0000023,Conserved,group_2246,Shell,Conserved,Shell
GCF_038447505.1,PST05_RS10380,MDREHPLNKIEHTGEVVAGSADLAAGIGHWLQAGLLSGDPLAIAAGFVVMVVGGLFMGLPF,61,hypothetical protein, ,Derived by automated computational analysis using gene prediction method: Protein Homology.,OG0000061,Soft core,group_2043,Cloud,Cloud,Cloud
GCF_038447505.1,PST05_RS10460,MGSVIKKRRKRMSKKKHRKLLRRTRVQRRKLGK,33,aurkaip1/cox24 domain-containing protein, ,Derived by automated computational analysis using gene prediction method: Protein Homology.,OG0000022,Conserved,group_1939,Conserved,Conserved,Conserved
GCF_038447505.1,PST05_RS10585,MDLRPMRSPKWPTTTPPIGRAMKPTENVANAASVPAMEEKDGKNNGPNTIAAAMP,55,hypothetical protein, ,Derived by automated computational analysis using gene prediction method: GeneMarkS-2+.,OG0000292,Cloud,group_1012,Cloud,Cloud,Cloud
GCF_038447505.1,PST05_RS10595,MADRHPRRVDAVGPVYLTAVTLLSLLCVVAITRKVRGPLRSG,42,hypothetical protein, ,Derived by automated computational analysis using gene prediction method: GeneMarkS-2+.,OG0000436,Cloud,group_1763,Cloud,Cloud,Cloud
GCF_038447505.1,PST05_RS10745,MIVLGLILLLIGWLTGLTWLWTIGIILLVIGAILWILGATGRAVGGRRRWY,51,duf6131 family protein, ,Derived by automated computational analysis using gene prediction method: Protein Homology.,OG0000000,Conserved,group_2247,Shell,Shell,Shell
GCF_038447505.1,PST05_RS10900,MTFDSNTPRQFTRSDNQKMLAGVCGGIAEYFSVDVNLVRLLTVVATLVTGGTAALVYLAAWMLMPAGH,68,pspc domain-containing protein, ,Derived by automated computational analysis using gene prediction method: Protein Homology.,OG0000021,Conserved,group_2380,Conserved,Shell,Shell
GCF_038447505.1,PST05_RS11420,MTVVLDRVEESVRSLNPGYFAIVMASGIISVGMKLGGFDLISG,43,hypothetical protein, ,Derived by automated computational analysis using gene prediction method: GeneMarkS-2+.,OG0000437,Cloud,group_1711,Cloud,Cloud,Cloud
GCF_038447505.1,PST05_RS11460,MDVPAGFSLGTAPRQEVVDTTDDLVAGMFDRFLKGAPAPELDDAASRYPPVFEVR,55,hypothetical protein, ,Derived by automated computational analysis using gene prediction method: Protein Homology.,OG0000438,Cloud,group_2033,Cloud,Cloud,Cloud
GCF_038447505.1,PST05_RS11790,MATIEEFEQTVTDKVIAGLHDKFADYERRGVGLAELGDPDRFVERILAAVPAPHPWYEQFGTAWSSTPA,69,hypothetical protein, ,Derived by automated computational analysis using gene prediction method: Protein Homology.,OG0000166,Shell,group_2132,Shell,Shell,Shell
GCF_038447505.1,PST05_RS12225,MNPVTDPDVVYLADHSVLLAIPAFVPAFLVAGLVIYLAVRDRKAEAAENAESAKHGPSEKDEEN,64,hypothetical protein, ,Derived by automated computational analysis using gene prediction method: Protein Homology.,OG0000167,Shell,group_2396,Shell,Shell,Shell
GCF_038447505.1,PST05_RS12520,MNVFQAADSFQLFTGVAPDFERMYAHVLELVERQSRRAA,39,hypothetical protein, ,Derived by automated computational analysis using gene prediction method: Protein Homology.,OG0000439,Cloud,group_1926,Cloud,Cloud,Cloud
GCF_038447505.1,PST05_RS12725,MSSAGGSVGSRVAEYLSMFAAAVDGLLDSGLASCRTLSSSR,41,hypothetical protein, ,Derived by automated computational analysis using gene prediction method: GeneMarkS-2+.,OG0000517,Cloud,group_1875,Cloud,Cloud,Cloud
GCF_038447505.1,PST05_RS12840,MAAYQCPVCDYVYDEASGAPREGFPAGTAWADVPDDWCCPDCGVREKIDFDPKVA,55,rubredoxin, ,Derived by automated computational analysis using gene prediction method: Protein Homology.,OG0000053,Core,group_2321,Shell,Shell,Shell
GCF_038447505.1,PST05_RS12845,MSTDFKLYRCAQCGFEYDEAEGWPEDGIEPGTRWDDIPEDWSCPDCGAAKADFDMVEVSRA,61,rubredoxin, ,Derived by automated computational analysis using gene prediction method: Protein Homology.,OG0000007,Conserved,group_2335,Shell,Cloud,Cloud
GCF_038447505.1,PST05_RS13370,MTTTFRTAARVEHADWLTGGNRRALAAERRAVERFVEPVFRIRDSR,46,hypothetical protein, ,Derived by automated computational analysis using gene prediction method: GeneMarkS-2+.,OG0000650,Cloud,group_1603,Cloud,Cloud,Cloud
GCF_038447505.1,PST05_RS13380,MTFRLSTTLATDSDAAAIAALKRYYGHPYLGDDAYVGRRAPRRLVKHR,48,hypothetical protein, ,Derived by automated computational analysis using gene prediction method: GeneMarkS-2+.,OG0000240,Shell,group_1475,Cloud,Cloud,Cloud
GCF_038447505.1,PST05_RS13400,MQNIAEAFAPPPDTAGQLSDIELAVVLAVLTGDSTPLLQLSGSTRHR,47,hypothetical protein, ,Derived by automated computational analysis using gene prediction method: GeneMarkS-2+.,OG0000651,Cloud,group_1538,Cloud,Cloud,Cloud
GCF_038447505.1,PST05_RS13470,MKICVDRTKCTGLGICESLAPDIFEIDDAGGLLLLREDADDSVIDDVRAAIEGCPTEALTLIED,64,ferredoxin, ,Derived by automated computational analysis using gene prediction method: Protein Homology.,OG0000001,Conserved,group_351,Cloud,Cloud,Cloud
GCF_038447505.1,PST05_RS13525,MAEEKLAPFIKERGYDWEIHIDETPMDLWRTQGLVPPPPESDMEKLWAKENRPIPYDVAAS,61,tautomerase family protein, ,Derived by automated computational analysis using gene prediction method: Protein Homology.,OG0000440,Cloud,group_2049,Cloud,Cloud,Cloud
GCF_038447505.1,PST05_RS13530,MKEVRKIDSTTTQHCRAEQGIQRHDMSKVKEFIEGGEDDLAPGRAGPEEVGSIIRPRSTRDG,62,hypothetical protein, ,Derived by automated computational analysis using gene prediction method: Protein Homology.,OG0000441,Cloud,group_511,Cloud,Cloud,Cloud
GCF_038447505.1,PST05_RS13645,MLRRLVLALDLQRGREFVAPGQPLLVDDFELLDRLDSEKWLLANSTPATISAMVAGSLADFPAAASG,67,hypothetical protein, ,Derived by automated computational analysis using gene prediction method: GeneMarkS-2+.,OG0000293,Cloud,group_201,Cloud,Cloud,Cloud
GCF_038447505.1,PST05_RS13650,MDAGSRAAPLDVVDADADADADADADAAGYVTRQTLASMAV,41,hypothetical protein, ,Derived by automated computational analysis using gene prediction method: GeneMarkS-2+.,OG0000652,Cloud,group_2047,Cloud,Cloud,Cloud
GCF_038447505.1,PST05_RS13700,MIRCHDEGADSLAGFEQSFLGDTLLRGAHGIQAADPVLLLQFADTTTVLAAMDSATKSY,59,hypothetical protein, ,Derived by automated computational analysis using gene prediction method: GeneMarkS-2+.,OG0000442,Cloud,group_736,Cloud,Cloud,Cloud
GCF_038447505.1,PST05_RS13745,MPTTTETPSGITGTPTVTDNRSGLAGTAACAPRPRSGYDGCHAEQKSWAIVRIVIGY,57,hypothetical protein, ,Derived by automated computational analysis using gene prediction method: GeneMarkS-2+.,OG0000366,Cloud,group_2064,Cloud,Cloud,Cloud
GCF_038447505.1,PST05_RS13805,MGFQDLEHRLTWEHPTHLYLKKAKADQVAVGTAGAHRAGLVDLPVGEAR,49,hypothetical protein, ,Derived by automated computational analysis using gene prediction method: Protein Homology.,OG0000367,Cloud,group_2263,Cloud,Cloud,Cloud
GCF_038447505.1,PST05_RS13855,MLVAHERDGAVNDLRVDLPPGYPFNDPEVAQFGVHNAVMP,40,hypothetical protein, ,Derived by automated computational analysis using gene prediction method: GeneMarkS-2+.,OG0000408,Cloud,group_2117,Cloud,Cloud,Cloud
GCF_038447505.1,PST05_RS13915,MPARSPPTTARPRAAAPIRASWRPTIAWCCRKSASCADAKAVGAAPIYQGEPGYSTKLDRDKDGIACDK,69,excalibur calcium-binding domain-containing protein, ,Derived by automated computational analysis using gene prediction method: Protein Homology.,OG0000255,Shell,group_50,Cloud,Cloud,Cloud
GCF_038447505.1,PST05_RS13925,MDELDSKNLGRLRRIADARSVWTSESGDFTPWLAENIDVSRTPWACP,47,hypothetical protein, ,Derived by automated computational analysis using gene prediction method: GeneMarkS-2+.,OG0000653,Cloud,group_1539,Cloud,Cloud,Cloud
GCF_038447505.1,PST05_RS13995,MLAYGLSPERVFGILTWRHGRPTANRVLADRFVDTLTAEATSPRRLVPGSTTCS,54,hypothetical protein, ,Derived by automated computational analysis using gene prediction method: GeneMarkS-2+.,OG0000244,Shell,group_1068,Cloud,Cloud,Cloud
GCF_038447505.1,PST05_RS14040,MTCDVDPHFASIGASPDAIDRLVADSRVDVVVDDPDTEPPYYS,43,hypothetical protein, ,Derived by automated computational analysis using gene prediction method: Protein Homology.,OG0000443,Cloud,group_1712,Cloud,Cloud,Cloud
GCF_038447505.1,PST05_RS14805,MKVDQGTTVLAWSNTTFQGTDGTGSETTAELVTHGVGRTEQRNHEQEV,48,hypothetical protein, ,Derived by automated computational analysis using gene prediction method: GeneMarkS-2+.,OG0000654,Cloud,group_1476,Cloud,Cloud,Cloud
GCF_038447505.1,PST05_RS14890,MKIHIIEDKCVGGGQCVLAAPDVFDQRDEDGVAVLLVEDPPVELHDGIREAARLCPAVAIELAERAET,68,ferredoxin, ,Derived by automated computational analysis using gene prediction method: Protein Homology.,OG0000005,Conserved,group_127,Cloud,Cloud,Cloud
GCF_038447505.1,PST05_RS15255,MESTSQPSPRECPDCHALTADLEAHKLWHSRLVHDIATAVDKDISRRAHTA,51,hypothetical protein, ,Derived by automated computational analysis using gene prediction method: Protein Homology.,OG0000227,Shell,group_1293,Shell,,Shell
GCF_038447505.1,PST05_RS15310,MIAIGVVLILVGFIVKISAMWIVGLVIAAIGLGLLLLGVSGRSIGGRRYWY,51,hypothetical protein, ,Derived by automated computational analysis using gene prediction method: Protein Homology.,OG0000000,Conserved,group_1237,Cloud,Cloud,Cloud
GCF_038447505.1,PST05_RS15390,MLGGAGIVGEHPVPRMWRDVRALRIYEGASQIHERNLARALPTLLSTTQPARVG,54,acyl-coa dehydrogenase family protein, ,Derived by automated computational analysis using gene prediction method: Protein Homology.,OG0000264,Shell,group_1113,Cloud,Cloud,Cloud
GCF_038447505.1,PST05_RS15445,MATALAVPYQRVRRLEIGQRLDPDLSAHYSRWLTDREQQSISLSLVDTA,49,hypothetical protein, ,Derived by automated computational analysis using gene prediction method: GeneMarkS-2+.,OG0000368,Cloud,group_1364,Cloud,Cloud,Cloud
GCF_038447505.1,PST05_RS15765,MMVGNAVVAAYHTLRKVEQFFRLAKSELKARPVFHRTRESIEAYPTIVLAAPAIARPRRAANAAEHY,67,hypothetical protein, ,Derived by automated computational analysis using gene prediction method: GeneMarkS-2+.,OG0000411,Cloud,group_2116,Cloud,Cloud,Cloud
GCF_038447505.1,PST05_RS15795,MLLEPYSDRYFEPPEHAVLLGVFDGDDEWAVRGDEGFDDRLLPGRCYGSL,50,hypothetical protein, ,Derived by automated computational analysis using gene prediction method: Protein Homology.,OG0000655,Cloud,group_1354,Cloud,Cloud,Cloud
GCF_038447505.1,PST05_RS15800,MPLLHVTQTPGQSAEAKRELLKKLTAAYVDATGAKPASVWVTIEEVSKDDWAIGGETLTERASKPA,66,4-oxalocrotonate tautomerase family protein, ,Derived by automated computational analysis using gene prediction method: Protein Homology.,OG0000224,Shell,group_213,Shell,Cloud,Shell
GCF_038447505.1,PST05_RS15885,MPASNADGTRSLSRACAPSVAPLGLGSHRDDVFGVAQRGGGVFGKVPYSSAKAAILGFTKSLARNWKTPA,70,hypothetical protein, ,Derived by automated computational analysis using gene prediction method: GeneMarkS-2+.,OG0000444,Cloud,,,Cloud,Cloud
GCF_038447505.1,PST05_RS15910,MKRSLTRSSVQLHMSQPAVSHALGRARDICGDQLLVCSGNRMVLTSGRRSC,51,lysr family transcriptional regulator, ,Derived by automated computational analysis using gene prediction method: Protein Homology.,OG0000527,Cloud,group_1292,Cloud,Cloud,Cloud
GCF_038447505.1,PST05_RS16000,MYVVPGSVYVVPGSVYVVPGSVYVVPGSVYVVPGSVYVVPGSVYVVPGSVYVVPGSVYVVPGSV,64,hypothetical protein, ,Derived by automated computational analysis using gene prediction method: Protein Homology.,OG0000656,Cloud,group_419,Cloud,Cloud,Cloud
GCF_038447505.1,PST05_RS16115,MDLVRTVFDAVEAGEFEALADEMSAKVKAGLAAPLEVVYPQFEAANA,47,hypothetical protein, ,Derived by automated computational analysis using gene prediction method: GeneMarkS-2+.,OG0000657,Cloud,group_1540,Cloud,Cloud,Cloud
GCF_038447505.1,PST05_RS16135,MRRPTRLAPQPAAGARLARRSQVHAEVTREAASTIHSEQGGRATILLVDEGSDMRSN,57,hypothetical protein, ,Derived by automated computational analysis using gene prediction method: GeneMarkS-2+.,OG0000658,Cloud,group_919,Cloud,Cloud,Cloud
GCF_038447505.1,PST05_RS16220,MERFDITPAEIVTRLGYDIQARSRAEAERYLGLARATFAAEQDPATGPVDVPNET,55,hypothetical protein, ,Derived by automated computational analysis using gene prediction method: GeneMarkS-2+.,OG0000659,Cloud,group_1060,Cloud,Cloud,Cloud
GCF_038447505.1,PST05_RS16445,MSIPSVVTEMATGGADVDRLYEDIVGAEYSIDRTSALRNDIDDIRAALEAQVAYLDSLIGPHRHA,65,hypothetical protein, ,Derived by automated computational analysis using gene prediction method: Protein Homology.,OG0000445,Cloud,group_2075,Cloud,Cloud,Cloud
GCF_038447505.1,PST05_RS16535,MRDRTAHAPRFTSTVRLAGHTATADATTKTAAKTASAAALIDTLFTQH,48,hypothetical protein, ,Derived by automated computational analysis using gene prediction method: GeneMarkS-2+.,OG0000446,Cloud,group_2110,Cloud,Cloud,Cloud
GCF_038447505.1,PST05_RS16555,MTDEELLGRVRDACAVLHSFLRTAHPGIPVAAREGTYRQLTDELRDAVDAAQAAGVPEDVIFDTMDTAEP,70,hypothetical protein, ,Derived by automated computational analysis using gene prediction method: Protein Homology.,OG0000135,Shell,,,Cloud,Cloud
GCF_038447505.1,PST05_RS16585,MTFLPFGVLAFDDLDLMSAPHLDRRAELVELDSVIQDVGGLPITVVRTGKIRAAESV,57,hypothetical protein, ,Derived by automated computational analysis using gene prediction method: GeneMarkS-2+.,OG0000447,Cloud,group_866,Cloud,Cloud,Cloud
GCF_038447505.1,PST05_RS16620,MVEILLEVGFVLEMGNQCVAGVVRSLSEVDTVSDIARVRYWVAEKFEFPLEFVDFNWSRWTA,62,hypothetical protein, ,Derived by automated computational analysis using gene prediction method: Protein Homology.,OG0002372,,group_590,Cloud,,Probably not conserved
GCF_038447505.1,PST05_RS16685,MYRTEPHYWIPIPPPTPFLTITAEWAQIGLESVVTTLNLTTQPRS,45,hypothetical protein, ,Derived by automated computational analysis using gene prediction method: Protein Homology.,OG0000448,Cloud,group_2203,Cloud,Cloud,Cloud
GCF_038447505.1,PST05_RS16700,MRMILASSITSRPPVLCRGGMSTAEIKARIEAMFADDRRPVSQTGPL,47,hypothetical protein, ,Derived by automated computational analysis using gene prediction method: Protein Homology.,OG0000002,Conserved,group_1483,Cloud,Cloud,Cloud
GCF_038447505.1,PST05_RS16780,MTIDRGLVALLEAKPGKGEELAAFLKQGRALAAEEQGTVTWYASRSATRHTASSTRSRTRTAARRT,66,hypothetical protein, ,Derived by automated computational analysis using gene prediction method: GeneMarkS-2+.,OG0000660,Cloud,group_274,Cloud,Cloud,Cloud
GCF_038447505.1,PST05_RS16815,MFDRLYAAVLAVAGLGYGGYILLDELTGSSDTPGEDDHHLRRESSEQVFTA,51,hypothetical protein, ,Derived by automated computational analysis using gene prediction method: Protein Homology.,OG0000168,Shell,group_2489,Shell,Cloud,Shell
GCF_038447505.1,PST05_RS17110,MSIGKKLRHKAETAEGSAKKTVGKALGNERMEAEGRAQEAKGKAKQAGDQIKQAGQKIKKIFTR,64,csbd family protein, ,Derived by automated computational analysis using gene prediction method: Protein Homology.,OG0000073,Shell,group_2502,Shell,Cloud,Shell
GCF_038447505.1,PST05_RS17115,MIILGIILAIVGLVLNVPVLLYIGIALIIIGVVLEVMGMAGHAVAGRRHYY,51,duf6131 family protein, ,Derived by automated computational analysis using gene prediction method: Protein Homology.,OG0000000,Conserved,group_1238,Cloud,Cloud,Cloud
GCF_038447505.1,PST05_RS17375,MELPGVRRVLDLAAITMLSVAVAATTSFTVATLGLLSVIGARAALRRSLTAR,52,hypothetical protein, ,Derived by automated computational analysis using gene prediction method: Protein Homology.,OG0000449,Cloud,group_1178,Cloud,Cloud,Cloud
GCF_038447505.1,PST05_RS17620,MHPVAKRQRLEVLTGILGFFTVMAFIAAVVEVVRGDPGVTPALVLLGCLVLSGLAIVARNRVR,63,hypothetical protein, ,Derived by automated computational analysis using gene prediction method: Protein Homology.,OG0000051,Conserved,group_2423,Shell,Shell,Shell
GCF_038447505.1,PST05_RS18045,MSTSSVTVSGMTCNHCVSSVTEEISALPGVTNVNVDLTTGKVVIDSTTDLDPSAVAGAVEEAGYSVAG,68,heavy metal-associated domain-containing protein, ,Derived by automated computational analysis using gene prediction method: Protein Homology.,OG0000006,Conserved,group_2406,Shell,Cloud,Cloud
GCF_038447505.1,PST05_RS18150,MTQRATDVRAERAEEYGRLNAGEGMLLVRITPEKVISENNITGEQQRAMIMTTGRR,56,hypothetical protein, ,Derived by automated computational analysis using gene prediction method: Protein Homology.,OG0000369,Cloud,group_2385,Cloud,Cloud,Cloud
GCF_038447505.1,PST05_RS18440,MDAVDPAIADAASAAGRITARLGLTDARGNPLCAAVRPPLVEWSA,45,duf5990 family protein, ,Derived by automated computational analysis using gene prediction method: Protein Homology.,OG0000661,Cloud,group_1652,Cloud,Cloud,Cloud
GCF_038447505.1,PST05_RS18495,MIDTCHGTLIVHALYGAECTDESCVELSADRHALIIDCDEFGDCVCSAEFAEQLRHAS,58,hypothetical protein, ,Derived by automated computational analysis using gene prediction method: Protein Homology.,OG0000169,Shell,group_2231,Shell,Shell,Shell
GCF_038447505.1,PST05_RS18640,MLKAVGPAARTLANFCSCELVVVDDIGMLPAGQNAAVIVAMDNSHRLADASLACACSRSTDDGG,64,hypothetical protein, ,Derived by automated computational analysis using gene prediction method: GeneMarkS-2+.,OG0000450,Cloud,group_352,Cloud,Cloud,Cloud
GCF_038447505.1,PST05_RS18665,MAKGKRTFQPNNRRRARVHGFRLRMRTRAGRAIVSARRRKGRESLTA,47,50s ribosomal protein l34, ,Derived by automated computational analysis using gene prediction method: Protein Homology.,OG0000052,Conserved,rpmH,Conserved,Cloud,Cloud
GCF_038447505.1,PST05_RS19175,MHFAPEKPDGVADGNWIQSDPGKGWFVILRFFSPLQSFFDKTWRPSEVDRVR,52,duf1214 domain-containing protein, ,Derived by automated computational analysis using gene prediction method: Protein Homology.,OG0000359,Cloud,group_1179,Cloud,Cloud,Cloud
GCF_038447505.1,PST05_RS19185,MEFTDGALARDTVEKAYDHMDFRHGVNVFLNAFQGAVVDVRRILRLYSPLRSFFDKTWRPSEIERVQ,67,hypothetical protein, ,Derived by automated computational analysis using gene prediction method: GeneMarkS-2+.,OG0000662,Cloud,group_202,Cloud,Cloud,Cloud
GCF_038447505.1,PST05_RS19360,MTNPNEFETSATDRTDANPRTAAPTCCSTERQATCCDLSEKSTCCGPAATAGREGCGCQ,59,hypothetical protein, ,Derived by automated computational analysis using gene prediction method: GeneMarkS-2+.,OG0000243,Shell,group_2376,Cloud,Cloud,Cloud
GCF_038447505.1,PST05_RS19555,MDFRRTPLARSENYWEQLGSVEARHLDGAERDRLPAPDEQVSLVDHCRGATPDPA,55,hypothetical protein, ,Derived by automated computational analysis using gene prediction method: Protein Homology.,OG0000275,Shell,group_2324,Cloud,Cloud,Cloud
GCF_038447505.1,PST05_RS19955,MSDRDASIFESERELDEESVRKAQRTVAHHSIDAEDCRMLLAALGIPLVRDLENESLSGTAGAESL,66,hypothetical protein, ,Derived by automated computational analysis using gene prediction method: Protein Homology.,OG0000170,Shell,group_2353,Shell,Shell,Shell
GCF_038447505.1,PST05_RS20095,MLFTTGIPSKVTNEALRKPKTGIRAAARDRVYYPVGGLALNVAMP,45,hypothetical protein, ,Derived by automated computational analysis using gene prediction method: GeneMarkS-2+.,OG0000663,Cloud,group_2048,Cloud,Cloud,Cloud
GCF_038447505.1,PST05_RS20325,MTKTPPSESAAIPAWISFRLDQGPASIRYGLSPTTSTLDVPLRPGTAMGPAAVPSRISVVA,61,hypothetical protein, ,Derived by automated computational analysis using gene prediction method: GeneMarkS-2+.,OG0002373,,group_665,Cloud,,Probably not conserved
GCF_038447505.1,PST05_RS20345,MSLYLQPRQSGTAPTPYERKLAGAIEEVFGTGVHHLEGLVKGLNALGIHSPGGDAWTTDTFTDEIRRMGA,70,recombinase-like helix-turn-helix domain-containing protein, ,Derived by automated computational analysis using gene prediction method: Protein Homology.,OG0000171,Shell,,,Shell,Shell
GCF_038447505.1,PST05_RS20635,MFVCICKAVTEDEVHEHCAAGADSADAIGERCGAGWGCGTCVDRLKEILERSAANSVAA,59,(2fe-2s)-binding protein, ,Derived by automated computational analysis using gene prediction method: Protein Homology.,OG0000150,Shell,group_2172,Shell,Shell,Shell
GCF_038447505.1,PST05_RS21150,MLFTPEQVAAVLDAEEWDILVSAAPSREARDPEGQSVTVHDTVLHAVRRA,50,hypothetical protein, ,Derived by automated computational analysis using gene prediction method: Protein Homology.,OG0000451,Cloud,group_1300,Cloud,Cloud,Cloud
GCF_038447505.1,PST05_RS21195,MGIADKASNKAEDLKGQAKEATGKATGDQDLRDEGKADQASSAVKDAGEKVKDTAKNLKDKLT,63,csbd family protein, ,Derived by automated computational analysis using gene prediction method: Protein Homology.,OG0000011,Conserved,group_2411,Conserved,Shell,Shell
GCF_038447505.1,PST05_RS21435,MTTRLSRRQLFGAEVVGAVTVRWPPGVGHARCPARASGCRGVSPTTCPAR,50,hypothetical protein, ,Derived by automated computational analysis using gene prediction method: GeneMarkS-2+.,OG0000664,Cloud,group_1355,Cloud,Cloud,Cloud
GCF_038447505.1,PST05_RS21600,MAKYRVIDPQGSVVETKEIPSAGDAHTWFVDVRADNSELGWRMEVDEDGTWAFFDDTEGATEK,63,hypothetical protein, ,Derived by automated computational analysis using gene prediction method: Protein Homology.,OG0000066,Soft core,group_2173,Shell,Shell,Shell
GCF_038447505.1,PST05_RS21895,MPQSTLQQAKLTAVTEFWDWQLHERCRAVGSATFSARRDQESPGRI,46,hypothetical protein, ,Derived by automated computational analysis using gene prediction method: GeneMarkS-2+.,OG0000299,Cloud,group_1604,Cloud,Cloud,Cloud
GCF_038447505.1,PST05_RS22015,MSELTSWEYATVPLLTHATKQILDQWGTDGWELVTVLPGPTGEQHVAYLKRPKG,54,duf4177 domain-containing protein, ,Derived by automated computational analysis using gene prediction method: Protein Homology.,OG0000012,Conserved,group_2273,Conserved,Shell,Shell
GCF_038447505.1,PST05_RS22180,MAQGTVKWFNAEKGFGFIAPEDGSADVFVHYSEIQGSGFRTLEENQRVEFEVGQGTKGPQATGVRAV,67,cold-shock protein, ,Derived by automated computational analysis using gene prediction method: Protein Homology.,OG0000013,Conserved,group_128,Conserved,Shell,Shell
GCF_038447505.1,PST05_RS22210,MAMQVFSLIAILGALIVLIPTALRVFGKSDNVKAPDETEE,40,hypothetical protein, ,Derived by automated computational analysis using gene prediction method: Protein Homology.,OG0000172,Shell,group_2042,Shell,Shell,Shell
GCF_038447505.1,PST05_RS22215,MSDSLKDRVREKLLRQLAEDGGHPVQEAEGDDPRLVSIDSDLAALEQATDGDVVIEELAAKYWVP,65,hypothetical protein, ,Derived by automated computational analysis using gene prediction method: Protein Homology.,OG0000014,Conserved,group_2342,Conserved,Soft core,Soft core
GCF_038447505.1,PST05_RS22580,MVYVSSPSKSVESLGIVLIAVGVVLLALLTLYLVGFDQGAISRSGMYLHELMHDGRHLLGVPCH,64,cbtb domain-containing protein, ,Derived by automated computational analysis using gene prediction method: Protein Homology.,OG0000173,Shell,group_2252,Shell,Shell,Shell
GCF_038447505.1,PST05_RS22605,MALAYAPGSSVDTTRLAVISFAIVLFAMLALYLVGFDQGAISRSGMYMHELMHDGRHLLGLPCH,64,cbtb domain-containing protein, ,Derived by automated computational analysis using gene prediction method: Protein Homology.,OG0000008,Conserved,group_2468,Conserved,Soft core,Soft core
GCF_038447505.1,PST05_RS22940,MTLHLAQPSDLLGLVGQTVGTTGPLGTTVTAAQRKPAGIEVAFGFTYDIEGAQRPPCIAGGAVLYR,66,hypothetical protein, ,Derived by automated computational analysis using gene prediction method: Protein Homology.,OG0000452,Cloud,group_214,Cloud,Cloud,Cloud
GCF_038447505.1,PST05_RS23095,MSPNTLTPPGFRSLPDLAVRTLGGKIVPDSGTARLRLWGSVTEAGRAGLAS,51,hypothetical protein, ,Derived by automated computational analysis using gene prediction method: Protein Homology.,OG0000225,Shell,group_1239,Cloud,Shell,Shell
GCF_038447505.1,PST05_RS23685,MAQGVVKWFNSEKGFGFIAPDDGSADVFVHYSEISGSGYKSLEENQRVEFEVGQGQKGPQAQNVRAV,67,cold-shock protein, ,Derived by automated computational analysis using gene prediction method: Protein Homology.,OG0000003,Conserved,group_141,Shell,Shell,Shell
GCF_038447505.1,PST05_RS23965,MEVRVDFDRCEANGVCVGIAPDIFELDDDDQLHISSAVPPADREEDVRTAIAQCPRAALTEHP,63,ferredoxin, ,Derived by automated computational analysis using gene prediction method: Protein Homology.,OG0000005,Conserved,group_2144,Shell,Shell,Shell
GCF_038447505.1,PST05_RS24040,MAAKTTAENDIADEDLEPLADETARQAQRVVAAYAEDADECRMLLSMLGIGPTSKLD,57,hypothetical protein, ,Derived by automated computational analysis using gene prediction method: Protein Homology.,OG0000015,Conserved,group_859,Shell,Shell,Shell
GCF_038447505.1,PST05_RS24100,MQVNSCRSAVLDAMEALPALEREALALVYYRGMSCDEVADTMQISVAIVRDRLHEGARRLLAGVGAV,67,sigma factor-like helix-turn-helix dna-binding protein, ,Derived by automated computational analysis using gene prediction method: Protein Homology.,OG0000174,Shell,group_2332,Shell,Shell,Shell
GCF_038447505.1,PST05_RS24145,MPASSTFHASATTTATRGGATMSTEEIKARIEAMFADEVTDTSPALVE,48,hypothetical protein, ,Derived by automated computational analysis using gene prediction method: Protein Homology.,OG0000002,Conserved,group_2311,Shell,Shell,Shell
GCF_038447505.1,PST05_RS24150,MTTHNPQNAPHDGEVLVLGAGSGGAIAGGLIATLALSALTLLSSLPT,47,hypothetical protein, ,Derived by automated computational analysis using gene prediction method: Protein Homology.,OG0000146,Shell,group_2277,Shell,Shell,Shell
GCF_038447505.1,PST05_RS24205,MFSATRTDSAQPPLPGATMEVMMLGLLGALNSGVTLGLANTILTFGGVVLNLNIVVN,57,hypothetical protein, ,Derived by automated computational analysis using gene prediction method: Protein Homology.,OG0000453,Cloud,group_867,Cloud,Cloud,Cloud
GCF_038447505.1,PST05_RS24605,MSSRIATTLAAIAMTLSLGALAAPAAVAAPAAPSPTPAVGSIAVCLNLPLGSASISFCI,59,hypothetical protein, ,Derived by automated computational analysis using gene prediction method: Protein Homology.,OG0000175,Shell,group_2150,Shell,Shell,Shell
GCF_038447505.1,PST05_RS24725,MGRGRAKAKQTKVARELKYSVPTTDFDSLQRELSGGSSNSHRDEVFADQRADREGHSREDDDDWRR,66,duf3073 domain-containing protein, ,Derived by automated computational analysis using gene prediction method: Protein Homology.,OG0000049,Conserved,group_209,Shell,Shell,Shell
GCF_038447505.1,PST05_RS25025,MTPKDSSGPKTTTTDSGAPGADKDVMSDPAEDDKSSGADWSGEGGATPEGPATDTDTED,59,hypothetical protein, ,Derived by automated computational analysis using gene prediction method: Protein Homology.,OG0000020,Core,group_2276,Shell,Shell,Shell
GCF_038447505.1,PST05_RS25320,MANNSKKQYVDPGWPETADGDSAVTELSSSRAGGLSPFGEDTEFPLPADSLPYAHPHTVINR,62,hypothetical protein, ,Derived by automated computational analysis using gene prediction method: Protein Homology.,OG0000048,Conserved,group_2147,Shell,Shell,Shell
GCF_038447505.1,PST05_RS25645,MLGIMLGLGGAAIGLGIGVMALGVGLLLSDATIKHDVGELPD,42,hypothetical protein, ,Derived by automated computational analysis using gene prediction method: GeneMarkS-2+.,OG0000176,Shell,group_1761,Shell,Shell,Shell
GCF_038447505.1,PST05_RS25700,MSFVDTLKGLLGKGREAASQNADKVHGAIDKAADVADSKTGGKYSDKIDKAADAAKKAVPPKE,63,antitoxin, ,Derived by automated computational analysis using gene prediction method: Protein Homology.,OG0000010,Conserved,group_2241,Shell,Shell,Shell
GCF_038447505.1,PST05_RS25795,MARGDHPQRTPFYGVVLIVVALAAAMIVNRTAPVWVQVPVYVLAVLAAMAGFVMTFRDRS,60,hypothetical protein, ,Derived by automated computational analysis using gene prediction method: Protein Homology.,OG0000209,Shell,group_2174,Shell,Shell,Shell
GCF_038447505.1,PST05_RS26125,MKANSDRHDQHLPEHQRIADLVDDMEDRLVAEREAKGIAGNASERKQAEQVEPDDQAPE,59,hypothetical protein, ,Derived by automated computational analysis using gene prediction method: Protein Homology.,OG0000177,Shell,group_2271,Shell,Shell,Shell
GCF_038447505.1,PST05_RS26190,MIVLGIILLVIGLVAGISILTTIGIILLVIGLVLLVLGTTGRAVGGRKYWY,51,duf6131 family protein, ,Derived by automated computational analysis using gene prediction method: Protein Homology.,OG0000193,Shell,group_2133,Shell,Shell,Shell
GCF_038447505.1,PST05_RS26195,MRIGRLVTLIVIIWLIIGAVAVWQRGYFKDTAADCASAGTIAVTVIAGPLNYAGVNPKIDCEVPQPSQ,68,hypothetical protein, ,Derived by automated computational analysis using gene prediction method: Protein Homology.,OG0000017,Conserved,group_2272,Shell,Shell,Shell
GCF_038447505.1,PST05_RS26490,MGKFLVPGVVSAVVGVALGTVATLGITAAAQDNTRPEIDRSGNADSSLLNQVEYGSR,57,duf2613 domain-containing protein, ,Derived by automated computational analysis using gene prediction method: Protein Homology.,OG0000016,Conserved,group_860,Shell,Shell,Shell
GCF_038447505.1,PST05_RS27310,MSTALEESRRHAIELTNEKIQAVKDFFTNIFRLDTTHRTEA,41,hypothetical protein, ,Derived by automated computational analysis using gene prediction method: GeneMarkS-2+.,OG0000178,Shell,group_2433,Shell,Shell,Shell
GCF_038447505.1,PST05_RS27490,MWWIAWVALVWVALSVPLAIVIGKAIRQKDLHELPAKEDATSKNDPPDRTVA,52,hypothetical protein, ,Derived by automated computational analysis using gene prediction method: Protein Homology.,OG0000079,Soft core,group_2417,Shell,Shell,Shell
GCF_038447505.1,PST05_RS28015,MHVTETPTPTVSRTMWTTEEIKARLEEMNIPRSRTRRGPRWGNRDR,46,hypothetical protein, ,Derived by automated computational analysis using gene prediction method: Protein Homology.,OG0000179,Shell,group_2404,Shell,Shell,Shell
GCF_038447505.1,PST05_RS28295,MTTLITLACMILLAAAVAHYGPKEGGTGLFRLEQFRIGAPLGGIFPDQSSSPEDPHWPSSDDQRTGGGSS,70,hypothetical protein, ,Derived by automated computational analysis using gene prediction method: Protein Homology.,OG0000194,Shell,,,Shell,Shell
GCF_038447505.1,PST05_RS28465,MSTATTPVTPESGTARTNWRVEKPLFSTVLFAVYVGIAVWAGLYLRDRTVRELLPLRREG,60,hypothetical protein, ,Derived by automated computational analysis using gene prediction method: GeneMarkS-2+.,OG0000455,Cloud,group_669,Cloud,Cloud,Cloud
GCF_038447505.1,PST05_RS28605,MAARNEIRPIVKLKSTAGTGYTYVTRKNRRNDPDRLVMKKYDPVVRKHVDFREEK,55,50s ribosomal protein l33, ,Derived by automated computational analysis using gene prediction method: Protein Homology.,OG0000047,Conserved,group_2305,Shell,Shell,Shell
GCF_038447505.1,PST05_RS28625,MAVPKRRMSRSNTRSRRSQWKAQAPDLVGVTVGGATHRVPRRLVKAVKLGLVDPAGK,57,50s ribosomal protein l32, ,Derived by automated computational analysis using gene prediction method: Protein Homology.,OG0000060,Soft core,group_2234,Shell,Shell,Shell
GCF_038447505.1,PST05_RS28745,MSDAELRKAIRVLRERADDARHRGNDDDANGIERTIRTYQEEMTQRL,47,hypothetical protein, ,Derived by automated computational analysis using gene prediction method: Protein Homology.,OG0000059,Core,group_1481,Shell,Shell,Shell
GCF_038447505.1,PST05_RS28830,MAAPTVAPQLALTPELSQLALTPELSQLALTPELSQLALTPE,42,hypothetical protein, ,Derived by automated computational analysis using gene prediction method: GeneMarkS-2+.,OG0000665,Cloud,group_1820,Cloud,Cloud,Cloud
GCF_038447505.1,PST05_RS28900,MAEGIVKWFNSEKGFGFIAPEDGSADVFVHYSEIQSGGFRTLEENQRVSFEIGQGNKGPQATGVTLI,67,cold-shock protein, ,Derived by automated computational analysis using gene prediction method: Protein Homology.,OG0000046,Conserved,group_2233,Shell,Shell,Shell
GCF_038447505.1,PST05_RS28990,MGLEREQGTVGVVCIATVVPYRIPATGALSVSMPAEVASYPGELERIAGVLTKHASAWARELRAEGVR,68,hypothetical protein, ,Derived by automated computational analysis using gene prediction method: Protein Homology.,OG0000456,Cloud,group_2044,Cloud,Cloud,Cloud
GCF_038447505.1,PST05_RS29070,MDDAFEQELERRLLLLESPDGGGMILPDLPWRDVAAAIAGIVVTITVMSWWAY,53,hypothetical protein, ,Derived by automated computational analysis using gene prediction method: Protein Homology.,OG0000272,Shell,group_2312,Shell,Shell,Shell
GCF_038447505.1,PST05_RS29780,MSEDRRISRLLPVRRVLAAAGIAGLVAGGGMAAAADPATPDSTVAAPLVSAGFGAPDAVSSGS,63,hypothetical protein, ,Derived by automated computational analysis using gene prediction method: Protein Homology.,OG0000180,Shell,group_2175,Shell,Shell,Shell
GCF_038447505.1,PST05_RS29925,MNRVVGAVRTAWWWTGSLMGDHDYSRYVEHLRRNHPEAEVPTEREYWKARYADADANPGARCC,63,ybdd/yjix family protein, ,Derived by automated computational analysis using gene prediction method: Protein Homology.,OG0000045,Conserved,group_2289,Shell,Core,Shell
GCF_038447505.1,PST05_RS29995,MAMTLRLTEEQERALTLLADAQGVSKQEATVRAIVEAAARHTHDERVRALSRGGRERYATLLDRLAQ,67,hypothetical protein, ,Derived by automated computational analysis using gene prediction method: Protein Homology.,OG0000320,Cloud,group_2301,Cloud,Cloud,Cloud
GCF_038447505.1,PST05_RS30005,MAEPVKGPASYFPSIEEKYGRPISEWQTLIRASELTKHMELVSWLKSEHGLGHGHANALVAHTLKEDAAA,70,duf4287 domain-containing protein, ,Derived by automated computational analysis using gene prediction method: Protein Homology.,OG0000027,Conserved,,,Shell,Shell
GCF_038447505.1,PST05_RS30060,MDLAFLSEFFSAFSDLAGALDFFSGSADALGGGADAATAAAATIG,45,hypothetical protein, ,Derived by automated computational analysis using gene prediction method: Protein Homology.,OG0000181,Shell,group_2197,Shell,Shell,Shell
GCF_038447505.1,PST05_RS30210,MGKVKASKVSGLKPKKKCCRSKTRCIKCPVVIMRMKKLENEGASKKELKKGLKKARAA,58,hypothetical protein, ,Derived by automated computational analysis using gene prediction method: Protein Homology.,OG0000044,Conserved,group_2219,Shell,Shell,Shell
GCF_038447505.1,PST05_RS30230,MYNWDVQNAIVAFVDTLRPSWPAQHDLYYSVLYGFADMQSHLLTLLGYPPVA,52,hypothetical protein, ,Derived by automated computational analysis using gene prediction method: Protein Homology.,OG0000058,Core,group_1177,Shell,Shell,Shell
GCF_038447505.1,PST05_RS30270,MTSFDAADSPEVPEADRLEQELAVDDDSSDEVEEVSSLEVNEADVAEQSRAVPVDEDYPRG,61,hypothetical protein, ,Derived by automated computational analysis using gene prediction method: Protein Homology.,OG0000057,Core,group_2212,Shell,Shell,Shell
GCF_038447505.1,PST05_RS30415,MAAMKPRTGDGPLEATKEGRGIVMRVPLEGGGRLVVELTPEEAAALGEELKGVTS,55,duf3117 domain-containing protein, ,Derived by automated computational analysis using gene prediction method: Protein Homology.,OG0000043,Conserved,group_1006,Shell,Shell,Shell
GCF_038447505.1,PST05_RS30890,MYFGPGRVFATAPLIASTPDQSFTLARSDTIASMLDDHADILREQILADRIP,52,hypothetical protein, ,Derived by automated computational analysis using gene prediction method: Protein Homology.,OG0000457,Cloud,group_1180,Cloud,Cloud,Cloud
GCF_038447505.1,PST05_RS30915,MSDRDNNVLENDLVEESLVEEVSIDGMCGVY,31,mycofactocin precursor mfta, ,"Mycofactocin is a small molecule electron carrier derived from the final two amino acids, Val-Tyr, of MftA, the mycofactocin precursor. It plays a role in redox homeostasis and the metabolism of alcohols and aldehydes in Actinobacteria, including Mycobacterium tuberculosis; Derived by automated computational analysis using gene prediction method: Protein Homology.",OG0000009,Conserved,group_2326,Conserved,Shell,Shell
GCF_038447505.1,PST05_RS31285,MAKKALVNKANKKPKFAVRAYTRCQRCGRPHSVFRKFGLCRICVREMAHAGELPGVHKSSW,61,type z 30s ribosomal protein s14, ,Derived by automated computational analysis using gene prediction method: Protein Homology.,OG0000028,Conserved,group_2294,Conserved,Shell,Shell
GCF_038447505.1,PST05_RS31310,MAELKVTQIKSTIGTKQNQRNSLRTLGLKGIRQTVVREDNAQNRGLINVVRHLVTVEEV,59,50s ribosomal protein l30, ,Derived by automated computational analysis using gene prediction method: Protein Homology.,OG0000029,Conserved,rpmD,Conserved,Shell,Shell
GCF_038447505.1,PST05_RS31345,MKVQPSVKKICEKCKVIRRNGRVMVICENLRHKQRQG,37,50s ribosomal protein l36, ,Derived by automated computational analysis using gene prediction method: Protein Homology.,OG0000030,Conserved,rpmJ,Conserved,Shell,Shell
GCF_038447505.1,PST05_RS31750,MPQHTDLPVLASSADLADILGVTERTVNTWRNNGLDVVGSYLPAGSRTPIDLFSVEDARRMQRRNAA,67,hypothetical protein, ,Derived by automated computational analysis using gene prediction method: GeneMarkS-2+.,OG0000666,Cloud,group_203,Cloud,Cloud,Cloud
GCF_038447505.1,PST05_RS32005,MIRAVALALLAVGAYAVVSEHEPATVELPPPSFVPATADLTTA,43,hypothetical protein, ,Derived by automated computational analysis using gene prediction method: GeneMarkS-2+.,OG0000220,Shell,group_2379,Shell,Shell,Shell
GCF_038447505.1,PST05_RS32150,MVEVDGREFHSENDRRRQNWLVSEGWMVLRFAAYDVLAHPDVVAGEIFDSVRRRRRSRRPK,61,duf559 domain-containing protein, ,Derived by automated computational analysis using gene prediction method: Protein Homology.,OG0000667,Cloud,group_664,Cloud,Cloud,Cloud
GCF_038447505.1,PST05_RS32185,MCRVCGHVDQADHNAALNIAYLGYAKYMTTTHGYWAA,37,hypothetical protein, ,Derived by automated computational analysis using gene prediction method: Protein Homology.,OG0000458,Cloud,group_1930,Cloud,Cloud,Cloud
GCF_038447505.1,PST05_RS32195,MAEVCDAFGVALTEFNAKHDHVHLPIHDPRPTDS,34,hypothetical protein, ,Derived by automated computational analysis using gene prediction method: Protein Homology.,OG0000668,Cloud,group_1938,Cloud,Cloud,Cloud
GCF_038447505.1,PST05_RS32505,MLVIGILLTLSLASVAWLCVSTARGGRSGLAGPPRSHLHSD,41,hypothetical protein, ,Derived by automated computational analysis using gene prediction method: GeneMarkS-2+.,OG0000182,Shell,group_2124,Shell,Shell,Shell
GCF_038447505.1,PST05_RS32745,MTFTVTHRSFDQLAEFAVTDFGDDDSYSIHESGALVIVRAARELIYAPGSWFLVEREDGQEDGSPGNYM,69,hypothetical protein, ,Derived by automated computational analysis using gene prediction method: GeneMarkS-2+.,OG0000151,Shell,group_2,Shell,Shell,Shell
GCF_038447505.1,PST05_RS33140,MTDASNEDTKKKFREALERKNHQAGLSTDHKDGHSKAHEAHGPADHKREFRRKTG,55,duf5302 domain-containing protein, ,Derived by automated computational analysis using gene prediction method: Protein Homology.,OG0000031,Conserved,group_2470,Core,Shell,Shell
GCF_038447505.1,PST05_RS33230,MAAVCDVCAKGPGFGKSVSHSHRRTNRRWNPNIQTVRAEVAPGNTRKVNVCTSCLKAGKVARG,63,50s ribosomal protein l28, ,Derived by automated computational analysis using gene prediction method: Protein Homology.,OG0000032,Conserved,rpmB,Conserved,Soft core,Soft core
GCF_038447505.1,PST05_RS33270,MAVPKRRMSRSNTRSRRSQWKTTVPTLVTCPNRGCGEKTLPHVACPSCGTYKGRQVTAAV,60,50s ribosomal protein l32, ,Derived by automated computational analysis using gene prediction method: Protein Homology.,OG0000033,Conserved,group_2479,Conserved,Soft core,Soft core
GCF_038447505.1,PST05_RS33900,MQFINPKGRYLPNQDEPRLLDNRGPACYDVTGVPDQVPGYGAQITPASYAGSKMQAPRP,59,hypothetical protein, ,Derived by automated computational analysis using gene prediction method: GeneMarkS-2+.,OG0000459,Cloud,group_738,Cloud,Cloud,Cloud
GCF_038447505.1,PST05_RS34170,MRLLRGLLDVVLGILTAVLGTVLGIVAAVVWIVGGVLCVTVILLPLGLPVVRLARRLFTLARKLMHFP,68,hypothetical protein, ,Derived by automated computational analysis using gene prediction method: Protein Homology.,OG0000152,Shell,group_2196,Shell,Shell,Shell
GCF_038447505.1,PST05_RS34365,MFWKIVLAVAAIWIALAVVGALVKGLFWILVVSAVVFGVYLLIKAMSGSGEKSDITRS,58,hypothetical protein, ,Derived by automated computational analysis using gene prediction method: Protein Homology.,OG0000034,Conserved,group_808,Shell,Soft core,Shell
GCF_038447505.1,PST05_RS34390,MRLTEFHQLVREEFGQMRGDALLVDHVLLSLGGKTAAEAIEDGREPREVWRELCVEFDVPPQRR,64,duf3046 domain-containing protein, ,Derived by automated computational analysis using gene prediction method: Protein Homology.,OG0000035,Conserved,group_2481,Conserved,Soft core,Soft core
GCF_038447505.1,PST05_RS34515,MCSFERVIERPEGSDADRVGSGYDNGSDDNGSDDNGYEQRRYR,43,hypothetical protein, ,Derived by automated computational analysis using gene prediction method: GeneMarkS-2+.,OG0000669,Cloud,group_1758,Cloud,Cloud,Cloud
GCF_038447505.1,PST05_RS34670,MPGTLTSPPLTAADRCDRCGAGARVRAVLPTGGELLFCGHHANEHADRLREMNATIVSEAEAAI,64,hypothetical protein, ,Derived by automated computational analysis using gene prediction method: Protein Homology.,OG0000036,Conserved,group_2483,Conserved,Shell,Shell
GCF_038447505.1,PST05_RS34920,MFYLGYADSGIVRDRRGDRLRRGAGLVTVRSWRLAHPGTIESIKTVAAITRLRDSTGMTLREAKDAVDQL,70,hypothetical protein, ,Derived by automated computational analysis using gene prediction method: Protein Homology.,OG0000361,Cloud,,,Cloud,Cloud
GCF_038447505.1,PST05_RS35115,MGGAGMAGAGRGGDDQLSGRSTPSYLVNAGENNACVGDLPMVVPAVIGGEDLDDSPFGDRS,61,hypothetical protein, ,Derived by automated computational analysis using gene prediction method: Protein Homology.,OG0000321,Cloud,group_598,Cloud,Cloud,Cloud
GCF_038447505.1,PST05_RS35210,MHPSLPMKQRIPGGAERLSQPVIGAGAALSVAMPAWMVTHSPCATAAIVAATFAGLIAAAVMLRPSP,67,hypothetical protein, ,Derived by automated computational analysis using gene prediction method: Protein Homology.,OG0000460,Cloud,group_145,Cloud,Cloud,Cloud
GCF_038447505.1,PST05_RS35220,MIHQEIREWVAELMQLDIATASPGELAKLDAMTALAEGQYVQQLLNLHEFRPLVG,55,hypothetical protein, ,Derived by automated computational analysis using gene prediction method: Protein Homology.,OG0000120,Shell,group_1013,Cloud,Cloud,Cloud
GCF_038447505.1,PST05_RS35340,MTENPGTHTLLNVGDKVKVHAEGTSVFTIVSIDGDEALIESVLGAPGTYPFHCTLERLVPFES,63,hypothetical protein, ,Derived by automated computational analysis using gene prediction method: Protein Homology.,OG0000072,Soft core,group_434,Cloud,Cloud,Cloud
GCF_038447505.1,PST05_RS35345,MTRLHPSASAPHHAIPTHRVLSTPEILQRIQAMYTDRDENGGPAGTLVDLLTIQSNGPTPVHLIGGGGE,69,hypothetical protein, ,Derived by automated computational analysis using gene prediction method: GeneMarkS-2+.,OG0000322,Cloud,group_6,Cloud,Cloud,Cloud
GCF_038447505.1,PST05_RS35355,MVYSYKVVEVREKMIGGKMSGDKLERLLNQHAQQGWRLKTITSTDVKGRLGPSGVEGLLITFEREN,66,duf4177 domain-containing protein, ,Derived by automated computational analysis using gene prediction method: Protein Homology.,OG0000370,Cloud,group_2034,Cloud,Cloud,Cloud
GCF_038447505.1,PST05_RS35530,MAGVELTTGLTVTAVTERGTHAIVTTSSDIHDSEGRPVGVPYCPVRRSRGPRVRGVRVRT,60,hypothetical protein, ,Derived by automated computational analysis using gene prediction method: Protein Homology.,OG0000461,Cloud,group_670,Cloud,Cloud,Cloud
GCF_038447505.1,PST05_RS35555,MPCREDVVVGNDHPLDAHTASGSGYPTRTLPAARRLSAGGETLDR,45,hypothetical protein, ,Derived by automated computational analysis using gene prediction method: GeneMarkS-2+.,OG0000462,Cloud,group_1609,Cloud,Cloud,Cloud
GCF_038447505.1,PST05_RS35565,MKMKSYQRTVADWLAERDELVVEILELEGRLERATRRLEEVSAEIAWPGGAR,52,hypothetical protein, ,Derived by automated computational analysis using gene prediction method: GeneMarkS-2+.,OG0000250,Shell,group_1181,Cloud,Cloud,Cloud
GCF_038447505.1,PST05_RS35775,MVFFLFGYGTKRQHLGPGQTRTCPHCHNTTQWARMREFKQFALFFVPVARWKRRQLEECGICGTAVEV,68,zinc-ribbon domain-containing protein, ,Derived by automated computational analysis using gene prediction method: Protein Homology.,OG0000463,Cloud,group_64,Cloud,Cloud,Cloud
GCF_038447505.1,PST05_RS35955,MVTIRSKHLGALVNEVDAIETLPAWSFGIRQLFEYLHTHTVPPLPVTTGVGGGLLESRV,59,hypothetical protein, ,Derived by automated computational analysis using gene prediction method: Protein Homology.,OG0000464,Cloud,group_740,Cloud,Cloud,Cloud
GCF_038447505.1,PST05_RS36570,MSGHPAVVSAVQDAVARDGSSRSASRLLSGENPVHRELKAELAGLLGTEDGSPS,54,polyketide synthase, ,Derived by automated computational analysis using gene prediction method: Protein Homology.,OG0000276,Shell,group_2204,Shell,Cloud,Shell
GCF_038447505.1,PST05_RS36730,MDLTAIGVGFGYVVVVLTILVVVVGVSALFVFSIKSDFIPPESPGTPTGRKRIGRAE,57,hypothetical protein, ,Derived by automated computational analysis using gene prediction method: Protein Homology.,OG0000195,Shell,group_868,Shell,Cloud,Shell
GCF_038447505.1,PST05_RS36825,MIGSLLWLIRSAAINTVLDGTEKITTKSLDAVDADITSESSAPPVG,46,hypothetical protein, ,Derived by automated computational analysis using gene prediction method: GeneMarkS-2+.,OG0000317,Cloud,"group_2536, group_1993",Cloud,Cloud,Cloud
GCF_038447505.1,PST05_RS40565,MVIRRPLDDRARRERAIRAARTTSELEGSRSTDVTRADQDAYVRGEIDIEQLGSRVRARYNLA,63,antitoxin vbha family protein, ,Derived by automated computational analysis using gene prediction method: Protein Homology.,OG0000377,Cloud,group_2618,Cloud,Cloud,Cloud
GCF_038447505.1,PST05_RS40595,MACGPRRGAGIGGDTVECVVVRPVLEHPDGAPPAVKPTMNIDPLAHHNPIERCRSVCGIRLAAG,64,hypothetical protein, ,Derived by automated computational analysis using gene prediction method: GeneMarkS-2+.,OG0000670,Cloud,group_2626,Cloud,Cloud,Cloud
GCF_038447505.1,PST05_RS40615,MNHEQMTQERREAFWRKYRWTPDLPPEQRKAIEQVWTDEKIEEAEALGF,49,hypothetical protein, ,Derived by automated computational analysis using gene prediction method: GeneMarkS-2+.,OG0000153,Shell,group_2622,Cloud,Cloud,Cloud
GCF_038447505.1,PST05_RS40800,MDDPTTQQLAAAACTSMEQLVHPLTVLEHQLQRREKSPVRRDP,43,hypothetical protein, ,Derived by automated computational analysis using gene prediction method: GeneMarkS-2+.,OG0002374,,,,,Probably not conserved
GCF_038447505.1,PST05_RS40810,MVASLIFNGVTYDISQTRFEATRELLARFAEGHTTGVAMSLTHGGARHHLYITPGVPITLVE,62,hypothetical protein, ,Derived by automated computational analysis using gene prediction method: Protein Homology.,OG0000130,Shell,group_2609,Cloud,Cloud,Cloud
GCF_038447505.1,PST05_RS40865,MDLFYGPSLGVAQTRSGTVIAAFNAGGMPGYLGTPTTLLPGAGVWAVP,48,hypothetical protein, ,Derived by automated computational analysis using gene prediction method: GeneMarkS-2+.,OG0000304,Cloud,group_2614,Cloud,Cloud,Cloud
GCF_038447505.1,PST05_RS40890,MTVQVIQSSGHNGWAVRCDLCEHRFDAAVAGQAAAVAFARINGWVVGETTRCPMCATAHIG,61,hypothetical protein, ,Derived by automated computational analysis using gene prediction method: GeneMarkS-2+.,OG0000154,Shell,group_2608,Cloud,Cloud,Cloud
GCF_038447505.1,PST05_RS40915,MGGVTYDISHTRFEATRELLARFAEGHTTGVAMSLTHGGARHHLYITPGVPITLVE,56,hypothetical protein, ,Derived by automated computational analysis using gene prediction method: Protein Homology.,OG0000130,Shell,group_2620,Cloud,Cloud,Cloud
GCF_038447505.1,PST05_RS40925,MSRLRELIRNLTRSLAESEKERTRLTRSLDGARANVKRERERNVTQLFGDNP,52,hypothetical protein, ,Derived by automated computational analysis using gene prediction method: GeneMarkS-2+.,OG0000968,Cloud,group_2625,Cloud,Cloud,Cloud
GCF_038447505.1,PST05_RS41080,MIRTHDALPWIAPVAVAGLGTLVAVYARRSDEWHTNERFWAGLLSFA,47,hypothetical protein, ,Derived by automated computational analysis using gene prediction method: GeneMarkS-2+.,OG0000402,Cloud,group_2616,Cloud,Cloud,Cloud
GCF_038447505.1,PST05_RS41300,MTRCDEFRTVVDPIPKLDVPRNDLAVFVRDAQPVDGSVNPADVLLEQLHRSSMAVRRGQVRNLRITRDQV,70,hypothetical protein, ,Derived by automated computational analysis using gene prediction method: GeneMarkS-2+.,OG0000671,Cloud,,,Cloud,Cloud
GCF_038447505.1,PST05_RS41390,MRLVLSLAFGGIVYVKQSQWNTMKGGDFRCPRGGVQRTAGTVDSDDDVTMTGGDAALVRSP,61,hypothetical protein, ,Derived by automated computational analysis using gene prediction method: Protein Homology.,OG0000672,Cloud,group_2610,Cloud,Cloud,Cloud
GCF_038447505.1,PST05_RS41415,MPKTIIPVIAAVWLALAAIGAWSTIAFALAVLAALVLGTYLLASAVTGPGTGHR,54,hypothetical protein, ,Derived by automated computational analysis using gene prediction method: Protein Homology.,OG0000205,Shell,group_2627,Cloud,Cloud,Cloud
GCF_038447505.1,PST05_RS41475,MRILVTTASEHGATTELAGRAGAGHRGRGPTAEAAEPDNNRSRDSATARVDTRRPGQETGR,61,hypothetical protein, ,Derived by automated computational analysis using gene prediction method: GeneMarkS-2+.,OG0000673,Cloud,group_2611,Cloud,Cloud,Cloud
GCF_038447505.1,PST05_RS41695,MSDSNTGAAGGGAIYALGIFGAWVWFWQQADAFWEYVLAIVQGLLWPAWMVYEVFKALAG,60,hypothetical protein, ,Derived by automated computational analysis using gene prediction method: Protein Homology.,OG0000202,Shell,group_2612,Cloud,Cloud,Cloud
GCF_038447505.1,PST05_RS41710,MAQGIVKWFNGEKGFGFIKPDDGGADLFVHYSEIAGSGFKSLEENQRVEFEVGQGQKGPQAQNVRPI,67,cold-shock protein, ,Derived by automated computational analysis using gene prediction method: Protein Homology.,OG0000674,Cloud,group_2623,Cloud,Cloud,Cloud
GCF_038447505.1,PST05_RS41785,MAALPKAVQHDLVDDGRRDLAQMTIAKVMEHNVADTKRSRAAVGS,45,hypothetical protein, ,Derived by automated computational analysis using gene prediction method: GeneMarkS-2+.,OG0000675,Cloud,group_2619,Cloud,Cloud,Cloud
GCF_038447505.1,PST05_RS41795,MCYPTTCAHCRKTTWGGCGRHADSVMRSVPAGNRCTCADESATQTKSGLFRTLFGR,56,hypothetical protein, ,Derived by automated computational analysis using gene prediction method: Protein Homology.,OG0000473,Cloud,group_2621,Cloud,Cloud,Cloud
GCF_038447505.1,PST05_RS42035,MNSASIVGMAVTAVVLNLIGWGVLVVPGNHGPGRHLSAPAAVVHSVIGADSGGFSPGARIGPIPL,65,hypothetical protein, ,Derived by automated computational analysis using gene prediction method: Protein Homology.,OG0000676,Cloud,group_2613,Cloud,Cloud,Cloud
GCF_038447505.1,PST05_RS42160,MRIHIIIMSIMVIPILLTSFSDPVVVLWLPREGARRSVGLVEGSVRGR,48,hypothetical protein, ,Derived by automated computational analysis using gene prediction method: GeneMarkS-2+.,OG0000624,Cloud,group_2615,Cloud,Cloud,Cloud
GCF_038447505.1,PST05_RS42185,MSSVTTTLVQITRHPATRAAFKCAVLCAAAAVGRRLDGPHPVPDTPGGHNRGCSA,55,hypothetical protein, ,Derived by automated computational analysis using gene prediction method: GeneMarkS-2+.,OG0000512,Cloud,group_2624,Cloud,Cloud,Cloud
GCF_038447505.1,PST05_RS42200,MSTTTVTVTGMTCGHCVSSVREEIGSIPGVTGVDVDLASGRVDIDSAAPIEQAALARAVDEAGYQLAG,68,heavy metal-associated domain-containing protein, ,Derived by automated computational analysis using gene prediction method: Protein Homology.,OG0000006,Conserved,group_2617,Cloud,Cloud,Cloud
GCF_038447505.1,PST05_RS42295,MTNEKGMNMDNEASSVEKRAKALLSEIVLDDNAEGAHRRKVDLSWSSSGRSLP,53,hypothetical protein, ,Derived by automated computational analysis using gene prediction method: GeneMarkS-2+.,OG0000235,Shell,group_1120,Cloud,Cloud,Cloud
GCF_038447505.1,PST05_RS42410,MVVDGGRVLLPWAHEQFSGPDEGDVVTSSWEYDFARLVDHFEGVSEFDEAFATAGFKIVD,60,hypothetical protein, ,Derived by automated computational analysis using gene prediction method: GeneMarkS-2+.,OG0000471,Cloud,group_672,Cloud,Cloud,Cloud
GCF_038447505.1,PST05_RS42570,MTADKLRHRRPDLTFHPDIFAAPAQFRVVKAAPHDDAVPAADTTQGKEGSGADAYTGRRDGKGL,64,hypothetical protein, ,Derived by automated computational analysis using gene prediction method: GeneMarkS-2+.,OG0000217,Shell,group_354,Cloud,Cloud,Cloud
GCF_038447505.1,PST05_RS42705,MSAAGSGDLVRYADRVLAGTGITAGQVAAVVAGTATDAAASALRAGWRCAANPVQGSDEGRGAA,64,hypothetical protein, ,Derived by automated computational analysis using gene prediction method: Protein Homology.,OG0000134,Shell,group_355,Cloud,Cloud,Cloud
GCF_038447505.1,PST05_RS42725,MTVFGDFLGDLHHLADVMGVDWDEAQRRGAVHYTAELYGAD,41,hypothetical protein, ,Derived by automated computational analysis using gene prediction method: GeneMarkS-2+.,OG0000269,Shell,group_1833,Cloud,Cloud,Cloud
GCF_038447505.1,PST05_RS42840,MADKLLAAYENRAPIARLVEQHLKLTIHDSYLTQQLQVRHGQTQGATIRGH,51,hypothetical protein, ,Derived by automated computational analysis using gene prediction method: GeneMarkS-2+.,OG0000552,Cloud,group_1241,Cloud,Cloud,Cloud
GCF_038447505.1,PST05_RS42965,MAAPRTAPRAHIDADLLPTLLNTHAGIPAPQQLACGAALCAFAANLSAPVLASLLGLSVVMTTW,64,hypothetical protein, ,Derived by automated computational analysis using gene prediction method: GeneMarkS-2+.,OG0000297,Cloud,group_356,Cloud,Cloud,Cloud
GCF_038447505.1,PST05_RS43140,MYRWFPDASLTVVQALLKTRSGKILRKTMRQIADHEEYRALHHRGRRRPRRAEATVTCAPATGIGRR,67,hypothetical protein, ,Derived by automated computational analysis using gene prediction method: GeneMarkS-2+.,OG0000277,Cloud,"group_2007, group_2006",Cloud,Cloud,Cloud
GCF_038447505.1,PST05_RS43225,MAVVKANLGACQGYANCVVAADDYFDIDDDGVVELLSVEVPESERGRVDSAARSCPVSALWIED,64,ferredoxin, ,Derived by automated computational analysis using gene prediction method: Protein Homology.,OG0000001,Conserved,"group_2005, group_2004", Cloud,Cloud,Cloud
GCF_038447505.1,PST05_RS43240,MLVATDLSDPAGQAVRRAAQLAGQHGALVTAPI,33,universal stress protein, ,Derived by automated computational analysis using gene prediction method: Protein Homology.,OG0000646,Cloud,group_1941,Cloud,Cloud,Cloud
GCF_038447505.1,PST05_RS43255,MTADRPIVVGTDGSPSSLQAVSWLAGSLQGSTSQNLLHHALGPGHDLPPAG,51,universal stress protein, ,Derived by automated computational analysis using gene prediction method: GeneMarkS-2+.,OG0000354,Cloud,group_2089,Cloud,Cloud,Cloud
GCF_038447505.1,PST05_RS43415,MLAAHDKSVRVLPRGHQLTGQLALLFTMVTYTFGGLYLLFGG,42,hypothetical protein, ,Derived by automated computational analysis using gene prediction method: GeneMarkS-2+.,OG0000642,Cloud,group_1821,Cloud,Cloud,Cloud
GCF_038447505.1,PST05_RS43510,MESEYRVTLPGELRENENEASLPSGVLTVRCKAERAQTRKIEVTEAGAK,49,hypothetical protein, ,Derived by automated computational analysis using gene prediction method: GeneMarkS-2+.,OG0000969,Cloud,group_1411,Cloud,Cloud,Cloud
GCF_038447505.1,PST05_RS43590,MTRTIVARGLHYECRHGCNELALVLVGGRKTTDLMVVRSGPLDADGWARETVLAAAVTIFDLTWG,65,hypothetical protein, ,Derived by automated computational analysis using gene prediction method: GeneMarkS-2+.,OG0000970,Cloud,group_336,Cloud,Cloud,Cloud
GCF_038447505.1,PST05_RS43605,MVVVFAGAWLTAGVFVATIFSAAVDFAPAVLAGDFLAAVFFAAVFFAEAFPTTIFFAAAFFAGTAFA,67,hypothetical protein, ,Derived by automated computational analysis using gene prediction method: Protein Homology.,OG0000472,Cloud,group_204,Cloud,Cloud,Cloud
GCF_038447505.1,PST05_RS43655,MKKQTYRGVFSKFLGDHDDAIVLRRLLERFGIGGFAAGSHGETAGGIDKAAPYSFVLDPRCQARE,65,hypothetical protein, ,Derived by automated computational analysis using gene prediction method: GeneMarkS-2+.,OG0000971,Cloud,group_337,Cloud,Cloud,Cloud
GCF_038447505.1,PST05_RS43660,MLTPDQSRLLDVKPTFATLLGHDLHEIAGLHVHQVIHPDDISIGSPRTQSTYMRTQEPKRGNTDRRKFE,69,pas domain-containing protein, ,Derived by automated computational analysis using gene prediction method: Protein Homology.,OG0000618,Cloud,group_51,Cloud,Cloud,Cloud
GCF_038447505.1,PST05_RS43735,MVTSVRDGRHLDYRVVAFGDNPQNLPERTGSASVRHPAEAAAILVDPPLPTHGRDDAA,58,hypothetical protein, ,Derived by automated computational analysis using gene prediction method: GeneMarkS-2+.,OG0000323,Cloud,group_2002,Cloud,Cloud,Cloud
GCF_038447505.1,PST05_RS43805,MPHFRYVGTHERIHLGAATRMINYGDIVAARTNPDPRYFERVEPDQITERLSRRSVGAPERE,62,hypothetical protein, ,Derived by automated computational analysis using gene prediction method: Protein Homology.,OG0000232,Shell,group_588,Cloud,Cloud,Cloud
GCF_038447505.1,PST05_RS36860,MVFERFSDQARQVVVLAAGAARTHHQNSVGTEHLLVGIFDAGGPERRR,48,hypothetical protein, ,Derived by automated computational analysis using gene prediction method: GeneMarkS-2+.,OG0000342,Cloud,group_1477,Cloud,Cloud,Cloud
GCF_038447505.1,PST05_RS37000,MITTLFRMLATPLAVFLDHVMVLQRTHEFVDLSEQLRDDTDVHRDTKAAV,50,hypothetical protein, ,Derived by automated computational analysis using gene prediction method: GeneMarkS-2+.,OG0000407,Cloud,group_1356,Cloud,Cloud,Cloud
GCF_038447505.1,PST05_RS37040,MNRSRTPAAAIHRSFAHGGSMSTRQIKAHLEVMFAPETDHGAPGGNAGSVLAHRLSEAE,59,hypothetical protein, ,Derived by automated computational analysis using gene prediction method: Protein Homology.,OG0000313,Cloud,group_804,Cloud,Cloud,Cloud
GCF_038447505.1,PST05_RS37045,MSTELTDGHDPPPRRQHNRDNIGLDDHNKDPDTDLRKRQEQP,42,hypothetical protein, ,Derived by automated computational analysis using gene prediction method: GeneMarkS-2+.,OG0000465,Cloud,group_2068,Cloud,Cloud,Cloud
GCF_038447505.1,PST05_RS37055,MNLNVALLLLVLTGGIGGTAAIQAALRRAADRGRRAVFHVSG,42,hypothetical protein, ,Derived by automated computational analysis using gene prediction method: Protein Homology.,OG0000127,Shell,group_1822,Cloud,Cloud,Cloud
GCF_038447505.1,PST05_RS37065,MADKSAVKSSKQSARALKERRAEKREKAIASTLFTRKRKS,40,hypothetical protein, ,Derived by automated computational analysis using gene prediction method: Protein Homology.,OG0000004,Core,group_1924,Cloud,Cloud,Cloud
GCF_038447505.1,PST05_RS37130,MPARNRLAVGGSHSASAIPVNTDTVRILDPSTASGAVLIPWPPREVPAPN,50,hypothetical protein, ,Derived by automated computational analysis using gene prediction method: GeneMarkS-2+.,OG0000677,Cloud,group_1357,Cloud,Cloud,Cloud
GCF_038447505.1,PST05_RS37140,MASNATNVSNPERALESTPSCTACPHRPDSHDALGIRFCAATSDRNLGRKCICAGEPATGQHYSRY,66,rgcvc family protein, ,Derived by automated computational analysis using gene prediction method: Protein Homology.,OG0000210,Shell,group_275,Cloud,Cloud,Cloud
GCF_038447505.1,PST05_RS37315,MFDDTLRRRTAAARLTLARRRRRQQDEAIAYMRHRARFTRHRRRHHPHRPNPA,53,hypothetical protein, ,Derived by automated computational analysis using gene prediction method: GeneMarkS-2+.,OG0000678,Cloud,group_1172,Cloud,Cloud,Cloud
GCF_038447505.1,PST05_RS37320,MRRVQRCSCSSRNWGLEKGAVIPDAEASQAVAAVVALVADRWLVLLIGTAFVVWLIALVLILYAAMTLD,69,hypothetical protein, ,Derived by automated computational analysis using gene prediction method: GeneMarkS-2+.,OG0000679,Cloud,group_52,Cloud,Cloud,Cloud
GCF_038447505.1,PST05_RS37400,MRRSAPAYRYDLAGVLDPSTGSIDHGAAAAGVAFVGQEVPAWDPD,45,hypothetical protein, ,Derived by automated computational analysis using gene prediction method: GeneMarkS-2+.,OG0000680,Cloud,group_1653,Cloud,Cloud,Cloud
GCF_038447505.1,PST05_RS37490,MGLQSPHWDQQEAMPIGATHVGGTHEYVAAIPAHSWSRRLAGTTGHVRQRHHQSATTRHWKCIDDRS,67,hypothetical protein, ,Derived by automated computational analysis using gene prediction method: GeneMarkS-2+.,OG0000681,Cloud,group_205,Cloud,Cloud,Cloud
GCF_038447505.1,PST05_RS37495,MAQGIVKWFNGEKGFGFIAPDDGTPDVFVHYSEISGSGFKSLDENQRVEFEVGQGQKGPQATNVRSV,67,cold-shock protein, ,Derived by automated computational analysis using gene prediction method: Protein Homology.,OG0000003,Conserved,"group_1996, group_1997",Shell,Cloud,Cloud
GCF_038447505.1,PST05_RS37505,MTDTVVDAVAALHVTEYWVVEVDRHDGTCCTFGPFTADAAWARLEHRTAPTRFAAVVGKR,60,hypothetical protein, ,Derived by automated computational analysis using gene prediction method: Protein Homology.,OG0000254,Cloud,group_671,Cloud,Cloud,Cloud
GCF_038447505.1,PST05_RS37520,MNTHKALLMLLLGGTAALEVLLRRPTPRRRGQGAPFHANG,40,hypothetical protein, ,Derived by automated computational analysis using gene prediction method: GeneMarkS-2+.,OG0000127,Shell,group_2457,Shell,Cloud,Shell
GCF_038447505.1,PST05_RS37640,MARAAIRMVQDSPKVVEADRQQTLPIGSTGQQAAVGQASSPATKT,45,hypothetical protein, ,Derived by automated computational analysis using gene prediction method: GeneMarkS-2+.,OG0000682,Cloud,group_1654,Cloud,Cloud,Cloud
GCF_038447505.1,PST05_RS37840,MARITENLGASLLNTLRVGVVGTVLYAGLIMGVVVVAVWKFPMPGV,46,hypothetical protein, ,Derived by automated computational analysis using gene prediction method: Protein Homology.,OG0000126,Shell,group_2480,Cloud,Cloud,Cloud
GCF_038447505.1,PST05_RS37850,MGDMASSAGEQLWQTLSDSGLALVCVRGPQRRWADLLLPGNESVGELTWLARHTDEVAEQYRDHR,65,hypothetical protein, ,Derived by automated computational analysis using gene prediction method: Protein Homology.,OG0000143,Shell,group_2488,Shell,Cloud,Shell
GCF_038447505.1,PST05_RS37860,MSPGVVGVKMADAGQRPGVVPARRLLRRGDGVESVSMSAPPRLA,44,hypothetical protein, ,Derived by automated computational analysis using gene prediction method: GeneMarkS-2+.,OG0000469,Cloud,group_1657,Cloud,Cloud,Cloud
GCF_038447505.1,PST05_RS37870,MTGRPNVVLWNPAADSFPADLEFTRPLDHPRVRPILRTAARTIGYASTV,49,hypothetical protein, ,Derived by automated computational analysis using gene prediction method: GeneMarkS-2+.,OG0000470,Cloud,group_2065,Cloud,Cloud,Cloud
GCF_038447505.1,PST05_RS37875,MTGRRQVTRGHRVSNGPWWFSSSGGGRFDLSAPRGTCYVAFDEATAIRETVGRRWPRSG,59,res domain-containing protein, ,Derived by automated computational analysis using gene prediction method: Protein Homology.,OG0000365,Cloud,group_742,Cloud,Cloud,Cloud
GCF_038447505.1,PST05_RS37900,MGDLVVTVVMVGSFVGAAPMIRYLNTRPARPGPARVPTAGSSGTGRAADSPHR,53,hypothetical protein, ,Derived by automated computational analysis using gene prediction method: GeneMarkS-2+.,OG0000242,Shell,group_1173,Cloud,Cloud,Cloud
GCF_038447505.1,PST05_RS37960,MVASLIFNGVTYDISQTRFEATRELLARFAEGHTRGVAMSLTHGGARHHLYITPGVPITLVE,62,hypothetical protein, ,Derived by automated computational analysis using gene prediction method: Protein Homology.,OG0000130,Shell,group_2463,Cloud,Cloud,Cloud
GCF_038447505.1,PST05_RS37990,MQSEPVIAESAYKHGIDSADMVHAFNNAITAFDLGEGFIMLVGPALDATLLGIGYVTPT,59,hypothetical protein, ,Derived by automated computational analysis using gene prediction method: GeneMarkS-2+.,OG0000683,Cloud,group_805,Cloud,Cloud,Cloud
GCF_038447505.1,PST05_RS38000,MLATDQRSAVIGVRLEPHHCEVSIGFGELEPDAGLRARFDHWVLTVYHRAPQPK,54,hypothetical protein, ,Derived by automated computational analysis using gene prediction method: GeneMarkS-2+.,OG0000684,Cloud,group_1114,Cloud,Cloud,Cloud
GCF_038447505.1,PST05_RS38090,MYRWFPDASLTVVQALLKTRSGKILRKTMRQIADHEEYRALHHRGRRRPRRAEATVTCAPATGIGRR,67,hypothetical protein, ,Derived by automated computational analysis using gene prediction method: GeneMarkS-2+.,OG0000277,Cloud,"group_2007, group_2006",Cloud,Cloud,Cloud
GCF_038447505.1,PST05_RS38175,MAVVKANLGACQGYANCVVAADDYFDIDDDGVVELLSVEVPESERGRVDSAARSCPVSALWIED,64,ferredoxin, ,Derived by automated computational analysis using gene prediction method: Protein Homology.,OG0000001,Conserved,"group_2005, group_2004", Cloud,Cloud,Cloud
GCF_038447505.1,PST05_RS38320,MVTSVRDGRQLDYRVVAFGDNPQNLPERTGSASVRHPAEAAAILVDPPLPTHGRDDAA,58,hypothetical protein, ,Derived by automated computational analysis using gene prediction method: GeneMarkS-2+.,OG0000323,Cloud,group_2003,Cloud,Cloud,Cloud
GCF_038447505.1,PST05_RS38380,MPAEREPDSEVRVTALIEALTWPNSLVDAPTPEFPDPRPE,40,hypothetical protein, ,Derived by automated computational analysis using gene prediction method: GeneMarkS-2+.,OG0000371,Cloud,group_1878,Cloud,Cloud,Cloud
GCF_038447505.1,PST05_RS38435,MSSAKNSAGAPCTRQFLVTLTVQTTNINPTLTPTTRSATSLTNTHPLLGTPSDAQQ,56,hypothetical protein, ,Derived by automated computational analysis using gene prediction method: GeneMarkS-2+.,OG0000522,Cloud,group_999,Cloud,Cloud,Cloud
GCF_038447505.1,PST05_RS38450,MTAKFELFKDAAGKFRFHLKAANGEIIAASQGYTSKAAAQNGIVSIKDNAASAPTEDLT,59,yegp family protein, ,Derived by automated computational analysis using gene prediction method: Protein Homology.,OG0000183,Shell,group_806,Cloud,Cloud,Cloud
GCF_038447505.1,PST05_RS38470,MRTPLQGAFDDDVLASLQAHLADVVDDFGGFGVDQGREFPGGAIGCASASVVDSRSA,57,hypothetical protein, ,Derived by automated computational analysis using gene prediction method: GeneMarkS-2+.,OG0000645,Cloud,group_920,Cloud,Cloud,Cloud
GCF_038447505.1,PST05_RS38515,MTDIPRNAPHDNEVLVLGAGSGGAIAGGLIVTLTLSALTVLSSLPT,46,hypothetical protein, ,Derived by automated computational analysis using gene prediction method: Protein Homology.,OG0000146,Shell,group_1605,Cloud,Cloud,Cloud
GCF_038447505.1,PST05_RS38530,MSGRERVVMFDLDGGVADLSAFAHLLTVGDSGRSHRQAWQQFFAHLGQAAVVEPGRDVVEAVAGLGFVVV,70,hypothetical protein, ,Derived by automated computational analysis using gene prediction method: GeneMarkS-2+.,OG0000972,Cloud,,,Cloud,Cloud
GCF_038447505.1,PST05_RS38580,MGGEWIQIDQDCVTCGQAAFRHYIYASLGGVLIETDLYECATPGCPGPVAIGEPING,57,hypothetical protein, ,Derived by automated computational analysis using gene prediction method: GeneMarkS-2+.,OG0000467,Cloud,group_869,Cloud,Cloud,Cloud
GCF_038447505.1,PST05_RS38590,MSWFFNVRYRSWEQQVFTEQHTQRRTDTSSPACRRPSSLVDHYHRRRKNEDCSVSDGAEHAE,62,hypothetical protein, ,Derived by automated computational analysis using gene prediction method: GeneMarkS-2+.,OG0000973,Cloud,group_589,Cloud,Cloud,Cloud
GCF_038447505.1,PST05_RS38600,MGVLGAARTLLRVQYEIVRAPMSFLDEAVLPVVFDDGRPGPVGVRARRRRRGPDGTN,57,hypothetical protein, ,Derived by automated computational analysis using gene prediction method: GeneMarkS-2+.,OG0000974,Cloud,group_921,Cloud,Cloud,Cloud
GCF_038447505.1,PST05_RS38605,MNTNVALLLLVLAGGIGGTPAVQAALTRPAGRRRGRGRAVPFHPGG,46,hypothetical protein, ,Derived by automated computational analysis using gene prediction method: Protein Homology.,OG0000127,Shell,group_2358,Cloud,Cloud,Cloud
GCF_038447505.1,PST05_RS38610,MSVTAHRTSTVGVRTAALSTAEIKARIAAMFADEPTDDPDPGSPTMRGTPN,51,hypothetical protein, ,Derived by automated computational analysis using gene prediction method: GeneMarkS-2+.,OG0000002,Conserved,group_2422,Cloud,Cloud,Cloud
GCF_038447505.1,PST05_RS38615,MHPTTTLTGHRTADLDRTRPAGRLRAGAVIGAVAAACVTGPAWIVTGSLVAGAVIAAATLAAVTAAALMI,70,hypothetical protein, ,Derived by automated computational analysis using gene prediction method: Protein Homology.,OG0000466,Cloud,,,Cloud,Cloud
GCF_038447505.1,PST05_RS38645,MPTLCVWGADDPLVPARFADHLTATAPQVRSVTLPDCGHLPQFEWPEATGALIDDFLTRTARHPRTAATA,70,alpha/beta fold hydrolase, ,Derived by automated computational analysis using gene prediction method: Protein Homology.,OG0000640,Cloud,,,Cloud,Cloud
GCF_038447505.1,PST05_RS38655,MMTDETLVALKNYEYLILAHGCENVSLVWHTDSVVFGDDGWADIDMLTRPGFTPATECFARRDED,65,hypothetical protein, ,Derived by automated computational analysis using gene prediction method: Protein Homology.,OG0000270,Cloud,group_2440,Cloud,Cloud,Cloud
GCF_038447505.1,PST05_RS38720,MTNIALLILVIVPGLAASRALQHYLEHTTAPPGTPPPRFR,40,hypothetical protein, ,Derived by automated computational analysis using gene prediction method: GeneMarkS-2+.,OG0000372,Cloud,group_2449,Cloud,Cloud,Cloud
GCF_038447505.1,PST05_RS38725,MRTVCRDHALTAGEPYGIWGGMSEADRTRHRRRGRRRERRRSSPAPT,47,whib family transcriptional regulator, ,Derived by automated computational analysis using gene prediction method: Protein Homology.,OG0000284,Cloud,group_1541,Cloud,Cloud,Cloud
GCF_038447505.1,PST05_RS38765,MNRHVRYAVARFLGVDLATATDEQVRRVDFYTTLVEAHTVRMLLRFEDFRPSWG,54,hypothetical protein, ,Derived by automated computational analysis using gene prediction method: GeneMarkS-2+.,OG0000120,Shell,group_2393,Cloud,Cloud,Cloud
GCF_038447505.1,PST05_RS38835,MTNPSPHSPPPPVRSTAWIKHHLDRMEHSDHGSEVGNTNADTVPAQQRR,49,hypothetical protein, ,Derived by automated computational analysis using gene prediction method: GeneMarkS-2+.,OG0000201,Shell,group_1412,Cloud,Cloud,Cloud
GCF_038447505.1,PST05_RS38950,MDKLHVASAVAAVSITGDNTADDFPDAEWWLHVDVPIMVLSVGSVDARCRACPVFAELG,59,hypothetical protein, ,Derived by automated computational analysis using gene prediction method: GeneMarkS-2+.,OG0000975,Cloud,group_807,Cloud,Cloud,Cloud
GCF_038447505.1,PST05_RS39240,MHGREALDAQPRRTKVDWARQVKDLLCVDYPDAETVVLAMDNLNTHGIGSLYEAFEPAEAFALA,64,hypothetical protein, ,Derived by automated computational analysis using gene prediction method: GeneMarkS-2+.,OG0000976,Cloud,group_420,Cloud,Cloud,Cloud
GCF_038447505.1,PST05_RS39245,MLTRQCLDRRIEDLETLGAELAAWQRQTNADQRQVQWHFTTDDARIKLRHLYPNT,55,hypothetical protein, ,Derived by automated computational analysis using gene prediction method: GeneMarkS-2+.,OG0000625,Cloud,group_1032,Cloud,Cloud,Cloud
GCF_038447505.1,PST05_RS39330,MTVPLQRVITGVTTEGMRFPVGRCVQDESCPAGNHGSVPATLPT,44,hypothetical protein, ,Derived by automated computational analysis using gene prediction method: GeneMarkS-2+.,OG0000977,Cloud,group_1708,Cloud,Cloud,Cloud
GCF_038447505.1,PST05_RS39765,MKVHIELEQCEGHGMCAATEPDLYELDDDGFAASTDFDVAESQIGQAESGASACPMSAIKLLRS,64,ferredoxin, ,Derived by automated computational analysis using gene prediction method: Protein Homology.,OG0000001,Conserved,group_345,Cloud,Cloud,Cloud
GCF_038447505.1,PST05_RS40240,MQIIDSAIELIAEQGYARASLAHIAAKAGIWPRCCITSGTRTISSTRFWPG,51,helix-turn-helix domain-containing protein, ,Derived by automated computational analysis using gene prediction method: Protein Homology.,OG0000978,Cloud,,,Cloud,Cloud
GCF_038447505.1,PST05_RS40250,MTKEEARGRRFDRLTTPREGRQLSAIDIAGVVEALTGQRLLPNEGAENDYRLM,53,hypothetical protein, ,Derived by automated computational analysis using gene prediction method: GeneMarkS-2+.,OG0000252,Cloud,,,Cloud,Cloud
GCF_038447505.1,PST05_RS40430,MIPWSRLYTLQLGRWLATILIELGRDGPTHTTIPDIPYFGDFFQWLTAEDSFLKARKDLGKI,62,hypothetical protein, ,Derived by automated computational analysis using gene prediction method: GeneMarkS-2+.,OG0000979,Cloud,,,Cloud,Cloud
GCF_038447505.1,PST05_RS40440,MHHRLLSIREEAGLPDEISALRVFDVIAWMDGKNRGLGERSDLGR,45,duf6308 family protein, ,Derived by automated computational analysis using gene prediction method: Protein Homology.,OG0000410,Cloud,,,Cloud,Cloud
GCF_038447505.1,PST05_RS40445,MWLVTVPWRPVRQFALPLVGAFVPMAALVAWFMIGMELFFTPD,43,hypothetical protein, ,Derived by automated computational analysis using gene prediction method: GeneMarkS-2+.,OG0000341,Cloud,,,Cloud,Cloud
GCF_038447505.1,PST05_RS40555,MRAAVKPQIQRFAGANCQAARQGTVISPHATTTTAGPAQLTNTLSAADQIRTR,53,hypothetical protein, ,Derived by automated computational analysis using gene prediction method: GeneMarkS-2+.,OG0000980,Cloud,,,Cloud,Cloud
GCF_038447505.1,PST05_RS44095,MFTMIPADGSPPLSTPFIPVPELEPGVMSIVSAVIMCTAFALGVVVRRGSIEWVQP,56,hypothetical protein, ,Derived by automated computational analysis using gene prediction method: GeneMarkS-2+.,OG0000686,Cloud,group_2635,Cloud,Cloud,Cloud
GCF_038447505.1,PST05_RS44210,MNDDEAPRGLTEAQARAEYARLAPIMAIEGRTMDEPTRELLVQLLQENITLDDALDSILRRRAQTEQ,67,hypothetical protein, ,Derived by automated computational analysis using gene prediction method: Protein Homology.,OG0000347,Cloud,group_2636,Cloud,Cloud,Cloud
GCF_038447505.1,PST05_RS44240,MVRDRDHAGLVADRRVVAGDELMIGFLPDLPVDIFSAPYLFPGSAWIAFATWWNQF,56,hypothetical protein, ,Derived by automated computational analysis using gene prediction method: GeneMarkS-2+.,OG0000685,Cloud,group_2634,Cloud,Cloud,Cloud
